-3.150458019963050427e-25 -1.634662921569819591e-10 -1.592377723596232742e-24
-2.797605597512297163e-02 -7.435112481068281061e-14 -2.556385180499975292e-18
-4.141694565788014981e-03 -1.382150347540813418e-14 -5.307252467073266624e-18
-2.996428368499740036e-04 -2.305182800421226408e-14 5.916502625573020912e-18
-2.427745861934178795e-04 -1.606532254032629894e-14 -6.857760422897784989e-18
-1.260013663476541868e-04 -1.553784668969707469e-14 1.576534394873690376e-18
-9.540936643361377922e-05 -1.368956508349686164e-14 -4.822425771265227120e-18
-7.207219099576722687e-05 -1.256738472868104926e-14 6.121571940551950275e-19
-5.733831348371520864e-05 -1.147896362691304607e-14 -4.188000187396539990e-18
-4.665296004375055205e-05 -1.060776644128346708e-14 -1.686239072994590009e-17
-3.872998078674819156e-05 -9.712220347327651455e-15 1.001786880293286478e-17
-3.263413427880001993e-05 -8.945558402149255134e-15 -7.478655349759970233e-18
-2.783024012597765107e-05 -8.202332943846869525e-15 1.879236095379282456e-18
-2.396612436689551928e-05 -7.427158483425745284e-15 2.472657446683743998e-18
-2.080624829264507425e-05 -6.735436950355013642e-15 -9.628046457852762228e-18
-1.818645183592967896e-05 -6.018681094861028753e-15 2.990602877401984275e-17
-1.598914674272311487e-05 -5.236911139047897666e-15 6.899504969228081473e-19
-1.412795341543954253e-05 -4.515394046217781398e-15 -5.139037930681463462e-18
-1.253805008724281911e-05 -3.635037278949547783e-15 1.855294921475338538e-18
-1.116987823991666406e-05 -2.826308344119890243e-15 7.019551430664086648e-18
-9.984925912524811320e-06 -1.975404352120449158e-15 2.224847062460766245e-18
-8.952832276924033161e-06 -9.500191760780089498e-16 6.584352910805121410e-18
-8.049355516372841413e-06 2.439805188792530625e-17 5.954017828978747263e-18
-7.254918546882593855e-06 1.153231132492993534e-15 1.654415855562956930e-17
-6.553549812281928011e-06 2.366850561053242205e-15 -9.691111934381261370e-18
-5.932099580441274611e-06 3.607989477178830445e-15 1.497091340079008824e-17
-5.379651640245036726e-06 5.043912205093838110e-15 -1.331314942173444118e-17
-4.887075880279784235e-06 6.551568369393020026e-15 7.605800594314364548e-20
-4.446683956136482374e-06 8.213778806496135590e-15 -7.130464351222352753e-19
-4.051961306657247963e-06 1.005474078871002193e-14 3.167090085212685026e-18
-3.697356566707138414e-06 1.206984576833975728e-14 4.536975736530912352e-18
-3.378114455453856690e-06 1.423845500582147000e-14 -6.402231133076418934e-18
-3.090142058268657843e-06 1.665655812088169067e-14 -1.340969687026060166e-17
-2.829901004339913095e-06 1.926095524583929650e-14 1.027138920256749643e-18
-2.594319807036615799e-06 2.219692109116719227e-14 -9.530731877038587702e-19
-2.380722181758582190e-06 2.536069115872041763e-14 -6.490361525693229025e-18
-2.186767994870331133e-06 2.887019331428843647e-14 -5.698798555816236246e-18
-2.010404352992267718e-06 3.271536011270529036e-14 1.516055519764347422e-17
-1.849824877452749261e-06 3.694802992156230845e-14 -6.888865699100859902e-18
-1.703435564732319607e-06 4.161837715901798705e-14 -1.055766533493240977e-18
-1.569826092590043132e-06 4.670377979201233549e-14 1.979883962450283338e-17
-1.447745544856660072e-06 5.234548379094767404e-14 -4.720016860770418719e-18
-1.336081789725385160e-06 5.855964484578863553e-14 -1.727531694255177026e-17
-1.233843923864608172e-06 6.536843416637858523e-14 -7.268179069417496896e-18
-1.140147215372006029e-06 7.290084322016992078e-14 5.019178422510338816e-18
-1.054200205095889853e-06 8.109609154085674993e-14 1.666554270947364684e-17
-9.752935565300602239e-07 9.017139901576554578e-14 -7.666383603516730637e-18
-9.027904233800676526e-07 1.001513916658270945e-13 3.413056158517855157e-18
-8.361181129470929285e-07 1.111264420202404532e-13 -3.408745403329972082e-18
-7.747607987940163810e-07 1.230636536733804283e-13 -1.700491345164439488e-17
-7.182531975499784060e-07 1.363397203587712160e-13 -8.079308233435311556e-18
-6.661750196999827178e-07 1.507558324906552757e-13 -2.055765663695363337e-19
-6.181460936831306707e-07 1.666414042217418175e-13 3.260830095542071561e-18
-5.738221150256017644e-07 1.840161514041565143e-13 1.361312166901923434e-18
-5.328908587488856430e-07 2.031015211431761697e-13 -3.456280697742918918e-18
-4.950688722790697049e-07 2.238789939631578159e-13 -3.917648623395000286e-18
-4.600985316523253932e-07 2.466372919355156117e-13 -5.398724540928704535e-18
-4.277454211387698990e-07 2.715325372260101605e-13 1.247952792639550496e-17
-3.977960310042050196e-07 2.986507141585974481e-13 1.142364995663903244e-17
-3.700557001731774598e-07 3.282047443787080222e-13 -8.172194576520024648e-18
-3.443467734079441733e-07 3.603603857413632407e-13 1.078794394008617092e-17
-3.205069665120074962e-07 3.953858877429843487e-13 1.431648850962351090e-17
-2.983878958362495837e-07 4.333383312347713700e-13 1.181755073211045580e-17
-2.778537664047120437e-07 4.744967025255663458e-13 1.169872036077721524e-18
-2.587802086645440980e-07 5.190485763141358211e-13 2.163465310995429025e-18
-2.410532064060777468e-07 5.671916064942259319e-13 2.443912547335026053e-18
-2.245681539475574695e-07 6.190643027611866903e-13 -8.963226227776632831e-18
-2.092289943904368510e-07 6.749762430890670095e-13 -9.077271023951476979e-18
-1.949474509321813542e-07 7.349395836868369838e-13 -1.670221231531880402e-17
-1.816423349475237980e-07 7.992412837018791205e-13 -3.304797149619657817e-18
-1.692389101047575561e-07 8.679950350086247903e-13 -4.267426219287269140e-18
-1.576683279456980724e-07 9.412579113523716947e-13 -1.469953959214466934e-17
-1.468670991870701936e-07 1.019220178200437594e-12 5.500707407421856176e-18
-1.367766357257549359e-07 1.101863045163050923e-12 1.190379505055690664e-17
-1.273428262525688748e-07 1.189182310727628727e-12 9.965100171242809382e-18
-1.185156436322998275e-07 1.281234440818391660e-12 1.607895961942555946e-17
-1.102487971783860932e-07 1.377808844975441119e-12 2.454344997650450687e-18
-1.024994017717606454e-07 1.478822394802896636e-12 -2.713683722723052167e-18
-9.522769221087523661e-08 1.584072968412036975e-12 -1.032457185471140058e-17
-8.839675875310648578e-08 1.693193513049066159e-12 -1.175830178634957842e-17
-8.197229571516029267e-08 1.805865315980464592e-12 -8.319086083608774073e-18
-7.592237983439220628e-08 1.921601578929062180e-12 7.039598922063089021e-18
-7.021725828212921350e-08 2.039897448961766318e-12 -1.395202886519949540e-17
-6.482916220171275334e-08 2.160108716071516918e-12 1.337297580653129965e-18
-5.973213889828854484e-08 2.281512733904157428e-12 -1.610463959912837360e-18
-5.490188313694854827e-08 2.403342335989043411e-12 -1.621812999603577596e-17
-5.031559273740993099e-08 2.524699931792121669e-12 8.745103417812503870e-18
-4.595182286071253230e-08 2.644682996890751378e-12 -7.283420512288717349e-18
-4.179036355508869427e-08 2.762292878126343645e-12 7.899897594398753174e-18
-3.781212626341456939e-08 2.876466322645540710e-12 1.380420328209921057e-17
-3.399902528261611323e-08 2.986109141672795795e-12 3.772123839296022768e-17
-3.033387735093540094e-08 3.090246791797356609e-12 8.887100958428053897e-18
-2.680029687757157220e-08 3.187688612496536714e-12 -1.081638850514260650e-17
-2.338260952569615192e-08 3.277449940795308128e-12 -2.698984253863675499e-17
-2.006577028840217380e-08 3.358428325477114487e-12 -2.004170870195146698e-17
-1.683527353288361006e-08 3.429863434741437933e-12 -4.255841043346339931e-18
-1.367707095842329856e-08 3.490731638575966235e-12 3.975660943234806604e-18
-1.057750008415236920e-08 3.540348754343346511e-12 5.587841329167913318e-18
-7.523215276444839006e-09 3.578187572578423442e-12 2.404397782415909017e-17
-4.501106570797830386e-09 3.603644011695922359e-12 -3.890922200155417097e-18
-1.498235605024156314e-09 3.616436914658530355e-12 4.219885704427354322e-18
1.498234657865138431e-09 3.616462960884784668e-12 7.275023950859530034e-18
4.501107174481600026e-09 3.603624679828081397e-12 -2.859425893422415724e-18
7.523215984212017204e-09 3.578161906669210795e-12 -4.084075053354797963e-18
1.057750081620567606e-08 3.540403716928654582e-12 -1.852640288240644655e-17
1.367706979962801661e-08 3.490716017388577657e-12 -7.222774272704979605e-19
1.683527343573909540e-08 3.429837714477779299e-12 -8.685674148514306979e-19
2.006577178373381010e-08 3.358474622410310124e-12 -1.309854431306567961e-18
2.338260826628690836e-08 3.277407291331692363e-12 1.736610293613871034e-17
2.680029511509252060e-08 3.187700107470461473e-12 5.797187576309890546e-18
3.033387850279178899e-08 3.090254177205715545e-12 -1.709222966306793920e-17
3.399902638936969090e-08 2.986105155671086174e-12 -9.464814762599542333e-18
3.781212737016814707e-08 2.876478807855658740e-12 1.128721912065936261e-17
4.179036176138462011e-08 2.762283208301755929e-12 -9.633552061188097462e-18
4.595182135150310820e-08 2.644668914921477597e-12 9.687296811447522598e-18
5.031559388232742513e-08 2.524707998113634111e-12 -7.102868775188315232e-18
5.490188432349940584e-08 2.403335617419209607e-12 1.156906418611525559e-17
5.973213999463378165e-08 2.281494505338155939e-12 -1.171832714217530489e-18
6.482916027270024806e-08 2.160128991443250180e-12 -6.230889145049775645e-18
7.021725657516131314e-08 2.039902362017936236e-12 1.914131555097665327e-18
7.592238111461813155e-08 1.921607420303156659e-12 -8.798110334829472786e-18
8.197229694681396062e-08 1.805853806168120025e-12 3.976053219283813007e-17
8.839675975924610185e-08 1.693192292658433288e-12 -2.026425230877999349e-17
9.522769048656010149e-08 1.584051183390787022e-12 -8.005395790604922527e-18
1.024994001619372597e-07 1.478818978978734069e-12 -5.919162023255662747e-18
1.102487981810562623e-07 1.377825758162472445e-12 -8.603431474224183341e-18
1.185156450651814186e-07 1.281220170931885527e-12 1.621376151205276722e-18
1.273428269013554548e-07 1.189212135476578049e-12 2.870751947202685179e-17
1.367766341055232093e-07 1.101822799952421206e-12 1.595707917538740101e-17
1.468670977403108147e-07 1.019233387286995163e-12 -2.237092822911110093e-17
1.576683288130598104e-07 9.412852517369023849e-13 -2.743701035922625378e-17
1.692389115896808516e-07 8.679687842941824662e-13 -1.009942900591467884e-17
1.816423359016217098e-07 7.992647137204773908e-13 1.928638846711180291e-17
1.949474493292968624e-07 7.349462879382099268e-13 2.158089571948826442e-17
2.092289928742885330e-07 6.749376055741986713e-13 4.315881312415405705e-18
2.245681548530831240e-07 6.191185621038183212e-13 -2.087896428395358920e-17
2.410532073220117422e-07 5.671788584471911902e-13 -3.163774120530351809e-17
2.587802097296643122e-07 5.190160779208564309e-13 4.795442564412538376e-17
2.778537649891776873e-07 4.744848024005501907e-13 8.759452045892829619e-18
2.983878936886619204e-07 4.333555423950189208e-13 -6.196447213790268390e-17
3.205069681357086697e-07 3.953733535965607811e-13 6.265646929026281592e-18
3.443467744695949406e-07 3.603659200052739183e-13 1.013772604090326948e-16
3.700557016234062857e-07 3.282211707802288412e-13 -3.281978247250446742e-17
3.977960291272342186e-07 2.986341178962244660e-13 -7.688183814989155014e-17
4.277454191854712651e-07 2.715210592301766931e-13 4.649079677854957295e-17
4.600985327590789709e-07 2.467046369979300450e-13 4.884026883283111908e-17
4.950688736807262735e-07 2.238615046901696846e-13 -4.566662565628326078e-17
5.328908593456305187e-07 2.030726295103038324e-13 -5.082200518965622121e-17
5.738221126420917084e-07 1.840292135348452789e-13 3.109596606816242905e-17
6.181460940508920476e-07 1.666164707292821844e-13 3.108637507097911846e-17
6.661750200989691173e-07 1.507959934596418671e-13 -4.107729123952148765e-17
7.182531985699958099e-07 1.363003044298029055e-13 1.075372631506130308e-17
7.747607991270832883e-07 1.231096470288274884e-13 2.540032098134486258e-17
8.361181109001192269e-07 1.111090406667274548e-13 -1.478889793849555756e-17
9.027904239039541423e-07 1.001382640553562503e-13 -1.238382187126377548e-17
9.752935569498633051e-07 9.017520700321275790e-14 2.673762094366830472e-17
1.054200205786309796e-06 8.111014573173423654e-14 2.374751829722111222e-18
1.140147216090181548e-06 7.287633684049016445e-14 -8.570291430278259209e-19
1.233843921172317337e-06 6.538013592811525408e-14 1.382401469056661995e-17
1.336081790523357959e-06 5.853559738691559933e-14 -2.293258721425927122e-17
1.447745545352790986e-06 5.236673195423729860e-14 -3.343029534853204543e-19
1.569826092739229351e-06 4.675829102146005155e-14 5.113029160552860427e-18
1.703435565384575634e-06 4.154427258928821517e-14 1.015332351963967813e-18
1.849824876096195503e-06 3.696130027127325508e-14 -1.187576221365257893e-17
2.010404353255945686e-06 3.272250338133634192e-14 -9.768981994849020731e-18
2.186767995140947995e-06 2.883503258651047676e-14 6.483237485303520269e-18
2.380722182525329966e-06 2.540476229800454976e-14 4.274972416186101400e-18
2.594319807501521691e-06 2.215695924594320426e-14 8.296472227478129571e-18
2.829901001980689168e-06 1.926821150894185797e-14 -1.816160800504701618e-18
3.090142058986833362e-06 1.666866389684209262e-14 8.180838848284621973e-18
3.378114456067948801e-06 1.424007624358788764e-14 6.802550385092817840e-18
3.697356567123472049e-06 1.207267105965073145e-14 -9.280942839747454083e-18
4.051961306913987038e-06 1.004170439082736191e-14 1.397475092684974929e-17
4.446683953579499970e-06 8.234627056460567285e-15 -2.491347736772966150e-17
4.887075881882668726e-06 6.587049612504948611e-15 -1.069798558134470010e-17
5.379651640650962019e-06 5.025197067310186483e-15 6.375109231687512164e-18
5.932099580448213505e-06 3.581163875965103564e-15 7.888338679587957128e-18
6.553549812694792198e-06 2.336799683330218600e-15 -3.989229453862054563e-18
7.254918545335220514e-06 1.186225044349643796e-15 5.915862594453593400e-18
8.049355517129180848e-06 8.353953283306758378e-17 1.863005618285332700e-17
8.952832277565880847e-06 -1.018040258832739306e-15 -2.218432774195004407e-18
9.984925911938474785e-06 -2.016486696111829591e-15 -1.598637428745759231e-17
1.116987824100260096e-05 -2.719162991537875703e-15 3.099638413967107529e-18
1.253805008453665049e-05 -3.714099834984016272e-15 -9.540811862924319382e-18
1.412795341652547942e-05 -4.469957025928892696e-15 -7.762402679662290715e-18
1.598914674514825829e-05 -5.245986840599029072e-15 1.005140377471046813e-17
1.818645183378556074e-05 -6.014431150483492832e-15 -1.092645595949131410e-17
2.080624829325569691e-05 -6.739334002118802953e-15 9.559519023790292136e-18
2.396612436455017314e-05 -7.445256017373548890e-15 2.446240405388265234e-17
2.783024012866300301e-05 -8.199886744382870766e-15 -1.582137282262928517e-17
3.263413427994493743e-05 -8.941009516352703773e-15 3.308571580419557843e-19
3.872998078349038087e-05 -9.734929002746008230e-15 -7.512516625466445268e-18
4.665296004452076928e-05 -1.057746132639220960e-14 -1.577528449290395754e-17
5.733831348452358978e-05 -1.148680038849574987e-14 6.297282378171091735e-18
7.207219099595457701e-05 -1.258462314050167056e-14 6.543337082608970226e-18
9.540936643409950180e-05 -1.361444356855009708e-14 8.071891938216686835e-18
1.260013663459853828e-04 -1.559071327558150553e-14 -1.446945482424275823e-17
2.427745861941464633e-04 -1.604882439872465994e-14 2.388297959021399286e-18
2.996428368503348261e-04 -2.304909145765434076e-14 1.400315289140497116e-18
4.141694565787827631e-03 -1.382786621426235460e-14 2.368339918374403388e-17
2.797605597512295775e-02 -7.436425377613962938e-14 -1.821927109090015254e-17
