-4.074794562176685023e-20 -1.178079218930929708e-04 -0.000000000000000000e+00
-1.311588468200385505e-04 2.705095268598912114e-16 -0.000000000000000000e+00
-1.315235612426929801e-04 2.932346643073451514e-16 -0.000000000000000000e+00
-1.590901185390067589e-04 3.181297261781128850e-16 -0.000000000000000000e+00
-4.385299674931413493e-05 3.454273323015309891e-16 -0.000000000000000000e+00
-1.020273441649908290e-05 3.753878225503238723e-16 -0.000000000000000000e+00
-3.141582431413309331e-06 4.083028987466011623e-16 -0.000000000000000000e+00
-1.170943552797859398e-06 4.444997904968491151e-16 -0.000000000000000000e+00
-5.010905336694713597e-07 4.843460270092332589e-16 -0.000000000000000000e+00
-2.380419974288891481e-07 5.282549108661874754e-16 -0.000000000000000000e+00
-1.227051091112519122e-07 5.766918061916557285e-16 -0.000000000000000000e+00
-6.753983351136343616e-08 6.301813731661037611e-16 -0.000000000000000000e+00
-3.923132505762833994e-08 6.893159040095639081e-16 -0.000000000000000000e+00
-2.383570993599353450e-08 7.547649431085862293e-16 -0.000000000000000000e+00
-1.504422428908729332e-08 8.272864068005324523e-16 -0.000000000000000000e+00
-9.810998943851313193e-09 9.077394575366618506e-16 -0.000000000000000000e+00
-6.582305735513424301e-09 9.970994340522966998e-16 -0.000000000000000000e+00
-4.527240713187563890e-09 1.096475195404138863e-15 -0.000000000000000000e+00
-3.182858515128160893e-09 1.207129304284400687e-15 -0.000000000000000000e+00
-2.281791101937068992e-09 1.330501556339710782e-15 -0.000000000000000000e+00
-1.664643556544121592e-09 1.468236460328209935e-15 -0.000000000000000000e+00
-1.233667335244956055e-09 1.622215392569907080e-15 -0.000000000000000000e+00
-9.273815596543719672e-10 1.794594292899927881e-15 -0.000000000000000000e+00
-7.062244032377677492e-10 1.987847943952826712e-15 -0.000000000000000000e+00
-5.442069349565887555e-10 2.204822088221893142e-15 -0.000000000000000000e+00
-4.239324825212899214e-10 2.448794896852033207e-15 -0.000000000000000000e+00
-3.335539001369646210e-10 2.723549621677883006e-15 -0.000000000000000000e+00
-2.648751098284264060e-10 3.033460651590127115e-15 -0.000000000000000000e+00
-2.121428588666155555e-10 3.383595673496253214e-15 -0.000000000000000000e+00
-1.712641436804672634e-10 3.779837229146288426e-15 -0.000000000000000000e+00
-1.392906129969155498e-10 4.229027690039771638e-15 -0.000000000000000000e+00
-1.140737875964163973e-10 4.739142579231051778e-15 -0.000000000000000000e+00
-9.403115000936568993e-11 5.319498296615924047e-15 -0.000000000000000000e+00
-7.798522656763654334e-11 5.981001711388257584e-15 -0.000000000000000000e+00
-6.505171703140442904e-11 6.736450846424782077e-15 -0.000000000000000000e+00
-5.456052843422106763e-11 7.600898090447048720e-15 -0.000000000000000000e+00
-4.599976412635860037e-11 8.592090159001622691e-15 -0.000000000000000000e+00
-3.897527459900889224e-11 9.731002545477832072e-15 -0.000000000000000000e+00
-3.318139280347064128e-11 1.104249066792761110e-14 -0.000000000000000000e+00
-2.837941714958660137e-11 1.255608559993074440e-14 -0.000000000000000000e+00
-2.438175050023246024e-11 1.430696953303445989e-14 -0.000000000000000000e+00
-2.104007415103095301e-11 1.633717542709269276e-14 -0.000000000000000000e+00
-1.823651190413978299e-11 1.869706728847572314e-14 -0.000000000000000000e+00
-1.587686539079541945e-11 2.144717300547543033e-14 -0.000000000000000000e+00
-1.388557537620616913e-11 2.466046177426362246e-14 -0.000000000000000000e+00
-1.220175193837660556e-11 2.842518435456938149e-14 -0.000000000000000000e+00
-1.077621377759086210e-11 3.284842870563785855e-14 -0.000000000000000000e+00
-9.569188353877590671e-12 3.806058868360526365e-14 -0.000000000000000000e+00
-8.548512387492666908e-12 4.422100312495370169e-14 -0.000000000000000000e+00
-7.688214426006362699e-12 5.152510185211590705e-14 -0.000000000000000000e+00
-6.967472849610223071e-12 6.021350087260850327e-14 -0.000000000000000000e+00
-6.369773102059785144e-12 7.058363092917900576e-14 -0.000000000000000000e+00
-5.882354193499594970e-12 8.300467499800547935e-14 -0.000000000000000000e+00
-5.495710924478207709e-12 9.793685009914438830e-14 -0.000000000000000000e+00
-5.203342985660876220e-12 1.159564233449001727e-13 -0.000000000000000000e+00
-5.001513832328459495e-12 1.377883390666573469e-13 -0.000000000000000000e+00
-4.889345728608153672e-12 1.643490067968236962e-13 -0.000000000000000000e+00
-4.868867324671653426e-12 1.968027360758338341e-13 -0.000000000000000000e+00
-4.945300222096970129e-12 2.366366154880914148e-13 -0.000000000000000000e+00
-5.127485951190088012e-12 2.857604836307960063e-13 -0.000000000000000000e+00
-5.428500855470146833e-12 3.466412699055559682e-13 -0.000000000000000000e+00
-5.866705817352744078e-12 4.224847511151587150e-13 -0.000000000000000000e+00
-6.466994210014166457e-12 5.174832123568842930e-13 -0.000000000000000000e+00
-7.262630859538886284e-12 6.371554290234483712e-13 -0.000000000000000000e+00
-8.297622812090033806e-12 7.888170397985440524e-13 -0.000000000000000000e+00
-9.630179005108331316e-12 9.822366692432066003e-13 -0.000000000000000000e+00
-1.133733050868713642e-11 1.230559061302012275e-12 -0.000000000000000000e+00
-1.352144053195357355e-11 1.551615695574310434e-12 -0.000000000000000000e+00
-1.631915547038172737e-11 1.969803359733196638e-12 -0.000000000000000000e+00
-1.991401507939962260e-11 2.518804020608705359e-12 -0.000000000000000000e+00
-2.455448323198279139e-11 3.245564813740110656e-12 -0.000000000000000000e+00
-3.057967682638197586e-11 4.216187763094386979e-12 -0.000000000000000000e+00
-3.845676302766698250e-11 5.524749914121268963e-12 -0.000000000000000000e+00
-4.883558608246305136e-11 7.306679684252697269e-12 -0.000000000000000000e+00
-6.262980517149168400e-11 9.759316937607068907e-12 -0.000000000000000000e+00
-8.113875225697952288e-11 1.317396907186174716e-11 -0.000000000000000000e+00
-1.062331082304574191e-10 1.798665736018927067e-11 -0.000000000000000000e+00
-1.406417431177106670e-10 2.485976704879729061e-11 -0.000000000000000000e+00
-1.884019101336912515e-10 3.481572543158045372e-11 -0.000000000000000000e+00
-2.555777215254680163e-10 4.945997819608915148e-11 -0.000000000000000000e+00
-3.514274132113540244e-10 7.136043723197530636e-11 -0.000000000000000000e+00
-4.903362030920289570e-10 1.047072648997622638e-10 -0.000000000000000000e+00
-6.950830264967932189e-10 1.564870689445343623e-10 -0.000000000000000000e+00
-1.002484411180044111e-09 2.386256725451011315e-10 -0.000000000000000000e+00
-1.473378329382282341e-09 3.720060342052941449e-10 -0.000000000000000000e+00
-2.210738844569418042e-09 5.942271636429580001e-10 -0.000000000000000000e+00
-3.393447738477930148e-09 9.750727699008745616e-10 -0.000000000000000000e+00
-5.341108141826875906e-09 1.648435715078337091e-09 -0.000000000000000000e+00
-8.642314482031408564e-09 2.880718339636393740e-09 -0.000000000000000000e+00
-1.441680004649664620e-08 5.223426289998415370e-09 -0.000000000000000000e+00
-2.486907807953256317e-08 9.868630839862333664e-09 -0.000000000000000000e+00
-4.449573252359136243e-08 1.951562216672108750e-08 -0.000000000000000000e+00
-8.279309314643047547e-08 4.058480042374882359e-08 -0.000000000000000000e+00
-1.604390612497597424e-07 8.913276337498243406e-08 -0.000000000000000000e+00
-3.233156260761752360e-07 2.072535586530781210e-07 -0.000000000000000000e+00
-6.722821310230827957e-07 5.093045974349157246e-07 -0.000000000000000000e+00
-1.412439908704036578e-06 1.307814683444087095e-06 -0.000000000000000000e+00
-2.859376181819938046e-06 3.404019217579855968e-06 -0.000000000000000000e+00
-5.052356860400554156e-06 8.420594721098852256e-06 -0.000000000000000000e+00
-6.368826153937997737e-06 1.769118371488149715e-05 -0.000000000000000000e+00
-3.263068853833164613e-06 2.719224040267516330e-05 -0.000000000000000000e+00
3.263068853841005174e-06 2.719224040267491596e-05 -0.000000000000000000e+00
6.368826153934702779e-06 1.769118371488124304e-05 -0.000000000000000000e+00
5.052356860392548847e-06 8.420594721098676074e-06 -0.000000000000000000e+00
2.859376181818174100e-06 3.404019217579778041e-06 -0.000000000000000000e+00
1.412439908701916878e-06 1.307814683444042838e-06 -0.000000000000000000e+00
6.722821310217166374e-07 5.093045974348987840e-07 -0.000000000000000000e+00
3.233156260811548368e-07 2.072535586530741241e-07 -0.000000000000000000e+00
1.604390612588769404e-07 8.913276337497904593e-08 -0.000000000000000000e+00
8.279309315586179029e-08 4.058480042374732805e-08 -0.000000000000000000e+00
4.449573251700222695e-08 1.951562216672077648e-08 -0.000000000000000000e+00
2.486907806353583642e-08 9.868630839862179808e-09 -0.000000000000000000e+00
1.441680003909016529e-08 5.223426289998335134e-09 -0.000000000000000000e+00
8.642314496389214245e-09 2.880718339636313503e-09 -0.000000000000000000e+00
5.341108156216757996e-09 1.648435715078295939e-09 -0.000000000000000000e+00
3.393447731215783573e-09 9.750727699008617403e-10 -0.000000000000000000e+00
2.210738829662779679e-09 5.942271636429504521e-10 -0.000000000000000000e+00
1.473378324950401027e-09 3.720060342052898022e-10 -0.000000000000000000e+00
1.002484426424747261e-09 2.386256725450958582e-10 -0.000000000000000000e+00
6.950830418203022792e-10 1.564870689445315188e-10 -0.000000000000000000e+00
4.903361947284981175e-10 1.047072648997614883e-10 -0.000000000000000000e+00
3.514273964540198615e-10 7.136043723197469890e-11 -0.000000000000000000e+00
2.555777126839423812e-10 4.945997819608875081e-11 -0.000000000000000000e+00
1.884019272488466093e-10 3.481572543157990442e-11 -0.000000000000000000e+00
1.406417556522400849e-10 2.485976704879690610e-11 -0.000000000000000000e+00
1.062331034073438962e-10 1.798665736018913173e-11 -0.000000000000000000e+00
8.113873652671476204e-11 1.317396907186165507e-11 -0.000000000000000000e+00
6.262979839814465434e-11 9.759316937606994590e-12 -0.000000000000000000e+00
4.883560275671707413e-11 7.306679684252605181e-12 -0.000000000000000000e+00
3.845677540660373363e-11 5.524749914121203532e-12 -0.000000000000000000e+00
3.057967185879502589e-11 4.216187763094358706e-12 -0.000000000000000000e+00
2.455446497659412407e-11 3.245564813740094904e-12 -0.000000000000000000e+00
1.991400997918619414e-11 2.518804020608693242e-12 -0.000000000000000000e+00
1.631916640978274054e-11 1.969803359733176039e-12 -0.000000000000000000e+00
1.352145559233321420e-11 1.551615695574294682e-12 -0.000000000000000000e+00
1.133732515299953153e-11 1.230559061302005005e-12 -0.000000000000000000e+00
9.630162371446985418e-12 9.822366692432009458e-13 -0.000000000000000000e+00
8.297621547499525122e-12 7.888170397985399124e-13 -0.000000000000000000e+00
7.262641444679943330e-12 6.371554290234425147e-13 -0.000000000000000000e+00
6.467013105640886394e-12 5.174832123568788404e-13 -0.000000000000000000e+00
5.866693301696050444e-12 4.224847511151571499e-13 -0.000000000000000000e+00
5.428486235972835439e-12 3.466412699055541507e-13 -0.000000000000000000e+00
5.127473945745766509e-12 2.857604836307949965e-13 -0.000000000000000000e+00
4.945318593602425376e-12 2.366366154880891429e-13 -0.000000000000000000e+00
4.868882145200980994e-12 1.968027360758321681e-13 -0.000000000000000000e+00
4.889340666282519049e-12 1.643490067968231913e-13 -0.000000000000000000e+00
5.001508210048829523e-12 1.377883390666568168e-13 -0.000000000000000000e+00
5.203332064061045097e-12 1.159564233448997436e-13 -0.000000000000000000e+00
5.495729247055367499e-12 9.793685009914356789e-14 -0.000000000000000000e+00
5.882354831303324507e-12 8.300467499800512594e-14 -0.000000000000000000e+00
6.369767499928999388e-12 7.058363092917871546e-14 -0.000000000000000000e+00
6.967459650424487522e-12 6.021350087260833919e-14 -0.000000000000000000e+00
7.688216004518839869e-12 5.152510185211571141e-14 -0.000000000000000000e+00
8.548522229854368880e-12 4.422100312495339877e-14 -0.000000000000000000e+00
9.569193208631355215e-12 3.806058868360510587e-14 -0.000000000000000000e+00
1.077620367868709030e-11 3.284842870563773233e-14 -0.000000000000000000e+00
1.220174623632931086e-11 2.842518435456927420e-14 -0.000000000000000000e+00
1.388557654309715428e-11 2.466046177426352464e-14 -0.000000000000000000e+00
1.587687933078049494e-11 2.144717300547528518e-14 -0.000000000000000000e+00
1.823651280018005053e-11 1.869706728847565688e-14 -0.000000000000000000e+00
2.104007172872145106e-11 1.633717542709266120e-14 -0.000000000000000000e+00
2.438174055986532331e-11 1.430696953303438732e-14 -0.000000000000000000e+00
2.837941871039198990e-11 1.255608559993070338e-14 -0.000000000000000000e+00
3.318139949326109412e-11 1.104249066792755745e-14 -0.000000000000000000e+00
3.897527619744221308e-11 9.731002545477819450e-15 -0.000000000000000000e+00
4.599975416363376992e-11 8.592090159001594292e-15 -0.000000000000000000e+00
5.456052603383441747e-11 7.600898090447034520e-15 -0.000000000000000000e+00
6.505171789415718128e-11 6.736450846424764722e-15 -0.000000000000000000e+00
7.798524000989689192e-11 5.981001711388223663e-15 -0.000000000000000000e+00
9.403115151299210553e-11 5.319498296615909847e-15 -0.000000000000000000e+00
1.140737785674457289e-10 4.739142579231038368e-15 -0.000000000000000000e+00
1.392906108094428305e-10 4.229027690039760594e-15 -0.000000000000000000e+00
1.712641436774003362e-10 3.779837229146277382e-15 -0.000000000000000000e+00
2.121428722676139767e-10 3.383595673496230337e-15 -0.000000000000000000e+00
2.648751034608213283e-10 3.033460651590122382e-15 -0.000000000000000000e+00
3.335538977679539849e-10 2.723549621677877484e-15 -0.000000000000000000e+00
4.239324711207461793e-10 2.448794896852026107e-15 -0.000000000000000000e+00
5.442069434147588798e-10 2.204822088221890381e-15 -0.000000000000000000e+00
7.062244036180175069e-10 1.987847943952819613e-15 -0.000000000000000000e+00
9.273815626743669212e-10 1.794594292899922754e-15 -0.000000000000000000e+00
1.233667325234604258e-09 1.622215392569903727e-15 -0.000000000000000000e+00
1.664643559817416723e-09 1.468236460328204216e-15 -0.000000000000000000e+00
2.281791110457456541e-09 1.330501556339705851e-15 -0.000000000000000000e+00
3.182858516920014839e-09 1.207129304284395165e-15 -0.000000000000000000e+00
4.527240712175913729e-09 1.096475195404136497e-15 -0.000000000000000000e+00
6.582305720061514269e-09 9.970994340522953193e-16 -0.000000000000000000e+00
9.810998955026445514e-09 9.077394575366575119e-16 -0.000000000000000000e+00
1.504422428900941261e-08 8.272864068005305788e-16 -0.000000000000000000e+00
2.383570994704799606e-08 7.547649431085831725e-16 -0.000000000000000000e+00
3.923132504139550937e-08 6.893159040095639081e-16 -0.000000000000000000e+00
6.753983351590692089e-08 6.301813731661022819e-16 -0.000000000000000000e+00
1.227051091115198393e-07 5.766918061916532633e-16 -0.000000000000000000e+00
2.380419974373196670e-07 5.282549108661861935e-16 -0.000000000000000000e+00
5.010905336665578840e-07 4.843460270092322728e-16 -0.000000000000000000e+00
1.170943552787836457e-06 4.444997904968482276e-16 -0.000000000000000000e+00
3.141582431414827638e-06 4.083028987466003241e-16 -0.000000000000000000e+00
1.020273441650565926e-05 3.753878225503225904e-16 -0.000000000000000000e+00
4.385299674931422980e-05 3.454273323015302002e-16 -0.000000000000000000e+00
1.590901185390083852e-04 3.181297261781118496e-16 -0.000000000000000000e+00
1.315235612426874235e-04 2.932346643073442639e-16 -0.000000000000000000e+00
1.311588468200392823e-04 2.705095268598906691e-16 -0.000000000000000000e+00
