2.796644153092716495e-02 -8.925469613238251861e-06 -6.366721013114590626e-18
4.145336456876543008e-03 -2.191522401403944454e-06 -2.697629874413850975e-18
3.002684217267709288e-04 -3.966979762078253510e-06 2.284502166405189217e-18
2.441528802085736471e-04 -3.226893973754604313e-06 1.668020632776758405e-18
1.271613529354453931e-04 -3.462499965991460609e-06 2.144659749549395412e-18
9.654770905050125140e-05 -3.401330793306155131e-06 -1.450696105101355059e-18
7.312941651219442840e-05 -3.464730740753513906e-06 5.760224852340083326e-18
5.831824330030516146e-05 -3.496006079690674682e-06 5.167316509744730078e-18
4.755030432812556995e-05 -3.542558954335208786e-06 4.270220921757296773e-18
3.954469778539096425e-05 -3.584566776371520642e-06 2.584800684166426214e-18
3.336744580671041627e-05 -3.626544106152601918e-06 5.871619466323174484e-18
2.848475703807681891e-05 -3.665716265773593849e-06 -5.672740544415670162e-18
2.454528209346745760e-05 -3.702345021064453966e-06 -7.570387945706385374e-18
2.131400901901961409e-05 -3.736049962614817244e-06 -4.853669951630237704e-18
1.862705363065569886e-05 -3.766902108678001499e-06 -2.243946193585274315e-18
1.636692078093096581e-05 -3.794969331583047409e-06 7.096505840400258681e-18
1.444718926787644242e-05 -3.820408038050072801e-06 2.705582455719422919e-18
1.280289896691752527e-05 -3.843393337795470864e-06 8.092584385771899617e-18
1.138428549652889532e-05 -3.864116309367939849e-06 3.282935939818876041e-18
1.015258565515916866e-05 -3.882768174805314324e-06 -3.523530766563168333e-18
9.077158704105109388e-06 -3.899534989916937171e-06 -1.185419451572821325e-17
8.133466563899072188e-06 -3.914593035357194648e-06 -1.915760422801961913e-18
7.301628491555162137e-06 -3.928106774079729449e-06 -2.318270281005957653e-18
6.565368251269798616e-06 -3.940227815608393042e-06 2.172892337226318339e-18
5.911234730943820681e-06 -3.951094754726240529e-06 5.882604807000845871e-18
5.328016455436596077e-06 -3.960833485695847381e-06 1.215302905349396421e-19
4.806295810979438476e-06 -3.969557824213062216e-06 -5.372097945465361833e-19
4.338105442886625029e-06 -3.977370289627773740e-06 -5.446244119011639564e-18
3.916660375705149910e-06 -3.984362962316972040e-06 1.776728900550000351e-19
3.536146963509234631e-06 -3.990618356142478196e-06 1.049205954412006323e-17
3.191554981633176746e-06 -3.996210269751389207e-06 4.071077805419149845e-18
2.878542809541667635e-06 -4.001204595012152971e-06 -3.109689575314588475e-18
2.593328252059601269e-06 -4.005660069419839850e-06 1.610107754604902424e-20
2.332599392699391538e-06 -4.009628967436448394e-06 1.425518357110508915e-18
2.093441239366111706e-06 -4.013157728353373610e-06 -4.639029975804048028e-18
1.873274899286819783e-06 -4.016287522729800448e-06 -1.363936750978832602e-18
1.669806774445142805e-06 -4.019054759108289018e-06 8.521007315645990337e-18
1.480985805449308579e-06 -4.021491534058147488e-06 3.808247157873325933e-18
1.304967221102404373e-06 -4.023626031671559048e-06 -2.029015527014361327e-18
1.140081561958744549e-06 -4.025482873478574314e-06 -4.114825682826139664e-18
9.848079979210555557e-07 -4.027083424557473846e-06 -1.245822355829879052e-17
8.377511331245091064e-07 -4.028446058873142994e-06 -3.438205071909336301e-18
6.976206586364885887e-07 -4.029586387087740956e-06 -7.161445283833254436e-18
5.632132992726412990e-07 -4.030517449276555278e-06 -2.505918097455724048e-18
4.333966222049012718e-07 -4.031249876239935340e-06 -1.345808659995626226e-18
3.070943123649472195e-07 -4.031792020146612452e-06 -2.747187665354344834e-18
1.832725829119252747e-07 -4.032150056924781469e-06 -8.012213012474266184e-19
6.092744481503431508e-08 -4.032328062605444606e-06 -1.508183056084477447e-18
-6.092744506483449562e-08 -4.032328062616294251e-06 2.078292533393818473e-18
-1.832725829709058729e-07 -4.032150056944987439e-06 3.182364754236041295e-18
-3.070943119416746914e-07 -4.031792020120548401e-06 -7.562887664216069120e-18
-4.333966224408236645e-07 -4.031249876282678317e-06 9.042514091516143747e-18
-5.632132989048799221e-07 -4.030517449256160418e-06 -2.265210493379472111e-18
-6.976206587891442545e-07 -4.029586387070154858e-06 -1.099424847210049487e-17
-8.377511335512510815e-07 -4.028446058865872911e-06 -8.162812099986118044e-18
-9.848079975810497544e-07 -4.027083424552622889e-06 6.242422467419566017e-18
-1.140081561375877461e-06 -4.025482873473160080e-06 1.520154778256873237e-17
-1.304967221373021236e-06 -4.023626031702290250e-06 3.370618511140908287e-18
-1.480985805962786728e-06 -4.021491534037011475e-06 1.217094153450047678e-17
-1.669806774556165108e-06 -4.019054759094350243e-06 -2.944196976364356037e-18
-1.873274899064775179e-06 -4.016287522767045334e-06 6.683688873268065855e-19
-2.093441238811000193e-06 -4.013157728329125598e-06 8.711342672412910267e-18
-2.332599393056744574e-06 -4.009628967419143511e-06 -2.405531105372320664e-18
-2.593328252219195829e-06 -4.005660069422325892e-06 4.343876461794254148e-18
-2.878542809774120581e-06 -4.001204595012457903e-06 5.860651810694122969e-18
-3.191554981303579286e-06 -3.996210269790557705e-06 -3.343171775675147148e-18
-3.536146963023512058e-06 -3.990618356100543288e-06 -1.408077050002678697e-17
-3.916660376277608657e-06 -3.984362962361260004e-06 -6.555341226494498400e-18
-4.338105443042750142e-06 -3.977370289607945545e-06 5.238694932381741956e-18
-4.806295811017602393e-06 -3.969557824236035444e-06 -3.132001943644246626e-18
-5.328016455041079125e-06 -3.960833485667204962e-06 -1.223032929316538742e-17
-5.911234730676673266e-06 -3.951094754724616766e-06 -1.990670390657738174e-18
-6.565368251686132250e-06 -3.940227815620834262e-06 -1.164465547862238129e-18
-7.301628492016598582e-06 -3.928106774052831071e-06 1.196982711942326425e-18
-8.133466563566005281e-06 -3.914593035365997861e-06 5.336273491713228524e-18
-9.077158703758164693e-06 -3.899534989914730650e-06 4.332874381180331017e-18
-1.015258565460405715e-05 -3.882768174819699485e-06 3.566728252547948441e-18
-1.138428549756625996e-05 -3.864116309365136170e-06 -2.181259577987962204e-18
-1.280289896729569499e-05 -3.843393337809403709e-06 2.412523317710977433e-18
-1.444718926734214759e-05 -3.820408038046604202e-06 -4.603171780094926258e-18
-1.636692078069851286e-05 -3.794969331587188553e-06 1.949393854269034998e-18
-1.862705363026365135e-05 -3.766902108660999430e-06 -6.623548384971917822e-19
-2.131400901959207284e-05 -3.736049962613586082e-06 -2.563585459933995490e-18
-2.454528209382481063e-05 -3.702345021071288252e-06 -2.927684297409571098e-18
-2.848475703779232426e-05 -3.665716265782275090e-06 1.004570698199645933e-19
-3.336744580660633286e-05 -3.626544106167750255e-06 9.209972333672876517e-18
-3.954469778519320577e-05 -3.584566776337584691e-06 -1.057877548842206021e-19
-4.755030432807699770e-05 -3.542558954340366369e-06 3.093117406043166061e-18
-5.831824330069027007e-05 -3.496006079735110454e-06 5.457225106817271509e-18
-7.312941651216667283e-05 -3.464730740719190437e-06 -4.905658333139838051e-18
-9.654770905020981786e-05 -3.401330793298500918e-06 -4.418355713566603878e-18
-1.271613529352198790e-04 -3.462499965985287856e-06 7.708079796698108196e-18
-2.441528802091218198e-04 -3.226893973782106626e-06 -2.439241727100768962e-18
-3.002684217272046097e-04 -3.966979762095876031e-06 -3.461479695787595321e-18
-4.145336456876060754e-03 -2.191522401380074219e-06 -1.838080421916777049e-18
-2.796644153092700535e-02 -8.925469613228200969e-06 2.652549269518548657e-18
-2.797599750822195655e-02 -1.483423289104058971e-09 -6.797621068634556958e-18
-4.141720740236567999e-03 -3.191271860508625393e-10 2.207225833783719044e-18
-2.996487895144950286e-04 -6.498539870314907058e-10 -3.500610555296493173e-19
-2.427881194092158801e-04 -5.092669817280812457e-10 1.505367343857458227e-18
-1.260149769354984572e-04 -5.650134181582060901e-10 1.048935995538615186e-17
-9.542478772745291438e-05 -5.589120551071069025e-10 1.255605490771418350e-18
-7.208894049105449287e-05 -5.844585195497960843e-10 7.014358987138120795e-18
-5.735646467004001936e-05 -6.055874876692432212e-10 3.649673421375199388e-18
-4.667247888650444265e-05 -6.351547398202977469e-10 1.786763681864438849e-18
-3.875087419741990447e-05 -6.683374763613211312e-10 1.215814831356532704e-17
-3.265641289265305836e-05 -7.070760527172597587e-10 -6.054404174916234994e-18
-2.785392429153002447e-05 -7.510142251895695071e-10 -1.421222192873800111e-17
-2.399124098694666030e-05 -8.007770930434012314e-10 -8.862963772420584144e-18
-2.083283005279920608e-05 -8.567538773907268759e-10 6.139328642383215105e-18
-1.821453610666851075e-05 -9.195279141089328633e-10 -9.741318667573019886e-18
-1.601877465701867509e-05 -9.897101735861753920e-10 -2.015325451422909739e-17
-1.415916893938301557e-05 -1.067989058075401040e-09 1.363148687172505271e-17
-1.257089905693994925e-05 -1.155096855155791634e-09 1.428072752287851882e-17
-1.120440732262084627e-05 -1.251797925709809391e-09 -3.933209957499757932e-18
-1.002118144177027714e-05 -1.358855108424359002e-09 -2.341225659205814968e-18
-8.990858921333749754e-06 -1.476981358532821745e-09 -1.506025137128435376e-18
-8.089194732635585083e-06 -1.606763998071319188e-09 -2.003940945270898168e-19
-7.296606762335205998e-06 -1.748549276799656639e-09 8.749993024715439716e-18
-6.597116278917597443e-06 -1.902267317918810210e-09 -1.361479035664453104e-17
-5.977563834670684972e-06 -2.067169361530402885e-09 5.637326493454527757e-19
-5.427020498233875445e-06 -2.241434165541537804e-09 -3.833968857401127339e-18
-4.936339891781910127e-06 -2.421579363509180437e-09 2.497693571132734428e-18
-4.497813239627557191e-06 -2.601581615250085116e-09 -1.392767851087818152e-17
-4.104900703572056386e-06 -2.771559116661326684e-09 6.742765339625790480e-18
-3.752020062388478072e-06 -2.915793637367068395e-09 7.287808967519693076e-18
-3.434378882324895521e-06 -3.009750771737678776e-09 -5.180704835023229698e-18
-3.147840172672972114e-06 -3.015571789828879153e-09 7.754289572448908640e-19
-2.888814216332746820e-06 -2.875220342109627567e-09 7.581666183140676556e-18
-2.654171134642419050e-06 -2.500012118616634173e-09 -1.178054528180505486e-17
-2.441170516412349834e-06 -1.754536892518579287e-09 -1.323734698611674431e-18
-2.247405629252768877e-06 -4.318530356444794609e-10 7.337833187727160587e-18
-2.070761162202561234e-06 1.784929567456322325e-09 -3.546864515600680022e-18
-1.909384917505446699e-06 5.382288719057386867e-09 3.272129253074762250e-18
-1.761675715604427150e-06 1.110884976817111459e-08 -2.969098980443054597e-18
-1.626292555446245958e-06 2.011841563603547026e-08 2.350140481884309077e-18
-1.502193642866078704e-06 3.418855396988174449e-08 1.002200051226592276e-17
-1.388718842743746906e-06 5.604737265915328226e-08 8.471522911336785415e-18
-1.285734520690973159e-06 8.984232094917301160e-08 -9.002967436878244121e-18
-1.193862317647870208e-06 1.417623329712855957e-07 8.313934702290122030e-18
-1.114804023261140031e-06 2.207385295764438924e-07 6.373481783640677552e-18
-1.051731139602163356e-06 3.389251472588091201e-07 1.259654372207218133e-17
-1.009590082753225593e-06 5.112122634237396533e-07 1.645299515784781110e-18
-9.949381865950734927e-07 7.523852393137708785e-07 -1.913114994541351712e-17
-1.014611123083264399e-06 1.070310607157002412e-06 -2.789134394349331917e-17
-1.072469872364506527e-06 1.455343483461979541e-06 5.575589265700286510e-18
-1.164483662944443276e-06 1.871724173146456792e-06 -3.068115686038451649e-19
-1.274953398494593770e-06 2.262728520835866582e-06 2.160339666423784173e-18
-1.378631012859815597e-06 2.575570377016794934e-06 9.936323232406589764e-19
-1.450209697384519103e-06 2.790030002211337431e-06 4.709498590145720447e-18
-1.475005784512539719e-06 2.923870777178258774e-06 5.785558697354952998e-18
-1.452642773441120694e-06 3.012252409133716003e-06 1.062107755644060409e-17
-1.392802889934457999e-06 3.084693843417881680e-06 -2.500667631986986415e-18
-1.308483633909174326e-06 3.156404358173510359e-06 -1.030589455105657113e-17
-1.211327242570808815e-06 3.231273926139709564e-06 -1.731764501122333576e-17
-1.109881410003149549e-06 3.307726853560488060e-06 -3.829573703271197322e-18
-1.009677719782803296e-06 3.382816668989304349e-06 2.933578440738220442e-19
-9.139583068001888577e-07 3.454068919975735483e-06 1.626735440455866043e-17
-8.244270301646650090e-07 3.519952863288710306e-06 1.169828238265651401e-17
-7.418229860840785950e-07 3.579777679658180217e-06 1.242327608951077903e-17
-6.663066997418531923e-07 3.633440281153249565e-06 -1.031479701069124072e-17
-5.977049709060544558e-07 3.681193165933107684e-06 -5.208635687378552755e-18
-5.356615894874794392e-07 3.723475599219531998e-06 1.453357278741025091e-17
-4.797287893563983996e-07 3.760804527382947053e-06 -9.697759478425902107e-18
-4.294222007358849957e-07 3.793709705880121168e-06 -2.013985929477841092e-17
-3.842534519460372167e-07 3.822698140681740689e-06 -1.179096780730673867e-17
-3.437490915560170723e-07 3.848236710380120677e-06 7.271994477863176220e-18
-3.074610569336888588e-07 3.870745502241614610e-06 -7.422791190867083931e-18
-2.749719610166401207e-07 3.890597139619432192e-06 1.000729633612879332e-17
-2.458971722560376882e-07 3.908119239491297662e-06 1.230708821958708841e-17
-2.198849260101609637e-07 3.923598316399834532e-06 6.388442032368316623e-18
-1.966152913812635461e-07 3.937284179348765685e-06 7.695074196331053789e-18
-1.757984588561523065e-07 3.949394306524960666e-06 1.102832927197290090e-17
-1.571726986997201703e-07 3.960117935608444036e-06 -6.638044900435007868e-18
-1.405021785652604827e-07 3.969619759607671037e-06 -5.350412766237430608e-18
-1.255747508026316961e-07 3.978043193224839973e-06 1.265001980081707954e-17
-1.121998104633425974e-07 3.985513223892185312e-06 3.133205607908764733e-18
-1.002062502489242668e-07 3.992138879025762900e-06 2.390311357028096071e-18
-8.944055250592608530e-08 3.998015348845455635e-06 -6.527884691752080657e-19
-7.976502082451819575e-08 4.003225809127881625e-06 -2.402390820103946032e-17
-7.105614303545837451e-08 4.007842981858398370e-06 -2.002200245352714999e-17
-6.320309858809380898e-08 4.011930470653490435e-06 8.813430707749660363e-18
-5.610638504835452345e-08 4.015543904177633764e-06 5.291802002699443901e-18
-4.967658052273948854e-08 4.018731912753303552e-06 -8.065392493433298466e-18
-4.383321450598942626e-08 4.021536964525203833e-06 -7.050121162138695348e-18
-3.850373067604273558e-08 4.023996080098553238e-06 7.091295523425058227e-18
-3.362254850231005676e-08 4.026141442197653936e-06 -1.456233432735680254e-17
-2.913019934644434095e-08 4.028000916508193250e-06 -2.883669822161171531e-18
-2.497254677699678460e-08 4.029598493678198811e-06 1.268934913655686238e-17
-2.110006796368635307e-08 4.030954663860307225e-06 2.127749425487876838e-17
-1.746718325881801981e-08 4.032086732242868539e-06 5.891632575436084229e-18
-1.403163301522125650e-08 4.033009080895839917e-06 1.923760556780357435e-17
-1.075390674773468724e-08 4.033733384904781109e-06 3.411392103349645047e-18
-7.596699595768807711e-09 4.034268785340105135e-06 -2.551982469661897068e-17
-4.524391264415505987e-09 4.034622023662919575e-06 -1.194428602572925653e-18
-1.502549411280806879e-09 4.034797540701706520e-06 -1.259491521599894229e-17
1.502548543919068891e-09 4.034797540716069658e-06 -1.225329944872227275e-17
4.524391628707435942e-09 4.034622023676020634e-06 -1.472935526282293890e-17
7.596700581091742066e-09 4.034268785320987601e-06 2.023552779983101819e-17
1.075390700447376169e-08 4.033733384895132556e-06 2.239571490782615976e-17
1.403163236990412344e-08 4.033009080921550755e-06 1.320248139768633163e-17
1.746718302289562708e-08 4.032086732219362528e-06 -1.077781379967547599e-17
2.110006931330121738e-08 4.030954663892238673e-06 -7.149816805100867450e-18
2.497254541697357944e-08 4.029598493659568321e-06 -1.501574430658631904e-17
2.913019795172666626e-08 4.028000916514357109e-06 -6.828448811954473369e-18
3.362254921007723496e-08 4.026141442190933576e-06 -2.433413640503770278e-17
3.850373198749368342e-08 4.023996080112945175e-06 1.513656667702099901e-17
4.383321570988751859e-08 4.021536964538125321e-06 -5.485193711224491559e-19
4.967657883658826989e-08 4.018731912710736758e-06 7.213563551300157752e-18
5.610638331363104747e-08 4.015543904191312500e-06 -1.136379183963223432e-17
6.320309963239734152e-08 4.011930470660901127e-06 2.862483191706870952e-17
7.105614429486761807e-08 4.007842981836963354e-06 2.792352741100307829e-17
7.976502206311075760e-08 4.003225809150846382e-06 -1.081762542507640018e-17
8.944055055609689830e-08 3.998015348839117287e-06 -1.443476392495604908e-17
1.002062486842036915e-07 3.992138879025970423e-06 -9.839323730032186427e-18
1.121998117643852044e-07 3.985513223912502245e-06 -1.407474507654670724e-17
1.255747517844851835e-07 3.978043193198673431e-06 3.259315130099146003e-17
1.405021795991556743e-07 3.969619759630883128e-06 -2.280418639272245306e-17
1.571726971280607010e-07 3.960117935610675121e-06 1.373015284444154693e-17
1.757984570069370811e-07 3.949394306483545837e-06 2.076279593344828804e-18
1.966152926718978122e-07 3.937284179396822099e-06 -2.227288419390884799e-17
2.198849272765091012e-07 3.923598316386016036e-06 -2.173110868924528711e-18
2.458971730366632524e-07 3.908119239480719067e-06 1.796901755590314920e-17
2.749719594796751210e-07 3.890597139608066704e-06 2.956401795121550548e-17
3.074610551746792542e-07 3.870745502249801184e-06 -8.426645267398704131e-18
3.437490926350150744e-07 3.848236710430989241e-06 -3.690597997834468467e-17
3.842534531985075663e-07 3.822698140623642699e-06 -1.466043187027619598e-18
4.294222015893689459e-07 3.793709705872341170e-06 3.927774948586933324e-18
4.797287878818834450e-07 3.760804527418662621e-06 3.143274339697153664e-17
5.356615881274562341e-07 3.723475599213306306e-06 -3.128861243290582012e-18
5.977049717387217243e-07 3.681193165939520571e-06 -3.801483717014184762e-17
6.663067007445233614e-07 3.633440281143630659e-06 -1.568715866920181745e-17
7.418229873192017099e-07 3.579777679686914963e-06 2.677763223981604298e-17
8.244270286519861379e-07 3.519952863265452052e-06 1.008100874408509522e-17
9.139583046734178762e-07 3.454068919934992351e-06 1.171255993425819324e-17
1.009677721170582076e-06 3.382816669037555157e-06 -3.877752046954480018e-18
1.109881411168883725e-06 3.307726853552641147e-06 -2.166157481564414346e-17
1.211327243726134650e-06 3.231273926144966674e-06 2.402304180383989700e-17
1.308483632396495455e-06 3.156404358168388350e-06 1.031635527674336069e-17
1.392802887668909140e-06 3.084693843443623434e-06 -2.898088710562447061e-17
1.452642774998902375e-06 3.012252409116348016e-06 -1.457266259165572105e-17
1.475005785747662834e-06 2.923870777170819707e-06 1.923994316472449943e-17
1.450209697721055457e-06 2.790030002215844916e-06 3.150987017562273341e-17
1.378631010535286139e-06 2.575570377028903270e-06 -3.967819804958303242e-17
1.274953398980316344e-06 2.262728520834014121e-06 3.477134138076281731e-17
1.164483663419757509e-06 1.871724173136572976e-06 -3.266923959751431994e-18
1.072469873294318310e-06 1.455343483442247273e-06 -1.770886349228910489e-17
1.014611123558578631e-06 1.070310607126778159e-06 9.456282518441593858e-18
9.949381843850357843e-07 7.523852393517352129e-07 9.837143803962566061e-18
1.009590083242417613e-06 5.112122634100974466e-07 -2.566336903442568329e-17
1.051731140296052747e-06 3.389251472387986020e-07 4.178314925577035591e-18
1.114804023906457164e-06 2.207385296084861959e-07 1.891325902383946833e-17
1.193862318150940016e-06 1.417623329482501112e-07 -4.462138106173014436e-17
1.285734518262360293e-06 8.984232094433841223e-08 2.519756259789216223e-17
1.388718843083752708e-06 5.604737271793350421e-08 1.359803448180430431e-17
1.502193643896504449e-06 3.418855392241168878e-08 -1.798204830762744647e-17
1.626292555675229456e-06 2.011841567982919122e-08 3.103787661302910621e-17
1.761675715701571665e-06 1.110884972244541736e-08 -3.945904418420367847e-18
1.909384916447265379e-06 5.382288731433173501e-09 2.907072123974375717e-18
2.070761162330930771e-06 1.784929561454696847e-09 -7.571344389487125860e-18
2.247405629738491450e-06 -4.318530586042339385e-10 -6.755610631824325632e-18
2.441170517189505951e-06 -1.754536883581058205e-09 -8.013132271553648420e-18
2.654171135076099919e-06 -2.500012105187456190e-09 -9.933226094215138622e-18
2.888814213761886629e-06 -2.875220329993932987e-09 1.531630938879148627e-18
3.147840173259308649e-06 -3.015571799445998592e-09 -8.886837873125403181e-19
3.434378882997968230e-06 -3.009750761630550777e-09 3.626171420806110493e-18
3.752020062867261752e-06 -2.915793653532453965e-09 1.068752183010408032e-17
4.104900703873898271e-06 -2.771559101747485233e-09 -5.516625612999976167e-18
4.497813237025471977e-06 -2.601581627972639098e-09 -5.824587002526624402e-18
4.936339893551328073e-06 -2.421579350652054096e-09 1.754685816352617477e-17
5.427020498650209079e-06 -2.241434123609879817e-09 -1.458027177237971162e-19
5.977563834570071011e-06 -2.067169437098050228e-09 -1.982493466327058398e-17
6.597116279347808865e-06 -1.902267276533607588e-09 -2.952088880515425512e-19
7.296606760780893763e-06 -1.748549240141208882e-09 4.512214155401586094e-18
8.089194733554988526e-06 -1.606764063948542346e-09 5.682857118146445356e-18
8.990858922024169697e-06 -1.476981320802281740e-09 -1.336703239716383831e-17
1.002118144096883490e-05 -1.358855098399767085e-09 1.375003943753702593e-17
1.120440732351596358e-05 -1.251797950025832362e-09 -2.320477498157297023e-17
1.257089905449051970e-05 -1.155096783847638063e-09 7.520012512568611989e-18
1.415916894034405238e-05 -1.067989045427733374e-09 2.400691523654901290e-17
1.601877465967974090e-05 -9.897102222951557484e-10 -1.121207688774524523e-17
1.821453610447928972e-05 -9.195279315655457155e-10 -3.930063494403228796e-18
2.083283005348615657e-05 -8.567538823311921245e-10 -2.909559322080711297e-19
2.399124098456315024e-05 -8.007770817374122466e-10 -1.513248149264293294e-18
2.785392429415986526e-05 -7.510142199144948114e-10 1.402192639422905938e-17
3.265641289368348410e-05 -7.070761262262704508e-10 -2.938182117596222197e-18
3.875087419422801327e-05 -6.683374154091296862e-10 -1.483251833788508696e-17
4.667247888736486550e-05 -6.351547245088504275e-10 1.640081046579332260e-17
5.735646467056737530e-05 -6.055875207708590116e-10 1.169664422008149048e-17
7.208894049116898461e-05 -5.844585246396501516e-10 -1.034338370559270527e-17
9.542478772833762335e-05 -5.589120208155380342e-10 3.852591239595849734e-18
1.260149769334792391e-04 -5.650134723078155516e-10 -5.484181025589021988e-18
2.427881194100658946e-04 -5.092669342368919035e-10 -1.512391607508795789e-17
2.996487895147725844e-04 -6.498540454611415197e-10 2.498581479856076748e-17
4.141720740236550652e-03 -3.191271171373933270e-10 4.550066907605197350e-18
2.797599750822191145e-02 -1.483423325269014083e-09 -1.866061963963088203e-17
