2.797604186248141972e-02 -5.330787898782456422e-07 5.804363462642922342e-18
4.141649403072714813e-03 -9.764021491677266534e-08 5.027189530318638061e-18
2.996043437831254208e-04 -2.143110534408558463e-07 1.772015994245329971e-18
2.426943565984711337e-04 -1.557943510385555647e-07 -1.063416415249396266e-18
1.258932462573879307e-04 -1.692858278430343751e-07 -3.104885352064244692e-18
9.526536911977356858e-05 -1.596225573920163842e-07 -9.547284734462299179e-18
7.189122838173814256e-05 -1.606401867054958338e-07 2.893261102561273477e-18
5.711738936971244573e-05 -1.592130360442004648e-07 -1.682251313240043472e-18
4.638951456055473432e-05 -1.596806242083292868e-07 5.229806753555208005e-18
3.842123173986369822e-05 -1.601899338364262706e-07 -5.538193174373859592e-18
3.227718572033216882e-05 -1.612019664768005359e-07 5.732955199811650901e-18
2.742201010065212219e-05 -1.624034750852010632e-07 6.861118003604369519e-18
2.350331299591154610e-05 -1.637921046266902121e-07 1.799655647010904868e-18
2.028529625267699865e-05 -1.652809580862632012e-07 -2.508942890026170384e-18
1.760349818959866530e-05 -1.668315161997260403e-07 -6.375092064253300178e-19
1.533998386257090507e-05 -1.684025042593146137e-07 -2.670255625288019600e-18
1.340797846568000939e-05 -1.699646415519377013e-07 1.221739211279087486e-18
1.174221245076739750e-05 -1.714932196204034980e-07 2.715413417849626710e-18
1.029262211256487536e-05 -1.729689516230109434e-07 -1.502255387875971153e-18
9.020127208884259895e-06 -1.743763392973185814e-07 -2.299310129031714430e-18
7.893728934432048261e-06 -1.757031726114086410e-07 -2.979007522538039074e-18
6.888470022801962411e-06 -1.769398437945580992e-07 -2.869934009283357504e-18
5.983971405002647126e-06 -1.780788803450686007e-07 9.336902417509266113e-20
5.163362418982714308e-06 -1.791145261103105042e-07 -2.473023851045022149e-19
4.412484662930094004e-06 -1.800424041454950626e-07 -2.874087014685709031e-18
3.719289122482150045e-06 -1.808592334383130969e-07 3.131023371033332431e-18
3.073371618214637557e-06 -1.815625948812635394e-07 -7.378747103251707452e-20
2.465608244597156107e-06 -1.821507389081907677e-07 -3.009188445507543606e-19
1.887863510692533442e-06 -1.826224291186375788e-07 7.477834322103667287e-18
1.332751357160238959e-06 -1.829768177501449338e-07 2.358770062682224361e-18
7.934342756490964099e-07 -1.832133498301619398e-07 -4.489966878323067110e-18
2.634491574615704934e-07 -1.833316933074641602e-07 -2.340326691426782175e-18
-2.634491577911679538e-07 -1.833316932704867516e-07 -4.188627755801407253e-18
-7.934342752188849879e-07 -1.832133498525400738e-07 -2.851444672227789756e-18
-1.332751357392691904e-06 -1.829768177462830989e-07 2.913563670373465317e-18
-1.887863510314363724e-06 -1.826224291198173104e-07 -8.335427127906456514e-19
-2.465608244999611953e-06 -1.821507389081291196e-07 -2.311154384741014124e-18
-3.073371618169534747e-06 -1.815625948876705496e-07 1.785823335307395928e-18
-3.719289122051938623e-06 -1.808592334341373039e-07 -5.315301848176926736e-19
-4.412484663048055200e-06 -1.800424041712966920e-07 3.247159843503295551e-18
-5.163362419072919929e-06 -1.791145260827855598e-07 2.120052386106421154e-18
-5.983971405422450207e-06 -1.780788803269044556e-07 -7.553926062384783555e-18
-6.888470022579917806e-06 -1.769398438088767677e-07 -6.389425778236888813e-18
-7.893728934161431399e-06 -1.757031726080999450e-07 2.555251957036960435e-18
-9.020127209088957265e-06 -1.743763392950978198e-07 1.000330250673839370e-17
-1.029262211251977255e-05 -1.729689516434602246e-07 2.675460631741470768e-18
-1.174221245080209197e-05 -1.714932196217848764e-07 -6.414274384925418461e-18
-1.340797846568347884e-05 -1.699646415306683864e-07 -7.514229309302082003e-18
-1.533998386279294968e-05 -1.684025042743171025e-07 6.799671993242676718e-19
-1.760349818944254019e-05 -1.668315161895804385e-07 6.637938654329455331e-18
-2.028529625221903165e-05 -1.652809581171865212e-07 -1.898968241007335586e-18
-2.350331299639032978e-05 -1.637921046264274731e-07 1.529329719580421612e-18
-2.742201010030864694e-05 -1.624034750567335035e-07 -5.508675510565656518e-18
-3.227718572063054125e-05 -1.612019664815554612e-07 1.982580644922880697e-18
-3.842123174027309296e-05 -1.601899338578399517e-07 2.706941642491859394e-18
-4.638951456014533958e-05 -1.596806242098287469e-07 -1.671008057379557038e-18
-5.711738936896998409e-05 -1.592130360470846649e-07 -2.683800177887308599e-18
-7.189122838239386803e-05 -1.606401866683153755e-07 4.033265175723518378e-18
-9.526536911981867140e-05 -1.596225574101237781e-07 -1.479252509567636683e-19
-1.258932462575614031e-04 -1.692858278382863848e-07 4.516457139654121436e-18
-2.426943565987070561e-04 -1.557943510162387876e-07 1.268534933746344067e-18
-2.996043437823101008e-04 -2.143110534409349910e-07 -1.033191102774123947e-18
-4.141649403073027064e-03 -9.764021491668256221e-08 -4.524705752059557291e-18
-2.797604186248149258e-02 -5.330787898969487650e-07 2.025970594185879838e-18
-2.797604688110840593e-02 -4.869308139308497271e-10 -1.526437611151207987e-18
-4.141698583838181874e-03 -9.834615453867476645e-11 -7.256916833324330775e-18
-2.996437050041926564e-04 -2.031457896697637830e-10 4.361880877640781762e-18
-2.427765884952387543e-04 -1.532956074980116686e-10 -5.940955264333947099e-18
-1.260033440186811293e-04 -1.672751284604507035e-10 -1.351418056813021511e-17
-9.541157934941230101e-05 -1.607727971709001513e-10 2.614346382839342527e-18
-7.207456005556278633e-05 -1.640654315935917233e-10 -9.419372059466247794e-18
-5.734084421996771264e-05 -1.653829376275491900e-10 -1.072605573874082394e-18
-4.665564151016404759e-05 -1.687730183489022489e-10 1.539634390105206306e-17
-3.873280802464337813e-05 -1.725782873668732520e-10 4.895361196773525768e-18
-3.263710264651831228e-05 -1.773035554919942214e-10 -8.907196847053099103e-18
-2.783334616658292293e-05 -1.827058170319176337e-10 1.095773593936958295e-17
-2.396936530483020911e-05 -1.888408456386226018e-10 5.609504390302534985e-18
-2.080962190103771703e-05 -1.956735793610379575e-10 -1.333605433014944572e-17
-1.818995626000352583e-05 -2.032130545986112552e-10 4.823732364689742987e-18
-1.599278036126458580e-05 -2.114595325904097528e-10 3.901326546166085709e-18
-1.413171471271318369e-05 -2.204198970966633814e-10 1.041155097559422919e-17
-1.254193753003757239e-05 -2.300989826156036893e-10 5.274341510504954345e-18
-1.117389016297778981e-05 -2.404997006090403199e-10 5.432267183738444375e-18
-9.989060402650074000e-06 -2.516194880145043223e-10 1.003296824968609285e-17
-8.957087055699863853e-06 -2.634478567402010803e-10 -2.575979665889176883e-18
-8.053727822275591475e-06 -2.759623207178086636e-10 -5.802378024722339156e-18
-7.259405008300245932e-06 -2.891247690714639967e-10 8.946280686924653859e-18
-6.558146319807223179e-06 -3.028751673740902094e-10 4.852248318386825859e-18
-5.936801147125858602e-06 -3.171255751093900407e-10 -7.190876215885454815e-18
-5.384452256649435720e-06 -3.317512469319376865e-10 8.451539963112470201e-18
-4.891968361044052305e-06 -3.465802014805158999e-10 -3.641770824231710895e-17
-4.451659776551902814e-06 -3.613796894811603819e-10 1.266528149547995846e-17
-4.057010432531593658e-06 -3.758396917331566731e-10 -8.321095312909525545e-18
-3.702467275708970496e-06 -3.895517427756501028e-10 3.143971101790816251e-18
-3.383273155941474153e-06 -4.019822844189135151e-10 5.222797526535444400e-18
-3.095333103889791326e-06 -4.124395648215588410e-10 -1.513126465252104998e-17
-2.835106509464085933e-06 -4.200315761466488615e-10 5.332347718755485901e-18
-2.599519473647088352e-06 -4.236136464961004312e-10 -7.793525086512401302e-18
-2.385893142983763759e-06 -4.217219322720291714e-10 3.019421132399303614e-18
-2.191884685233402852e-06 -4.124909434072588302e-10 -2.282300786283156402e-18
-2.015438424308318988e-06 -3.935489136817230603e-10 -8.224743513361231615e-18
-1.854745180735611898e-06 -3.618880526134524098e-10 -2.805368093753412208e-18
-1.708208223649698709e-06 -3.137012866988607488e-10 -9.966057163797207005e-18
-1.574414702974064051e-06 -2.441791002460047560e-10 -1.312073499229936603e-17
-1.452111547835949201e-06 -1.472580303848162898e-10 3.445637401386626558e-18
-1.340185074343719362e-06 -1.530743337021210965e-11 1.250631715659892188e-17
-1.237643727405868255e-06 1.612532792999576346e-10 1.049669770706528661e-17
-1.143603420256794623e-06 3.944239526442205396e-10 7.131656091791987692e-18
-1.057275129862089713e-06 6.991900993757246955e-10 2.920654177387608344e-18
-9.779543850424454732e-07 1.094198695318513632e-09 4.989320503475800602e-18
-9.050124239080858946e-07 1.602551654686035785e-09 -9.131128174787779126e-19
-8.378888311962040536e-07 2.252713636481856358e-09 -6.076388924672324142e-18
-7.760854276450679379e-07 3.079518214524047866e-09 5.643377575676079681e-18
-7.191613389558038083e-07 4.125227609139874577e-09 4.875477332882401236e-18
-6.667290407234849337e-07 5.440560997261408050e-09 8.907652901204530691e-18
-6.184512464126046272e-07 7.085547286019864482e-09 -2.163498914247146577e-17
-5.740384889443839178e-07 9.129974364235921238e-09 -3.011997284755981230e-18
-5.332470708156733519e-07 1.165310222082347916e-08 9.210219643987671259e-18
-4.958771235782921671e-07 1.474218431254608470e-08 5.578141718956272298e-18
-4.617702491702124767e-07 1.848922427753514241e-08 2.320707241297252047e-18
-4.308061366808946246e-07 2.298532194340728076e-08 -6.130181936948162322e-18
-4.028974354766678978e-07 2.831201113693889928e-08 8.645049382702154573e-18
-3.779820064719885409e-07 3.452925612386533355e-08 -5.323252731759269794e-18
-3.560117722671563012e-07 4.166037713123737395e-08 -2.859667856558428814e-18
-3.369376972914284174e-07 4.967518512531069862e-08 -1.339567405593029816e-18
-3.206910783731808934e-07 5.847398578105376239e-08 -2.841607198614540764e-18
-3.071623981901194789e-07 6.787655852778840424e-08 1.157381326906045342e-17
-2.961803709337906820e-07 7.762114088794747979e-08 -6.420373436237471556e-18
-2.874950867787218201e-07 8.737801429206437288e-08 -3.224223678929313655e-19
-2.807699821666398421e-07 9.677979411452596581e-08 -6.081901126251481988e-19
-2.755867702756986670e-07 1.054659732543702484e-07 1.215033266667476708e-17
-2.714653988510062899e-07 1.131338558740642725e-07 -8.122352041564778675e-18
-2.678975903266933578e-07 1.195840271378305372e-07 -3.098815386345055912e-18
-2.643886932822414604e-07 1.247482922532359052e-07 7.991882647917568729e-18
-2.604999711948441377e-07 1.286924639352309516e-07 5.366552597038405966e-18
-2.558830663815236939e-07 1.315939713247100615e-07 -2.862407510865954687e-18
-2.503006619747338846e-07 1.337017215060374761e-07 2.834924199656109149e-18
-2.436311144944636187e-07 1.352898055811087235e-07 -9.027441335769450907e-18
-2.358587274826906555e-07 1.366162499999548599e-07 -9.815896137558340573e-18
-2.270540504917262226e-07 1.378941381738997831e-07 -4.405759920859355047e-18
-2.173494036868117707e-07 1.392773847165137996e-07 1.598112252462378262e-18
-2.069143227936831586e-07 1.408593326517802236e-07 8.132057399304610990e-18
-1.959340899561345939e-07 1.426801721460790834e-07 -8.991380804789185866e-18
-1.845929612429020317e-07 1.447388459677243460e-07 -5.992224814546387520e-18
-1.730624334395081121e-07 1.470059369698131447e-07 -1.321268090632320568e-17
-1.614940332746173102e-07 1.494352856112490337e-07 1.760284479842223233e-17
-1.500157464223716985e-07 1.519732478361177925e-07 1.624031039637967813e-17
-1.387311029422966246e-07 1.545653501845898738e-07 -1.505767296835952758e-17
-1.277200216073803851e-07 1.571605886177764404e-07 1.420291135480156220e-17
-1.170407308015430914e-07 1.597138432002978376e-07 3.150611308441470860e-18
-1.067322103927292876e-07 1.621869138418755725e-07 1.673287410430113867e-18
-9.681682921688916643e-08 1.645486296500472074e-07 1.567511644769122456e-17
-8.730292669692496510e-08 1.667743918206537710e-07 3.455456214407998039e-18
-7.818719116939321090e-08 1.688454113763168691e-07 -4.882080264546196444e-18
-6.945679554767880681e-08 1.707478218875267608e-07 -1.991301942312387853e-17
-6.109123710032471344e-08 1.724717820194835453e-07 1.082990976399067148e-18
-5.306391335710425317e-08 1.740106337964433232e-07 6.272213850396536542e-18
-4.534343633205706325e-08 1.753601520451478872e-07 4.747250620834046159e-18
-3.789470457218890864e-08 1.765178993981030470e-07 -3.377072329327301420e-19
-3.067977535561872138e-08 1.774826859674394192e-07 -2.206715016433313921e-17
-2.365857786068570334e-08 1.782541312512037684e-07 -7.453329310063230125e-18
-1.678948270689151201e-08 1.788323174035730379e-07 4.665081503468153500e-18
-1.002975084929413896e-08 1.792175242108618949e-07 -2.603775397354815297e-19
-3.335914006835638546e-09 1.794100405374828270e-07 2.187483001688220357e-17
3.335913042329385902e-09 1.794100405212928246e-07 8.259183736840354660e-18
1.002975147726403726e-08 1.792175242523547038e-07 -6.954353549311859392e-18
1.678948322036966090e-08 1.788323173516337716e-07 -6.044612079845681746e-18
2.365857848171670774e-08 1.782541312932721891e-07 2.613655647419435114e-18
3.067977448825698339e-08 1.774826859664903453e-07 -3.335143824943536489e-17
3.789470438136932628e-08 1.765178993344812112e-07 1.559152205539562839e-18
4.534343786555261602e-08 1.753601521411831857e-07 5.367387478523819965e-18
5.306391202136717666e-08 1.740106337239121037e-07 1.345326385428681643e-17
6.109123533784566185e-08 1.724717820549284066e-07 6.629670405446651968e-18
6.945679674463800524e-08 1.707478218946612134e-07 -1.938431768706805849e-17
7.818719232124959895e-08 1.688454113444077351e-07 3.963732666757424111e-18
8.730292772388126288e-08 1.667743918343947894e-07 7.028261159880498449e-18
9.681682775625199966e-08 1.645486296511013928e-07 7.680636514088418361e-18
1.067322086822919402e-07 1.621869138256703235e-07 9.191620617076698611e-18
1.170407317348243215e-07 1.597138432211972638e-07 4.005591058287981891e-18
1.277200230402619763e-07 1.571605886087653598e-07 8.009076029760897169e-18
1.387311038998639834e-07 1.545653502012964340e-07 -1.217831413769814259e-17
1.500157444898897463e-07 1.519732478872685240e-07 1.638251757399992960e-17
1.614940317792856739e-07 1.494352855086597913e-07 -2.115405928906213564e-17
1.730624346017728410e-07 1.470059370240479761e-07 -1.851976159978534105e-17
1.845929622837361173e-07 1.447388459617230646e-07 1.257579455994604799e-17
1.959340911600326862e-07 1.426801721064057542e-07 4.019687208826566253e-17
2.069143210416124479e-07 1.408593326661427790e-07 -3.001615366390553391e-17
2.173494020873967258e-07 1.392773847166140142e-07 -1.714538538001521603e-17
2.270540513278629380e-07 1.378941381755377330e-07 9.649295759655830147e-19
2.358587292000668967e-07 1.366162499975940732e-07 2.791711898186621622e-18
2.436311152265169255e-07 1.352898055948205987e-07 -4.292846752216920135e-18
2.503006602330715147e-07 1.337017215077125896e-07 -1.772750560236343872e-18
2.558830647994558838e-07 1.315939713071550919e-07 2.077468949630608083e-17
2.604999721211864738e-07 1.286924639547009039e-07 7.854678975239242893e-18
2.643886948539009296e-07 1.247482922352258672e-07 -1.165525265876750240e-17
2.678975912460968001e-07 1.195840271420568611e-07 -2.771012366869492350e-17
2.714653970885272383e-07 1.131338558948240442e-07 1.484636653587441417e-17
2.755867688601643106e-07 1.054659732466767011e-07 -1.570237353728504881e-17
2.807699832040044807e-07 9.677979410805571936e-08 9.094370528699458920e-19
2.874950878369031404e-07 8.737801429522150291e-08 2.199566069534535711e-18
2.961803718289079956e-07 7.762114086918576618e-08 1.566670895048445845e-18
3.071623967849934633e-07 6.787655851578971932e-08 2.069305122981737507e-17
3.206910764129433655e-07 5.847398579743387743e-08 -5.443375492658762076e-19
3.369376985855321305e-07 4.967518514880681025e-08 -1.106175363335459826e-17
3.560117731900291904e-07 4.166037708337998596e-08 -1.912189457783418486e-17
3.779820081234452900e-07 3.452925621656452003e-08 8.201057992126031790e-18
4.028974335337776047e-07 2.831201105841412757e-08 7.239808951070328450e-18
4.308061346304514760e-07 2.298532196201419248e-08 -5.607332699977564255e-19
4.617702504886023185e-07 1.848922431062181767e-08 3.869083998690252656e-18
4.958771249348459254e-07 1.474218430272454577e-08 -7.646914879199718255e-18
5.332470714575210380e-07 1.165310219785644549e-08 2.525351088591097436e-17
5.740384865192404984e-07 9.129974363563535896e-09 3.391889843147962862e-17
6.184512467317937467e-07 7.085547297550166651e-09 -4.618567738032038994e-17
6.667290413028825746e-07 5.440560989887734782e-09 -1.163917440806028890e-18
7.191613398405127811e-07 4.125227571705663755e-09 1.109103939025540009e-17
7.760854280128293148e-07 3.079518242245219385e-09 -1.638655923887984014e-18
8.378888290451469434e-07 2.252713643538990768e-09 6.200035928092083961e-18
9.050124244319723843e-07 1.602551647383162559e-09 -8.296861659566705990e-18
9.779543855004124708e-07 1.094198718132532121e-09 1.873297770889906194e-17
1.057275130618429149e-06 6.991900621732567936e-10 -1.737866714392283475e-18
1.143603420770272772e-06 3.944239409365112904e-10 -5.537093620134266474e-18
1.237643724887049768e-06 1.612533011570803556e-10 9.973676481865808270e-18
1.340185074867605852e-06 -1.530744892325903356e-11 -2.532505862803803868e-17
1.452111548526369145e-06 -1.472579800860278833e-10 1.201037506145056847e-17
1.574414703192639209e-06 -2.441791238233058092e-10 -3.456635704624007020e-18
1.708208224086849025e-06 -3.137012384916845478e-10 -1.061128641904491949e-17
1.854745179555999934e-06 -3.618881153996472023e-10 -2.116915878963440981e-17
2.015438424447096866e-06 -3.935489382485835890e-10 1.111139933637558067e-17
2.191884685399936306e-06 -4.124909016604856361e-10 -8.588355857213661262e-18
2.385893143868472732e-06 -4.217219384348026676e-10 2.786938870442463614e-17
2.599519474229955440e-06 -4.236135602982259965e-10 -2.960569462848891999e-18
2.835106506993839703e-06 -4.200316322919994684e-10 -6.758596132426504659e-18
3.095333104347758324e-06 -4.124395640697393453e-10 6.967986430178975014e-18
3.383273156926797087e-06 -4.019822827766986101e-10 1.302229025807828328e-18
3.702467276281429243e-06 -3.895517966153637924e-10 1.289563110301800317e-17
4.057010432826496649e-06 -3.758396669915641662e-10 -1.896227521420300490e-17
4.451659773762467465e-06 -3.613796769967070307e-10 -2.741587927244419319e-18
4.891968362768367440e-06 -3.465802234604220024e-10 -2.313988316441799853e-18
5.384452257117811058e-06 -3.317512202977311226e-10 -1.644887504090695563e-18
5.936801147080755792e-06 -3.171256282463244644e-10 1.055835118194278369e-17
6.558146320032737231e-06 -3.028751332935632395e-10 1.382262532842431523e-17
7.259405007051245029e-06 -2.891247351929742371e-10 -2.263359852744779065e-17
8.053727822886214138e-06 -2.759624044596970057e-10 3.928784584731718638e-18
8.957087056463142183e-06 -2.634477981491346553e-10 1.161954273257174764e-17
9.989060401848631754e-06 -2.516194853378123802e-10 -1.463748881832586672e-17
1.117389016427536297e-05 -2.404997241605763513e-10 1.836401910983679262e-18
1.254193752720997312e-05 -2.300989808883910132e-10 -1.026390864856027422e-18
1.413171471353197317e-05 -2.204198395504691723e-10 6.444748359033113380e-19
1.599278036399851000e-05 -2.114595655426855283e-10 1.655428728619147642e-18
1.818995625766858804e-05 -2.032130916474655135e-10 6.154974884085849272e-19
2.080962190170385084e-05 -1.956735461567855966e-10 2.235745251628382467e-18
2.396936530239118790e-05 -1.888408412682973806e-10 1.107342585581481981e-17
2.783334616929256100e-05 -1.827057942906037715e-10 -2.415260981586082129e-17
3.263710264773955760e-05 -1.773035808160314810e-10 8.972720907286073541e-18
3.873280802132658684e-05 -1.725782753015351532e-10 2.059914840104870104e-17
4.665564151092038703e-05 -1.687730304730613679e-10 -1.860908976309602841e-17
5.734084422059568253e-05 -1.653829174604931520e-10 -6.152739436448990675e-18
7.207456005590973103e-05 -1.640654893899756009e-10 9.905426402400159588e-18
9.541157934982863464e-05 -1.607727534625380312e-10 6.251951103067708271e-18
1.260033440171684505e-04 -1.672751428903200486e-10 -1.006296237470253857e-17
2.427765884956793740e-04 -1.532955902813986537e-10 -3.889590976161978773e-18
2.996437050044459260e-04 -2.031457701169245050e-10 1.847235445807662996e-17
4.141698583838240855e-03 -9.834619357270174880e-11 -8.324426558004215460e-18
2.797604688110848226e-02 -4.869308113454288938e-10 -3.680738539278726142e-18
