1.311196155632566066e-04 -1.617160655279555234e-06 -0.000000000000000000e+00
1.314560214644849303e-04 -1.617160655648139503e-06 -0.000000000000000000e+00
1.589674134725734380e-04 -1.617160655939129202e-06 -0.000000000000000000e+00
4.361495478219313334e-05 -1.617160656155133615e-06 -0.000000000000000000e+00
9.701643900948942026e-06 -1.617160656298079530e-06 -0.000000000000000000e+00
1.970638884646835278e-06 -1.617160656369236439e-06 -0.000000000000000000e+00
-1.970638884647535775e-06 -1.617160656369236439e-06 -0.000000000000000000e+00
-9.701643900948623542e-06 -1.617160656298079742e-06 -0.000000000000000000e+00
-4.361495478219330952e-05 -1.617160656155134462e-06 -0.000000000000000000e+00
-1.589674134725730585e-04 -1.617160655939130896e-06 -0.000000000000000000e+00
-1.314560214644847676e-04 -1.617160655648140986e-06 -0.000000000000000000e+00
-1.311196155632565524e-04 -1.617160655279557563e-06 -0.000000000000000000e+00
-1.311588468824950466e-04 5.826996067026120743e-15 -0.000000000000000000e+00
-1.315235613097334830e-04 6.319225264673329544e-15 -0.000000000000000000e+00
-1.590901186110199551e-04 6.858745378644888936e-15 -0.000000000000000000e+00
-4.385299682672606840e-05 7.450660556814538801e-15 -0.000000000000000000e+00
-1.020273449977735141e-05 8.100687694125419809e-15 -0.000000000000000000e+00
-3.141582521071608732e-06 8.815237582736930509e-15 -0.000000000000000000e+00
-1.170943649400965416e-06 9.601507837208752643e-15 -0.000000000000000000e+00
-5.010906378391397420e-07 1.046758945579543632e-14 -0.000000000000000000e+00
-2.380421098501460911e-07 1.142258919772035552e-14 -0.000000000000000000e+00
-1.227052305397700249e-07 1.247677033402033035e-14 -0.000000000000000000e+00
-6.753996478142853460e-08 1.364171477790896766e-14 -0.000000000000000000e+00
-3.923146709162724877e-08 1.493051013380151803e-14 -0.000000000000000000e+00
-2.383586375464759491e-08 1.635796583943371718e-14 -0.000000000000000000e+00
-1.504439102334266414e-08 1.794086333391785994e-14 -0.000000000000000000e+00
-9.811179848238879103e-09 1.969824609177309669e-14 -0.000000000000000000e+00
-6.582502203367033973e-09 2.165175645033800054e-14 -0.000000000000000000e+00
-4.527454293809756497e-09 2.382602746402772815e-14 -0.000000000000000000e+00
-3.183090933561709254e-09 2.624913959094716682e-14 -0.000000000000000000e+00
-2.282044281442282611e-09 2.895315391372413109e-14 -0.000000000000000000e+00
-1.664919643946082198e-09 3.197473588908313471e-14 -0.000000000000000000e+00
-1.233968730529808312e-09 3.535588639879680663e-14 -0.000000000000000000e+00
-9.277109494245126506e-10 3.914480024890696353e-14 -0.000000000000000000e+00
-7.065847990555317258e-10 4.339687637224012743e-14 -0.000000000000000000e+00
-5.446017180151490714e-10 4.817590900316715120e-14 -0.000000000000000000e+00
-4.243654544364127655e-10 5.355549522840043572e-14 -0.000000000000000000e+00
-3.340293419433437927e-10 5.962070184336349062e-14 -0.000000000000000000e+00
-2.653978500703061343e-10 6.647004370011843777e-14 -0.000000000000000000e+00
-2.127183524951243572e-10 7.421783714895689668e-14 -0.000000000000000000e+00
-1.718985637387273202e-10 8.299700629469803345e-14 -0.000000000000000000e+00
-1.399909571015438157e-10 9.296243730044172627e-14 -0.000000000000000000e+00
-1.148480021208840645e-10 1.042949977551089607e-13 -0.000000000000000000e+00
-9.488827515325111958e-11 1.172063653006003369e-13 -0.000000000000000000e+00
-7.893556625085898720e-11 1.319448437316839729e-13 -0.000000000000000000e+00
-6.610703818335500115e-11 1.488023874929257196e-13 -0.000000000000000000e+00
-5.573429538781552849e-11 1.681231093001408838e-13 -0.000000000000000000e+00
-4.730741500549398168e-11 1.903136136183141742e-13 -0.000000000000000000e+00
-4.043454805875567093e-11 2.158555849809453686e-13 -0.000000000000000000e+00
-3.481271496380109395e-11 2.453211699255427262e-13 -0.000000000000000000e+00
-3.020636160796705293e-11 2.793918315841619651e-13 -0.000000000000000000e+00
-2.643158628208377921e-11 3.188815358455971527e-13 -0.000000000000000000e+00
-2.334442030134315974e-11 3.647653595871674011e-13 -0.000000000000000000e+00
-2.083212184023683181e-11 4.182149108234026420e-13 -0.000000000000000000e+00
-1.880656949119011735e-11 4.806423391773875787e-13 -0.000000000000000000e+00
-1.719941740151261844e-11 5.537552215985945727e-13 -0.000000000000000000e+00
-1.595836322043085797e-11 6.396252714658435401e-13 -0.000000000000000000e+00
-1.504448056542972676e-11 7.407746915756658590e-13 -0.000000000000000000e+00
-1.443028197720102190e-11 8.602851444060144936e-13 -0.000000000000000000e+00
-1.409836958568556761e-11 1.001935844119107229e-12 -0.000000000000000000e+00
-1.404057890263820260e-11 1.170379318355869560e-12 -0.000000000000000000e+00
-1.425763928724526453e-11 1.371366129795133928e-12 -0.000000000000000000e+00
-1.475921374667688208e-11 1.612033546232526512e-12 -0.000000000000000000e+00
-1.556445970675263878e-11 1.901278165432443222e-12 -0.000000000000000000e+00
-1.670294324974605774e-11 2.250239346840710818e-12 -0.000000000000000000e+00
-1.821618749520967017e-11 2.672929698743533884e-12 -0.000000000000000000e+00
-2.015973335288890333e-11 3.187061847234581136e-12 -0.000000000000000000e+00
-2.260619585364524235e-11 3.815138752969984238e-12 -0.000000000000000000e+00
-2.564913960107659907e-11 4.585900085208982059e-12 -0.000000000000000000e+00
-2.940834110489601147e-11 5.536252731906287970e-12 -0.000000000000000000e+00
-3.403671865569861245e-11 6.713864004002586950e-12 -0.000000000000000000e+00
-3.972949599762254843e-11 8.180668266445811792e-12 -0.000000000000000000e+00
-4.673655664005918191e-11 1.001764172107739271e-11 -0.000000000000000000e+00
-5.537873434933982741e-11 1.233135110806099037e-11 -0.000000000000000000e+00
-6.606979648811630312e-11 1.526300329658071260e-11 -0.000000000000000000e+00
-7.934597309608501352e-11 1.900104949154088656e-11 -0.000000000000000000e+00
-9.590628122757986269e-11 2.379888477440666391e-11 -0.000000000000000000e+00
-1.166675446296649268e-10 2.999991621814265243e-11 -0.000000000000000000e+00
-1.428403147333673273e-10 3.807338520053468185e-11 -0.000000000000000000e+00
-1.760341390853488607e-10 4.866603544342362565e-11 -0.000000000000000000e+00
-2.184048695076541864e-10 6.267736097365363065e-11 -0.000000000000000000e+00
-2.728625607106084848e-10 8.137030468913775886e-11 -0.000000000000000000e+00
-3.433670005329904149e-10 1.065358218002686784e-10 -0.000000000000000000e+00
-4.353516158493991066e-10 1.407401855697602420e-10 -0.000000000000000000e+00
-5.563362949764841875e-10 1.877008249788284285e-10 -0.000000000000000000e+00
-7.168210836621189939e-10 2.528641152211200314e-10 -0.000000000000000000e+00
-9.315998639694575375e-10 3.443041619966013746e-10 -0.000000000000000000e+00
-1.221706326360841127e-09 4.741376954473666217e-10 -0.000000000000000000e+00
-1.617316204704217485e-09 6.607782061519701164e-10 -0.000000000000000000e+00
-2.162100240659364736e-09 9.325695248937865662e-10 -0.000000000000000000e+00
-2.919777410179137402e-09 1.333709086484699550e-09 -0.000000000000000000e+00
-3.983988371944885656e-09 1.934003059513737042e-09 -0.000000000000000000e+00
-5.493116135422604092e-09 2.845070740211193239e-09 -0.000000000000000000e+00
-7.652294751458605743e-09 4.247422310745352962e-09 -0.000000000000000000e+00
-1.076537544157966749e-08 6.435788461291849247e-09 -0.000000000000000000e+00
-1.527944915608047972e-08 9.894658147454361241e-09 -0.000000000000000000e+00
-2.184207897177231602e-08 1.542233248913959419e-08 -0.000000000000000000e+00
-3.136319879252501845e-08 2.432848990327530454e-08 -0.000000000000000000e+00
-4.505326826658773089e-08 3.873098163216138965e-08 -0.000000000000000000e+00
-6.436820789152010452e-08 6.195453921581271538e-08 -0.000000000000000000e+00
-9.072835989435450302e-08 9.894957398525803923e-08 -0.000000000000000000e+00
-1.248283493275065926e-07 1.564512717275059637e-07 -0.000000000000000000e+00
-1.654405686030572566e-07 2.422895064228595358e-07 -0.000000000000000000e+00
-2.080453866194036474e-07 3.630826815802915556e-07 -0.000000000000000000e+00
-2.444090410908322314e-07 5.201536945813626138e-07 -0.000000000000000000e+00
-2.645921119828169313e-07 7.054114764311524448e-07 -0.000000000000000000e+00
-2.614027098448951732e-07 9.008637820540022043e-07 -0.000000000000000000e+00
-2.343880909094579286e-07 1.084048970755061361e-06 -0.000000000000000000e+00
-1.897767988271683581e-07 1.236469265515426048e-06 -0.000000000000000000e+00
-1.363792834494856575e-07 1.348900172459345653e-06 -0.000000000000000000e+00
-8.106295156826810147e-08 1.420651064375263284e-06 -0.000000000000000000e+00
-2.677455907334121950e-08 1.455073775579471228e-06 -0.000000000000000000e+00
2.677455908099726576e-08 1.455073775579470805e-06 -0.000000000000000000e+00
8.106295156494622354e-08 1.420651064375262437e-06 -0.000000000000000000e+00
1.363792834414933987e-07 1.348900172459343324e-06 -0.000000000000000000e+00
1.897767988254524282e-07 1.236469265515423507e-06 -0.000000000000000000e+00
2.343880909073658101e-07 1.084048970755055220e-06 -0.000000000000000000e+00
2.614027098435395499e-07 9.008637820539954281e-07 -0.000000000000000000e+00
2.645921119878347545e-07 7.054114764311475743e-07 -0.000000000000000000e+00
2.444090410999960691e-07 5.201536945813546728e-07 -0.000000000000000000e+00
2.080453866288515323e-07 3.630826815802853087e-07 -0.000000000000000000e+00
1.654405685964783517e-07 2.422895064228571006e-07 -0.000000000000000000e+00
1.248283493115125988e-07 1.564512717275045078e-07 -0.000000000000000000e+00
9.072835988695172623e-08 9.894957398525709955e-08 -0.000000000000000000e+00
6.436820790589884614e-08 6.195453921581141836e-08 -0.000000000000000000e+00
4.505326828101263581e-08 3.873098163216054262e-08 -0.000000000000000000e+00
3.136319878525854779e-08 2.432848990327503654e-08 -0.000000000000000000e+00
2.184207895686181638e-08 1.542233248913944199e-08 -0.000000000000000000e+00
1.527944915165435538e-08 9.894658147454263634e-09 -0.000000000000000000e+00
1.076537545683641336e-08 6.435788461291717726e-09 -0.000000000000000000e+00
7.652294766805410070e-09 4.247422310745276035e-09 -0.000000000000000000e+00
5.493116127057266173e-09 2.845070740211170491e-09 -0.000000000000000000e+00
3.983988355174198265e-09 1.934003059513720912e-09 -0.000000000000000000e+00
2.919777401339552436e-09 1.333709086484690451e-09 -0.000000000000000000e+00
2.162100257734452111e-09 9.325695248937718837e-10 -0.000000000000000000e+00
1.617316217232907628e-09 6.607782061519598801e-10 -0.000000000000000000e+00
1.221706321488988029e-09 4.741376954473632096e-10 -0.000000000000000000e+00
9.315998482159946773e-10 3.443041619965991516e-10 -0.000000000000000000e+00
7.168210768698867975e-10 2.528641152211182736e-10 -0.000000000000000000e+00
5.563363116015144821e-10 1.877008249788259211e-10 -0.000000000000000000e+00
4.353516281993058443e-10 1.407401855697586134e-10 -0.000000000000000000e+00
3.433669955300081997e-10 1.065358218002679804e-10 -0.000000000000000000e+00
2.728625424621615334e-10 8.137030468913739697e-11 -0.000000000000000000e+00
2.184048644264990606e-10 6.267736097365325583e-11 -0.000000000000000000e+00
1.760341500515467841e-10 4.866603544342313451e-11 -0.000000000000000000e+00
1.428403297807621031e-10 3.807338520053432642e-11 -0.000000000000000000e+00
1.166675393151680698e-10 2.999991621814249088e-11 -0.000000000000000000e+00
9.590626459780882800e-11 2.379888477440652820e-11 -0.000000000000000000e+00
7.934597187722112019e-11 1.900104949154079608e-11 -0.000000000000000000e+00
6.606980711518454755e-11 1.526300329658057043e-11 -0.000000000000000000e+00
5.537875325315066910e-11 1.233135110806086435e-11 -0.000000000000000000e+00
4.673654416331637544e-11 1.001764172107736040e-11 -0.000000000000000000e+00
3.972948139580586397e-11 8.180668266445774634e-12 -0.000000000000000000e+00
3.403670665630596935e-11 6.713864004002565140e-12 -0.000000000000000000e+00
2.940835946818696143e-11 5.536252731906237079e-12 -0.000000000000000000e+00
2.564915440664405335e-11 4.585900085208940054e-12 -0.000000000000000000e+00
2.260619077100859734e-11 3.815138752969966467e-12 -0.000000000000000000e+00
2.015972772785145158e-11 3.187061847234566596e-12 -0.000000000000000000e+00
1.821617653120360100e-11 2.672929698743521364e-12 -0.000000000000000000e+00
1.670296154162553607e-11 2.250239346840691835e-12 -0.000000000000000000e+00
1.556446031184907013e-11 1.901278165432435548e-12 -0.000000000000000000e+00
1.475920812749790794e-11 1.612033546232520252e-12 -0.000000000000000000e+00
1.425762606770344452e-11 1.371366129795130091e-12 -0.000000000000000000e+00
1.404058048407972632e-11 1.170379318355865723e-12 -0.000000000000000000e+00
1.409837944849067492e-11 1.001935844119100564e-12 -0.000000000000000000e+00
1.443028684405170837e-11 8.602851444060113634e-13 -0.000000000000000000e+00
1.504447046301374608e-11 7.407746915756632336e-13 -0.000000000000000000e+00
1.595835751273644971e-11 6.396252714658413187e-13 -0.000000000000000000e+00
1.719941859731109092e-11 5.537552215985926542e-13 -0.000000000000000000e+00
1.880658344136110137e-11 4.806423391773842466e-13 -0.000000000000000000e+00
2.083212273721114136e-11 4.182149108234012284e-13 -0.000000000000000000e+00
2.334441790440991109e-11 3.647653595871662399e-13 -0.000000000000000000e+00
2.643157633461033364e-11 3.188815358455960924e-13 -0.000000000000000000e+00
3.020636318304792771e-11 2.793918315841610563e-13 -0.000000000000000000e+00
3.481272164911298416e-11 2.453211699255415650e-13 -0.000000000000000000e+00
4.043454965690899113e-11 2.158555849809446617e-13 -0.000000000000000000e+00
4.730740508621616667e-11 1.903136136183135936e-13 -0.000000000000000000e+00
5.573429297266391119e-11 1.681231093001403789e-13 -0.000000000000000000e+00
6.610703904077285202e-11 1.488023874929252904e-13 -0.000000000000000000e+00
7.893557964334622396e-11 1.319448437316832409e-13 -0.000000000000000000e+00
9.488827660751635931e-11 1.172063653005999835e-13 -0.000000000000000000e+00
1.148479930514182522e-10 1.042949977551086956e-13 -0.000000000000000000e+00
1.399909548998055396e-10 9.296243730044149908e-14 -0.000000000000000000e+00
1.718985637536523985e-10 8.299700629469779364e-14 -0.000000000000000000e+00
2.127183659072785497e-10 7.421783714895649278e-14 -0.000000000000000000e+00
2.653978437227618408e-10 6.647004370011834942e-14 -0.000000000000000000e+00
3.340293395541123129e-10 5.962070184336335178e-14 -0.000000000000000000e+00
4.243654430264614983e-10 5.355549522840030950e-14 -0.000000000000000000e+00
5.446017264625129082e-10 4.817590900316701867e-14 -0.000000000000000000e+00
7.065847994434841894e-10 4.339687637223997597e-14 -0.000000000000000000e+00
9.277109524052512671e-10 3.914480024890687518e-14 -0.000000000000000000e+00
1.233968720528004807e-09 3.535588639879672459e-14 -0.000000000000000000e+00
1.664919647207230596e-09 3.197473588908302111e-14 -0.000000000000000000e+00
2.282044289943901431e-09 2.895315391372406167e-14 -0.000000000000000000e+00
3.183090935418501013e-09 2.624913959094703744e-14 -0.000000000000000000e+00
4.527454292799137004e-09 2.382602746402767767e-14 -0.000000000000000000e+00
6.582502187879580817e-09 2.165175645033797529e-14 -0.000000000000000000e+00
9.811179859388506136e-09 1.969824609177300834e-14 -0.000000000000000000e+00
1.504439102327561288e-08 1.794086333391781892e-14 -0.000000000000000000e+00
2.383586376571161206e-08 1.635796583943364145e-14 -0.000000000000000000e+00
3.923146707538479643e-08 1.493051013380150541e-14 -0.000000000000000000e+00
6.753996478600447128e-08 1.364171477790894400e-14 -0.000000000000000000e+00
1.227052305400207467e-07 1.247677033402027828e-14 -0.000000000000000000e+00
2.380421098586226410e-07 1.142258919772033027e-14 -0.000000000000000000e+00
5.010906378362288074e-07 1.046758945579541581e-14 -0.000000000000000000e+00
1.170943649390932523e-06 9.601507837208730555e-15 -0.000000000000000000e+00
3.141582521073105016e-06 8.815237582736914732e-15 -0.000000000000000000e+00
1.020273449978395149e-05 8.100687694125397721e-15 -0.000000000000000000e+00
4.385299682672614294e-05 7.450660556814523024e-15 -0.000000000000000000e+00
1.590901186110215543e-04 6.858745378644876315e-15 -0.000000000000000000e+00
1.315235613097279536e-04 6.319225264673316922e-15 -0.000000000000000000e+00
1.311588468824958055e-04 5.826996067026108121e-15 -0.000000000000000000e+00
