2.797524239522470105e-02 -5.310844948754906716e-07 -4.309862499979787646e-19
4.142013888455579884e-03 -9.784821348943212313e-08 9.274129375386764410e-19
2.996928465107927264e-04 -2.144024166212274002e-07 5.899883777896160334e-18
2.428952209399953821e-04 -1.563294646444045465e-07 3.920426717080842121e-18
1.261021520774716076e-04 -1.700371973732595761e-07 5.756070505950959721e-18
9.550822315179327560e-05 -1.606316388839216448e-07 1.205839169657607411e-18
7.216240666098328038e-05 -1.618774151291264778e-07 -6.230399979639309358e-19
5.741934439755513875e-05 -1.606760569805061428e-07 -3.962142100993625611e-18
4.672323666236183337e-05 -1.613645380870975998e-07 -7.931448861244341822e-18
3.878843984696581093e-05 -1.620939775989840782e-07 -2.146411689947513730e-18
3.267980743009921141e-05 -1.633275641007729111e-07 -7.299785385044251084e-18
2.786229909506471314e-05 -1.647541181855436246e-07 7.091222313996297780e-18
2.398383196995992894e-05 -1.663732900091629874e-07 -1.884911060455456241e-18
2.080893818981119359e-05 -1.680999912811460081e-07 -4.078747366629214639e-18
1.817350603256634445e-05 -1.698975047318540468e-07 -3.394524708031545757e-18
1.595997702977247634e-05 -1.717263021839338354e-07 -8.487214097776737597e-18
1.408198428776846756e-05 -1.735588561722983133e-07 -6.648348098543709219e-18
1.247470319190938093e-05 -1.753722188488182416e-07 4.825077066913612795e-18
1.108855789849066964e-05 -1.771488935790969733e-07 1.171271337337651223e-17
9.885005475492730787e-06 -1.788752094389633461e-07 7.825561167771918960e-18
8.833641146299003877e-06 -1.805408313917547474e-07 4.741035380297206283e-18
7.910166616487829261e-06 -1.821380798947958463e-07 -4.091649830618247102e-18
7.094936092792714089e-06 -1.836614686184081896e-07 -7.261265258715103057e-18
6.371897250383173894e-06 -1.851072875726042779e-07 5.296128869885365856e-18
5.727807503918408427e-06 -1.864732660998776157e-07 1.238588357048399086e-18
5.151645560422940529e-06 -1.877582862347759449e-07 -1.768791734976400171e-19
4.634163701354443443e-06 -1.889621438278494617e-07 5.538699075546969566e-18
4.167542970338194985e-06 -1.900853468790222935e-07 -3.496493416248003499e-18
3.745124586455178539e-06 -1.911289460085204960e-07 2.812067647599368158e-18
3.361198526358882832e-06 -1.920943927232415357e-07 -3.050930574531318532e-18
3.010835445991372206e-06 -1.929834203864514929e-07 -3.244949231805761961e-18
2.689751784992061578e-06 -1.937979445370854415e-07 -9.016058857829980148e-18
2.394200523420098037e-06 -1.945399805507001917e-07 -5.226247103233239415e-18
2.120881915222694314e-06 -1.952115747821488250e-07 -1.860063495992019540e-18
1.866869898139306150e-06 -1.958147477698411065e-07 2.300668332090547626e-18
1.629550883227443014e-06 -1.963514477818880033e-07 6.435810310590342374e-18
1.406572351928675468e-06 -1.968235124730637381e-07 6.220232204223159993e-18
1.195799270822112126e-06 -1.972326378019772631e-07 3.675332260636515837e-19
9.952767211045265849e-07 -1.975803532324930836e-07 -5.545677692125964026e-18
8.031974791343488018e-07 -1.978680015433223083e-07 -6.372808997882493119e-18
6.178735159588499837e-07 -1.980967228545925585e-07 -1.782125246410278759e-18
4.377105485738053137e-07 -1.982674427791295185e-07 -5.262329205570680595e-19
2.611849513473041284e-07 -1.983808630199451782e-07 5.745379679248811588e-18
8.682238393509233987e-08 -1.984374547930790904e-07 -2.982481809121020470e-18
-8.682238376161999227e-08 -1.984374547970133467e-07 1.273740798370329278e-18
-2.611849513056707650e-07 -1.983808630141617166e-07 -2.644037601412175582e-18
-4.377105489623833723e-07 -1.982674427985203526e-07 2.025566477539844677e-18
-6.178735155910886068e-07 -1.980967228459828392e-07 7.489676486233992996e-18
-8.031974794917018379e-07 -1.978680015297927569e-07 1.567905238980138828e-18
-9.952767208373791696e-07 -1.975803532566696804e-07 -3.105559723295198554e-18
-1.195799270825581573e-06 -1.972326378023703128e-07 -2.780763610981780039e-18
-1.406572352050106112e-06 -1.968235124329467224e-07 -2.002411967238417622e-18
-1.629550883192748545e-06 -1.963514477892454903e-07 -6.701067087478572702e-18
-1.866869898333595179e-06 -1.958147477861229856e-07 1.253443766313763342e-18
-2.120881915260858230e-06 -1.952115747913063894e-07 9.925463456825769170e-18
-2.394200523239686795e-06 -1.945399805529301383e-07 9.782572783647365525e-18
-2.689751784568789050e-06 -1.937979445502383280e-07 -5.660825907563599073e-19
-3.010835446480564226e-06 -1.929834203496373235e-07 -2.227169771911359401e-18
-3.361198526643377482e-06 -1.920943927692239898e-07 -5.521637338617969250e-18
-3.745124586253950616e-06 -1.911289459738852129e-07 1.028201458737835026e-18
-4.167542970098803146e-06 -1.900853468722352568e-07 4.918323088758364079e-18
-4.634163700920762574e-06 -1.889621438546652543e-07 3.031340945157218727e-18
-5.151645560669271262e-06 -1.877582862190957504e-07 9.666312937168292540e-18
-5.727807504483928280e-06 -1.864732660698428332e-07 9.379425338086966558e-18
-6.371897250563585136e-06 -1.851072876050844445e-07 -1.106894077227924641e-18
-7.094936092261888705e-06 -1.836614686270696574e-07 -2.474227339428490523e-18
-7.910166615943126089e-06 -1.821380798741691911e-07 -6.851439227236469577e-18
-8.833641146708398617e-06 -1.805408313859774268e-07 5.250834015383679917e-18
-9.885005475742530967e-06 -1.788752094491194299e-07 7.859988938681184464e-18
-1.108855789871271424e-05 -1.771488935981179981e-07 5.914926824753859579e-18
-1.247470319193019761e-05 -1.753722188393034675e-07 -4.007839066192676639e-18
-1.408198428707804761e-05 -1.735588561559274957e-07 -5.801250412055090360e-18
-1.595997702968227072e-05 -1.717263022113259810e-07 -9.493359449662087306e-18
-1.817350603328798941e-05 -1.698975047178775796e-07 -5.982107520742114630e-18
-2.080893818997425759e-05 -1.680999912571613173e-07 2.500217146432106173e-18
-2.398383196973788434e-05 -1.663732900331127381e-07 3.426209455783270341e-18
-2.786229909409673744e-05 -1.647541181711008129e-07 6.620554247077716810e-19
-3.267980743060575066e-05 -1.633275640960497495e-07 -7.979959431062816405e-18
-3.878843984773602815e-05 -1.620939776083933966e-07 -7.778157396351190390e-18
-4.672323666207386927e-05 -1.613645380854017339e-07 -9.546232734209959338e-19
-5.741934439762105824e-05 -1.606760569780832580e-07 -2.225055074002748221e-18
-7.216240665994591574e-05 -1.618774151596015056e-07 1.368639959557574190e-18
-9.550822315261900397e-05 -1.606316388615848036e-07 2.256978924906162465e-19
-1.261021520775652827e-04 -1.700371973696281341e-07 -4.724608757691178354e-18
-2.428952209399468098e-04 -1.563294646446137107e-07 -4.725912324561469732e-18
-2.996928465111431406e-04 -2.144024166088219145e-07 -4.237132361316037941e-19
-4.142013888454018633e-03 -9.784821350106267959e-08 6.363333274030637783e-18
-2.797524239522571413e-02 -5.310844948779518317e-07 6.834239261213443514e-18
-2.797603741305100880e-02 -1.266546807919307604e-09 8.123852413778518069e-18
-4.141702752494615808e-03 -2.598827033639156304e-10 -1.511787453110286535e-17
-2.996445931133240315e-04 -5.305399725749555313e-10 -3.355782379722333447e-19
-2.427786292074560204e-04 -4.030616566158060081e-10 3.700877048015372295e-18
-1.260053367683512671e-04 -4.393469208539631369e-10 -2.684790720458606673e-19
-9.541378709344155995e-05 -4.233065087606470996e-10 4.091195980729968378e-18
-7.207689703502689893e-05 -4.321433543291001437e-10 8.033190967196530720e-19
-5.734331109816595551e-05 -4.358732070949504723e-10 5.464737934111750120e-18
-4.665822172884859231e-05 -4.446808278352488307e-10 -4.067272511038479281e-18
-3.873549064998746405e-05 -4.543080017489394424e-10 2.768236637870498383e-18
-3.263987651954194935e-05 -4.659301985744401630e-10 -1.145296515986318859e-17
-2.783620070385267598e-05 -4.788254568525779038e-10 -4.968065022796610980e-20
-2.397228991667110787e-05 -4.929913969572372120e-10 -6.480327389612389891e-18
-2.081260577542487500e-05 -5.081645240671886568e-10 -2.483486509361751674e-18
-1.819298811215133704e-05 -5.241466763291157411e-10 -4.965484994392850532e-18
-1.599584821430910520e-05 -5.406616581877548363e-10 6.325974138000826580e-18
-1.413480569322292379e-05 -5.573793980249820114e-10 -1.455616756339904929e-18
-1.254503767494224986e-05 -5.738761301556443868e-10 3.658846507408872769e-18
-1.117698423669724606e-05 -5.896118291554126929e-10 8.370167150633781300e-18
-9.992131724992359132e-06 -6.038933015971574336e-10 8.463305593170731291e-18
-8.960117346284296458e-06 -6.158323234867626624e-10 -6.338545061843106771e-18
-8.056697061522427594e-06 -6.242913280503279054e-10 -1.424095749094467327e-17
-7.262291330429465619e-06 -6.278170502767741157e-10 1.121924495623737040e-17
-6.560925939952388930e-06 -6.245566986700490278e-10 1.155543209335493577e-18
-5.939448347220405156e-06 -6.121528720297709065e-10 -2.846943924885695303e-18
-5.386939441982124821e-06 -5.876129513347021474e-10 -4.272941081764025953e-19
-4.894266219808429685e-06 -5.471449555340208575e-10 1.327368051303851490e-17
-4.453737575418892369e-06 -4.859534954483347039e-10 1.639715043804334635e-18
-4.058836487793454628e-06 -3.979861439475155297e-10 -2.968716140336593326e-18
-3.704009662434254446e-06 -2.756197144219020790e-10 -3.219084521114006895e-18
-3.384500720269439933e-06 -1.092742660264854911e-10 2.211384462424811246e-18
-3.096216864031248184e-06 1.130583659023192968e-10 1.536334890190663604e-18
-2.835621556288719924e-06 4.063840772802888495e-10 -1.699861404711078011e-17
-2.599647493137929866e-06 7.893873368919516083e-10 4.369831512969232734e-18
-2.385625711771172108e-06 1.285228942093689204e-09 5.674001220821514782e-18
-2.191227513041738018e-06 1.922460689054774479e-09 6.025931894697262152e-18
-2.014416731147689044e-06 2.736039779427609469e-09 -2.414761122556977083e-18
-1.853410403124255978e-06 3.768397177739933068e-09 -9.848917704096213426e-18
-1.706646233730346740e-06 5.070477858696552810e-09 -3.898351104929558348e-19
-1.572755675541270826e-06 6.702606560311822128e-09 1.459477025824231131e-17
-1.450541506572283756e-06 8.734951424335077432e-09 4.511657582079304310e-18
-1.338958970770881551e-06 1.124725389439676581e-08 5.421030781541257355e-18
-1.237099618613124452e-06 1.432736621938071018e-08 -7.871607132985809538e-19
-1.144176882631603442e-06 1.806802450488378974e-08 -3.904576026668967636e-19
-1.059512460835354553e-06 2.256120752854712555e-08 -8.943156190655093123e-18
-9.825224110207586570e-07 2.788948206799594099e-08 5.960014124792712262e-19
-9.127018954259435990e-07 3.411399734038499344e-08 1.965596654963118174e-18
-8.496076139771768787e-07 4.125939455132856946e-08 -3.766809079181610697e-18
-7.928372162402386181e-07 4.929690823554555416e-08 -1.016127107407840191e-18
-7.420058155994946336e-07 5.812831595745663625e-08 -8.880884508392499464e-18
-6.967206661635805265e-07 6.757484111252480676e-08 -9.031991014606857377e-18
-6.565565427163466694e-07 7.737604446148949496e-08 4.975287698897442100e-18
-6.210357073703487440e-07 8.720330746319932398e-08 1.170508309848512867e-17
-5.896170057577421186e-07 9.669002559594261537e-08 -3.610605480498893392e-18
-5.616982690845317983e-07 1.054760778118467742e-07 -5.371791592230906579e-18
-5.366339815675302827e-07 1.132587249090682374e-07 -4.356427297801791116e-18
-5.137667379653820809e-07 1.198380931621184109e-07 -1.388695116800686338e-17
-4.924672708447874747e-07 1.251451803241476681e-07 3.602848012114304529e-18
-4.721750912588251747e-07 1.292447505134413923e-07 9.789001067743119354e-18
-4.524315119595889723e-07 1.323130774911748612e-07 3.466622232794062379e-18
-4.328990490347350839e-07 1.345979435383342814e-07 1.472449822359866072e-17
-4.133649612499123993e-07 1.363724685757268140e-07 2.921348621986589436e-18
-3.937306132482942811e-07 1.378939567075834545e-07 -4.329406734860148026e-18
-3.739909911690264543e-07 1.393750797882801060e-07 -6.483251484046800235e-19
-3.542095562310276780e-07 1.409696816693558010e-07 -1.159581200383739988e-17
-3.344931129856121288e-07 1.427713799501621469e-07 5.844451555173563197e-19
-3.149698293083980083e-07 1.448209712871218527e-07 -1.382896756444971777e-17
-2.957720396171148458e-07 1.471183129119664147e-07 4.811326377325481055e-18
-2.770241264125894443e-07 1.496351820223814705e-07 9.975308309745325719e-18
-2.588349644130905070e-07 1.523268669415488027e-07 -3.148709203512304905e-19
-2.412940446304412401e-07 1.551414018060663557e-07 1.976970030456486085e-17
-2.244702638383444526e-07 1.580262021443667933e-07 4.842459047070216476e-18
-2.084125385916346662e-07 1.609323524339644210e-07 -3.280439814931113508e-18
-1.931514985384352734e-07 1.638170123331189016e-07 -1.648490625148586539e-18
-1.787017288625014633e-07 1.666444495783332720e-07 -8.740200374285560420e-18
-1.650642258640977467e-07 1.693861507075438993e-07 1.451240781959191659e-17
-1.522288018036832558e-07 1.720203678845694065e-07 -7.525980674623312457e-18
-1.401763313826909219e-07 1.745313627310597430e-07 7.976193060144246395e-18
-1.288807590510421264e-07 1.769085272464092868e-07 -4.015231115693977038e-18
-1.183108180036196444e-07 1.791454940344013422e-07 4.861540894734639537e-18
-1.084314973469335808e-07 1.812393024477506780e-07 -5.103810750852262038e-18
-9.920524663559193712e-08 1.831896548767537221e-07 -2.323841259846699753e-17
-9.059296087257640018e-08 1.849982742406416513e-07 -3.514567774253444284e-18
-8.255477048496606685e-08 1.866683653301479937e-07 -4.803010142511546183e-18
-7.505064491056256948e-08 1.882041692193204278e-07 1.944373360492318640e-18
-6.804086564657363390e-08 1.896106041394472814e-07 4.671862865873436288e-19
-6.148636005898211465e-08 1.908929771299901595e-07 -6.983178809434580876e-18
-5.534895174130749496e-08 1.920567582640474396e-07 6.079030444033022305e-18
-4.959152877237471557e-08 1.931074039258513642e-07 2.409983427652022410e-18
-4.417812714610502844e-08 1.940502219259826928e-07 1.067587883293835605e-17
-3.907397618657659777e-08 1.948902689555342542e-07 8.254420009990982708e-19
-3.424548558270124055e-08 1.956322739987567962e-07 -2.932770414011010569e-18
-2.966021290379261544e-08 1.962805820953096046e-07 -1.926436223701479104e-17
-2.528680084767920277e-08 1.968391138930530078e-07 7.505009355425601061e-18
-2.109488254214975100e-08 1.973113367278161175e-07 4.595325538746285014e-19
-1.705497324963611838e-08 1.977002452126371581e-07 1.023957991544744412e-18
-1.313835810631824863e-08 1.980083476689660250e-07 7.192824592263031715e-18
-9.316964273003991437e-09 1.982376577780521768e-07 1.626883787296377576e-17
-5.563221293358733277e-09 1.983896888638865717e-07 2.145798917435239650e-17
-1.849921580504565455e-09 1.984654517300765889e-07 -8.735518055251316987e-18
1.849920994168030575e-09 1.984654517930723086e-07 1.585251972221596627e-18
5.563221727039602271e-09 1.983896889402456126e-07 -1.623040378437669282e-17
9.316964692807072623e-09 1.982376576753008599e-07 -3.151209345205943111e-17
1.313835858510192800e-08 1.980083476591363136e-07 -1.720293434200001271e-17
1.705497261472732617e-08 1.977002452662432528e-07 1.308064370461239725e-18
2.109488208418275335e-08 1.973113367214119396e-07 3.093950375805639628e-18
2.528680233607194516e-08 1.968391138556697645e-07 3.923605002891708323e-17
2.966021172071120482e-08 1.962805821230036909e-07 1.077517455070546333e-17
3.424548392777504446e-08 1.956322739695054663e-07 6.077652749763921798e-18
3.907397721353289555e-08 1.948902689981500964e-07 5.918488782145404191e-18
4.417812837775869639e-08 1.940502218854035677e-07 -2.914219562681315026e-17
4.959152979933101335e-08 1.931074039332641730e-07 -1.337675398205962560e-17
5.534895042638710017e-08 1.920567582750452889e-07 3.800310050949234303e-18
6.148635812303071546e-08 1.908929771047142199e-07 1.658725355425426150e-17
6.804086691292177136e-08 1.896106041462378122e-07 2.993133944877311264e-17
7.505064599996891239e-08 1.882041692748531784e-07 -2.084478443877746432e-17
8.255477138702227435e-08 1.866683652743599950e-07 -4.308072561100173169e-17
9.059295912397513639e-08 1.849982742807074744e-07 2.457854061356448842e-17
9.920524506740191484e-08 1.831896548655648934e-07 9.775130441596734716e-18
1.084314986826706573e-07 1.812393024568081866e-07 3.438199047056456678e-18
1.183108189993509196e-07 1.791454940115934978e-07 2.065811707593741672e-17
1.288807601890207266e-07 1.769085272476285908e-07 -4.044145710339930479e-17
1.401763294536784166e-07 1.745313627536451883e-07 -2.765377566912020282e-18
1.522288001556959536e-07 1.720203678659988974e-07 2.821809375679994139e-17
1.650642270194235817e-07 1.693861507466360051e-07 -1.576822806780368334e-17
1.787017301982385398e-07 1.666444495209670921e-07 -8.440964501939565138e-19
1.931514994370220339e-07 1.638170123597167420e-07 1.131277454018133407e-17
2.084125369609945988e-07 1.609323524458874156e-07 -5.343421988947051511e-18
2.244702622007654913e-07 1.580262021151904258e-07 -3.390278449316780843e-18
2.412940454284140390e-07 1.551414018004316808e-07 -6.959263710173873401e-18
2.588349660159749988e-07 1.523268669891132497e-07 -2.333771816157485646e-18
2.770241273458706743e-07 1.496351819887032817e-07 2.383225624578691354e-17
2.957720378962691576e-07 1.471183129209328407e-07 -1.607691747979104248e-17
3.149698280142942952e-07 1.448209712951269493e-07 -1.096810600645800631e-17
3.344931138286877381e-07 1.427713799469255281e-07 2.828148265044846897e-17
3.542095572788006574e-07 1.409696816606516375e-07 -3.471817599459088868e-17
3.739909922584327973e-07 1.393750797471639621e-07 2.664461705026249149e-18
3.937306118535766064e-07 1.378939567541633844e-07 3.721495272726077541e-17
4.133649590121191153e-07 1.363724685660570330e-07 -1.366315435046758483e-17
4.328990502802665397e-07 1.345979435358319873e-07 -4.117916276026796734e-17
4.524315132189982158e-07 1.323130774891093184e-07 1.597607816760055979e-17
4.721750927853818336e-07 1.292447505139379653e-07 1.191136721181774922e-17
4.924672689123055225e-07 1.251451802937665021e-07 -8.929420374927769447e-19
5.137667360224917878e-07 1.198380932447793504e-07 -1.516773840964816778e-17
5.366339827367339055e-07 1.132587248243572664e-07 1.357537381812908568e-17
5.616982706041495632e-07 1.054760778450529803e-07 2.125263587745387403e-17
5.896170061636674120e-07 9.669002559440289476e-08 -2.313972502550336650e-17
6.210357052019443991e-07 8.720330743905065288e-08 2.466995093981064606e-17
6.565565427198161164e-07 7.737604448304543791e-08 2.776912842002350377e-18
6.967206667984893187e-07 6.757484113085643939e-08 -2.119150066100769155e-17
7.420058165570619924e-07 5.812831592049825280e-08 2.466005998271346422e-17
7.928372167155528505e-07 4.929690829901933787e-08 -1.667369629947261512e-17
8.496076119926532222e-07 4.125939449503970964e-08 -1.321486146794627030e-17
9.127018958353383393e-07 3.411399733624764116e-08 1.742520960470466623e-17
9.825224113850505869e-07 2.788948207871035853e-08 -1.690516977554577103e-17
1.059512461602102329e-06 2.256120752824323263e-08 7.986451483190672588e-18
1.144176883068753758e-06 1.806802451599900606e-08 4.684525677133695625e-18
1.237099616434311766e-06 1.432736623354925528e-08 -1.266974933043954322e-17
1.338958971048437308e-06 1.124725385650200730e-08 4.638073686506778317e-18
1.450541507533320562e-06 8.734951447508456266e-09 8.668224172972820851e-18
1.572755675631476446e-06 6.702606543130844054e-09 3.763893173902829641e-18
1.706646234111985905e-06 5.070477865499272933e-09 -8.030032624617266191e-18
1.853410401715660516e-06 3.768397183419116925e-09 5.808731362760868165e-18
2.014416731557083784e-06 2.736039783289285615e-09 -4.279381314600616127e-19
2.191227513274190963e-06 1.922460689972011900e-09 -5.411440423960732669e-18
2.385625712572614354e-06 1.285228937665374486e-09 -1.556733791362145218e-17
2.599647493790185893e-06 7.893873463035464435e-10 -4.498943221828924340e-18
2.835621553922557103e-06 4.063840957456468043e-10 2.207446955748572336e-17
3.096216864506562416e-06 1.130583483509694491e-10 1.713364046975866180e-17
3.384500720876593149e-06 -1.092742856240220940e-10 2.135905874148700788e-18
3.704009663270391162e-06 -2.756197014572554930e-10 -7.672329857136425311e-18
4.058836487692840667e-06 -3.979861444065544476e-10 -8.221523851623936155e-18
4.453737572941707246e-06 -4.859534687001459604e-10 -5.496538858268696308e-18
4.894266221501519798e-06 -5.471449568227980304e-10 -1.113255753251342022e-17
5.386939442377641774e-06 -5.876130009664289469e-10 1.438544628561493582e-17
5.939448347088566171e-06 -6.121528499489454605e-10 -3.213430096607967248e-18
6.560925940514439336e-06 -6.245566636552058396e-10 -1.051632053400525453e-17
7.262291328875153384e-06 -6.278170903602856214e-10 8.948658216150527029e-18
8.056697062264889242e-06 -6.242913361221945507e-10 -6.897268406925261802e-18
8.960117346877571887e-06 -6.158322953972641596e-10 3.659974905085007430e-18
9.992131724301939188e-06 -6.038933131408764720e-10 1.110053586540189739e-17
1.117698423789420525e-05 -5.896118268508908151e-10 6.624297932253981778e-18
1.254503767240261469e-05 -5.738761346735113323e-10 -5.351954711799418991e-18
1.413480569423253286e-05 -5.573794130111289743e-10 -1.737346107488569657e-17
1.599584821665098189e-05 -5.406616304018762861e-10 -1.414941579021097285e-17
1.819298810991701321e-05 -5.241466997190024829e-10 8.804320481577326285e-18
2.081260577623325614e-05 -5.081644928755759142e-10 -1.197990258183972599e-18
2.397228991423555611e-05 -4.929914244508331472e-10 1.821996447014101974e-17
2.783620070646863898e-05 -4.788253897732470762e-10 1.131763839435671001e-17
3.263987652071462242e-05 -4.659302495395093181e-10 -1.802286647932442869e-17
3.873549064675047005e-05 -4.543079975480257738e-10 8.945457022843717083e-18
4.665822172974717907e-05 -4.446808357837754021e-10 9.652116010720838043e-19
5.734331109874535315e-05 -4.358732430944289298e-10 -1.338945696939967458e-17
7.207689703527322966e-05 -4.321433585688822022e-10 -5.880063784225601269e-19
9.541378709400014091e-05 -4.233064797237257018e-10 1.109169284795865118e-17
1.260053367665783797e-04 -4.393468882402205397e-10 -2.061857792786897988e-18
2.427786292082331765e-04 -4.030616415070836997e-10 4.851847797018508942e-18
2.996445931135668928e-04 -5.305399934834952364e-10 1.491312820908552124e-17
4.141702752494553358e-03 -2.598827006119607991e-10 -8.664760299700800889e-18
2.797603741305101921e-02 -1.266546826318861686e-09 -1.156147115543595404e-17
