1.311588463723622306e-04 -3.945847557234182309e-10 -0.000000000000000000e+00
1.315235606653935684e-04 -3.946033049241629452e-10 -0.000000000000000000e+00
1.590901178248276091e-04 -3.946201463182548942e-10 -0.000000000000000000e+00
4.385299588943855544e-05 -3.946354469794718673e-10 -0.000000000000000000e+00
1.020273340038217426e-05 -3.946493562273953030e-10 -0.000000000000000000e+00
3.141581246579490462e-06 -3.946620076051149161e-10 -0.000000000000000000e+00
1.170942184602605295e-06 -3.946735206246819473e-10 -0.000000000000000000e+00
5.010889650227240411e-07 -3.946840023084112387e-10 -0.000000000000000000e+00
2.380402084128786856e-07 -3.946935485506366747e-10 -0.000000000000000000e+00
1.227030765901990263e-07 -3.947022453214759529e-10 -0.000000000000000000e+00
6.753753063313977190e-08 -3.947101697314766045e-10 -0.000000000000000000e+00
3.922872066982222984e-08 -3.947173909736873406e-10 -0.000000000000000000e+00
2.383276792198782010e-08 -3.947239711576410888e-10 -0.000000000000000000e+00
1.504090266805164032e-08 -3.947299660479519023e-10 -0.000000000000000000e+00
9.807248929100757906e-09 -3.947354257186607854e-10 -0.000000000000000000e+00
6.578070477843916386e-09 -3.947403951330869762e-10 -0.000000000000000000e+00
4.522453917809087574e-09 -3.947449146577494710e-10 -0.000000000000000000e+00
3.177442632295729848e-09 -3.947490205178609560e-10 -0.000000000000000000e+00
2.275655233370927701e-09 -3.947527452009776259e-10 -0.000000000000000000e+00
1.657680839501258922e-09 -3.947561178145787129e-10 -0.000000000000000000e+00
1.225751796351845212e-09 -3.947591644026339350e-10 -0.000000000000000000e+00
9.183642478036774110e-10 -3.947619082255932770e-10 -0.000000000000000000e+00
6.959285592870376143e-10 -3.947643700076790452e-10 -0.000000000000000000e+00
5.324221234823259901e-10 -3.947665681548777891e-10 -0.000000000000000000e+00
4.104071677313044414e-10 -3.947685189465913797e-10 -0.000000000000000000e+00
3.179863282472498220e-10 -3.947702367035326509e-10 -0.000000000000000000e+00
2.469016807751300485e-10 -3.947717339341046243e-10 -0.000000000000000000e+00
1.913236093449989396e-10 -3.947730214612026444e-10 -0.000000000000000000e+00
1.470641896283452264e-10 -3.947741085311042277e-10 -0.000000000000000000e+00
1.110565738440375273e-10 -3.947750029058688594e-10 -0.000000000000000000e+00
8.100342159927455200e-11 -3.947757109404417213e-10 -0.000000000000000000e+00
5.513410100357613774e-11 -3.947762376454599646e-10 -0.000000000000000000e+00
3.203198432910881195e-11 -3.947765867365614120e-10 -0.000000000000000000e+00
1.050661798100316430e-11 -3.947767606708277569e-10 -0.000000000000000000e+00
-1.050662009360469507e-11 -3.947767606708278603e-10 -0.000000000000000000e+00
-3.203198403129717948e-11 -3.947765867365615154e-10 -0.000000000000000000e+00
-5.513409756325333628e-11 -3.947762376454600163e-10 -0.000000000000000000e+00
-8.100342112583460063e-11 -3.947757109404417730e-10 -0.000000000000000000e+00
-1.110565744982350282e-10 -3.947750029058687560e-10 -0.000000000000000000e+00
-1.470641922805339592e-10 -3.947741085311044345e-10 -0.000000000000000000e+00
-1.913236092700699729e-10 -3.947730214612026444e-10 -0.000000000000000000e+00
-2.469016803881367008e-10 -3.947717339341046760e-10 -0.000000000000000000e+00
-3.179863272537060242e-10 -3.947702367035326509e-10 -0.000000000000000000e+00
-4.104071685385065225e-10 -3.947685189465913797e-10 -0.000000000000000000e+00
-5.324221226132395806e-10 -3.947665681548778925e-10 -0.000000000000000000e+00
-6.959285606255729063e-10 -3.947643700076791486e-10 -0.000000000000000000e+00
-9.183642470107522088e-10 -3.947619082255933287e-10 -0.000000000000000000e+00
-1.225751796988240339e-09 -3.947591644026340384e-10 -0.000000000000000000e+00
-1.657680838627453447e-09 -3.947561178145786612e-10 -0.000000000000000000e+00
-2.275655232671122977e-09 -3.947527452009776259e-10 -0.000000000000000000e+00
-3.177442633577790315e-09 -3.947490205178609560e-10 -0.000000000000000000e+00
-4.522453916901928522e-09 -3.947449146577494710e-10 -0.000000000000000000e+00
-6.578070478907328201e-09 -3.947403951330869245e-10 -0.000000000000000000e+00
-9.807248926074342272e-09 -3.947354257186606820e-10 -0.000000000000000000e+00
-1.504090267170108177e-08 -3.947299660479520057e-10 -0.000000000000000000e+00
-2.383276792340817524e-08 -3.947239711576409854e-10 -0.000000000000000000e+00
-3.922872067030205415e-08 -3.947173909736873406e-10 -0.000000000000000000e+00
-6.753753062980311060e-08 -3.947101697314765011e-10 -0.000000000000000000e+00
-1.227030765866660519e-07 -3.947022453214758495e-10 -0.000000000000000000e+00
-2.380402084144461466e-07 -3.946935485506367781e-10 -0.000000000000000000e+00
-5.010889650271434355e-07 -3.946840023084111353e-10 -0.000000000000000000e+00
-1.170942184604210846e-06 -3.946735206246819473e-10 -0.000000000000000000e+00
-3.141581246576309853e-06 -3.946620076051147610e-10 -0.000000000000000000e+00
-1.020273340037538784e-05 -3.946493562273951996e-10 -0.000000000000000000e+00
-4.385299588944180805e-05 -3.946354469794718156e-10 -0.000000000000000000e+00
-1.590901178248288017e-04 -3.946201463182549459e-10 -0.000000000000000000e+00
-1.315235606653974445e-04 -3.946033049241629452e-10 -0.000000000000000000e+00
-1.311588463723597912e-04 -3.945847557234181275e-10 -0.000000000000000000e+00
-1.311588473833404512e-04 2.446857100499248916e-13 -0.000000000000000000e+00
-1.315235618491614688e-04 2.672186181708073240e-13 -0.000000000000000000e+00
-1.590901191923701358e-04 2.920753231638136122e-13 -0.000000000000000000e+00
-4.385299745365446177e-05 3.195194240567272915e-13 -0.000000000000000000e+00
-1.020273517628820918e-05 3.498468733393311008e-13 -0.000000000000000000e+00
-3.141583251552613650e-06 3.833902043380778987e-13 -0.000000000000000000e+00
-1.170944438662128759e-06 4.205233362039107895e-13 -0.000000000000000000e+00
-5.010914911555180065e-07 4.616670372045653530e-13 -0.000000000000000000e+00
-2.380430330092916835e-07 5.072951381499505923e-13 -0.000000000000000000e+00
-1.227062298937555996e-07 5.579416003365442264e-13 -0.000000000000000000e+00
-6.754104730411322437e-08 6.142085565102777917e-13 -0.000000000000000000e+00
-3.923264044170107561e-08 6.767754591506171354e-13 -0.000000000000000000e+00
-2.383713634509631774e-08 7.464094879946511328e-13 -0.000000000000000000e+00
-1.504577209742908263e-08 8.239773882525483582e-13 -0.000000000000000000e+00
-9.812679563021580945e-09 9.104589324847384467e-13 -0.000000000000000000e+00
-6.584131720854943999e-09 1.006962222634744141e-12 -0.000000000000000000e+00
-4.529225880474467421e-09 1.114741074182773998e-12 -0.000000000000000000e+00
-3.185018069076113820e-09 1.235214751638850841e-12 -0.000000000000000000e+00
-2.284141776261470370e-09 1.369990353318673358e-12 -0.000000000000000000e+00
-1.667203766996009062e-09 1.520888173028647000e-12 -0.000000000000000000e+00
-1.236457346456008846e-09 1.689970396152915597e-12 -0.000000000000000000e+00
-9.304236661830424683e-10 1.879573516564605431e-12 -0.000000000000000000e+00
-7.095431251940635776e-10 2.092344887211522319e-12 -0.000000000000000000e+00
-5.478292291893216841e-10 2.331283839027768595e-12 -0.000000000000000000e+00
-4.278879687186782185e-10 2.599787817168366777e-12 -0.000000000000000000e+00
-3.378751017163049192e-10 2.901703986759281496e-12 -0.000000000000000000e+00
-2.695977091995837608e-10 3.241386747657438164e-12 -0.000000000000000000e+00
-2.173059651588660474e-10 3.623761563132234573e-12 -0.000000000000000000e+00
-1.769105711169231813e-10 4.054395443464485531e-12 -0.000000000000000000e+00
-1.454671665900518628e-10 4.539574323113490501e-12 -0.000000000000000000e+00
-1.208315519403873700e-10 5.086387418412900498e-12 -0.000000000000000000e+00
-1.014257751159563266e-10 5.702818438903068799e-12 -0.000000000000000000e+00
-8.607720372498305141e-11 6.397843234695341928e-12 -0.000000000000000000e+00
-7.390663471085346830e-11 7.181533078345646849e-12 -0.000000000000000000e+00
-6.424929661929776073e-11 8.065162285109055892e-12 -0.000000000000000000e+00
-5.659879218783269448e-11 9.061318252438868330e-12 -0.000000000000000000e+00
-5.056658577700238828e-11 1.018401123169798863e-11 -0.000000000000000000e+00
-4.585265346604060292e-11 1.144878021913396240e-11 -0.000000000000000000e+00
-4.222385776194051662e-11 1.287279026243268764e-11 -0.000000000000000000e+00
-3.949794916408375770e-11 1.447491522708003203e-11 -0.000000000000000000e+00
-3.753157260230925085e-11 1.627579867201869549e-11 -0.000000000000000000e+00
-3.621122852880366175e-11 1.829788398654897439e-11 -0.000000000000000000e+00
-3.544626905973353205e-11 2.056540340774533388e-11 -0.000000000000000000e+00
-3.516358170718368322e-11 2.310431407213533102e-11 -0.000000000000000000e+00
-3.530330321979057147e-11 2.594216800004747642e-11 -0.000000000000000000e+00
-3.581550691218568850e-11 2.910790205364506747e-11 -0.000000000000000000e+00
-3.665751897955963209e-11 3.263153368281623206e-11 -0.000000000000000000e+00
-3.779171097402544158e-11 3.654374894798947761e-11 -0.000000000000000000e+00
-3.918366122097878118e-11 4.087537118046872328e-11 -0.000000000000000000e+00
-4.080069279416176236e-11 4.565670200146298187e-11 -0.000000000000000000e+00
-4.261062983995969028e-11 5.091673152170935572e-11 -0.000000000000000000e+00
-4.458088278931640195e-11 5.668222154265152420e-11 -0.000000000000000000e+00
-4.667765019690959633e-11 6.297667448122686605e-11 -0.000000000000000000e+00
-4.886545085099385513e-11 6.981921132731279748e-11 -0.000000000000000000e+00
-5.110676661007757331e-11 7.722339372130341336e-11 -0.000000000000000000e+00
-5.336213331992620987e-11 8.519603739866890550e-11 -0.000000000000000000e+00
-5.559029655890752386e-11 9.373607566260431210e-11 -0.000000000000000000e+00
-5.774870152662111261e-11 1.028335408274260365e-10 -0.000000000000000000e+00
-5.979417993779295840e-11 1.124687371944651359e-10 -0.000000000000000000e+00
-6.168381444744267786e-11 1.226116795921778221e-10 -0.000000000000000000e+00
-6.337612575072340140e-11 1.332218656265782929e-10 -0.000000000000000000e+00
-6.483220312310715402e-11 1.442484368784816253e-10 -0.000000000000000000e+00
-6.601697813480794657e-11 1.556307644517106258e-10 -0.000000000000000000e+00
-6.690032850236948662e-11 1.672994685429711089e-10 -0.000000000000000000e+00
-6.745823723451833333e-11 1.791778520296848976e-10 -0.000000000000000000e+00
-6.767364159616011706e-11 1.911836972087230664e-10 -0.000000000000000000e+00
-6.753711622544489266e-11 2.032313459979095794e-10 -0.000000000000000000e+00
-6.704713604624623817e-11 2.152339604032636812e-10 -0.000000000000000000e+00
-6.621000068543881696e-11 2.271058446716095590e-10 -0.000000000000000000e+00
-6.503952791664819046e-11 2.387647051930064464e-10 -0.000000000000000000e+00
-6.355633816325061180e-11 2.501337295628886719e-10 -0.000000000000000000e+00
-6.178697402169701078e-11 2.611433815872354170e-10 -0.000000000000000000e+00
-5.976267495264780865e-11 2.717328325127771536e-10 -0.000000000000000000e+00
-5.751810764882118707e-11 2.818509775745894350e-10 -0.000000000000000000e+00
-5.509001808425383638e-11 2.914570178054177729e-10 -0.000000000000000000e+00
-5.251599001133085117e-11 3.005206167132968738e-10 -0.000000000000000000e+00
-4.983323704256668050e-11 3.090216671542938920e-10 -0.000000000000000000e+00
-4.707751738749546104e-11 3.169497235451968646e-10 -0.000000000000000000e+00
-4.428222651196730379e-11 3.243031674549019098e-10 -0.000000000000000000e+00
-4.147772365800527744e-11 3.310881804816972044e-10 -0.000000000000000000e+00
-3.869088320350282904e-11 3.373175978348607329e-10 -0.000000000000000000e+00
-3.594482174510105565e-11 3.430097103993034888e-10 -0.000000000000000000e+00
-3.325876305770750586e-11 3.481870737580067795e-10 -0.000000000000000000e+00
-3.064802249490681423e-11 3.528753712084171740e-10 -0.000000000000000000e+00
-2.812420447433263995e-11 3.571023656233937359e-10 -0.000000000000000000e+00
-2.569543912465391752e-11 3.608969632010155392e-10 -0.000000000000000000e+00
-2.336672656830293955e-11 3.642884015312810896e-10 -0.000000000000000000e+00
-2.114023181177575179e-11 3.673055654764759772e-10 -0.000000000000000000e+00
-1.901561110642767705e-11 3.699764273326354165e-10 -0.000000000000000000e+00
-1.699037610397856903e-11 3.723276026094883311e-10 -0.000000000000000000e+00
-1.506025105884534801e-11 3.743840093789414016e-10 -0.000000000000000000e+00
-1.321950580910328549e-11 3.761686172485284585e-10 -0.000000000000000000e+00
-1.146116890804465245e-11 3.777022713267496520e-10 -0.000000000000000000e+00
-9.777288497962955636e-12 3.790035767706382482e-10 -0.000000000000000000e+00
-8.159145877968495618e-12 3.800888303757680796e-10 -0.000000000000000000e+00
-6.597423173641924317e-12 3.809719869586491577e-10 -0.000000000000000000e+00
-5.082387889794934363e-12 3.816646498107243636e-10 -0.000000000000000000e+00
-3.603955678833373720e-12 3.821760761380418154e-10 -0.000000000000000000e+00
-2.151813347637054185e-12 3.825131900497643737e-10 -0.000000000000000000e+00
-7.155043355433983794e-13 3.826805972671264169e-10 -0.000000000000000000e+00
7.155119585757240788e-13 3.826805972671263652e-10 -0.000000000000000000e+00
2.151810055656539642e-12 3.825131900497643737e-10 -0.000000000000000000e+00
3.603947705272808381e-12 3.821760761380418154e-10 -0.000000000000000000e+00
5.082386170812495416e-12 3.816646498107243636e-10 -0.000000000000000000e+00
6.597421085284467608e-12 3.809719869586491577e-10 -0.000000000000000000e+00
8.159144527747148092e-12 3.800888303757680279e-10 -0.000000000000000000e+00
9.777293483511318352e-12 3.790035767706382999e-10 -0.000000000000000000e+00
1.146117802740898815e-11 3.777022713267496003e-10 -0.000000000000000000e+00
1.321951531860814390e-11 3.761686172485283034e-10 -0.000000000000000000e+00
1.506024449872042574e-11 3.743840093789413499e-10 -0.000000000000000000e+00
1.699036010481877496e-11 3.723276026094882277e-10 -0.000000000000000000e+00
1.901560368882065846e-11 3.699764273326353648e-10 -0.000000000000000000e+00
2.114024617889968638e-11 3.673055654764758221e-10 -0.000000000000000000e+00
2.336674100734992790e-11 3.642884015312807794e-10 -0.000000000000000000e+00
2.569543186131845808e-11 3.608969632010155909e-10 -0.000000000000000000e+00
2.812418956878783614e-11 3.571023656233936325e-10 -0.000000000000000000e+00
3.064801810582608692e-11 3.528753712084171740e-10 -0.000000000000000000e+00
3.325877829167078803e-11 3.481870737580064176e-10 -0.000000000000000000e+00
3.594483707192117123e-11 3.430097103993032304e-10 -0.000000000000000000e+00
3.869087483081648311e-11 3.373175978348606812e-10 -0.000000000000000000e+00
4.147770688321930963e-11 3.310881804816970493e-10 -0.000000000000000000e+00
4.428221768253433198e-11 3.243031674549019098e-10 -0.000000000000000000e+00
4.707753449530089257e-11 3.169497235451965544e-10 -0.000000000000000000e+00
4.983324956580800400e-11 3.090216671542935818e-10 -0.000000000000000000e+00
5.251598517021251440e-11 3.005206167132966153e-10 -0.000000000000000000e+00
5.509000229910896355e-11 2.914570178054176695e-10 -0.000000000000000000e+00
5.751810084420805503e-11 2.818509775745892799e-10 -0.000000000000000000e+00
5.976269160828863266e-11 2.717328325127766883e-10 -0.000000000000000000e+00
6.178698637003801187e-11 2.611433815872349517e-10 -0.000000000000000000e+00
6.355633316534586387e-11 2.501337295628883100e-10 -0.000000000000000000e+00
6.503950968257432931e-11 2.387647051930061362e-10 -0.000000000000000000e+00
6.620999560346307634e-11 2.271058446716092488e-10 -0.000000000000000000e+00
6.704714701416847117e-11 2.152339604032630608e-10 -0.000000000000000000e+00
6.753713129001010275e-11 2.032313459979089590e-10 -0.000000000000000000e+00
6.767363626633516381e-11 1.911836972087226528e-10 -0.000000000000000000e+00
6.745822062442918243e-11 1.791778520296844840e-10 -0.000000000000000000e+00
6.690032727491857965e-11 1.672994685429707470e-10 -0.000000000000000000e+00
6.601698875528728383e-11 1.556307644517100054e-10 -0.000000000000000000e+00
6.483222206625045968e-11 1.442484368784809532e-10 -0.000000000000000000e+00
6.337611327385172924e-11 1.332218656265780086e-10 -0.000000000000000000e+00
6.168379984426395004e-11 1.226116795921774860e-10 -0.000000000000000000e+00
5.979416793722739258e-11 1.124687371944649291e-10 -0.000000000000000000e+00
5.774871990320238640e-11 1.028335408274254936e-10 -0.000000000000000000e+00
5.559031136281895287e-11 9.373607566260382096e-11 -0.000000000000000000e+00
5.336212826325479014e-11 8.519603739866864701e-11 -0.000000000000000000e+00
5.110676098485154054e-11 7.722339372130318072e-11 -0.000000000000000000e+00
4.886543992401900761e-11 6.981921132731261653e-11 -0.000000000000000000e+00
4.667766850080410569e-11 6.297667448122651708e-11 -0.000000000000000000e+00
4.458088344912817157e-11 5.668222154265131094e-11 -0.000000000000000000e+00
4.261062428062888782e-11 5.091673152170920062e-11 -0.000000000000000000e+00
4.080067960213198891e-11 4.565670200146287201e-11 -0.000000000000000000e+00
3.918366278544492537e-11 4.087537118046858757e-11 -0.000000000000000000e+00
3.779172085176282138e-11 3.654374894798927081e-11 -0.000000000000000000e+00
3.665752385938300342e-11 3.263153368281610928e-11 -0.000000000000000000e+00
3.581549680821375847e-11 2.910790205364497053e-11 -0.000000000000000000e+00
3.530329753195174201e-11 2.594216800004739564e-11 -0.000000000000000000e+00
3.516358290905262096e-11 2.310431407213525994e-11 -0.000000000000000000e+00
3.544628300118724087e-11 2.056540340774521109e-11 -0.000000000000000000e+00
3.621122936761023319e-11 1.829788398654892270e-11 -0.000000000000000000e+00
3.753157019064308185e-11 1.627579867201864056e-11 -0.000000000000000000e+00
3.949793921004333494e-11 1.447491522707998034e-11 -0.000000000000000000e+00
4.222385930647028973e-11 1.287279026243264079e-11 -0.000000000000000000e+00
4.585266016379846588e-11 1.144878021913390585e-11 -0.000000000000000000e+00
5.056658734680203796e-11 1.018401123169794985e-11 -0.000000000000000000e+00
5.659878227868930892e-11 9.061318252438834403e-12 -0.000000000000000000e+00
6.424929421007353229e-11 8.065162285109026811e-12 -0.000000000000000000e+00
7.390663557133810422e-11 7.181533078345621808e-12 -0.000000000000000000e+00
8.607721713361603947e-11 6.397843234695304769e-12 -0.000000000000000000e+00
1.014257765492748846e-10 5.702818438903049412e-12 -0.000000000000000000e+00
1.208315428222643254e-10 5.086387418412882726e-12 -0.000000000000000000e+00
1.454671643825785367e-10 4.539574323113477576e-12 -0.000000000000000000e+00
1.769105710540219376e-10 4.054395443464474222e-12 -0.000000000000000000e+00
2.173059784857446396e-10 3.623761563132215589e-12 -0.000000000000000000e+00
2.695977028104567361e-10 3.241386747657432913e-12 -0.000000000000000000e+00
3.378750993248764476e-10 2.901703986759274226e-12 -0.000000000000000000e+00
4.278879573012525473e-10 2.599787817168359507e-12 -0.000000000000000000e+00
5.478292376573054792e-10 2.331283839027762133e-12 -0.000000000000000000e+00
7.095431255777345544e-10 2.092344887211513837e-12 -0.000000000000000000e+00
9.304236691823297829e-10 1.879573516564600584e-12 -0.000000000000000000e+00
1.236457336438053605e-09 1.689970396152910750e-12 -0.000000000000000000e+00
1.667203770241836834e-09 1.520888173028640941e-12 -0.000000000000000000e+00
2.284141784755651182e-09 1.369990353318669723e-12 -0.000000000000000000e+00
3.185018070936469073e-09 1.235214751638844379e-12 -0.000000000000000000e+00
4.529225879491179628e-09 1.114741074182770968e-12 -0.000000000000000000e+00
6.584131705360681493e-09 1.006962222634742525e-12 -0.000000000000000000e+00
9.812679574197530520e-09 9.104589324847335999e-13 -0.000000000000000000e+00
1.504577209734986851e-08 8.239773882525459348e-13 -0.000000000000000000e+00
2.383713635612277097e-08 7.464094879946469929e-13 -0.000000000000000000e+00
3.923264042546857591e-08 6.767754591506161256e-13 -0.000000000000000000e+00
6.754104730867079102e-08 6.142085565102758731e-13 -0.000000000000000000e+00
1.227062298940245855e-07 5.579416003365411971e-13 -0.000000000000000000e+00
2.380430330177896474e-07 5.072951381499487747e-13 -0.000000000000000000e+00
5.010914911526154363e-07 4.616670372045637374e-13 -0.000000000000000000e+00
1.170944438652111324e-06 4.205233362039097798e-13 -0.000000000000000000e+00
3.141583251554088335e-06 3.833902043380767880e-13 -0.000000000000000000e+00
1.020273517629481265e-05 3.498468733393298891e-13 -0.000000000000000000e+00
4.385299745365455663e-05 3.195194240567265342e-13 -0.000000000000000000e+00
1.590901191923717079e-04 2.920753231638129054e-13 -0.000000000000000000e+00
1.315235618491558851e-04 2.672186181708067181e-13 -0.000000000000000000e+00
1.311588473833411831e-04 2.446857100499243363e-13 -0.000000000000000000e+00
