2.796648147586343683e-02 -8.934018525683335042e-06 -2.493619330479376356e-18
4.145317649250458009e-03 -2.192567884127640188e-06 1.341098104144139380e-18
3.002634975456074107e-04 -3.969625493281850333e-06 4.040039708988104844e-18
2.441419572886648071e-04 -3.228389533513702102e-06 -1.319052499850930187e-18
1.271497815866877434e-04 -3.463999982184786521e-06 -5.815384080768308591e-19
9.653414039595409335e-05 -3.402495516508112481e-06 7.105811408643339887e-18
7.311413831109433992e-05 -3.465740669486113639e-06 4.648221475778782356e-18
5.830112792891070650e-05 -3.496837419717610149e-06 3.312689691394333222e-18
4.753130306217601131e-05 -3.543252538593861591e-06 1.267812019280556147e-18
3.952372679099508401e-05 -3.585133620271092231e-06 -7.129744726592966217e-18
3.334441272965713021e-05 -3.627001067525676183e-06 -6.408565660012721489e-18
2.845955491726295805e-05 -3.666074336633014413e-06 -3.475820644072484788e-18
2.451779021890587718e-05 -3.702614226561845917e-06 1.174750647982474213e-18
2.128409198194972096e-05 -3.736238129006917340e-06 -3.143514658149360672e-18
1.859456053233954353e-05 -3.767015672219027251e-06 2.728333345444187226e-18
1.633168421346850585e-05 -3.795013330346448707e-06 1.439195173808515449e-19
1.440902414395067721e-05 -3.820386324184963864e-06 -2.415151584243984342e-18
1.276160119490984957e-05 -3.843308661413718085e-06 2.272877910286414925e-18
1.133963048161046316e-05 -3.863970407830495996e-06 -9.662198868531618747e-19
1.010432663384533414e-05 -3.882561827888851404e-06 -2.339800511204421209e-18
9.025024884933702252e-06 -3.899268060454205171e-06 -1.460561200786999671e-18
8.077161058241827396e-06 -3.914264492004268511e-06 3.158616172709299435e-18
7.240826023619667540e-06 -3.927714699605034532e-06 -3.207985934987886721e-18
6.499712613884656154e-06 -3.939769402381040870e-06 -5.566190974786797770e-20
5.840335966969534276e-06 -3.950566286754435112e-06 1.065668575635884608e-17
5.251447734094111253e-06 -3.960230309246599609e-06 4.283080634409823673e-18
4.723589963041840978e-06 -3.968874305713735043e-06 4.556061586659764203e-18
4.248751118984817055e-06 -3.976599762033991383e-06 4.197122522015466573e-18
3.820097780785070007e-06 -3.983497658707978761e-06 -4.689602511537577232e-19
3.431763123406400551e-06 -3.989649330225973037e-06 4.444905424756268004e-18
3.078678481514135479e-06 -3.995127303216032072e-06 7.835568286125670050e-19
2.756437940343303694e-06 -3.999996089756914073e-06 -1.062962741798192725e-17
2.461188497289434896e-06 -4.004312924271497578e-06 -4.149677655123128890e-18
2.189540168260478703e-06 -4.008128437598732365e-06 -5.361740184096865675e-18
1.938491793987417999e-06 -4.011487266759231860e-06 -5.108396152034073203e-18
1.705369271978729451e-06 -4.014428600163883550e-06 2.400327931864622272e-18
1.487773676565190550e-06 -4.016986661940412861e-06 -7.236406830482847115e-18
1.283537297103870545e-06 -4.019191137729656125e-06 1.615718821250818964e-18
1.090686008318325628e-06 -4.021067545299590295e-06 -9.618557979561605691e-18
9.074067346924452604e-07 -4.022637554560700972e-06 3.264515808797854899e-18
7.320189869264304150e-07 -4.023919258862953677e-06 2.378314964498979239e-18
5.629496328124483639e-07 -4.024927402210226248e-06 5.622569482369373900e-18
3.987102233579675747e-07 -4.025673564165988474e-06 -2.341578084668543300e-18
2.378762717983318176e-07 -4.026166304695511716e-06 7.997271523178935744e-18
7.906798794865554925e-08 -4.026411271837652923e-06 -5.487483028881969303e-19
-7.906798796947223096e-08 -4.026411271811246671e-06 1.800896332147239276e-18
-2.378762717324123255e-07 -4.026166304722630323e-06 8.069125155282076695e-19
-3.987102231636785454e-07 -4.025673564145148075e-06 1.124085081338239664e-18
-5.629496334057237927e-07 -4.024927402200514168e-06 -1.458762549174767057e-18
-7.320189865413218033e-07 -4.023919258873065556e-06 -4.370122665668444656e-18
-9.074067347965286690e-07 -4.022637554563009984e-06 -1.687582153073454615e-18
-1.090686008071994895e-06 -4.021067545345397836e-06 -1.957864204388524993e-18
-1.283537296975501008e-06 -4.019191137692156283e-06 4.558782342473034551e-19
-1.487773677175813214e-06 -4.016986661938650185e-06 8.450075716229733728e-19
-1.705369271871176595e-06 -4.014428600155191298e-06 -4.321037342256009709e-18
-1.938491793689045561e-06 -4.011487266747532641e-06 2.638720781208001806e-18
-2.189540167726183872e-06 -4.008128437620010680e-06 -2.033435873926336342e-18
-2.461188497750871340e-06 -4.004312924268168739e-06 -1.111754105334161383e-18
-2.756437940867190184e-06 -3.999996089761146697e-06 -1.588602244494177884e-18
-3.078678481330254790e-06 -3.995127303230609509e-06 4.953423242642486138e-18
-3.431763123354358846e-06 -3.989649330220941661e-06 -1.258471702055211067e-18
-3.820097780160569556e-06 -3.983497658698586013e-06 2.478916841983292625e-18
-4.248751119258903364e-06 -3.976599762042619260e-06 -8.304028645005569528e-18
-4.723589963503277422e-06 -3.968874305702631289e-06 3.803442155483709836e-18
-5.251447734125336275e-06 -3.960230309241605503e-06 -2.895789308095105812e-19
-5.840335966997289852e-06 -3.950566286765983559e-06 -3.865136954576841332e-18
-6.499712613256686256e-06 -3.939769402394918658e-06 -5.509396502751095695e-19
-7.240826024147023476e-06 -3.927714699620192186e-06 -9.982115759361324387e-19
-8.077161058231419055e-06 -3.914264491953273740e-06 1.034930953894265021e-17
-9.025024885003091191e-06 -3.899268060494285076e-06 3.454669933366382087e-18
-1.010432663339083659e-05 -3.882561827858684325e-06 -1.912257862914972737e-18
-1.133963048127392681e-05 -3.863970407818091198e-06 -3.248983709383414793e-18
-1.276160119565925011e-05 -3.843308661440980687e-06 5.064003697815170434e-19
-1.440902414384659380e-05 -3.820386324157038882e-06 4.058897213876223567e-19
-1.633168421378075608e-05 -3.795013330358265240e-06 3.628820741947128942e-18
-1.859456053185035151e-05 -3.767015672236622666e-06 -4.748656495487575858e-18
-2.128409198121766766e-05 -3.736238128995832220e-06 -2.508621947115707011e-18
-2.451779021974201389e-05 -3.702614226557285492e-06 -1.756025410034702814e-18
-2.845955491767929169e-05 -3.666074336640019376e-06 -1.526128789838583639e-18
-3.334441272961202740e-05 -3.627001067537236489e-06 -1.967051311614408201e-18
-3.952372679102977848e-05 -3.585133620282984574e-06 4.914844374006576001e-18
-4.753130306116987169e-05 -3.543252538573468849e-06 2.814414592065927930e-18
-5.830112792913275110e-05 -3.496837419706616932e-06 4.044749303692801364e-18
-7.311413831223925741e-05 -3.465740669493646727e-06 3.742260937559539562e-18
-9.653414039525673451e-05 -3.402495516513279382e-06 -4.280778238064753101e-18
-1.271497815870381576e-04 -3.463999982201085129e-06 3.068801480093840232e-18
-2.441419572868988586e-04 -3.228389533522030553e-06 -3.861106357601365335e-19
-3.002634975471096812e-04 -3.969625493237002479e-06 6.875569621845083536e-18
-4.145317649250378211e-03 -2.192567884154296738e-06 -6.236227837965203078e-18
-2.796648147586331887e-02 -8.934018525675134069e-06 -3.184252191891621608e-18
-2.797600738071911661e-02 -1.137051980853497207e-09 -3.997054093234940871e-19
-4.141716307476107223e-03 -2.424618953038730414e-10 -6.986529895559958907e-18
-2.996477696700430848e-04 -4.961012581587559287e-10 -5.984477461962047955e-18
-2.427858272100111292e-04 -3.869302762508669803e-10 8.187398877557911939e-18
-1.260126760112834088e-04 -4.288834110844052070e-10 1.520705122780853314e-18
-9.542218811180169791e-05 -4.229612927674871254e-10 6.201606848080739939e-19
-7.208612431305189139e-05 -4.413049796957641820e-10 5.213073649963250268e-18
-5.735342101810883553e-05 -4.560347573993559761e-10 -7.614511124599804820e-18
-4.666921506107230000e-05 -4.770733487988180699e-10 1.307610122953716908e-17
-3.874739094815102258e-05 -5.006627614024959956e-10 -5.564919804245522808e-18
-3.265271071092867849e-05 -5.282804207629603459e-10 -4.701154945706124811e-18
-2.785000249666547134e-05 -5.596208554618525320e-10 -3.777990987867545003e-18
-2.398709834290635445e-05 -5.951396460057519961e-10 1.814216216335421060e-18
-2.082846500827198466e-05 -6.351098713867562323e-10 1.407041171744827751e-18
-1.820994710061835109e-05 -6.799586204267505964e-10 -1.793627532196233769e-19
-1.601396042216762794e-05 -7.301416632960451580e-10 -1.093114061211223066e-17
-1.415412882875208278e-05 -7.861879639010786489e-10 9.575349315790584683e-18
-1.256563341282476709e-05 -8.486819300233270357e-10 9.192214867326328344e-18
-1.119891789014629269e-05 -9.182673034884451625e-10 1.363482632166810332e-17
-1.001547185291301600e-05 -9.956393901229360570e-10 -1.746244315818333416e-18
-8.984935257996123914e-06 -1.081535256676585942e-09 4.668219050897406813e-18
-8.083066187370563371e-06 -1.176715249810476979e-09 3.690300252856793318e-18
-7.290286415641278328e-06 -1.281932619023092278e-09 -7.957462947427759910e-18
-6.590622017282193879e-06 -1.397884275076139756e-09 -1.135851384408712961e-17
-5.970919425443005357e-06 -1.525136093550268415e-09 -8.099448846492146189e-18
-5.420256847118998245e-06 -1.664005826686103287e-09 -1.716587924220472325e-17
-4.929496501829971900e-06 -1.814388670127525657e-09 1.576468724128215739e-17
-4.490939885366806994e-06 -1.975492975506868865e-09 -3.643868481187151426e-18
-4.098059311740537280e-06 -2.145445567256055569e-09 -4.294658176504641244e-19
-3.745286780543199967e-06 -2.320702099942637410e-09 1.097883531410723966e-17
-3.427846245015325755e-06 -2.495164984910028466e-09 -6.893618574612245779e-18
-3.141619201261353078e-06 -2.658863457519516297e-09 8.518094320113325041e-18
-2.883036138677519400e-06 -2.795973400601110974e-09 4.064750842940136638e-18
-2.648988151988246331e-06 -2.881833273175009586e-09 7.236692082067971996e-18
-2.436754638516364091e-06 -2.878431871378483475e-09 -5.443180290476698471e-18
-2.243943895936101329e-06 -2.727549834431083729e-09 -6.580938572610308220e-18
-2.068444435291555417e-06 -2.340281764924901939e-09 1.416989453046737162e-18
-1.908385571704890316e-06 -1.580950580594495227e-09 -2.451715157190798469e-18
-1.762106545625391485e-06 -2.422918691436900715e-10 -3.404503436963518371e-19
-1.628134489131682905e-06 1.992975627539471911e-09 -3.376028147381223339e-19
-1.505172575334834395e-06 5.611802339958348229e-09 2.034249933282612273e-17
-1.392101451017091485e-06 1.136338358116778787e-08 1.713433740775272810e-17
-1.287999550431129236e-06 2.040220374470072125e-08 -1.202573148067213274e-17
-1.192191372890311074e-06 3.450663455352859470e-08 -6.356734740500953583e-18
-1.104337690339268763e-06 5.640571060332871974e-08 -5.966659528762188819e-18
-1.024586872025445849e-06 9.024790577465432737e-08 -3.377937486737610892e-18
-9.538091729384412520e-07 1.422232059182900091e-07 -1.141475446430949999e-17
-8.939263433371813505e-07 2.212636557878571951e-07 4.837372701984599130e-19
-8.483052958870029858e-07 3.395239972884260533e-07 -2.688552154329596697e-18
-8.220669982621220395e-07 5.118939161892173971e-07 -2.909710282742273545e-18
-8.219257710967431407e-07 7.531567968726940487e-07 -7.333166376522935703e-18
-8.548597102246702217e-07 1.071174832337680677e-06 5.582039786378356355e-18
-9.248601027210534564e-07 1.456295955697553207e-06 -4.356122638709955142e-18
-1.028015657662806337e-06 1.872750945556751710e-06 7.061836737592959598e-19
-1.148735333036943196e-06 2.263805846407652036e-06 1.636152433286990556e-17
-1.261865139611656472e-06 2.576667619918873831e-06 -1.615306234060286774e-18
-1.342175957073227233e-06 2.791114980336656603e-06 6.788443984521648589e-18
-1.375045931284457623e-06 2.924915081298340369e-06 1.749008576341132669e-17
-1.360148348637790772e-06 3.013234588785765264e-06 9.697672063092422103e-18
-1.307207950777128369e-06 3.085600069276368091e-06 -1.980577057879545428e-17
-1.229260929543757319e-06 3.157227408339342922e-06 -1.038719650270524042e-17
-1.137986096643589518e-06 3.232011530392265867e-06 -5.177739105798138107e-18
-1.041966187952797496e-06 3.308380069962039237e-06 7.027528545204080774e-18
-9.467663202589182703e-07 3.383388574534542091e-06 9.292627634713231953e-18
-8.556605018208984781e-07 3.454563657743508279e-06 2.200425977649011106e-17
-7.703826620034104344e-07 3.520374991588958753e-06 8.177640069182994343e-18
-6.917000534290007607e-07 3.580131746058354215e-06 -2.114811593104421752e-17
-6.197994305186249608e-07 3.633730551706112931e-06 -1.685522995878212889e-18
-5.545319153102412635e-07 3.681423459218928894e-06 -1.347552709025401795e-17
-4.955637713383032050e-07 3.723649186360456280e-06 -1.330796220500670729e-17
-4.424679427225686190e-07 3.760924073475083245e-06 6.983637226602981309e-18
-3.947790879685331156e-07 3.793777236539346119e-06 8.885260538939921523e-18
-3.520262999469336851e-07 3.822715021785750126e-06 -2.612230198343172758e-17
-3.137521299746703907e-07 3.848203634630668660e-06 -2.550970966708081976e-17
-2.795231590288493884e-07 3.870662476107034360e-06 2.046142292423728476e-18
-2.489353820439577092e-07 3.890463469976841383e-06 1.059078578371129549e-17
-2.216163602908327590e-07 3.907933515052123039e-06 4.016142052491161373e-18
-1.972254334084433403e-07 3.923358384365041781e-06 1.139182011060630537e-17
-1.754527618920420640e-07 3.936987115293312807e-06 9.350671661546746342e-18
-1.560176791613743230e-07 3.949036376038205884e-06 1.727496256740189502e-18
-1.386667139516295499e-07 3.959694548438163887e-06 6.887447240168839153e-18
-1.231714475760647964e-07 3.969125413498427647e-06 -1.639666828442402605e-17
-1.093263588616832926e-07 3.977471407980531026e-06 -1.162416950415399400e-17
-9.694672160887041201e-08 3.984856464682880715e-06 1.548307693764218877e-17
-8.586659364789861471e-08 3.991388466647704816e-06 1.599025764465360783e-17
-7.593693128471468157e-08 3.997161357319322884e-06 1.988322347568333712e-17
-6.702382796333616888e-08 4.002256948436884234e-06 2.066455306389760084e-18
-5.900690088975202308e-08 4.006746464215773272e-06 -7.738054317309803314e-18
-5.177780316653612935e-08 4.010691859232458660e-06 -1.036042724951544234e-17
-4.523885197699195615e-08 4.014146941279739569e-06 -1.513125947557263498e-17
-3.930177727706762880e-08 4.017158326088531112e-06 -1.274849137373814203e-17
-3.388656597339001486e-08 4.019766248729706599e-06 4.331714846683428827e-19
-2.892041187779748057e-08 4.022005249376637090e-06 -4.664064789428321490e-18
-2.433674887655778996e-08 4.023904752791871627e-06 -1.096757726062401432e-17
-2.007434665024510068e-08 4.025489552696551660e-06 -3.152561760243187326e-18
-1.607647009266299776e-08 4.026780214425971749e-06 1.116548660649123719e-17
-1.229010622785797757e-08 4.027793404291470817e-06 1.428743587840618580e-17
-8.665227941434539005e-09 4.028542153310680219e-06 1.186949913981206502e-17
-5.154088704439896418e-09 4.029036061695387087e-06 6.872371684481693737e-19
-1.710553639705514328e-09 4.029281448300617231e-06 8.311221675061512637e-19
1.710552834793821475e-09 4.029281448274515911e-06 2.319407488802039060e-17
5.154089155468000172e-09 4.029036061681624496e-06 -1.367677537616815257e-17
8.665228562465543405e-09 4.028542153302554632e-06 -4.291561083592472086e-17
1.229010684888898197e-08 4.027793404273229115e-06 -8.213839531825653502e-18
1.607646923917904758e-08 4.026780214432216076e-06 -1.017004932602713384e-17
2.007434643166994270e-08 4.025489552684815172e-06 -1.355346166189063034e-17
2.433675045168670614e-08 4.023904752785261381e-06 1.423402431489080984e-17
2.892041062532713092e-08 4.022005249379416205e-06 2.695603591889412715e-17
3.388656417274704680e-08 4.019766248710826235e-06 1.579500727643775134e-17
3.930177829708503268e-08 4.017158326149538660e-06 2.726086666962740275e-17
4.523885318782894238e-08 4.014146941228698210e-06 -6.667613618541572228e-19
5.177780420390076799e-08 4.010691859243444677e-06 -1.879608686392020875e-17
5.900689903359790378e-08 4.006746464193434472e-06 -8.711196785385565349e-18
6.702382661719075152e-08 4.002256948456761557e-06 -9.112959516846423243e-18
7.593693208962637442e-08 3.997161357340300502e-06 -1.054271453723278027e-17
8.586659503567739549e-08 3.991388466621021584e-06 1.389940913087794565e-17
9.694672280582961044e-08 3.984856464721127641e-06 3.318971017225162014e-18
1.093263568320568258e-07 3.977471407971116255e-06 -1.563705323881936681e-18
1.231714460599164784e-07 3.969125413476763086e-06 -1.807960866770324975e-17
1.386667151312415136e-07 3.959694548450249353e-06 -1.786465047932829178e-17
1.560176802854751354e-07 3.949036376002421283e-06 -1.048229653258125986e-17
1.754527630300206642e-07 3.936987115313250269e-06 4.546535398006850412e-17
1.972254319408672796e-07 3.923358384366424139e-06 2.879854653349631221e-17
2.216163583375341251e-07 3.907933515067798231e-06 -6.058326034722440720e-18
2.489353829876472801e-07 3.890463469941341385e-06 -2.270959452746883784e-17
2.795231604929560021e-07 3.870662476099071403e-06 -3.175027996534432066e-17
3.137521307865209774e-07 3.848203634655841632e-06 2.700105053416710100e-17
3.520262983995603445e-07 3.822715021797340924e-06 2.511619771713842243e-17
3.947790863309541542e-07 3.793777236533853533e-06 -5.379046553903099908e-18
4.424679437009526595e-07 3.760924073484963038e-06 3.181838726749714806e-18
4.955637728266959474e-07 3.723649186343751943e-06 -2.087406542874298292e-17
5.545319159729056313e-07 3.681423459229733646e-06 1.943058730045891091e-18
6.197994291134989453e-07 3.633730551734549521e-06 -9.742397903063783653e-18
6.917000520273441921e-07 3.580131745978279532e-06 2.793870462107305824e-17
7.703826630407750731e-07 3.520374991636696260e-06 1.290011624646231146e-17
8.556605029033659271e-07 3.454563657748937760e-06 -2.317730932567980508e-17
9.467663211748522656e-07 3.383388574516522312e-06 -2.776225290483784048e-17
1.041966186464404753e-06 3.308380069990957366e-06 -5.637019968282658999e-18
1.137986094641718626e-06 3.232011530355016746e-06 2.761554408480780358e-17
1.229260930799697116e-06 3.157227408359586162e-06 1.393409748846381920e-17
1.307207952130212680e-06 3.085600069301355563e-06 -1.389198566609832736e-18
1.360148350060264022e-06 3.013234588717213194e-06 -2.893771542738105562e-17
1.375045929400547928e-06 2.924915081341470863e-06 1.719758155977731007e-17
1.342175954991559061e-06 2.791114980313596131e-06 4.620641241212414786e-18
1.261865140794737883e-06 2.576667619936966878e-06 -5.379048972072815178e-18
1.148735334573908196e-06 2.263805846417610602e-06 2.555830195517023922e-17
1.028015657961178775e-06 1.872750945571655466e-06 -3.419181522230818347e-17
9.248601002924405901e-07 1.456295955679234637e-06 1.641000853337137798e-18
8.548597105785538108e-07 1.071174832346374200e-06 1.170380652670820173e-17
8.219257716934880165e-07 7.531567968660020649e-07 -2.787685668971490590e-18
8.220669991954032696e-07 5.118939161706431292e-07 -2.016961670525409773e-17
8.483052962721115975e-07 3.395239973326750016e-07 4.159966889230466332e-17
8.939263413040854367e-07 2.212636557250638899e-07 -1.270039701044239424e-17
9.538091733686526741e-07 1.422232059839342684e-07 5.051757018844165780e-18
1.024586872535454551e-06 9.024790575865233975e-08 -1.196706448729196355e-18
1.104337691133772115e-06 5.640571058719178919e-08 4.959732109250917995e-18
1.192191373369094753e-06 3.450663459827554535e-08 -2.055633274554475508e-18
1.287999548134355354e-06 2.040220370098206859e-08 1.384285064855668409e-17
1.392101451225258302e-06 1.136338358998751843e-08 -1.207729925526131439e-17
1.505172576195257239e-06 5.611802324072562941e-09 7.377087678165914621e-18
1.628134489416177555e-06 1.992975652233658697e-09 -1.191470252827782211e-17
1.762106546013969544e-06 -2.422918919844364201e-10 -6.642920109141043028e-18
1.908385570383031027e-06 -1.580950575819188168e-09 1.223817779060227307e-18
2.068444435635030665e-06 -2.340281758432076761e-09 -2.551050473041642051e-17
2.243943896168554275e-06 -2.727549830191233842e-09 1.310189265221017335e-17
2.436754639231070163e-06 -2.878431914646911655e-09 1.498661924669031587e-17
2.648988152630094017e-06 -2.881833256132627278e-09 1.441323016921556111e-17
2.883036136158700913e-06 -2.795973374694092121e-09 -1.724326475340365403e-17
3.141619201934425787e-06 -2.658863456804699899e-09 4.323011177052130363e-18
3.427846245497578881e-06 -2.495164997933742365e-09 -7.877946867262668432e-18
3.745286781514645114e-06 -2.320702071087381418e-09 -3.909578569990349609e-18
4.098059311667678895e-06 -2.145445626947982757e-09 -9.046386102603927577e-18
4.490939882608596667e-06 -1.975492914773971272e-09 -5.139928699792155089e-18
4.929496503755514958e-06 -1.814388696945243894e-09 7.348408700283651617e-18
5.420256847517984644e-06 -1.664005834283578542e-09 -4.520471576871326664e-18
5.970919425300758032e-06 -1.525136051283833890e-09 1.189584055233613914e-17
6.590622017695058066e-06 -1.397884335496134775e-09 -7.149053907622905110e-18
7.290286414191049502e-06 -1.281932562320877065e-09 1.068197875617987299e-17
8.083066188182413958e-06 -1.176715294560719817e-09 -1.398806519867197860e-17
8.984935258620624365e-06 -1.081535271900709458e-09 1.830962840281935838e-17
1.001547185235096560e-05 -9.956393785387513429e-10 -1.754785686244114999e-20
1.119891789100324608e-05 -9.182672997577993885e-10 -8.579075560837787785e-18
1.256563341030247916e-05 -8.486819130987766059e-10 2.011901742500096200e-17
1.415412882972352793e-05 -7.861879332569188510e-10 -1.913274362787078691e-17
1.601396042478706039e-05 -7.301417102901163228e-10 4.173403034083225130e-18
1.820994709819320767e-05 -6.799585751104068546e-10 1.500710273007913348e-18
2.082846500903526299e-05 -6.351098522922761365e-10 -2.015968335350252125e-20
2.398709834082468628e-05 -5.951396937062842077e-10 -3.139278247587473986e-18
2.785000249898653135e-05 -5.596208666743858240e-10 5.481522326237473076e-18
3.265271071233033506e-05 -5.282803771300308938e-10 -4.528877585085157537e-18
3.874739094463300337e-05 -5.006627919344371628e-10 5.559988328124075187e-18
4.666921506205415349e-05 -4.770733160807237433e-10 -5.607851526923726222e-18
5.735342101880619436e-05 -4.560347892448243872e-10 -7.824325700804631159e-18
7.208612431328781378e-05 -4.413050218863718871e-10 1.787498428504296519e-20
9.542218811233599274e-05 -4.229612491693786685e-10 -6.914463877241921302e-18
1.260126760095937881e-04 -4.288834043077532677e-10 2.342258216879923007e-17
2.427858272106217519e-04 -3.869302737877255686e-10 -1.885574661490074645e-17
2.996477696702894156e-04 -4.961012477261381490e-10 1.278119887500154132e-17
4.141716307476041303e-03 -2.424619301059682712e-10 -8.204952677217696288e-18
2.797600738071910620e-02 -1.137051971012668219e-09 2.342532014161682810e-18
