1.280172644160395645e-04 -2.526811093740759773e-08 -0.000000000000000000e+00
1.213208268425716621e-04 -2.526811119540271616e-08 -0.000000000000000000e+00
1.152371217951406179e-04 -2.526811132385722799e-08 -0.000000000000000000e+00
-1.152371217951404011e-04 -2.526811132385722799e-08 -0.000000000000000000e+00
-1.213208268425716892e-04 -2.526811119540272278e-08 -0.000000000000000000e+00
-1.280172644160397543e-04 -2.526811093740759773e-08 -0.000000000000000000e+00
-1.311588468445054698e-04 5.192218231920602681e-15 -0.000000000000000000e+00
-1.315235612688844856e-04 5.617767933660739155e-15 -0.000000000000000000e+00
-1.590901185670624959e-04 6.082831452997318834e-15 -0.000000000000000000e+00
-4.385299677938632533e-05 6.591514023455574982e-15 -0.000000000000000000e+00
-1.020273444875411616e-05 7.148393301243499175e-15 -0.000000000000000000e+00
-3.141582466033040475e-06 7.758579082003302913e-15 -0.000000000000000000e+00
-1.170943589981219190e-06 8.427781250856708094e-15 -0.000000000000000000e+00
-5.010905736343684478e-07 9.162387196419912438e-15 -0.000000000000000000e+00
-2.380420404140858416e-07 9.969550117860779258e-15 -0.000000000000000000e+00
-1.227051553787050085e-07 1.085728988680344192e-14 -0.000000000000000000e+00
-6.753988334861387325e-08 1.183460839930719743e-14 -0.000000000000000000e+00
-3.923137878070167516e-08 1.291162167486435483e-14 -0.000000000000000000e+00
-2.383576789250445287e-08 1.409971133849443949e-14 -0.000000000000000000e+00
-1.504428686170711553e-08 1.541169856951633302e-14 -0.000000000000000000e+00
-9.811066554309837485e-09 1.686204412963695971e-14 -0.000000000000000000e+00
-6.582378849065623207e-09 1.846707870949052497e-14 -0.000000000000000000e+00
-4.527319843461592196e-09 2.024526857588748388e-14 -0.000000000000000000e+00
-3.182944229912593268e-09 2.221752238498691056e-14 -0.000000000000000000e+00
-2.281884029441988865e-09 2.440754607752467152e-14 -0.000000000000000000e+00
-1.664744392550880765e-09 2.684225402525718083e-14 -0.000000000000000000e+00
-1.233776851219157188e-09 2.955224609446355373e-14 -0.000000000000000000e+00
-9.275006119414724936e-10 3.257236208332611312e-14 -0.000000000000000000e+00
-7.063539433021812307e-10 3.594232713711576375e-14 -0.000000000000000000e+00
-5.443480213017859907e-10 3.970750432402210203e-14 -0.000000000000000000e+00
-4.240862940276363360e-10 4.391977365797517419e-14 -0.000000000000000000e+00
-3.337217512001233162e-10 4.863856059691005268e-14 -0.000000000000000000e+00
-2.650584676949517986e-10 5.393204156600532231e-14 -0.000000000000000000e+00
-2.123433633660936696e-10 5.987855952868438685e-14 -0.000000000000000000e+00
-1.714836298477861015e-10 6.656828926776560606e-14 -0.000000000000000000e+00
-1.395311366479272312e-10 7.410520011051165560e-14 -0.000000000000000000e+00
-1.143376549293775808e-10 8.260937366406214464e-14 -0.000000000000000000e+00
-9.432095126657738630e-11 9.221974613218171516e-14 -0.000000000000000000e+00
-7.830387496208211635e-11 1.030973594723144622e-13 -0.000000000000000000e+00
-6.540249311088892451e-11 1.154292236637297323e-13 -0.000000000000000000e+00
-5.494713136571688554e-11 1.294329144954694009e-13 -0.000000000000000000e+00
-4.642637073749078856e-11 1.453620585548441632e-13 -0.000000000000000000e+00
-3.944660748932273957e-11 1.635128907729386874e-13 -0.000000000000000000e+00
-3.370279880060695413e-11 1.842321115655409649e-13 -0.000000000000000000e+00
-2.895695834900739588e-11 2.079263223241887598e-13 -0.000000000000000000e+00
-2.502230945881054135e-11 2.350733823354182411e-13 -0.000000000000000000e+00
-2.175147595373618723e-11 2.662361104085351751e-13 -0.000000000000000000e+00
-1.902766562247351913e-11 3.020788547444448587e-13 -0.000000000000000000e+00
-1.675792852913176173e-11 3.433875802110229633e-13 -0.000000000000000000e+00
-1.486814522452875331e-11 3.910942800339359020e-13 -0.000000000000000000e+00
-1.329908801334511050e-11 4.463067177379959848e-13 -0.000000000000000000e+00
-1.200349696087580437e-11 5.103447562775945751e-13 -0.000000000000000000e+00
-1.094382307021897267e-11 5.847848492539009912e-13 -0.000000000000000000e+00
-1.009047876356339129e-11 6.715146727930929360e-13 -0.000000000000000000e+00
-9.420478869148593029e-12 7.728003905159409236e-13 -0.000000000000000000e+00
-8.916466975096011256e-12 8.913696998630100210e-13 -0.000000000000000000e+00
-8.565951870990659751e-12 1.030514647278419958e-12 -0.000000000000000000e+00
-8.360845623054085237e-12 1.194219276485324080e-12 -0.000000000000000000e+00
-8.297071657797278346e-12 1.387318559064905080e-12 -0.000000000000000000e+00
-8.374434916160010769e-12 1.615696842513773594e-12 -0.000000000000000000e+00
-8.596517574934780384e-12 1.886536359648300975e-12 -0.000000000000000000e+00
-8.970927552979252357e-12 2.208629334703625943e-12 -0.000000000000000000e+00
-9.509514328349990614e-12 2.592771106398526277e-12 -0.000000000000000000e+00
-1.022883493989046934e-11 3.052256744074246015e-12 -0.000000000000000000e+00
-1.115076407539559344e-11 3.603510225348187693e-12 -0.000000000000000000e+00
-1.230328204277686343e-11 4.266883854108300243e-12 -0.000000000000000000e+00
-1.372166376154411452e-11 5.067676859824056458e-12 -0.000000000000000000e+00
-1.544979336267492817e-11 6.037436865478455219e-12 -0.000000000000000000e+00
-1.754193430616935233e-11 7.215627232103506038e-12 -0.000000000000000000e+00
-2.006479652040469050e-11 8.651768604351713595e-12 -0.000000000000000000e+00
-2.310030003282779193e-11 1.040819613531764128e-11 -0.000000000000000000e+00
-2.674886281582171378e-11 1.256361722449851827e-11 -0.000000000000000000e+00
-3.113355955732371640e-11 1.521771115839009825e-11 -0.000000000000000000e+00
-3.640510778764512061e-11 1.849708553262270940e-11 -0.000000000000000000e+00
-4.274797517374482392e-11 2.256299928884488489e-11 -0.000000000000000000e+00
-5.038792279084627357e-11 2.762138390516274259e-11 -0.000000000000000000e+00
-5.960100016802748731e-11 3.393584852016109176e-11 -0.000000000000000000e+00
-7.072440003491319605e-11 4.184454716356926850e-11 -0.000000000000000000e+00
-8.416909643461825870e-11 5.178202086430247261e-11 -0.000000000000000000e+00
-1.004345581783081161e-10 6.430740406050447113e-11 -0.000000000000000000e+00
-1.201252920338952500e-10 8.014069442747451405e-11 -0.000000000000000000e+00
-1.439688426640873356e-10 1.002091022243777373e-10 -0.000000000000000000e+00
-1.728340498436448321e-10 1.257057644598057486e-10 -0.000000000000000000e+00
-2.077476329598910496e-10 1.581632268928728032e-10 -0.000000000000000000e+00
-2.499057908996750114e-10 1.995438830149573794e-10 -0.000000000000000000e+00
-3.006755658260476672e-10 2.523487202368018512e-10 -0.000000000000000000e+00
-3.615779948708070734e-10 3.197438096312825760e-10 -0.000000000000000000e+00
-4.342416275131622049e-10 4.057003424777349662e-10 -0.000000000000000000e+00
-5.203110240630878318e-10 5.151378203386298027e-10 -0.000000000000000000e+00
-6.212909449588709291e-10 6.540502817952484230e-10 -0.000000000000000000e+00
-7.383044889964869890e-10 8.295813710122803131e-10 -0.000000000000000000e+00
-8.717443360440513498e-10 1.049995485356296821e-09 -0.000000000000000000e+00
-1.020804976751229622e-09 1.324470713550228104e-09 -0.000000000000000000e+00
-1.182904000174401677e-09 1.662619401901869803e-09 -0.000000000000000000e+00
-1.353037494843907524e-09 2.073633185831180884e-09 -0.000000000000000000e+00
-1.523169132830749653e-09 2.564965771855518378e-09 -0.000000000000000000e+00
-1.681819129214278032e-09 3.140526808812710203e-09 -0.000000000000000000e+00
-1.814080172466860765e-09 3.798479154968079883e-09 -0.000000000000000000e+00
-1.902310302017162551e-09 4.528910003460312218e-09 -0.000000000000000000e+00
-1.927697427448349849e-09 5.311853663536180764e-09 -0.000000000000000000e+00
-1.872724577944002731e-09 6.116310623187793832e-09 -0.000000000000000000e+00
-1.724295011454807865e-09 6.900934533975260646e-09 -0.000000000000000000e+00
-1.476965525064901975e-09 7.616855834503612487e-09 -0.000000000000000000e+00
-1.135503269016560985e-09 8.212655674460911005e-09 -0.000000000000000000e+00
-7.159570222148473705e-10 8.640888390556446458e-09 -0.000000000000000000e+00
-2.446892319428140378e-10 8.864973796009503931e-09 -0.000000000000000000e+00
2.446892395626899128e-10 8.864973796009495660e-09 -0.000000000000000000e+00
7.159570188992836196e-10 8.640888390556436532e-09 -0.000000000000000000e+00
1.135503261015898253e-09 8.212655674460896116e-09 -0.000000000000000000e+00
1.476965523328622986e-09 7.616855834503597598e-09 -0.000000000000000000e+00
1.724295009372051455e-09 6.900934533975234177e-09 -0.000000000000000000e+00
1.872724576605923112e-09 6.116310623187765708e-09 -0.000000000000000000e+00
1.927697432467941127e-09 5.311853663536159258e-09 -0.000000000000000000e+00
1.902310311137787507e-09 4.528910003460275822e-09 -0.000000000000000000e+00
1.814080181901514087e-09 3.798479154968045969e-09 -0.000000000000000000e+00
1.681819122593273360e-09 3.140526808812696554e-09 -0.000000000000000000e+00
1.523169116827845930e-09 2.564965771855505970e-09 -0.000000000000000000e+00
1.353037487439016873e-09 2.073633185831170131e-09 -0.000000000000000000e+00
1.182904014548659153e-09 1.662619401901853053e-09 -0.000000000000000000e+00
1.020804991159683364e-09 1.324470713550214042e-09 -0.000000000000000000e+00
8.717443287904303189e-10 1.049995485356291031e-09 -0.000000000000000000e+00
7.383044741014507652e-10 8.295813710122750398e-10 -0.000000000000000000e+00
6.212909405344795287e-10 6.540502817952444939e-10 -0.000000000000000000e+00
5.203110392861062349e-10 5.151378203386239091e-10 -0.000000000000000000e+00
4.342416428321191868e-10 4.057003424777305718e-10 -0.000000000000000000e+00
3.615779865285575748e-10 3.197438096312810767e-10 -0.000000000000000000e+00
3.006755490635172591e-10 2.523487202368002485e-10 -0.000000000000000000e+00
2.499057820764259320e-10 1.995438830149563196e-10 -0.000000000000000000e+00
2.077476500665851252e-10 1.581632268928709938e-10 -0.000000000000000000e+00
1.728340624068017561e-10 1.257057644598042752e-10 -0.000000000000000000e+00
1.439688378342306105e-10 1.002091022243771428e-10 -0.000000000000000000e+00
1.201252762910952132e-10 8.014069442747410046e-11 -0.000000000000000000e+00
1.004345514024554917e-10 6.430740406050412216e-11 -0.000000000000000000e+00
8.416911306246646036e-11 5.178202086430192977e-11 -0.000000000000000000e+00
7.072441237352615247e-11 4.184454716356888076e-11 -0.000000000000000000e+00
5.960099517828866638e-11 3.393584852016092374e-11 -0.000000000000000000e+00
5.038790452520385275e-11 2.762138390516263597e-11 -0.000000000000000000e+00
4.274797007904372382e-11 2.256299928884477503e-11 -0.000000000000000000e+00
3.640511872797091525e-11 1.849708553262255107e-11 -0.000000000000000000e+00
3.113357462002939216e-11 1.521771115838997224e-11 -0.000000000000000000e+00
2.674885749725217805e-11 1.256361722449845526e-11 -0.000000000000000000e+00
2.310028340746719702e-11 1.040819613531759766e-11 -0.000000000000000000e+00
2.006479530628625479e-11 8.651768604351674821e-12 -0.000000000000000000e+00
1.754194493613637044e-11 7.215627232103447877e-12 -0.000000000000000000e+00
1.544981226134917858e-11 6.037436865478401905e-12 -0.000000000000000000e+00
1.372165123170085898e-11 5.067676859824040302e-12 -0.000000000000000000e+00
1.230326737951636620e-11 4.266883854108280856e-12 -0.000000000000000000e+00
1.115075202861208637e-11 3.603510225348176384e-12 -0.000000000000000000e+00
1.022885328913519457e-11 3.052256744074220166e-12 -0.000000000000000000e+00
9.509529114852565139e-12 2.592771106398505678e-12 -0.000000000000000000e+00
8.970922469402930169e-12 2.208629334703617865e-12 -0.000000000000000000e+00
8.596511940738788124e-12 1.886536359648293301e-12 -0.000000000000000000e+00
8.374423998211359716e-12 1.615696842513766930e-12 -0.000000000000000000e+00
8.297089995361300513e-12 1.387318559064894781e-12 -0.000000000000000000e+00
8.360846236861308436e-12 1.194219276485319233e-12 -0.000000000000000000e+00
8.565946278360872934e-12 1.030514647278415717e-12 -0.000000000000000000e+00
8.916453813602417911e-12 8.913696998630079005e-13 -0.000000000000000000e+00
9.420480445858642028e-12 7.728003905159378944e-13 -0.000000000000000000e+00
1.009048862054840572e-11 6.715146727930890989e-13 -0.000000000000000000e+00
1.094382793984797625e-11 5.847848492538989717e-13 -0.000000000000000000e+00
1.200348682121188071e-11 5.103447562775930605e-13 -0.000000000000000000e+00
1.329908230518329510e-11 4.463067177379944702e-13 -0.000000000000000000e+00
1.486814641200330082e-11 3.910942800339345893e-13 -0.000000000000000000e+00
1.675794247697381227e-11 3.433875802110205904e-13 -0.000000000000000000e+00
1.902766647295549612e-11 3.020788547444439499e-13 -0.000000000000000000e+00
2.175147354538721928e-11 2.662361104085343673e-13 -0.000000000000000000e+00
2.502229951557598282e-11 2.350733823354175343e-13 -0.000000000000000000e+00
2.895695992834245732e-11 2.079263223241881540e-13 -0.000000000000000000e+00
3.370280549651192605e-11 1.842321115655401571e-13 -0.000000000000000000e+00
3.944660907727568206e-11 1.635128907729382077e-13 -0.000000000000000000e+00
4.642636080972922824e-11 1.453620585548437341e-13 -0.000000000000000000e+00
5.494712895360908610e-11 1.294329144954689970e-13 -0.000000000000000000e+00
6.540249394143788114e-11 1.154292236637293789e-13 -0.000000000000000000e+00
7.830388837477654829e-11 1.030973594723138563e-13 -0.000000000000000000e+00
9.432095275544876093e-11 9.221974613218143748e-14 -0.000000000000000000e+00
1.143376458568971087e-10 8.260937366406191745e-14 -0.000000000000000000e+00
1.395311344645052154e-10 7.410520011051145365e-14 -0.000000000000000000e+00
1.714836298518660148e-10 6.656828926776541673e-14 -0.000000000000000000e+00
2.123433768104781275e-10 5.987855952868409655e-14 -0.000000000000000000e+00
2.650584613483802695e-10 5.393204156600522765e-14 -0.000000000000000000e+00
3.337217488512894247e-10 4.863856059690992646e-14 -0.000000000000000000e+00
4.240862826365116995e-10 4.391977365797506690e-14 -0.000000000000000000e+00
5.443480297887155305e-10 3.970750432402200106e-14 -0.000000000000000000e+00
7.063539436957717573e-10 3.594232713711563753e-14 -0.000000000000000000e+00
9.275006149421428541e-10 3.257236208332604370e-14 -0.000000000000000000e+00
1.233776841209089942e-09 2.955224609446349693e-14 -0.000000000000000000e+00
1.664744395819843125e-09 2.684225402525710825e-14 -0.000000000000000000e+00
2.281884037959489553e-09 2.440754607752462419e-14 -0.000000000000000000e+00
3.182944231710833875e-09 2.221752238498680959e-14 -0.000000000000000000e+00
4.527319842417468579e-09 2.024526857588743339e-14 -0.000000000000000000e+00
6.582378833596698897e-09 1.846707870949049658e-14 -0.000000000000000000e+00
9.811066565463300982e-09 1.686204412963688398e-14 -0.000000000000000000e+00
1.504428686161560950e-08 1.541169856951629831e-14 -0.000000000000000000e+00
2.383576790352405373e-08 1.409971133849437481e-14 -0.000000000000000000e+00
3.923137876448559996e-08 1.291162167486433905e-14 -0.000000000000000000e+00
6.753988335317264428e-08 1.183460839930717377e-14 -0.000000000000000000e+00
1.227051553789871764e-07 1.085728988680339458e-14 -0.000000000000000000e+00
2.380420404225478331e-07 9.969550117860760326e-15 -0.000000000000000000e+00
5.010905736314628071e-07 9.162387196419893505e-15 -0.000000000000000000e+00
1.170943589971180579e-06 8.427781250856686006e-15 -0.000000000000000000e+00
3.141582466034557511e-06 7.758579082003287136e-15 -0.000000000000000000e+00
1.020273444876069083e-05 7.148393301243478665e-15 -0.000000000000000000e+00
4.385299677938641342e-05 6.591514023455561572e-15 -0.000000000000000000e+00
1.590901185670640680e-04 6.082831452997309367e-15 -0.000000000000000000e+00
1.315235612688789562e-04 5.617767933660727322e-15 -0.000000000000000000e+00
1.311588468445061746e-04 5.192218231920594003e-15 -0.000000000000000000e+00
