2.798123241579577800e-02 -8.588263292222188429e-06 2.316585745911749243e-18
4.138391480018027008e-03 -2.100070333697972382e-06 2.445453526319496868e-18
2.983918035736471408e-04 -3.786186781223701898e-06 4.605712234451486720e-18
2.400664185195737488e-04 -3.070938949963071638e-06 -3.667816608173814538e-18
1.227884374054438732e-04 -3.283091326082375693e-06 -2.214171817985694172e-18
9.136633769302529573e-05 -3.215141156525454917e-06 -4.901621863576694059e-18
6.720365971639788438e-05 -3.263655459630549201e-06 -9.325282892911043390e-19
5.155171601776975532e-05 -3.281593491699456359e-06 -1.950349895475209555e-18
3.986424855225920161e-05 -3.312605033934046309e-06 -1.246738855397057426e-18
3.083389806237887831e-05 -3.338153001020631761e-06 -4.377980356440093038e-19
2.350682971125755971e-05 -3.362070281446287309e-06 2.136241236077717567e-18
1.732283200975293092e-05 -3.381608693873757718e-06 -2.775319468834185149e-18
1.189874954007907881e-05 -3.396766652609967034e-06 2.954406566162312390e-18
6.959669889824993128e-06 -3.406996547844858213e-06 4.961452023145452902e-20
2.290923050027315888e-06 -3.412164463786156338e-06 -1.621175682533665038e-18
-2.290923049885068563e-06 -3.412164463781749225e-06 -2.037682667407575064e-18
-6.959669889963771006e-06 -3.406996547833802315e-06 2.497055155348737172e-18
-1.189874954027683729e-05 -3.396766652596221383e-06 1.658768636543540574e-18
-1.732283200977721704e-05 -3.381608693902238777e-06 -1.682044742017367143e-18
-2.350682971103898455e-05 -3.362070281439372556e-06 3.813236210272152340e-18
-3.083389806230255048e-05 -3.338153001013166013e-06 7.394255714541933795e-19
-3.986424855235287668e-05 -3.312605033954180705e-06 4.183857047089621866e-18
-5.155171601752689403e-05 -3.281593491676302290e-06 1.925012482093157729e-18
-6.720365971676217631e-05 -3.263655459629631017e-06 -1.611850587839676591e-18
-9.136633769309468467e-05 -3.215141156507480878e-06 -7.282963099220996065e-19
-1.227884374053467287e-04 -3.283091326129899747e-06 -1.892489322290656368e-18
-2.400664185193898681e-04 -3.070938949953504401e-06 -4.049871754137128477e-18
-2.983918035738726549e-04 -3.786186781200490654e-06 -4.358655541427999492e-19
-4.138391480017655777e-03 -2.100070333677078620e-06 1.540235345582493000e-18
-2.798123241579598963e-02 -8.588263292247243664e-06 1.175857688405999999e-18
-2.797605240874864729e-02 -5.256478776214830743e-11 -3.785584473596354000e-18
-4.141696158675389067e-03 -1.065691470968190791e-11 2.147936216307902087e-18
-2.996431958079935620e-04 -2.201681793734558289e-11 -8.618042526678933532e-19
-2.427754078752134004e-04 -1.669579063115371348e-11 6.660909093822509211e-18
-1.260021929524596240e-04 -1.828696277677587059e-11 4.189670439040323548e-18
-9.541030421283958063e-05 -1.767542378266914324e-11 1.297987383061531511e-18
-7.207321083748177704e-05 -1.814293479390877370e-11 1.362732731104849492e-17
-5.733942033989136711e-05 -1.841364597623635683e-11 -6.922621673220000371e-18
-4.665415236487432948e-05 -1.893105146518934051e-11 4.382045001430039820e-18
-3.873125962858617322e-05 -1.951738247040308874e-11 -7.298213619345394084e-18
-3.263550104242590733e-05 -2.023161411158610114e-11 -2.373786016863485900e-17
-2.783169694858464438e-05 -2.105145110089285924e-11 -3.563633670592577327e-18
-2.396767395283772029e-05 -2.198823208651560246e-11 3.467655288028079489e-18
-2.080789389787701671e-05 -2.304391543441697912e-11 -1.570921808289976246e-17
-1.818819723680559219e-05 -2.422660478522074595e-11 2.463339359022322304e-18
-1.599099621844152219e-05 -2.554455487415348710e-11 1.120351999706957278e-17
-1.412991174206887357e-05 -2.700816798519152315e-11 3.814220320160090814e-18
-1.254012253415134892e-05 -2.862938436592737301e-11 2.418156150203749248e-18
-1.117207057454300267e-05 -3.042209175723084201e-11 -8.890602549324503996e-18
-9.987244406480660919e-06 -3.240193007941588057e-11 -1.941788553695940825e-19
-8.955283718494605472e-06 -3.458670395456818157e-11 1.061161876350619033e-17
-8.051947225095473781e-06 -3.699640052151273302e-11 1.243602128294995113e-17
-7.257658390921739588e-06 -3.965360032804108749e-11 4.182547728578556153e-18
-6.556446229669110615e-06 -4.258377642166677362e-11 -7.604094224203885902e-18
-5.935161601022809208e-06 -4.581515969739282755e-11 4.067337547461002952e-18
-5.382888910828581563e-06 -4.937989853314537715e-11 -1.275087428253365866e-17
-4.890498692459305241e-06 -5.331371935627142286e-11 -1.775568013337716056e-18
-4.450303275158051797e-06 -5.765689785043306984e-11 4.868926799222244975e-18
-4.055788802130588788e-06 -6.245460516918910933e-11 7.205683350074730543e-18
-3.701404644194938864e-06 -6.775754030017720957e-11 -4.115931518431214879e-19
-3.382396291180117531e-06 -7.362265734107161697e-11 -1.263139881951441362e-18
-3.094671633108864173e-06 -8.011401673452044787e-11 -8.258593493737305115e-18
-2.834693138421828795e-06 -8.730350742771109373e-11 -1.389336142941984047e-18
-2.599390195305584239e-06 -9.527202911236279203e-11 -1.005624333082883591e-17
-2.386087429612215871e-06 -1.041105182732193249e-10 -3.494796092564479196e-18
-2.192445651090502157e-06 -1.139211858751965455e-10 -2.567577076770232085e-18
-2.016412941618916932e-06 -1.248190849126000417e-10 1.609757443928663380e-17
-1.856183928439919528e-06 -1.369333075439885979e-10 4.920521990519873487e-18
-1.710165638272448385e-06 -1.504090687042739868e-10 -5.785421481167890642e-18
-1.576948798664296048e-06 -1.654092727739448132e-10 2.239905636061299441e-18
-1.455283556849040760e-06 -1.821163689453727900e-10 4.867634505685057382e-18
-1.344058846698692467e-06 -2.007346551357619938e-10 1.586122983143896355e-17
-1.242284820530265010e-06 -2.214920720607485930e-10 3.603716414501493223e-18
-1.149077780905616297e-06 -2.446421511552197203e-10 -4.275079085520198813e-18
-1.063647254339467052e-06 -2.704655733515713489e-10 2.065514945630010729e-18
-9.852848260813451553e-07 -2.992714019908934257e-10 -4.043103715433339044e-18
-9.133544704720275575e-07 -3.313969454306970748e-10 -9.005179035330175541e-18
-8.472841826860644243e-07 -3.672067175012497920e-10 -5.426474648460592973e-18
-7.865586402582003256e-07 -4.070880376897317431e-10 9.884135274368804468e-19
-7.307128304656629325e-07 -4.514441298696634645e-10 -7.806213063676085675e-18
-6.793264284016276022e-07 -5.006804756588172202e-10 -6.955804207496760913e-18
-6.320188411235161396e-07 -5.551837209703731936e-10 2.726057754089367014e-18
-5.884448551415899509e-07 -6.152878724140592805e-10 4.412525481918987664e-18
-5.482907322711116915e-07 -6.812223873253424545e-10 1.266910072265784286e-17
-5.112707539868532880e-07 -7.530335297209428059e-10 2.918010884219715228e-18
-4.771241092389744143e-07 -8.304664337921954012e-10 8.879271198429980145e-19
-4.456120718566991545e-07 -9.127888589064448933e-10 -7.512100586290695681e-18
-4.165154589841346677e-07 -9.985295054385753293e-10 -8.895392344893280832e-18
-3.896323018601210997e-07 -1.085088796806912078e-09 6.657057572318749285e-18
-3.647756928737422299e-07 -1.168161278226324321e-09 -5.036072111331287348e-19
-3.417718150641735342e-07 -1.240875434441902474e-09 4.468562285154186273e-18
-3.204581136423412246e-07 -1.292510303187164753e-09 3.753998218546788265e-18
-3.006816530759515160e-07 -1.306573705147211917e-09 -1.439649677666147720e-17
-2.822976866781456984e-07 -1.257910488129379190e-09 9.043969945972691341e-18
-2.651685035715001248e-07 -1.108332897085353974e-09 8.603670650920837475e-19
-2.491627585574085479e-07 -7.999794865741429486e-10 -1.035474871850176219e-17
-2.341555454844768125e-07 -2.451698762753477443e-10 -1.300223499731517498e-17
-2.200297388940675170e-07 6.891789835742589017e-10 -9.402465792149169434e-18
-2.066794349622758098e-07 2.205607071055811032e-09 6.299024922716784203e-18
-1.940168785595497436e-07 4.613391141988455794e-09 -8.938837036604408836e-19
-1.819851958191620600e-07 8.386460802392200806e-09 4.321696074252761751e-18
-1.705806254546915479e-07 1.425335893839928466e-08 1.716452274419146530e-17
-1.598902465739515666e-07 2.333635931260658495e-08 -2.236600552147580278e-18
-1.501544047120828562e-07 3.736422099355992635e-08 -4.892179576014283273e-18
-1.418675323189289017e-07 5.899038437819173149e-08 -2.838242625499212054e-19
-1.359359239200275127e-07 9.224947304741302950e-08 -1.107524817126037659e-17
-1.339129925490012418e-07 1.431625651299064320e-07 3.392632682183095300e-18
-1.383223855559723159e-07 2.204165393342678972e-07 8.507205444655876316e-18
-1.530350963695192856e-07 3.358220493936328007e-07 1.730192152517812269e-18
-1.835490177834464554e-07 5.038107892338546923e-07 1.261789769149961951e-17
-2.367856198545736923e-07 7.386066087716553249e-07 4.798766380214873138e-18
-3.197106444446928819e-07 1.047481095333454698e-06 -1.177093615550546053e-17
-4.360471194952975083e-07 1.420316176275353048e-06 4.682872457896374466e-18
-5.813757639333561045e-07 1.821223947221913073e-06 7.038890002079719910e-18
-7.394678848415825456e-07 2.193880399306110104e-06 -2.616261563162951003e-18
-8.845984348290758525e-07 2.486408578009559208e-06 2.699379681800638134e-18
-9.912209689953710434e-07 2.679726353650247004e-06 -1.067936667605739649e-17
-1.044712748220211207e-06 2.792577706971454013e-06 1.382936268156244982e-17
-1.044986212384718671e-06 2.860692294705261428e-06 1.101324416898486291e-17
-1.002113251189623577e-06 2.913718678129674752e-06 -3.437778663603770744e-17
-9.294756421751593223e-07 2.966670292370933650e-06 -3.337811984377578500e-19
-8.390331472304946026e-07 3.023057828197233132e-06 -5.254401892500151943e-18
-7.395589054735862700e-07 3.080848175611592258e-06 -1.041576611128460262e-18
-6.367134330297063993e-07 3.136617396326351804e-06 -5.760687547619110560e-18
-5.337766000729216032e-07 3.187416732452167251e-06 5.623866059579127602e-18
-4.324076360064099678e-07 3.231247517158635267e-06 1.864949598207435741e-17
-3.332282684960496955e-07 3.266951326973873650e-06 2.971553295637464186e-17
-2.362186734827798062e-07 3.293948913649346263e-06 -1.334106471136900894e-17
-1.409726837972580249e-07 3.312000262928685344e-06 2.544062771954801229e-19
-4.686093535780089248e-08 3.321032019480523748e-06 1.338626976285851434e-17
4.686093461533924476e-08 3.321032019440099101e-06 1.460387294147770880e-17
1.409726840990999097e-07 3.312000262920557216e-06 -1.695588554176037751e-17
2.362186743778971199e-07 3.293948913638781221e-06 -1.567533797970836978e-17
3.332282689852417157e-07 3.266951327036898407e-06 -1.262216403936880104e-17
4.324076351876204871e-07 3.231247517098703451e-06 -2.658154868214207743e-17
5.337765996531185220e-07 3.187416732487072208e-06 -1.086409268822296583e-17
6.367134347991243448e-07 3.136617396291755167e-06 -1.610590752227944277e-17
7.395589040268268910e-07 3.080848175632861679e-06 6.677833530227505750e-18
8.390331455616906187e-07 3.023057828179225212e-06 2.240453497676828471e-17
9.294756432298711957e-07 2.966670292359470753e-06 2.612019675209771858e-17
1.002113252410868904e-06 2.913718678174216826e-06 9.415384346140021164e-18
1.044986213432491651e-06 2.860692294682785409e-06 5.668251476136693282e-18
1.044712746426507133e-06 2.792577706990408917e-06 -1.019586636777100871e-17
9.912209673612615290e-07 2.679726353627898887e-06 1.349019037407289810e-17
8.845984359739933467e-07 2.486408578016720448e-06 -9.782919584661131160e-18
7.394678858234360330e-07 2.193880399300590837e-06 -1.378168160361450580e-17
5.813757651719486663e-07 1.821223947243402722e-06 1.820734143619906463e-18
4.360471177293490097e-07 1.420316176247681540e-06 -9.532127111662214415e-18
3.197106427689500041e-07 1.047481095357586243e-06 -1.209474300259537997e-18
2.367856210966357011e-07 7.386066087191973039e-07 1.136239103685538608e-17
1.835490188138722001e-07 5.038107892264283309e-07 5.258586998820996607e-18
1.530350976219896353e-07 3.358220494608754641e-07 -1.435440265502398146e-17
1.383223838004321582e-07 2.204165393428842075e-07 2.301464869868488594e-17
1.339129910050973482e-07 1.431625650830400991e-07 5.860199373223262549e-18
1.359359247839198037e-07 9.224947307045693140e-08 1.550114644624039687e-18
1.418675339148744996e-07 5.899038435270874527e-08 -2.098479827764533992e-17
1.501544053261749667e-07 3.736422097425779249e-08 -1.250976442871407033e-17
1.598902449294337114e-07 2.333635934858208592e-08 -1.802333813010796171e-17
1.705806238448681622e-07 1.425335891593364156e-08 3.994726873022269579e-17
1.819851966275431998e-07 8.386460825087098669e-09 1.027789052023320740e-17
1.940168802457009622e-07 4.613391086910111929e-09 -2.069715708622601496e-17
2.066794359163737216e-07 2.205607160627718789e-09 7.367831288273217653e-18
2.200297372946524721e-07 6.891789887010581639e-10 5.733297516122961644e-18
2.341555440099618579e-07 -2.451699085392562217e-10 -3.227359484779246684e-17
2.491627592443590444e-07 -7.999795081048602000e-10 2.202617928260954890e-17
2.651685046088647635e-07 -1.108332876924924273e-09 2.319565296547922221e-17
2.822976877848992761e-07 -1.257910505237816833e-09 2.768440238802284920e-18
3.006816516569477127e-07 -1.306573658359116996e-09 -6.075319249472229196e-17
3.204581117931259993e-07 -1.292510331404843163e-09 -1.549377748217225290e-18
3.417718163235827777e-07 -1.240875441652879242e-09 6.257230541243884370e-17
3.647756938729429521e-07 -1.168161254862998349e-09 -8.008180739900309391e-18
3.896323032652471152e-07 -1.085088828607969989e-09 -2.119560509338334846e-17
4.165154572875751082e-07 -9.985294934940608142e-10 -2.750820320869837849e-17
4.456120699380949901e-07 -9.127888563255024158e-10 3.355619193793622758e-17
4.771241102312362425e-07 -8.304664611261338975e-10 1.077528854555445104e-17
5.112707552185069559e-07 -7.530335066294680876e-10 -2.984325318475250470e-17
5.482907329060204837e-07 -6.812223893051628547e-10 8.775889283898701915e-18
5.884448529246133486e-07 -6.152878374749726015e-10 2.583628384413512699e-18
6.320188411963745256e-07 -5.551837984117169725e-10 1.253810601672127016e-17
6.793264289949030310e-07 -5.006804221772545378e-10 -2.322981232452075770e-17
7.307128315724165102e-07 -4.514441072662782471e-10 2.533499165470922820e-17
7.865586407647395806e-07 -4.070880937962941967e-10 8.444484899910395718e-18
8.472841805107211854e-07 -3.672066970422972254e-10 -4.661253263072283178e-17
9.133544709681584717e-07 -3.313969460981821983e-10 5.329949915552387303e-17
9.852848264803315548e-07 -2.992713890565646635e-10 -3.336297229576710012e-17
1.063647255154787086e-06 -2.704655852195013469e-10 6.665071354297394776e-18
1.149077781179702606e-06 -2.446421454084246008e-10 1.179438141064731067e-17
1.242284818441657945e-06 -2.214920718404025671e-10 -1.686618181958960945e-17
1.344058847104617760e-06 -2.007346782703956878e-10 2.481358674736664840e-18
1.455283557313946652e-06 -1.821163370312996732e-10 -4.019555160889166335e-18
1.576948799177774196e-06 -1.654092443720144028e-10 2.515209907994864544e-17
1.710165638754701511e-06 -1.504091403480457507e-10 -1.869259601257667136e-17
1.856183927177040838e-06 -1.369332945768294507e-10 2.121031305630875749e-18
2.016412941778511492e-06 -1.248191021245154979e-10 -1.453332205382026095e-18
2.192445651437446852e-06 -1.139211737002435739e-10 -1.064512037199838074e-17
2.386087430382433094e-06 -1.041105301011592762e-10 7.536853579796388921e-18
2.599390195635181700e-06 -9.527205081908381182e-11 6.680709789755357594e-18
2.834693136093829890e-06 -8.730344550613862383e-11 -1.046878696913888268e-17
3.094671633781936881e-06 -8.011401159835626041e-11 9.260264290660438739e-18
3.382396291610328953e-06 -7.362267004717049481e-11 -5.886479966014560233e-19
3.701404644763928165e-06 -6.775754766259192980e-11 -1.320783833708091564e-19
4.055788802439369567e-06 -6.245459165635111303e-11 -5.337586767232037781e-18
4.450303272701683355e-06 -5.765692426888115144e-11 9.373123059949653368e-18
4.890498694117700884e-06 -5.331374788914390382e-11 -1.675414883758641566e-17
5.382888911054095615e-06 -4.937990976634701754e-11 -2.960901993300127257e-19
5.935161601078320359e-06 -4.581518914893075264e-11 1.800424461269230469e-17
6.556446230220752680e-06 -4.258367436042498930e-11 -1.522487511842999716e-17
7.257658389325793991e-06 -3.965366481846286113e-11 -2.743520301885554777e-18
8.051947226087735610e-06 -3.699638872876394009e-11 -1.225362427303583558e-18
8.955283718893591871e-06 -3.458667946959729275e-11 1.306871710460964577e-17
9.987244405849221573e-06 -3.240191151629768846e-11 1.322819902126533338e-17
1.117207057550403948e-05 -3.042204564643057987e-11 -1.615420391838028869e-17
1.254012253149375256e-05 -2.862946101612226838e-11 1.503354916464596227e-17
1.412991174314787157e-05 -2.700810162100931008e-11 -1.020237676396503735e-17
1.599099622091523787e-05 -2.554459984843550494e-11 -2.063088638262303607e-17
1.818819723449147108e-05 -2.422659947528509204e-11 1.122097832151826608e-17
2.080789389889356467e-05 -2.304390301816068866e-11 8.969376117047708647e-18
2.396767395044380189e-05 -2.198820579119356183e-11 -8.179330836243316327e-18
2.783169695104448227e-05 -2.105148770555898681e-11 -7.962238625609016517e-19
3.263550104357776371e-05 -2.023162678401037870e-11 -4.150821855215746948e-18
3.873125962532836253e-05 -1.951732665976798893e-11 1.412748343196375070e-17
4.665415236587699965e-05 -1.893107958369194916e-11 -1.958276564497153331e-18
5.733942034042566194e-05 -1.841366590052026176e-11 -4.601768445559642363e-18
7.207321083768994385e-05 -1.814290658448169664e-11 -2.971290560574745111e-18
9.541030421354387836e-05 -1.767546795630108713e-11 6.928801040208596981e-18
1.260021929505202032e-04 -1.828694806479785709e-11 7.594827202614436607e-18
2.427754078759003509e-04 -1.669576553452545196e-11 7.516084386420270890e-19
2.996431958084376512e-04 -2.201683189932031147e-11 -9.663565468732601921e-18
4.141696158675146205e-03 -1.065687674888253742e-11 -1.123191671068393999e-17
2.797605240874875832e-02 -5.256482951585432201e-11 1.155453733433542027e-17
