2.797627857689230502e-02 -2.619573524220616622e-08 8.159706792123658537e-18
4.141590804093507605e-03 -4.348611718406861462e-09 2.701642134241766641e-18
2.996164525521788358e-04 -1.033855632613059913e-08 6.438387311402362924e-18
2.427148164133655084e-04 -7.197822520260257825e-09 -3.903759173203438157e-18
1.259380692038535032e-04 -7.878245124216185428e-09 -9.238765822825664947e-18
9.533497336631710506e-05 -7.280704920857568634e-09 -7.768496261612507666e-18
7.198829677064477739e-05 -7.273424582475855826e-09 -5.994085450990566128e-18
5.724418097200617561e-05 -7.120399117050501977e-09 8.927650405112142744e-19
4.654829916725389261e-05 -7.076088374094885339e-09 7.430045644649524449e-18
3.861430678074248557e-05 -7.033208892093327542e-09 -6.258016591289302363e-19
3.250691971948618808e-05 -7.022048327436424974e-09 3.264476752721406061e-18
2.769088143671563640e-05 -7.024799810423677526e-09 -6.641392415739178032e-18
2.381394802946842915e-05 -7.042795086905920956e-09 -9.186898751437857933e-18
2.064050663047600764e-05 -7.071502045364509279e-09 5.127480637073558804e-18
1.800631972918159684e-05 -7.109289442208013011e-09 -2.620260692637879255e-18
1.579371703577109320e-05 -7.154060343787609846e-09 -7.216953991204644951e-18
1.391623152679349884e-05 -7.204327000134444512e-09 6.679035252713712120e-18
1.230894776740529273e-05 -7.258729996337600573e-09 -3.182436690794628086e-18
1.092220647357783347e-05 -7.316140777837656912e-09 2.895287683291579658e-18
9.717386900667118743e-06 -7.375574137127072935e-09 1.122199054313856903e-17
8.664010483359213532e-06 -7.436180341436683812e-09 -3.407963932355130133e-18
7.737707673260985075e-06 -7.497217798072177009e-09 -1.071502383581688911e-17
6.918762530182948067e-06 -7.558039343993284765e-09 -3.759885138954679842e-18
6.191052311137201780e-06 -7.618077704731018891e-09 7.875023221615268440e-18
5.541262386950240870e-06 -7.676835641797552547e-09 9.961603376853862328e-18
4.958296449010524132e-06 -7.733876415191610629e-09 6.841682915805362635e-18
4.432827426618934918e-06 -7.788816441344203088e-09 1.541340207135305643e-18
3.956951277507558817e-06 -7.841319180079227395e-09 -3.184362480638596601e-18
3.523916949854655201e-06 -7.891089420941397085e-09 6.060725137157159967e-18
3.127913433750850736e-06 -7.937868935476758287e-09 2.160490500696198443e-18
2.763900046352796291e-06 -7.981432139206413087e-09 -2.101125072136079370e-18
2.427469768515044812e-06 -8.021583040556923564e-09 -2.747126814085871490e-18
2.114738066445742692e-06 -8.058151764538162148e-09 -3.685460530584426358e-18
1.822251481365527725e-06 -8.090992335352399367e-09 8.455273364795716424e-18
1.546911647189869177e-06 -8.119980178267218631e-09 3.965998832459638665e-18
1.285911386431776160e-06 -8.145010344020119744e-09 -1.098586759036260143e-17
1.036680247232940610e-06 -8.165995691431362181e-09 -1.351892095745851663e-18
7.968374215149010009e-07 -8.182865752377049676e-09 -4.664820969139181076e-18
5.641503541126136057e-07 -8.195565380548889091e-09 -2.620128106518914119e-18
3.364976773161110213e-07 -8.204054017585121201e-09 1.080980332676232406e-17
1.118353077506073490e-07 -8.208304944596284039e-09 1.143428556804701635e-18
-1.118353078685685453e-07 -8.208304944507802183e-09 -2.499895005521186070e-18
-3.364976774444805585e-07 -8.204053998453786900e-09 8.779134266957258868e-18
-5.641503535505631994e-07 -8.195565394647419971e-09 1.091512979153508311e-18
-7.968374216502094320e-07 -8.182865759950397727e-09 -7.119134233822071334e-18
-1.036680247423760193e-06 -8.165995694719939475e-09 -5.698712545988149872e-19
-1.285911386400551137e-06 -8.145010345464352278e-09 -4.637819706967772505e-18
-1.546911647221094199e-06 -8.119980157301306919e-09 -3.877980106031778258e-19
-1.822251481167769249e-06 -8.090992352731894171e-09 2.916095376587184651e-18
-2.114738066712890108e-06 -8.058151778318256617e-09 1.283796582199478341e-18
-2.427469768580964304e-06 -8.021583005431843670e-09 -3.541849225306482886e-18
-2.763900046245243436e-06 -7.981432190006219828e-09 2.969134043700163393e-18
-3.127913433698809031e-06 -7.937868920854031472e-09 -7.076657591579409654e-18
-3.523916950059352571e-06 -7.891089429555421065e-09 -8.419002790963514032e-19
-3.956951277819809043e-06 -7.841319165691636595e-09 3.832769720567158269e-19
-4.432827426143620686e-06 -7.788816445381565778e-09 4.877674210726184383e-18
-4.958296448358268105e-06 -7.733876403173152785e-09 -6.115605889734017401e-18
-5.541262387553924640e-06 -7.676835650668121631e-09 -9.279265506407991366e-18
-6.191052311563943755e-06 -7.618077717517679370e-09 -4.895514480526532252e-18
-6.918762530172539726e-06 -7.558039320391297334e-09 1.037797288140584457e-19
-7.737707673080573834e-06 -7.497217788816525572e-09 9.709455160299459735e-18
-8.664010482557771287e-06 -7.436180344047970583e-09 1.062927658694084652e-17
-9.717386900962021734e-06 -7.375574135369869999e-09 -7.895815887875377620e-18
-1.092220647436192849e-05 -7.316140775486528370e-09 -1.580595039260381153e-17
-1.230894776749202890e-05 -7.258729998783027705e-09 3.682283179209345049e-18
-1.391623152631124571e-05 -7.204326999119245746e-09 1.747748329940924172e-18
-1.579371703512577607e-05 -7.154060347864561401e-09 2.728081581347044506e-18
-1.800631972954588877e-05 -7.109289456538493607e-09 6.061606604122612998e-18
-2.064050663061131607e-05 -7.071502052615779670e-09 4.731135905486131549e-18
-2.381394803046762987e-05 -7.042795101300326070e-09 1.064362311639585694e-18
-2.769088143594541918e-05 -7.024799797900176287e-09 7.903328128451711449e-18
-3.250691971851127349e-05 -7.022048308551461455e-09 3.807239234440726052e-18
-3.861430678177638076e-05 -7.033208888133590789e-09 1.733854461192757699e-18
-4.654829916747246776e-05 -7.076088408153752585e-09 -1.957454285968130092e-18
-5.724418097203740063e-05 -7.120399077238841725e-09 3.797125904320745630e-18
-7.198829676999946026e-05 -7.273424599109187395e-09 -3.131255330286617857e-18
-9.533497336555382673e-05 -7.280704899795349938e-09 9.086282656884038465e-19
-1.259380692050816875e-04 -7.878245122284980086e-09 -6.846514976824010903e-19
-2.427148164132267305e-04 -7.197822559401690023e-09 -6.578129089410074484e-18
-2.996164525522725108e-04 -1.033855630114046698e-08 -1.459671375135549197e-18
-4.141590804093736589e-03 -4.348611720648621838e-09 1.855207291629865413e-18
-2.797627857689190603e-02 -2.619573524452735414e-08 -6.302128498618138825e-18
-2.797605252157018760e-02 -6.655510686775868222e-10 -4.503703483631898873e-18
-4.141696046294416483e-03 -1.251987039004700287e-10 -9.449580972074070696e-19
-2.996431204945575189e-04 -2.565294266543854873e-10 1.794079650091022711e-17
-2.427752582687577043e-04 -1.837461402455211451e-10 5.287068750624643418e-18
-1.260019973722617537e-04 -1.935282935237198079e-10 1.730871477930309452e-18
-9.541004679494355378e-05 -1.770160529832068790e-10 1.698812305556707490e-17
-7.207288859528704350e-05 -1.722044982749630905e-10 -1.385813380292703425e-17
-5.733902673884377910e-05 -1.643516779604182759e-10 -8.220004492171268396e-18
-4.665368165484781726e-05 -1.582139405184505339e-10 -6.701929584771592213e-18
-3.873070567074476944e-05 -1.516675714019696901e-10 -1.280847808403298501e-17
-3.263485755367404040e-05 -1.451501590377452908e-10 -2.192662707254120447e-18
-2.783095741031027526e-05 -1.382278541073901310e-10 6.292248209785945912e-18
-2.396683160732493434e-05 -1.307991887173331208e-10 3.651083536294555147e-18
-2.080694173269004299e-05 -1.226517702125424155e-10 -7.442209523870312719e-20
-1.818712797446719875e-05 -1.136095383447226742e-10 -5.451101474485056942e-18
-1.598980231714425271e-05 -1.034733444283282064e-10 1.578114958900537909e-17
-1.412858539499156629e-05 -9.203596642344273558e-11 -8.695268216422837340e-18
-1.253865567772682876e-05 -7.907229911216898086e-11 3.983719096165056163e-18
-1.117045489973725325e-05 -6.433826181193159482e-11 -8.771723176452564857e-18
-9.985471378388260932e-06 -4.756742789159230543e-11 -9.383959396792775451e-18
-8.953344600236279316e-06 -2.846858956455406326e-11 -4.371985182765121002e-18
-8.049833108859233421e-06 -6.723456783243345807e-12 -7.683162637700142134e-18
-7.255360236286395592e-06 1.801564891955132987e-11 1.162538196395243019e-17
-6.553954908884024322e-06 4.612748999353507801e-11 3.372556202698829544e-18
-5.932467952891873342e-06 7.802370915109254693e-11 -4.833333863445326051e-18
-5.379983803087406979e-06 1.141492488823547422e-10 -9.659171215097532539e-18
-4.887373090539659515e-06 1.549833568519903596e-10 6.362467631998048700e-18
-4.446948320101229424e-06 2.010386076123061166e-10 3.458774602743700018e-19
-4.052195898059107737e-06 2.528595613684524480e-10 6.987468713351165000e-18
-3.697565549288378550e-06 3.110201604054300833e-10 5.120119096358899834e-18
-3.378303217550088222e-06 3.761189466773596323e-10 -8.375046929425726127e-18
-3.090317350580573663e-06 4.487732763319962244e-10 -4.036488197011692237e-18
-2.830071079741591777e-06 5.296108851226840236e-10 8.979174260790293497e-18
-2.594494560886895229e-06 6.192591425841987615e-10 -3.701751180148371477e-18
-2.380913289062175364e-06 7.183315235163022757e-10 3.837236039549962139e-18
-2.186989037204073449e-06 8.274114604628084107e-10 1.375144208735700852e-17
-2.010670929367824877e-06 9.470328709640479339e-10 -8.860294322314819736e-18
-1.850154695740013899e-06 1.077657618472422738e-09 4.294842669928119021e-18
-1.703848502863924974e-06 1.219650320626539890e-09 8.665187685329669997e-18
-1.570344220068464747e-06 1.373250770133176395e-09 -8.299414864053390306e-18
-1.448393102145700828e-06 1.538543788358501094e-09 6.847218949089106593e-18
-1.336885107908192261e-06 1.715429665021109852e-09 -7.043055974676996998e-19
-1.234831280196718728e-06 1.903593451373912569e-09 9.725967043352779756e-18
-1.141348620659760060e-06 2.102477899896195983e-09 1.207899102529136285e-18
-1.055647103620493965e-06 2.311259847051259204e-09 4.074043151780508841e-18
-9.770184476558252396e-07 2.528832924483640304e-09 -1.538546512359160728e-17
-9.048263932102951212e-07 2.753799954774205386e-09 1.111667788188992131e-17
-8.384982819256703301e-07 2.984475631988696244e-09 -1.501653913186295790e-17
-7.775176890691126719e-07 3.218903139521968651e-09 2.221134769624242998e-19
-7.214180306504280882e-07 3.454885338351302658e-09 -1.135747151940841485e-17
-6.697769645569451313e-07 3.690031956799892536e-09 -6.921490988401393014e-18
-6.222114765051800500e-07 3.921821733753725004e-09 1.055139767523135500e-17
-5.783736259194760532e-07 4.147678974347728357e-09 2.454854449586983922e-18
-5.379467790181391429e-07 4.365061012995943097e-09 2.031105644749589274e-18
-5.006423543577054325e-07 4.571552486119539538e-09 -1.497158282686063476e-17
-4.661969656913345084e-07 4.764961446225695738e-09 1.996883159507898020e-18
-4.343699169205572641e-07 4.943411457693407982e-09 -1.474070859116204518e-17
-4.049410453690893696e-07 5.105422612065081814e-09 -3.305087891854213333e-18
-3.777088289635965879e-07 5.249976636276594563e-09 -2.271329586353877570e-18
-3.524887259784281746e-07 5.376560556346997022e-09 6.850098038687388607e-18
-3.291117294142165139e-07 5.485185515785944971e-09 8.998885754541687507e-18
-3.074230776715924929e-07 5.576378849044893192e-09 1.907670607361940524e-17
-2.872811230326954846e-07 5.651151273235981369e-09 4.319796165809300432e-18
-2.685563157758807940e-07 5.710939089048925525e-09 1.007535649049739232e-17
-2.511302636711010283e-07 5.757528769651709162e-09 2.803591942174187293e-17
-2.348948824788810175e-07 5.792967046653003483e-09 9.536449425382846508e-18
-2.197515918574144411e-07 5.819463344034322463e-09 -8.924081203591032971e-18
-2.056105735358249031e-07 5.839292582182530440e-09 -6.555714714264247995e-18
-1.923900655904919876e-07 5.854700534873333069e-09 -7.909898005541953551e-18
-1.800156844214417795e-07 5.867821480954455259e-09 -1.396363124937479301e-17
-1.684197914672558305e-07 5.880607189347090333e-09 -9.466024267543469621e-18
-1.575408709632297732e-07 5.894772371897062546e-09 -3.211765939653856910e-18
-1.473229665031883240e-07 5.911757768896572141e-09 -8.391858308023782550e-19
-1.377151395143272339e-07 5.932707379330742013e-09 -5.723232812682543462e-18
-1.286709555986531583e-07 5.958462885428687229e-09 1.427734548970941622e-17
-1.201480160431533939e-07 5.989569859644024709e-09 1.736593738700065845e-17
-1.121075140185501251e-07 6.026294824090714027e-09 1.069084972307852861e-17
-1.045138406582934998e-07 6.068650604003961874e-09 -1.757308492237503973e-17
-9.733422687632775627e-08 6.116426929557001681e-09 -7.480273149962001508e-18
-9.053840727482609374e-08 6.169223832526246217e-09 -1.486063124907398194e-17
-8.409832815206574885e-08 6.226486662720584712e-09 -1.540857620013925555e-17
-7.798787979296228912e-08 6.287540313548438067e-09 3.487427992172925017e-18
-7.218266390163208257e-08 6.351621322349073123e-09 -1.816493266353104577e-17
-6.665979490616535941e-08 6.417907668802923222e-09 -8.018284796285224984e-18
-6.139770871924077333e-08 6.485544937774434998e-09 2.738611318762765818e-17
-5.637600608912607392e-08 6.553669276598861076e-09 1.465013056088396119e-17
-5.157530470409343870e-08 6.621426415070238604e-09 -4.227962206814920327e-18
-4.697711910445212524e-08 6.687987161548869170e-09 -2.715778241176233372e-18
-4.256375738670437059e-08 6.752560198980291195e-09 -4.977390052872879535e-18
-3.831821761973719376e-08 6.814401305830565729e-09 2.890200114548081012e-18
-3.422410400910624872e-08 6.872820493051332550e-09 2.746583636457360040e-17
-3.026554487584043329e-08 6.927186935092503646e-09 -2.688597710996990084e-19
-2.642712789574508392e-08 6.976931845741802407e-09 7.124253507826910229e-18
-2.269384416844766328e-08 7.021550694670552893e-09 -4.979759803694995683e-18
-1.905102338384256910e-08 7.060603468997299260e-09 3.482050874243127296e-19
-1.548427834910381939e-08 7.093715028075171572e-09 -2.524854200316734474e-17
-1.197945975403569285e-08 7.120574237668524253e-09 -1.086492256647077925e-17
-8.522615117106946414e-09 7.140933964319031266e-09 -1.483497430713515299e-17
-5.099933253482902273e-09 7.154609218557350077e-09 3.689248188959148325e-18
-1.697707269904258354e-09 7.161477407208039827e-09 1.203009967961475794e-17
1.697706451114777693e-09 7.161477481891289647e-09 1.687313942173501183e-18
5.099933725327687739e-09 7.154609210777031511e-09 -1.592060341414316982e-17
8.522615765893526429e-09 7.140933927593933432e-09 -1.402235364174598853e-17
1.197946052425291619e-08 7.120574316646705090e-09 1.039294409298701896e-17
1.548427749215042226e-08 7.093714967182547885e-09 3.908821374014522791e-17
1.905102282873105679e-08 7.060603512731681587e-09 2.531195399451039085e-17
2.269384576786270813e-08 7.021550673610083684e-09 -8.045355706336980297e-18
2.642712659817192389e-08 6.976931817849751917e-09 5.612647828006039032e-18
3.026554303009465485e-08 6.927186959023255666e-09 -4.513383570737030954e-17
3.422410520606544715e-08 6.872820479944558137e-09 1.429908984842012739e-17
3.831821897282150502e-08 6.814401334526205641e-09 -4.537930045130878308e-18
4.256375852121352388e-08 6.752560194068681315e-09 2.880000195588657448e-17
4.697711728299247547e-08 6.687987149536545698e-09 -4.724186100227309375e-17
5.157530296243106882e-08 6.621426408963839121e-09 -1.728188654854676986e-17
5.637600744567983213e-08 6.553669309354402696e-09 -2.608606006369078337e-18
6.139770965252200341e-08 6.485544931099143703e-09 1.866310954361462924e-17
6.665979615863570906e-08 6.417907632458496387e-09 5.953572584761930978e-18
7.218266205241685718e-08 6.351621329729694708e-09 3.255960374615016443e-17
7.798787804436102533e-08 6.287540289238175582e-09 3.895604587656659564e-18
8.409832957800844611e-08 6.226486680922197783e-09 -3.132135402624657762e-17
9.053840815953506649e-08 6.169223814514256030e-09 -1.598204801163977654e-18
9.733422822594262058e-08 6.116426943364320318e-09 6.811784560278397976e-18
1.045138389027533421e-07 6.068650622103606736e-09 7.794683772352984322e-18
1.121075124538295498e-07 6.026294829893333085e-09 1.593359780417506469e-17
1.201480169243929197e-07 5.989569839569694584e-09 -1.578537210825569998e-17
1.286709569517374696e-07 5.958462904322372540e-09 -1.856468420771958373e-17
1.377151404580168048e-07 5.932707367778211846e-09 -1.473494510163170340e-18
1.473229647962204236e-07 5.911757748383948787e-09 -2.802362270485930532e-18
1.575408694470814552e-07 5.894772416473408857e-09 1.614944593080065649e-17
1.684197924213537423e-07 5.880607100257031826e-09 1.660397532041347072e-17
1.800156857849344316e-07 5.867821560712950309e-09 -1.762073822929633242e-17
1.923900664370370439e-07 5.854700530857238846e-09 -8.207224629664113383e-18
2.056105719676348809e-07 5.839292578996852760e-09 -1.688401169807499864e-17
2.197515904106550622e-07 5.819463375302444449e-09 4.027919405680849964e-17
2.348948831484842792e-07 5.792966991523175897e-09 1.044952267891148580e-17
2.511302649929603170e-07 5.757528798608026773e-09 -3.466051492403153483e-17
2.685563168722260308e-07 5.710939076459229984e-09 3.862716637777620769e-18
2.872811215443027422e-07 5.651151269358403503e-09 3.645015037830685075e-18
3.074230755170659357e-07 5.576378873741951949e-09 1.756991332582148694e-17
3.291117305695423489e-07 5.485185453762791207e-09 -2.706786684360430090e-17
3.524887274564125761e-07 5.376560627553642296e-09 -8.463362377329933467e-18
3.777088301952502558e-07 5.249976621350524074e-09 4.284718292688375692e-17
4.049410434851796747e-07 5.105422585591199397e-09 -2.542597228569189785e-17
4.343699150956281674e-07 4.943411447458533518e-09 2.916953962578203503e-17
4.661969667044130183e-07 4.764961485257450403e-09 -4.757598576132058441e-18
5.006423558183425992e-07 4.571552470659196400e-09 -4.072277814449306533e-17
5.379467794691672466e-07 4.365061018344701387e-09 4.130896260381961264e-17
5.783736235741299136e-07 4.147678951412779372e-09 -2.695394010066323526e-17
6.222114769596776007e-07 3.921821749674820978e-09 1.133715224654243252e-17
6.697769649247065082e-07 3.690031934785269664e-09 1.399321369400127983e-17
7.214180318508567336e-07 3.454885385729609144e-09 -3.168922186181828986e-17
7.775176893605462158e-07 3.218903089262217379e-09 3.264132287930005844e-17
8.384982799446161206e-07 2.984475648146564397e-09 -3.616400925808578272e-17
9.048263934947897713e-07 2.753799969354312547e-09 3.491235938981731341e-17
9.770184481519561537e-07 2.528832896831784452e-09 -1.354798119665164132e-17
1.055647104262341651e-06 2.311259848856799266e-09 9.960862035517224231e-18
1.141348621294668852e-06 2.102477911429381290e-09 -4.150763744420086250e-18
1.234831277997089360e-06 1.903593483239113374e-09 -7.410162879249285049e-18
1.336885108067786820e-06 1.715429654505520067e-09 1.798815682076648722e-17
1.448393103009593119e-06 1.538543815871095300e-09 -1.686258302965775781e-17
1.570344220453573358e-06 1.373250735754112497e-09 7.892182623528710939e-18
1.703848503124133495e-06 1.219650345319049154e-09 -1.319366642456135906e-17
1.850154694456318527e-06 1.077657603220768996e-09 -2.217548934332093530e-17
2.010670929808444640e-06 9.470328228892471008e-10 2.115284969324819593e-19
2.186989037356729115e-06 8.274114574236070466e-10 2.797511390908853004e-17
2.380913289898312080e-06 7.183315981437099596e-10 -1.166319267879218363e-17
2.594494561223431583e-06 6.192591363140985809e-10 4.668242905184362769e-18
2.830071077264406654e-06 5.296108643676562189e-10 -5.550177582501938622e-18
3.090317351312626970e-06 4.487733107859720799e-10 1.422982822380545306e-18
3.378303218292549870e-06 3.761188860411147853e-10 1.786208937298038846e-19
3.697565549781040017e-06 3.110201625168764256e-10 -9.199521952285769230e-18
4.052195898298499577e-06 2.528595955942207530e-10 1.638473965853211017e-17
4.446948317585880384e-06 2.010386091101134846e-10 -1.487114985841054972e-17
4.887373092066216174e-06 1.549833439012205556e-10 1.657519999413172325e-17
5.379983803583537894e-06 1.141492737443003739e-10 1.490522566779575173e-17
5.932467952746156570e-06 7.802368011411903668e-11 -1.027857857832858681e-17
6.553954909387094130e-06 4.612751789817443029e-11 -4.322590248509790291e-18
7.255360234759838933e-06 1.801561295346780800e-11 -5.383104254057229622e-18
8.049833109508020001e-06 -6.723459023581798388e-12 1.397324783051276938e-17
8.953344601079354925e-06 -2.846861710154637484e-11 -1.795076697376867466e-17
9.985471377777638269e-06 -4.756735930006116712e-11 -4.816147544487114383e-18
1.117045490072604563e-05 -6.433833800659424944e-11 -7.107297505330921303e-19
1.253865567499637401e-05 -7.907222712501510591e-11 1.617025643543986831e-17
1.412858539614342268e-05 -9.203602379777569681e-11 -6.180317780651466615e-18
1.598980231952429332e-05 -1.034733072890035501e-10 9.188796410743316904e-18
1.818712797235083611e-05 -1.136095275981770308e-10 1.098889571995602316e-17
2.080694173324515450e-05 -1.226518028383949368e-10 -2.840245428579365381e-17
2.396683160524673561e-05 -1.307991699592839237e-10 -1.455277664229858041e-17
2.783095741267296863e-05 -1.382279070899738932e-10 2.250727365576525136e-17
3.263485755480508010e-05 -1.451501254799708254e-10 -1.988838969417010396e-17
3.873070566745573373e-05 -1.516675434097314973e-10 3.066180216933271596e-17
4.665368165589905969e-05 -1.582139650910119914e-10 2.513047351142618519e-18
5.733902673939195171e-05 -1.643516545748293578e-10 3.669298302497527558e-18
7.207288859559929373e-05 -1.722045325329961956e-10 -2.158763209263589950e-17
9.541004679545009304e-05 -1.770160074838450840e-10 1.178341552048972309e-18
1.260019973707247887e-04 -1.935283235523054423e-10 4.728956079648809562e-18
2.427752582693683270e-04 -1.837461458594863611e-10 7.493684606798409374e-18
2.996431204947136440e-04 -2.565294532623241037e-10 -1.364697989245894271e-17
4.141696046294354033e-03 -1.251986845843620872e-10 2.454128099760965263e-18
2.797605252157018413e-02 -6.655510488236267110e-10 4.823674637631601597e-18
