2.797957738434294142e-02 -5.114129327919245533e-07 -3.188728018790379831e-18
4.140020167171142712e-03 -9.260514626282151343e-08 -5.782543405970764706e-18
2.991920967095815231e-04 -2.038075460345420186e-07 -8.003547745741083269e-18
2.417749826118080481e-04 -1.473038197609939728e-07 3.335825276055831490e-18
1.249271659260788037e-04 -1.596494005616632832e-07 -2.602846676387245516e-18
9.413467891045135261e-05 -1.499370192503615159e-07 4.981040621884412653e-19
7.061757541216434619e-05 -1.503929807958014522e-07 4.313500887974841701e-19
5.568595374811149967e-05 -1.485279264192777234e-07 7.919240782490186972e-18
4.479133404287558018e-05 -1.484465234162978695e-07 -1.654551738145016133e-18
3.664332916672452534e-05 -1.483886311041707367e-07 9.052723841361184587e-18
3.030474740175689852e-05 -1.487816072488561546e-07 5.006776441911890707e-18
2.523769052147767367e-05 -1.493249391114420991e-07 1.241548055247698975e-18
2.108710512024186690e-05 -1.500108710129633505e-07 5.209833945163461389e-18
1.761418578996240547e-05 -1.507535105927609328e-07 -2.370311778049335825e-18
1.465107047076211200e-05 -1.515128372000023518e-07 8.864322167629236810e-19
1.207593165474321606e-05 -1.522470875130868971e-07 -1.026194618988638643e-17
9.797501907059941173e-06 -1.529263794007512198e-07 1.975450740474232409e-18
7.745285343828400837e-06 -1.535258860775502383e-07 -1.496366744749517695e-18
5.863093307117289710e-06 -1.540266547752158251e-07 6.840301965673387452e-18
4.104614983777010728e-06 -1.544141945338078771e-07 -3.983648233833566159e-19
2.430252492111734108e-06 -1.546781337581444460e-07 3.205674094759461252e-18
8.047431624552681129e-07 -1.548117512160482935e-07 -6.459733607858538198e-18
-8.047431623407763635e-07 -1.548117512604144234e-07 2.340035213195615503e-18
-2.430252492149898025e-06 -1.546781337288385354e-07 -4.333041309304741180e-18
-4.104614983842930220e-06 -1.544141945604941001e-07 -1.620801886933840902e-18
-5.863093307183209202e-06 -1.540266547366009166e-07 -3.231531287740721812e-18
-7.745285343738195216e-06 -1.535258861112442296e-07 -2.781809616902146576e-18
-9.797501907372191399e-06 -1.529263793872697111e-07 -4.027722211816006858e-19
-1.207593165446566030e-05 -1.522470875010149570e-07 -7.899698906610350584e-18
-1.465107047086272596e-05 -1.515128372103131250e-07 -1.705045194435101138e-18
-1.761418578954607184e-05 -1.507535105970708482e-07 -8.145191750158535795e-18
-2.108710512077963117e-05 -1.500108709936472671e-07 -6.977670152605036054e-19
-2.523769052120705680e-05 -1.493249391324457104e-07 4.959446546756335511e-18
-3.030474740162159009e-05 -1.487816072656073958e-07 4.642124707273043103e-18
-3.664332916713392008e-05 -1.483886310988455464e-07 7.893335765507227467e-18
-4.479133404272986341e-05 -1.484465234059870962e-07 1.023540509862585645e-17
-5.568595374800741626e-05 -1.485279264055319139e-07 6.583134855591081768e-18
-7.061757541239332969e-05 -1.503929808268708854e-07 6.262711410155928513e-18
-9.413467890998991616e-05 -1.499370192507555979e-07 1.117882250662409581e-18
-1.249271659260926814e-04 -1.596494005475054452e-07 3.792767821165751032e-18
-2.417749826117907008e-04 -1.473038197713516505e-07 -4.296383462355678629e-18
-2.991920967101123485e-04 -2.038075460130485576e-07 -4.350265751914397512e-18
-4.140020167171156590e-03 -9.260514625520546963e-08 -1.717037911589675269e-18
-2.797957738434261876e-02 -5.114129328021935572e-07 -1.002925279044880652e-17
-2.797605195124239219e-02 -1.911147087587125760e-10 -6.235231200303197704e-18
-4.141696346018932523e-03 -3.821594365801024996e-11 -3.855476863608765655e-18
-2.996432235713233916e-04 -7.907441265330267776e-11 5.096935227129967425e-18
-2.427754764274883681e-04 -5.937705869111441727e-11 -4.478889969020190005e-18
-1.260022473532525222e-04 -6.467265643338037274e-11 2.232764843828838816e-17
-9.541035375908515914e-05 -6.197053764081732470e-11 1.625011309027780987e-17
-7.207325006144960078e-05 -6.310360223205106354e-11 -1.064159587796947424e-17
-5.733944725477488347e-05 -6.347044967211845519e-11 -6.826756971400532692e-18
-4.665416422512669303e-05 -6.465161963470645206e-11 1.353040189931084392e-18
-3.873125379230332732e-05 -6.599969613615052689e-11 -1.934538351412937384e-17
-3.263547472111966163e-05 -6.771287020383615404e-11 1.238864772383674850e-17
-2.783164721087416638e-05 -6.969755867976697339e-11 -1.196976870510831586e-17
-2.396759767683831477e-05 -7.197815241669090168e-11 -1.192315787817797642e-17
-2.080778773783445446e-05 -7.454436244439544891e-11 2.309626109571896928e-18
-1.818805758587935251e-05 -7.740426799576987001e-11 -1.477906571653436448e-17
-1.599081917369113426e-05 -8.056410502094955308e-11 2.091592016441728417e-18
-1.412969306651551404e-05 -8.403436611411537477e-11 2.064511084428315642e-17
-1.253985761762513307e-05 -8.782693169415964426e-11 6.815812192113923878e-18
-1.117175439094633682e-05 -9.195587182312940443e-11 3.116062362227884729e-19
-9.986871470950980934e-06 -9.643601193448959962e-11 1.075587760982637166e-17
-8.954848038041085534e-06 -1.012838810298123609e-10 7.598564135980978221e-18
-8.051442248236534427e-06 -1.065162027197460610e-10 -5.422078567144235222e-18
-7.257076950609175903e-06 -1.121501260321219598e-10 2.719877880992045190e-19
-6.555780485032608462e-06 -1.182025872247122893e-10 -2.104088511728657278e-18
-5.934402970399210719e-06 -1.246897231400114206e-10 -1.314194378874943081e-18
-5.382028002414579460e-06 -1.316257976565325921e-10 9.973537069142720580e-20
-4.889525228892604991e-06 -1.390227493327099355e-10 -2.114854220151043131e-18
-4.449206008779599264e-06 -1.468883962715681782e-10 4.766146081150669331e-18
-4.054555428196354727e-06 -1.552252335795733740e-10 -1.260914180201282679e-17
-3.700021704289985225e-06 -1.640282685085348820e-10 -1.108158570050805477e-18
-3.380849070356434227e-06 -1.732824077042518494e-10 9.411654201448711410e-18
-3.092944049636753290e-06 -1.829593464498079744e-10 -2.202085085555280178e-17
-2.832767625794013755e-06 -1.930135622053467232e-10 -6.550454906739431988e-18
-2.597247577430794596e-06 -2.033769738966329235e-10 1.077714844267103714e-17
-2.383706786453915205e-06 -2.139525058159606962e-10 -7.448702713595620074e-18
-2.189804182671506450e-06 -2.246062687524257718e-10 1.235894838359458317e-17
-2.013485821669713793e-06 -2.351567180005821519e-10 1.329958238037301485e-18
-1.852944155038976914e-06 -2.453622718714928772e-10 -1.678848653244963090e-18
-1.706583884795304096e-06 -2.549046227504155754e-10 -1.961946478599346066e-18
-1.572993261558103262e-06 -2.633685455194914720e-10 -1.208428834144118744e-17
-1.450919813468509734e-06 -2.702161912968600808e-10 2.304238242634882438e-18
-1.339249719994189958e-06 -2.747542874991372808e-10 1.292872348511637766e-17
-1.236990263532578016e-06 -2.760939581009317482e-10 1.196582432647595330e-17
-1.143254788654041176e-06 -2.730992819069150956e-10 9.226853276471170506e-19
-1.057249818144090359e-06 -2.643231636610279659e-10 8.376446624646998740e-18
-9.782639428974893026e-07 -2.479263387317044629e-10 -7.956943482932834806e-18
-9.056582330503604172e-07 -2.215766522907031445e-10 8.282074683524512311e-18
-8.388579764463666155e-07 -1.823219811350357066e-10 -1.174297965013593028e-18
-7.773454814216651521e-07 -1.264319123969435696e-10 -7.078224960371634000e-18
-7.206538901738390734e-07 -4.920040699028200212e-11 -1.589376127632150753e-17
-6.683618005848268595e-07 5.529994462874734969e-11 -1.816950723640907157e-17
-6.200886222343382492e-07 1.945212351598568793e-10 4.847851841829569540e-18
-5.754906240440504916e-07 3.778137504733900024e-10 1.222274050822984218e-17
-5.342575370367863563e-07 6.168818401182367532e-10 1.126836500983513202e-17
-4.961097368715028377e-07 9.263349723331796096e-10 8.658846841555631540e-18
-4.607959233002278943e-07 1.324344426221065991e-09 -1.061214044565325700e-17
-4.280912743771791984e-07 1.833413704550176745e-09 1.219795324116475191e-18
-3.977960902935839815e-07 2.481259369191705220e-09 3.664135052666176226e-18
-3.697348752058904342e-07 3.301784544880839285e-09 -4.904152479675744256e-18
-3.437558417189456872e-07 4.336100834619664883e-09 -1.195314975697347181e-17
-3.197308038188628743e-07 5.633514167160846977e-09 -9.907998957932686139e-18
-2.975553904695227292e-07 7.252329168749629383e-09 4.343616005816952878e-19
-2.771494667548612956e-07 9.260247321952340428e-09 5.515629758689112458e-18
-2.584575828322444035e-07 1.173402784295788801e-08 -3.319948912924978142e-19
-2.414491228168447190e-07 1.475796043697300087e-08 1.157335503131542599e-17
-2.261177750977061418e-07 1.842058309627386345e-08 1.772308845761042475e-17
-2.124797164049230247e-07 2.280900894682863387e-08 -1.416591372627446910e-18
-2.005698129838029420e-07 2.800027604096794747e-08 -8.987007727467271859e-18
-1.904350300022117359e-07 3.404940058982832016e-08 5.699325183184057353e-18
-1.821242913181697620e-07 4.097441970341275194e-08 -7.067245032785441348e-18
-1.756743795919279982e-07 4.873971480366433742e-08 -1.053048383711376125e-17
-1.710920780224889359e-07 5.724028024877581822e-08 8.187468934245068044e-19
-1.683338908542442169e-07 6.629103579779321710e-08 8.864908653833641406e-18
-1.672859654203162627e-07 7.562618475614112141e-08 1.038810648503329192e-17
-1.677481943872238812e-07 8.491317130394212848e-08 6.573957413261363637e-19
-1.694271980212658235e-07 9.378327335149892443e-08 -3.133108970200195352e-17
-1.719423099212635808e-07 1.018763173734663989e-07 2.056957219196562827e-18
-1.748465951051381140e-07 1.088915956474694238e-07 -4.428930894178048822e-18
-1.776613736334531346e-07 1.146331096678163562e-07 1.062321313843947944e-17
-1.799189152280888937e-07 1.190370929548954184e-07 7.768564347524670199e-18
-1.812053697092252946e-07 1.221742541422613682e-07 1.014899521505445730e-17
-1.811956588174123972e-07 1.242267991803605552e-07 1.715276872820168353e-17
-1.796743391499489029e-07 1.254477550069825268e-07 -5.264319933746855938e-18
-1.765402554108896904e-07 1.261142547449176017e-07 -4.679164322615596807e-18
-1.717967245892793038e-07 1.264860245934375226e-07 1.586885517506954565e-17
-1.655316626270053604e-07 1.267763987768203060e-07 -6.614458643730904488e-18
-1.578929449651267358e-07 1.271381239248775311e-07 -2.627306266988390751e-17
-1.490637069403999426e-07 1.276620887617984274e-07 -1.518912225667990067e-17
-1.392407897177205811e-07 1.283849399007831814e-07 -7.145420933044467210e-18
-1.286179602127957011e-07 1.293012181554825301e-07 -6.010480606299464573e-18
-1.173742467976135462e-07 1.303764922671940156e-07 1.447870136804098239e-17
-1.056668777407732129e-07 1.315592239797669097e-07 1.782821420278199403e-17
-9.362795055922745746e-08 1.327902764911998144e-07 4.045108052519570262e-17
-8.136383951307113449e-08 1.340098247921585170e-07 1.066837114492009123e-17
-6.895645979221320943e-08 1.351619278598149419e-07 -2.209114734115356161e-17
-5.646569624720432223e-08 1.361972437630354625e-07 -2.594222969922585170e-17
-4.393250049861130435e-08 1.370744104529976196e-07 -3.932532148029145593e-17
-3.138229143218040917e-08 1.377605590900771632e-07 1.323023090829525660e-18
-1.882845228687313188e-08 1.382313341748003987e-07 1.365575545915582100e-17
-6.275828245971837305e-09 1.384706965029755809e-07 6.065425916015548940e-18
6.275827305751713325e-09 1.384706965028355028e-07 1.509735461778874694e-17
1.882845296341528751e-08 1.382313341692624973e-07 1.176109036280723145e-17
3.138229199076136844e-08 1.377605590602575800e-07 -1.337696224008585123e-17
4.393250114045899046e-08 1.370744104768588818e-07 3.715879234649042696e-18
5.646569544229262938e-08 1.361972437678268103e-07 -1.006038111897077943e-17
6.895645924404059102e-08 1.351619278605948475e-07 -8.002529336020801570e-18
8.136384129636686779e-08 1.340098248219456482e-07 6.072760394036441273e-18
9.362794924777650962e-08 1.327902764313614895e-07 1.100679894758028179e-17
1.056668759505385857e-07 1.315592239970173180e-07 2.001712880066967513e-17
1.173742477100780945e-07 1.303764922465700339e-07 5.212031032026225840e-18
1.286179616317995045e-07 1.293012182009978984e-07 -1.844877380715197583e-17
1.392407909008019917e-07 1.283849398574075242e-07 -1.085212119343512654e-17
1.490637051397569746e-07 1.276620887878424671e-07 -1.054203815763996804e-17
1.578929434281617361e-07 1.271381239264309896e-07 -1.824880495834187663e-17
1.655316636366144234e-07 1.267763987647768739e-07 2.255623342238306190e-17
1.717967257133801162e-07 1.264860245678772447e-07 1.493722317585085201e-17
1.765402565245821620e-07 1.261142547933389813e-07 -8.247648434301490731e-19
1.796743371168529890e-07 1.254477549795913871e-07 9.874360200121682517e-18
1.811956574955531085e-07 1.242267992304298374e-07 -2.377532661346305066e-18
1.812053708749594705e-07 1.221742541100085770e-07 -8.292676370099956169e-19
1.799189163001480019e-07 1.190370929457221575e-07 -1.240002306803831459e-17
1.776613748581679086e-07 1.146331096605081560e-07 -5.687252469832137677e-18
1.748465936896037576e-07 1.088915956866061576e-07 -9.671952971843959298e-19
1.719423079506177121e-07 1.018763173680319943e-07 5.322994304009405230e-18
1.694271989788331823e-07 9.378327329834008958e-08 2.022300919925270882e-18
1.677481958166360254e-07 8.491317132424601115e-08 -1.881547692768826414e-17
1.672859663778836214e-07 7.562618479816809045e-08 2.658078892907834502e-17
1.683338890848262714e-07 6.629103573737169676e-08 1.378959051977620229e-17
1.710920764438905728e-07 5.724028027794274263e-08 -3.420276910866043055e-19
1.756743804801064179e-07 4.873971481257800923e-08 -2.127684764275150657e-17
1.821242926851318611e-07 4.097441967492741774e-08 -1.899019042437899715e-17
1.904350310256985868e-07 3.404940062740172232e-08 1.040169656676917321e-17
2.005698113878573441e-07 2.800027601503047844e-08 2.762245292996688153e-17
2.124797148228552146e-07 2.280900896443994439e-08 -1.989632503025229450e-17
2.261177762079291664e-07 1.842058311542345197e-08 1.970235053307466316e-18
2.414491236599203283e-07 1.475796041375270435e-08 1.758776118307685469e-17
2.584575840777758593e-07 1.173402787018279749e-08 -3.402038009854580637e-18
2.771494652456518715e-07 9.260247304676765979e-09 -3.469441164523993826e-17
2.975553883913240050e-07 7.252329142783238815e-09 1.376073650317715519e-17
3.197308050956193526e-07 5.633514174030919454e-09 3.278489492139217368e-17
3.437558429401910143e-07 4.336100816650205014e-09 -1.854454637484024228e-17
3.697348768608166303e-07 3.301784548999649488e-09 -9.276612468106889460e-18
3.977960882847741964e-07 2.481259370416614124e-09 3.106765427962499985e-18
4.280912723197971559e-07 1.833413712989338052e-09 2.914967503772977466e-17
4.607959246949455689e-07 1.324344434582492173e-09 -2.514994561869523567e-17
4.961097379574397337e-07 9.263349632963439141e-10 -1.080788562689963444e-17
5.342575376057756564e-07 6.168819008528350294e-10 1.744166264462330804e-17
5.754906217229904808e-07 3.778136755009090367e-10 -8.295290477220817151e-19
6.200886224355661724e-07 1.945212405959687510e-10 -1.841297381600881821e-17
6.683618012266745456e-07 5.529992907246449522e-11 1.219732606939512183e-17
7.206538912354898407e-07 -4.920038565810464138e-11 -2.542101066961089018e-18
7.773454818657543619e-07 -1.264318892624885467e-10 8.820664059017591933e-18
8.388579741357149455e-07 -1.823219938160983088e-10 -2.931369925093025098e-17
9.056582338726193449e-07 -2.215766693979992784e-10 1.703053212892244246e-17
9.782639431264728014e-07 -2.479262896190037192e-10 8.010522213381794166e-18
1.057249818726957447e-06 -2.643231726155591905e-10 -5.471212219738507205e-18
1.143254789254255499e-06 -2.730993394856373552e-10 1.592527271375499081e-17
1.236990261280906944e-06 -2.760938949231744692e-10 -1.073617277202948980e-17
1.339249720622159856e-06 -2.747542928598433679e-10 -3.399599637681298419e-18
1.450919813877904474e-06 -2.702161924343244130e-10 -3.788298015624254116e-18
1.572993261925864639e-06 -2.633685786247336222e-10 -5.067096060955414085e-18
1.706583885083268193e-06 -2.549046023138117746e-10 -3.872791220093035030e-18
1.852944153755281542e-06 -2.453622813115245275e-10 -9.793829139693139939e-18
2.013485821905636186e-06 -2.351567051983111202e-10 1.105105499418438499e-17
2.189804183101717872e-06 -2.246062533458783246e-10 3.888175719388305475e-18
2.383706787331685284e-06 -2.139525484956207406e-10 -1.539213493528375241e-17
2.597247577725697587e-06 -2.033769244714638763e-10 3.465142472640267146e-17
2.832767623400095358e-06 -1.930136042625765177e-10 -2.011454295514958222e-17
3.092944050150231439e-06 -1.829593340737053573e-10 -4.814227759719113884e-18
3.380849071241143200e-06 -1.732824222629242794e-10 3.316916059669573240e-18
3.700021704897138441e-06 -1.640282123914614443e-10 6.565832046476935779e-18
4.054555428283090901e-06 -1.552252776938565952e-10 -9.820773936075777963e-18
4.449206006052613960e-06 -1.468883956646264717e-10 4.119219767973206177e-18
4.889525230651614596e-06 -1.390227236256140197e-10 2.196495653634056344e-17
5.382028002893363139e-06 -1.316258700112764323e-10 -1.148990185420918610e-17
5.934402970256963394e-06 -1.246896678964456729e-10 -3.560952134760926725e-17
6.555780485442003203e-06 -1.182026065747866449e-10 1.435488226512327588e-17
7.257076949315072190e-06 -1.121501283957281081e-10 1.461872438853223640e-19
8.051442248819401515e-06 -1.065161430846164027e-10 4.847603963729170792e-18
8.954848038811302757e-06 -1.012838812323706949e-10 2.731659979024676168e-17
9.986871470243213755e-06 -9.643609517990393123e-11 -5.806655368717997186e-18
1.117175439207737653e-05 -9.195577464240491841e-11 -5.444002115655738045e-18
1.253985761470385873e-05 -8.782700335482367708e-11 -1.471543543843913605e-18
1.412969306760838983e-05 -8.403437023274711314e-11 -1.008093349222718850e-18
1.599081917624464722e-05 -8.056409540445194721e-11 -1.173600957623723328e-17
1.818805758360686475e-05 -7.740428171175060346e-11 8.363465662258527880e-18
2.080778773881283850e-05 -7.454432092163310440e-11 -9.258282415890444986e-18
2.396759767439929356e-05 -7.197814456784145530e-11 -6.799255560015557622e-18
2.783164721335482095e-05 -6.969754110141546893e-11 9.252138382684625150e-18
3.263547472233049862e-05 -6.771287704303277045e-11 8.246609575502636517e-18
3.873125378883734982e-05 -6.599974934145773549e-11 -9.886197523955464956e-18
4.665416422632018278e-05 -6.465161637366507050e-11 2.610448744542337546e-18
5.733944725516346153e-05 -6.347041061722785813e-11 -1.750566606420866666e-18
7.207325006178266769e-05 -6.310364053651792881e-11 7.250467865654026799e-18
9.541035375973394572e-05 -6.197054029464832115e-11 -1.936942076327835388e-18
1.260022473514761654e-04 -6.467262371677021496e-11 2.222035311773461417e-18
2.427754764280851130e-04 -5.937703462805754644e-11 2.970422726835077244e-18
2.996432235715836001e-04 -7.907447043751573002e-11 7.188919280595890642e-18
4.141696346019133751e-03 -3.821592257035637048e-11 -1.567138564962887913e-17
2.797605195124223607e-02 -1.911147221109017576e-10 4.311094424723929294e-18
