1.311586348986904047e-04 -1.617160648962928155e-06 -0.000000000000000000e+00
1.315232965670287278e-04 -1.617160650144122165e-06 -0.000000000000000000e+00
1.590897851639209754e-04 -1.617160651195938244e-06 -0.000000000000000000e+00
4.385257297629456362e-05 -1.617160652128611093e-06 -0.000000000000000000e+00
1.020219035076030891e-05 -1.617160652951089614e-06 -0.000000000000000000e+00
3.140876330927068428e-06 -1.617160653671158675e-06 -0.000000000000000000e+00
1.170016278699225052e-06 -1.617160654295554941e-06 -0.000000000000000000e+00
4.998569580910861185e-07 -1.617160654830055178e-06 -0.000000000000000000e+00
2.363774305169896541e-07 -1.617160655279555657e-06 -0.000000000000000000e+00
1.204233800493202084e-07 -1.617160655648139715e-06 -0.000000000000000000e+00
6.435702284011779565e-08 -1.617160655939129202e-06 -0.000000000000000000e+00
3.470411828785229743e-08 -1.617160656155133615e-06 -0.000000000000000000e+00
1.725342449113955928e-08 -1.617160656298079742e-06 -0.000000000000000000e+00
5.233232083555857023e-09 -1.617160656369236439e-06 -0.000000000000000000e+00
-5.233232083996282722e-09 -1.617160656369236439e-06 -0.000000000000000000e+00
-1.725342449188186785e-08 -1.617160656298079319e-06 -0.000000000000000000e+00
-3.470411828629193039e-08 -1.617160656155133827e-06 -0.000000000000000000e+00
-6.435702283965902143e-08 -1.617160655939130261e-06 -0.000000000000000000e+00
-1.204233800488301998e-07 -1.617160655648140774e-06 -0.000000000000000000e+00
-2.363774305181932614e-07 -1.617160655279556928e-06 -0.000000000000000000e+00
-4.998569580915255168e-07 -1.617160654830055601e-06 -0.000000000000000000e+00
-1.170016278701436231e-06 -1.617160654295555365e-06 -0.000000000000000000e+00
-3.140876330925064348e-06 -1.617160653671158463e-06 -0.000000000000000000e+00
-1.020219035075961773e-05 -1.617160652951088767e-06 -0.000000000000000000e+00
-4.385257297629329646e-05 -1.617160652128611093e-06 -0.000000000000000000e+00
-1.590897851639213819e-04 -1.617160651195937821e-06 -0.000000000000000000e+00
-1.315232965670285652e-04 -1.617160650144122377e-06 -0.000000000000000000e+00
-1.311586348986915431e-04 -1.617160648962928579e-06 -0.000000000000000000e+00
-1.311588469999820671e-04 1.642468306173968475e-14 -0.000000000000000000e+00
-1.315235614364317768e-04 1.787920652787373066e-14 -0.000000000000000000e+00
-1.590901187477686946e-04 1.948094289711430268e-14 -0.000000000000000000e+00
-4.385299697445186023e-05 2.124670864436533253e-14 -0.000000000000000000e+00
-1.020273465950448033e-05 2.319546645888731530e-14 -0.000000000000000000e+00
-3.141582693933731348e-06 2.534862870394971110e-14 -0.000000000000000000e+00
-1.170943836654124020e-06 2.773040807563053854e-14 -0.000000000000000000e+00
-5.010908408768232801e-07 3.036822348745510043e-14 -0.000000000000000000e+00
-2.380423302202315716e-07 3.329317069223435510e-14 -0.000000000000000000e+00
-1.227054699637373517e-07 3.654056893445175494e-14 -0.000000000000000000e+00
-6.754022517666119193e-08 4.015059707005617262e-14 -0.000000000000000000e+00
-3.923175059613962758e-08 4.416903517465738236e-14 -0.000000000000000000e+00
-2.383617275618031681e-08 4.864813078358116837e-14 -0.000000000000000000e+00
-1.504472819208738491e-08 5.364761268901656455e-14 -0.000000000000000000e+00
-9.811548174660566367e-09 5.923587981079136365e-14 -0.000000000000000000e+00
-6.582905041670410802e-09 6.549139824514460481e-14 -0.000000000000000000e+00
-4.527895411882158983e-09 7.250434641371516758e-14 -0.000000000000000000e+00
-3.183574570775479640e-09 8.037855657509789065e-14 -0.000000000000000000e+00
-2.282575215194742796e-09 8.923381119077099374e-14 -0.000000000000000000e+00
-1.665503267099821202e-09 9.920856521815461180e-14 -0.000000000000000000e+00
-1.234611140973057482e-09 1.104631809199063262e-13 -0.000000000000000000e+00
-9.284190543961017122e-10 1.231837809702201911e-13 -0.000000000000000000e+00
-7.073664368388567775e-10 1.375868494465201402e-13 -0.000000000000000000e+00
-5.454657996443370325e-10 1.539247399184432877e-13 -0.000000000000000000e+00
-4.253221303309888901e-10 1.724922868211394627e-13 -0.000000000000000000e+00
-3.350901968463988226e-10 1.936347625992055335e-13 -0.000000000000000000e+00
-2.665761326090825939e-10 2.177574812737233906e-13 -0.000000000000000000e+00
-2.140292459485350719e-10 2.453374224076636913e-13 -0.000000000000000000e+00
-1.733595059512470301e-10 2.769373421969403905e-13 -0.000000000000000000e+00
-1.416220199823354296e-10 3.132229561666196917e-13 -0.000000000000000000e+00
-1.166723425293328466e-10 3.549839279970244092e-13 -0.000000000000000000e+00
-9.693267233010341895e-11 4.031595909299503379e-13 -0.000000000000000000e+00
-8.123106428895747231e-11 4.588705746676404771e-13 -0.000000000000000000e+00
-6.868971621302665525e-11 5.234578284597047523e-13 -0.000000000000000000e+00
-5.864619374458269146e-11 5.985309425321332749e-13 -0.000000000000000000e+00
-5.059765266877237175e-11 6.860282050667004941e-13 -0.000000000000000000e+00
-4.416067480260972356e-11 7.882915308229553283e-13 -0.000000000000000000e+00
-3.904235387265075309e-11 9.081603145839244559e-13 -0.000000000000000000e+00
-3.501920983766303424e-11 1.049089471766015242e-12 -0.000000000000000000e+00
-3.192186300672995517e-11 1.215298530637684037e-12 -0.000000000000000000e+00
-2.962387112552517700e-11 1.411960774154013364e-12 -0.000000000000000000e+00
-2.803372138333144654e-11 1.645444285712849584e-12 -0.000000000000000000e+00
-2.708910258795849841e-11 1.923620597857312801e-12 -0.000000000000000000e+00
-2.675317065444399994e-11 2.256261847359226478e-12 -0.000000000000000000e+00
-2.701222671081097759e-11 2.655554426279942907e-12 -0.000000000000000000e+00
-2.787484850403860964e-11 3.136766825359876030e-12 -0.000000000000000000e+00
-2.937225947770655192e-11 3.719122746066598245e-12 -0.000000000000000000e+00
-3.155995113340632201e-11 4.426949120887728265e-12 -0.000000000000000000e+00
-3.452067563515767349e-11 5.291194609737224460e-12 -0.000000000000000000e+00
-3.836911866665900316e-11 6.351450609189742250e-12 -0.000000000000000000e+00
-4.325850379363426042e-11 7.658658478013500893e-12 -0.000000000000000000e+00
-4.938980014983919044e-11 9.278760431782907053e-12 -0.000000000000000000e+00
-5.702409710626998106e-11 1.129765765149974227e-11 -0.000000000000000000e+00
-6.649943572495628179e-11 1.382799300628086847e-11 -0.000000000000000000e+00
-7.825338479693333478e-11 1.701850078513782328e-11 -0.000000000000000000e+00
-9.285382061111081580e-11 2.106699772528183200e-11 -0.000000000000000000e+00
-1.110405297079777215e-10 2.623858361570580867e-11 -0.000000000000000000e+00
-1.337821826482709927e-10 3.289136187357703688e-11 -0.000000000000000000e+00
-1.623546727162595658e-10 4.151311611501697903e-11 -0.000000000000000000e+00
-1.984496479399411306e-10 5.277410302846557172e-11 -0.000000000000000000e+00
-2.443262335820119445e-10 6.760379022380372638e-11 -0.000000000000000000e+00
-3.030243779556444411e-10 8.730354038750486819e-11 -0.000000000000000000e+00
-3.786677541548011440e-10 1.137138379391048694e-10 -0.000000000000000000e+00
-4.768971102056526371e-10 1.494651907799438732e-10 -0.000000000000000000e+00
-6.054959488743870766e-10 1.983588573588613550e-10 -0.000000000000000000e+00
-7.753010777949195561e-10 2.659513335358255355e-10 -0.000000000000000000e+00
-1.001538980783852523e-09 3.604623776373361841e-10 -0.000000000000000000e+00
-1.305802133072100359e-09 4.942027573285303597e-10 -0.000000000000000000e+00
-1.718992472644863394e-09 6.858464104493162345e-10 -0.000000000000000000e+00
-2.285730818437170919e-09 9.640895206375613056e-10 -0.000000000000000000e+00
-3.070987630620790726e-09 1.373610169053487942e-09 -0.000000000000000000e+00
-4.170064003871219333e-09 1.984875884376790594e-09 -0.000000000000000000e+00
-5.723562403119078032e-09 2.910424291088164211e-09 -0.000000000000000000e+00
-7.939606871037874642e-09 4.332052921434083366e-09 -0.000000000000000000e+00
-1.112610957069275601e-08 6.546315237383660071e-09 -0.000000000000000000e+00
-1.573572371232187665e-08 1.004030819948135598e-08 -0.000000000000000000e+00
-2.242369736642095274e-08 1.561610544641345442e-08 -0.000000000000000000e+00
-3.211067732815938551e-08 2.458890498407927015e-08 -0.000000000000000000e+00
-4.602219319898757277e-08 3.908473014579435049e-08 -0.000000000000000000e+00
-6.563555958592455389e-08 6.244056130487430787e-08 -0.000000000000000000e+00
-9.240176822123136197e-08 9.962540275398653300e-08 -0.000000000000000000e+00
-1.270597419894144089e-07 1.574030298970375068e-07 -0.000000000000000000e+00
-1.684464282047108060e-07 2.436478535886168884e-07 -0.000000000000000000e+00
-2.121369589140032057e-07 3.650485564151742639e-07 -0.000000000000000000e+00
-2.500374738561747880e-07 5.230403199876729705e-07 -0.000000000000000000e+00
-2.724157589830606330e-07 7.097135294363691501e-07 -0.000000000000000000e+00
-2.723866255056545344e-07 9.073720239061884953e-07 -0.000000000000000000e+00
-2.499483724876293060e-07 1.094040612919100593e-06 -0.000000000000000000e+00
-2.119826349570437556e-07 1.252022693600866629e-06 -0.000000000000000000e+00
-1.682175987946857574e-07 1.373407707138735270e-06 -0.000000000000000000e+00
-1.267422400028899256e-07 1.459629258699257895e-06 -0.000000000000000000e+00
-9.197519522478764900e-08 1.517373596698776780e-06 -0.000000000000000000e+00
-6.507127083676493678e-08 1.554511477508478880e-06 -0.000000000000000000e+00
-4.528034060469394411e-08 1.577801230157077358e-06 -0.000000000000000000e+00
-3.113589251662739125e-08 1.592203721885962610e-06 -0.000000000000000000e+00
-2.113878052684800569e-08 1.601043684235150181e-06 -0.000000000000000000e+00
-1.403237524049123877e-08 1.606428512536578717e-06 -0.000000000000000000e+00
-8.851241541419199945e-09 1.609644741965470386e-06 -0.000000000000000000e+00
-4.875015079771976898e-09 1.611449791250847355e-06 -0.000000000000000000e+00
-1.555610310861153854e-09 1.612260304440940792e-06 -0.000000000000000000e+00
1.555610318440676395e-09 1.612260304440940368e-06 -0.000000000000000000e+00
4.875015076512893556e-09 1.611449791250846931e-06 -0.000000000000000000e+00
8.851241533447104517e-09 1.609644741965470386e-06 -0.000000000000000000e+00
1.403237523874271130e-08 1.606428512536578929e-06 -0.000000000000000000e+00
2.113878052473641542e-08 1.601043684235149970e-06 -0.000000000000000000e+00
3.113589251525330528e-08 1.592203721885962186e-06 -0.000000000000000000e+00
4.528034060967197659e-08 1.577801230157076723e-06 -0.000000000000000000e+00
6.507127084590297968e-08 1.554511477508476762e-06 -0.000000000000000000e+00
9.197519523423959701e-08 1.517373596698775086e-06 -0.000000000000000000e+00
1.267422399962855567e-07 1.459629258699256624e-06 -0.000000000000000000e+00
1.682175987786925842e-07 1.373407707138732093e-06 -0.000000000000000000e+00
2.119826349496508520e-07 1.252022693600863241e-06 -0.000000000000000000e+00
2.499483725020023963e-07 1.094040612919091276e-06 -0.000000000000000000e+00
2.723866255200582768e-07 9.073720239061789661e-07 -0.000000000000000000e+00
2.724157589758029371e-07 7.097135294363642796e-07 -0.000000000000000000e+00
2.500374738412750549e-07 5.230403199876685236e-07 -0.000000000000000000e+00
2.121369589095767174e-07 3.650485564151706640e-07 -0.000000000000000000e+00
1.684464282199589608e-07 2.436478535886115415e-07 -0.000000000000000000e+00
1.270597420047630165e-07 1.574030298970341717e-07 -0.000000000000000000e+00
9.240176821287098796e-08 9.962540275398548745e-08 -0.000000000000000000e+00
6.563555956920299854e-08 6.244056130487359319e-08 -0.000000000000000000e+00
4.602219319012828312e-08 3.908473014579396006e-08 -0.000000000000000000e+00
3.211067734529102392e-08 2.458890498407873744e-08 -0.000000000000000000e+00
2.242369737896639412e-08 1.561610544641312355e-08 -0.000000000000000000e+00
1.573572370745395183e-08 1.004030819948124845e-08 -0.000000000000000000e+00
1.112610955494808112e-08 6.546315237383598859e-09 -0.000000000000000000e+00
7.939606864239631221e-09 4.332052921434037044e-09 -0.000000000000000000e+00
5.723562419782477616e-09 2.910424291088110858e-09 -0.000000000000000000e+00
4.170064016221965556e-09 1.984875884376758747e-09 -0.000000000000000000e+00
3.070987625627580719e-09 1.373610169053475948e-09 -0.000000000000000000e+00
2.285730800186229346e-09 9.640895206375551018e-10 -0.000000000000000000e+00
1.718992467510461722e-09 6.858464104493107544e-10 -0.000000000000000000e+00
1.305802144030045036e-09 4.942027573285234320e-10 -0.000000000000000000e+00
1.001538995836528175e-09 3.604623776373311693e-10 -0.000000000000000000e+00
7.753010725062265724e-10 2.659513335358236744e-10 -0.000000000000000000e+00
6.054959322845532136e-10 1.983588573588599074e-10 -0.000000000000000000e+00
4.768971089881637506e-10 1.494651907799429167e-10 -0.000000000000000000e+00
3.786677647899028114e-10 1.137138379391034994e-10 -0.000000000000000000e+00
3.030243968815508150e-10 8.730354038750370497e-11 -0.000000000000000000e+00
2.443262211369068513e-10 6.760379022380340326e-11 -0.000000000000000000e+00
1.984496333284679268e-10 5.277410302846524214e-11 -0.000000000000000000e+00
1.623546607164334478e-10 4.151311611501678516e-11 -0.000000000000000000e+00
1.337822009730615706e-10 3.289136187357668145e-11 -0.000000000000000000e+00
1.110405445237964477e-10 2.623858361570551463e-11 -0.000000000000000000e+00
9.285381555686220808e-11 2.106699772528172214e-11 -0.000000000000000000e+00
7.825337918824763784e-11 1.701850078513773280e-11 -0.000000000000000000e+00
6.649942481387344146e-11 1.382799300628080223e-11 -0.000000000000000000e+00
5.702411541260195904e-11 1.129765765149962595e-11 -0.000000000000000000e+00
4.938980079488679425e-11 9.278760431782865048e-12 -0.000000000000000000e+00
4.325849820376354261e-11 7.658658478013470197e-12 -0.000000000000000000e+00
3.836910549848263703e-11 6.351450609189723671e-12 -0.000000000000000000e+00
3.452067718059037887e-11 5.291194609737199418e-12 -0.000000000000000000e+00
3.155996099901392531e-11 4.426949120887693530e-12 -0.000000000000000000e+00
2.937226437536640587e-11 3.719122746066582897e-12 -0.000000000000000000e+00
2.787483839999142556e-11 3.136766825359861489e-12 -0.000000000000000000e+00
2.701222101432651129e-11 2.655554426279932002e-12 -0.000000000000000000e+00
2.675317184048173796e-11 2.256261847359218401e-12 -0.000000000000000000e+00
2.708911652836874475e-11 1.923620597857298260e-12 -0.000000000000000000e+00
2.803372223848681628e-11 1.645444285712843930e-12 -0.000000000000000000e+00
2.962386871947142846e-11 1.411960774154009123e-12 -0.000000000000000000e+00
3.192185305413378329e-11 1.215298530637680200e-12 -0.000000000000000000e+00
3.501921136048427935e-11 1.049089471766011809e-12 -0.000000000000000000e+00
3.904236050214305446e-11 9.081603145839193063e-13 -0.000000000000000000e+00
4.416067643969738830e-11 7.882915308229522991e-13 -0.000000000000000000e+00
5.059764272260913181e-11 6.860282050666980707e-13 -0.000000000000000000e+00
5.864619129504167997e-11 5.985309425321310535e-13 -0.000000000000000000e+00
6.868971700822854287e-11 5.234578284597030358e-13 -0.000000000000000000e+00
8.123107768040909187e-11 4.588705746676375488e-13 -0.000000000000000000e+00
9.693267379229140751e-11 4.031595909299491262e-13 -0.000000000000000000e+00
1.166723334382610638e-10 3.549839279970232480e-13 -0.000000000000000000e+00
1.416220177861260287e-10 3.132229561666187830e-13 -0.000000000000000000e+00
1.733595059512563876e-10 2.769373421969395322e-13 -0.000000000000000000e+00
2.140292593453897319e-10 2.453374224076621262e-13 -0.000000000000000000e+00
2.665761262153518954e-10 2.177574812737230120e-13 -0.000000000000000000e+00
3.350901944494265866e-10 1.936347625992049781e-13 -0.000000000000000000e+00
4.253221189525738837e-10 1.724922868211389326e-13 -0.000000000000000000e+00
5.454658080918977383e-10 1.539247399184429595e-13 -0.000000000000000000e+00
7.073664371832253014e-10 1.375868494465197111e-13 -0.000000000000000000e+00
9.284190573748139430e-10 1.231837809702198629e-13 -0.000000000000000000e+00
1.234611130960958887e-09 1.104631809199060611e-13 -0.000000000000000000e+00
1.665503270381260754e-09 9.920856521815420790e-14 -0.000000000000000000e+00
2.282575223677298825e-09 8.923381119077071606e-14 -0.000000000000000000e+00
3.183574572612704856e-09 8.037855657509746151e-14 -0.000000000000000000e+00
4.527895410886173968e-09 7.250434641371494039e-14 -0.000000000000000000e+00
6.582905026183402670e-09 6.549139824514451646e-14 -0.000000000000000000e+00
9.811548185850718634e-09 5.923587981079109859e-14 -0.000000000000000000e+00
1.504472819202846980e-08 5.364761268901645727e-14 -0.000000000000000000e+00
2.383617276723162185e-08 4.864813078358096642e-14 -0.000000000000000000e+00
3.923175057992254653e-08 4.416903517465733187e-14 -0.000000000000000000e+00
6.754022518121560868e-08 4.015059707005607165e-14 -0.000000000000000000e+00
1.227054699640388425e-07 3.654056893445158455e-14 -0.000000000000000000e+00
2.380423302286715137e-07 3.329317069223427937e-14 -0.000000000000000000e+00
5.010908408739322508e-07 3.036822348745503101e-14 -0.000000000000000000e+00
1.170943836644094726e-06 2.773040807563046597e-14 -0.000000000000000000e+00
3.141582693935234408e-06 2.534862870394966061e-14 -0.000000000000000000e+00
1.020273465951108888e-05 2.319546645888723326e-14 -0.000000000000000000e+00
4.385299697445190089e-05 2.124670864436528204e-14 -0.000000000000000000e+00
1.590901187477702667e-04 1.948094289711427428e-14 -0.000000000000000000e+00
1.315235614364261931e-04 1.787920652787369279e-14 -0.000000000000000000e+00
1.311588469999827719e-04 1.642468306173965635e-14 -0.000000000000000000e+00
