2.797519911601799303e-02 -5.296708286324544515e-07 3.073592536866371093e-18
4.142033585514914157e-03 -9.768280348412635491e-08 1.590680350498030057e-20
2.996975747634640641e-04 -2.139785843668712640e-07 1.914409280326678314e-18
2.429060131866160599e-04 -1.560981276228180421e-07 2.728104749497667147e-19
1.261133447664208873e-04 -1.698100978979975873e-07 1.293753194571631530e-18
9.552120722076604120e-05 -1.604640014626972039e-07 -1.711721827299217158e-18
7.217686244816515218e-05 -1.617402943983658673e-07 -2.995967288091695993e-18
5.743538738970863089e-05 -1.605734808402466636e-07 3.948725291050220730e-18
4.674090078492926237e-05 -1.612902101639682188e-07 -2.400380830980173902e-18
3.880779570774109399e-05 -1.620463848240872588e-07 -5.605643050030866941e-19
3.270093390389874899e-05 -1.633042887909130740e-07 -8.657585157338691643e-19
2.788528925459776708e-05 -1.647536888630453910e-07 -7.834188303854601306e-18
2.400879170506506344e-05 -1.663944072608085863e-07 1.465721293980592694e-18
2.083598681137596720e-05 -1.681417199975678122e-07 1.875215157940091553e-18
1.820277670413691928e-05 -1.699591482762956897e-07 1.532169858877062924e-18
1.599161746699065412e-05 -1.718074042283877775e-07 3.095576738020528647e-18
1.411615761109583089e-05 -1.736591690246556842e-07 -3.291165674901890147e-18
1.251158893944212536e-05 -1.754916918736508367e-07 -3.065491825526755789e-18
1.112835320240049275e-05 -1.772876606173430791e-07 9.671015657517822459e-19
9.927926411010257191e-06 -1.790335816795475368e-07 2.503176577769836751e-18
8.879924245482062606e-06 -1.807192923334645552e-07 2.426293047297406554e-18
7.960070577003874881e-06 -1.823372828028076273e-07 3.333640372108157886e-18
7.148743688144276742e-06 -1.838822360658288472e-07 2.768010570654256585e-18
6.429917458028455712e-06 -1.853506125624842445e-07 -8.433343708824087189e-19
5.790377878827496216e-06 -1.867403147826617958e-07 -3.192439094226394744e-19
5.219134876006947810e-06 -1.880504024731141922e-07 -3.524852587651752374e-18
4.706974886029696714e-06 -1.892808544306584825e-07 -6.559327517520956507e-18
4.246116377188552393e-06 -1.904323684933914035e-07 3.616304256970299862e-18
3.829941629267946679e-06 -1.915061933699578985e-07 5.606098789513916402e-18
3.452785732244167960e-06 -1.925039875914946151e-07 1.056034795381033165e-18
3.109768967852338806e-06 -1.934277017232364654e-07 2.291402795065749008e-18
2.796662438176583665e-06 -1.942794802232341664e-07 -1.622040015732981842e-18
2.509779411467155663e-06 -1.950615794846189271e-07 -7.370357090521882752e-18
2.245886715036143899e-06 -1.957763001420437942e-07 -6.692839629986520785e-19
2.002131904571546883e-06 -1.964259315782193413e-07 9.353578281779879680e-19
1.775982902380013329e-06 -1.970127058725307108e-07 4.154142456143226517e-18
1.565177569474995867e-06 -1.975387603768074332e-07 -2.972341931753633454e-18
1.367681225796640865e-06 -1.980061077639479064e-07 -1.091467492739846931e-18
1.181650546279444658e-06 -1.984166109977520152e-07 1.524934795297283201e-18
1.005402595333909632e-06 -1.987719642899061879e-07 1.627723595736116991e-18
8.373879877773826585e-07 -1.990736771500724728e-07 -2.709194610004483660e-18
6.761673656333067051e-07 -1.993230621722143489e-07 -3.770822695396582781e-18
5.203905218860438442e-07 -1.995212258343016443e-07 -2.931552326367234225e-18
3.687776021256417014e-07 -1.996690609486078334e-07 3.309445459108269486e-18
2.201019135179838049e-07 -1.997672414497069628e-07 -2.488952649665481695e-18
7.317392387157228839e-08 -1.998162185950677942e-07 -3.532795854543169336e-18
-7.317392390626675791e-08 -1.998162185532997790e-07 4.831026223693355266e-18
-2.201019134936976762e-07 -1.997672414711774745e-07 2.886591777498882550e-18
-3.687776020805388910e-07 -1.996690609277004927e-07 2.570684428315784664e-18
-5.203905219693105710e-07 -1.995212258655324373e-07 1.503076377201712612e-18
-6.761673656749400685e-07 -1.993230621523446765e-07 -7.748176080576748557e-19
-8.373879877322798482e-07 -1.990736771569185372e-07 3.237883871000992803e-18
-1.005402595403298571e-06 -1.987719642875667623e-07 -2.171666144871010945e-18
-1.181650546470264240e-06 -1.984166110163712817e-07 6.111015136657585202e-19
-1.367681225782763077e-06 -1.980061077342495284e-07 1.036421282181225637e-18
-1.565177569381320799e-06 -1.975387604065250018e-07 3.986807086306557517e-18
-1.775982901758982324e-06 -1.970127058315986907e-07 5.604167855184551968e-18
-2.002131905022574987e-06 -1.964259316048277167e-07 -3.388424426207048927e-18
-2.245886715185330118e-06 -1.957763001548965662e-07 -3.463498464436761472e-18
-2.509779411144497097e-06 -1.950615794651546923e-07 3.675115533024118683e-19
-2.796662438280667073e-06 -1.942794802464804562e-07 -1.148614177197411197e-18
-3.109768967404780149e-06 -1.934277017164069976e-07 5.510602401885307919e-19
-3.452785732802748919e-06 -1.925039875507009525e-07 2.587796143439317029e-18
-3.829941629587135798e-06 -1.915061933773728249e-07 -1.799328560901212897e-19
-4.246116377032427280e-06 -1.904323685117303815e-07 -4.662876130164498583e-19
-4.706974885762549299e-06 -1.892808544442971158e-07 -4.826397226276591564e-18
-5.219134875476122426e-06 -1.880504024549776816e-07 -2.220060604173550559e-18
-5.790377879451996668e-06 -1.867403148006067181e-07 -4.903708532335102708e-18
-6.429917458340705938e-06 -1.853506125736509181e-07 2.921746028628531759e-18
-7.148743687901415456e-06 -1.838822360309564213e-07 4.146032469642402577e-18
-7.960070576764483041e-06 -1.823372828178647762e-07 -1.710020499626793833e-18
-8.879924244756948193e-06 -1.807192923459322714e-07 5.191487222857202284e-18
-9.927926411676391005e-06 -1.790335816600957428e-07 -6.277380459356140206e-19
-1.112835320342744905e-05 -1.772876606107293929e-07 -2.224967042937489564e-18
-1.251158893887313606e-05 -1.754916918937613047e-07 1.530886285281218742e-18
-1.411615761058929164e-05 -1.736591690208503358e-07 -7.287057698553162388e-18
-1.599161746632105086e-05 -1.718074042259150765e-07 7.392507631841606691e-20
-1.820277670517428392e-05 -1.699591482719254762e-07 1.836765084993799344e-18
-2.083598681160148125e-05 -1.681417199961686197e-07 -2.721815013813190211e-18
-2.400879170534261919e-05 -1.663944072787672200e-07 -5.406023323505227321e-19
-2.788528925389346935e-05 -1.647536888301979827e-07 -2.530053861182616784e-18
-3.270093390343384310e-05 -1.633042887946172020e-07 -4.556038753955273294e-18
-3.880779570871253914e-05 -1.620463848448118256e-07 -2.777232054248532253e-19
-4.674090078450598984e-05 -1.612902101588158233e-07 1.630970783325884285e-18
-5.743538739054823705e-05 -1.605734808318909483e-07 3.420322322255239422e-18
-7.217686244691962072e-05 -1.617402943799470299e-07 2.863856876840653516e-18
-9.552120722038787148e-05 -1.604640014797255308e-07 2.602817401647419702e-18
-1.261133447669898766e-04 -1.698100979173257674e-07 4.886896937232351999e-18
-2.429060131870636186e-04 -1.560981276103626344e-07 2.406214676185829495e-18
-2.996975747639150922e-04 -2.139785843581425365e-07 -1.297835193714707650e-18
-4.142033585514397209e-03 -9.768280348945652149e-08 -2.751347420691616663e-18
-2.797519911601781609e-02 -5.296708286356260605e-07 -4.675121327756354555e-18
-2.797603540794060470e-02 -1.478584328161871845e-09 -6.926982477777116801e-18
-4.141703632905360116e-03 -3.042419743132593369e-10 -1.798794764930663920e-18
-2.996447786501182931e-04 -6.192620998426355444e-10 1.340524869615756292e-17
-2.427790533656645766e-04 -4.709192047772840377e-10 1.189267985239990803e-17
-1.260057466047383168e-04 -5.129490065011090440e-10 1.047335590052057072e-18
-9.541423690331840568e-05 -4.942093843025996238e-10 -7.827005663048946791e-18
-7.207736812581827524e-05 -5.042714200036264370e-10 -1.423106612701692809e-17
-5.734380276099446117e-05 -5.083458757418570725e-10 1.044789665710341252e-17
-4.665872961793701701e-05 -5.181917925903179062e-10 5.590557916148482119e-18
-3.873601151629935124e-05 -5.288455928122716930e-10 -1.134421614942895543e-17
-3.264040698837053500e-05 -5.416180943066480390e-10 5.315555747079292654e-18
-2.783673743198683548e-05 -5.556186343099291333e-10 3.958601933764312964e-18
-2.397282946324172381e-05 -5.707730009894761471e-10 -5.318549587328682881e-18
-2.081314455527200069e-05 -5.866885858739080157e-10 1.254657487154359176e-18
-1.819352233772483785e-05 -6.030258817841284767e-10 -6.710818624448276642e-20
-1.599637385419488966e-05 -6.193273586857154687e-10 -1.072415707335978834e-17
-1.413531843229287599e-05 -6.350380566734236349e-10 3.670252238615146549e-18
-1.254553288697335400e-05 -6.494508629882844384e-10 -3.193593974550242811e-19
-1.117745696308306003e-05 -6.616682570413126277e-10 4.302823481214824471e-18
-9.992576667200436802e-06 -6.705465294904968358e-10 6.558413322561783958e-18
-8.960528874925322018e-06 -6.746285857893002690e-10 -1.568776151128906654e-18
-8.057069246201337132e-06 -6.720596186897655721e-10 -1.549628391271363615e-18
-7.262617995464765164e-06 -6.604822557845630198e-10 -1.238563905654931143e-17
-6.561200760264729315e-06 -6.369047642922015800e-10 -3.841410502194289510e-18
-5.939664988269255375e-06 -5.975377672720677126e-10 -1.294189036815900934e-17
-5.387091764029461327e-06 -5.375892515190148007e-10 3.173118361175547531e-18
-4.894348560886829791e-06 -4.510111778082583676e-10 1.212322723178812268e-17
-4.453745135562375834e-06 -3.301854999216642247e-10 -6.370025682097300121e-18
-4.058765844142803170e-06 -1.655378869309164661e-10 -4.529045904077338315e-18
-3.703859442732992946e-06 5.493356875542437726e-11 1.180082564808775970e-17
-3.384272478239996884e-06 3.462287338547293604e-10 2.613976337566203006e-18
-3.095916197549952731e-06 7.270256924844491212e-10 -3.850420755262052199e-18
-2.835259517865174050e-06 1.220479734471768733e-09 -7.787659436056547708e-18
-2.599242342193885946e-06 1.855138067726805676e-09 1.117369745369789369e-17
-2.385205054789701906e-06 2.665954849800042504e-09 1.062790891575233518e-17
-2.190830864712972614e-06 3.695360551045029500e-09 -1.166830457600525666e-17
-2.014098498880761978e-06 4.994303151977032575e-09 -2.043823152918126722e-18
-1.853243253656378098e-06 6.623114775285017245e-09 6.405756142275330713e-18
-1.706724701715928161e-06 8.651977673712165215e-09 4.642339587565460520e-18
-1.573199763096194692e-06 1.116065475002732486e-08 7.620093192477747124e-18
-1.451499830645158751e-06 1.423703018280176700e-08 -4.553728814710629170e-18
-1.340610773701428338e-06 1.797388389264924333e-08 3.074765565937651638e-18
-1.239654672087475706e-06 2.246325303943781295e-08 1.166135841380012239e-17
-1.147872004395728007e-06 2.778777910656387450e-08 6.769511513519021183e-18
-1.064603128413804667e-06 3.400870428439503297e-08 5.354228949752658851e-18
-9.892679080636401778e-07 4.115078102593222010e-08 -5.857030231413064251e-18
-9.213427888538072708e-07 4.918537351138198370e-08 -6.257476336271699504e-18
-8.603353034881966455e-07 5.801440310750341523e-08 -8.265513016217613048e-19
-8.057570263508839759e-07 6.745924732478469011e-08 -1.562836072491061429e-17
-7.570975149376324431e-07 7.725962256586919825e-08 -1.265754098570533568e-18
-7.138029950205793117e-07 8.708705781437528677e-08 3.304674367645815917e-18
-6.752643750135289835e-07 9.657507663881836603e-08 1.730110159507838619e-18
-6.408187183913616192e-07 1.053636555542028930e-07 -5.909962371632872621e-18
-6.097660687834349780e-07 1.131501133687684101e-07 2.449555711089744848e-18
-5.814002206547264073e-07 1.197345894853643820e-07 1.005655051976384955e-17
-5.550480980526240060e-07 1.250480492513276339e-07 7.059772859312847560e-18
-5.301098185729602452e-07 1.291551838811402868e-07 -9.139997162740361366e-18
-5.060912374593717900e-07 1.322321619960670882e-07 -8.723300458564809182e-18
-4.826229087727396116e-07 1.345266403183300845e-07 -5.713093737691657156e-18
-4.594632323599856516e-07 1.363116050182314112e-07 2.064659361417957111e-18
-4.364874767424919977e-07 1.378442294401440582e-07 -1.430002980589286118e-17
-4.136669725478270276e-07 1.393370674229830319e-07 -5.650272791154074265e-18
-3.910437239157404932e-07 1.409438637519774547e-07 1.649313784540879927e-17
-3.687050439994676854e-07 1.427581603326803807e-07 1.089518991930321088e-17
-3.467613728554141961e-07 1.448207032048251181e-07 7.946501560478312586e-18
-3.253289029454820014e-07 1.471313236501040896e-07 -1.395928740976351230e-17
-3.045173003653200983e-07 1.496617974554142374e-07 -2.434602712336616021e-18
-2.844220200297342682e-07 1.523674331672439947e-07 1.296773972793243682e-17
-2.651203110347333247e-07 1.551963055170208147e-07 5.814469468091740814e-18
-2.466699045161613313e-07 1.580958888964798512e-07 -2.207002796267365869e-18
-2.291095310517909933e-07 1.610173427546410170e-07 -7.306185740710060535e-20
-2.124605119196987246e-07 1.639179168757259357e-07 1.709914269715336566e-17
-1.967289473131517141e-07 1.667619825482939382e-07 -2.063978639348614069e-17
-1.819080987057464238e-07 1.695211433784251667e-07 -2.480892110096018542e-17
-1.679807369384112015e-07 1.721737806287887539e-07 1.585271501819462920e-17
-1.549213346670186287e-07 1.747042978096445086e-07 -5.582061503198810226e-18
-1.426980068656991119e-07 1.771022411351875112e-07 -8.619759879653884432e-18
-1.312742059084159862e-07 1.793614107095239962e-07 8.242887354510993582e-18
-1.206101484380051048e-07 1.814790268582727254e-07 9.139479479510103516e-18
-1.106639823424127034e-07 1.834549874011373898e-07 1.809512298934826509e-17
-1.013927443498097158e-07 1.852912266446167830e-07 6.429812676827064138e-18
-9.275310913076095787e-08 1.869911768623464955e-07 -1.332469789171457874e-17
-8.470198168200604449e-08 1.885593256068145380e-07 -6.567244228832048097e-18
-7.719694638044782842e-08 1.900008565887746288e-07 -5.524400328993430228e-18
-7.019659023499436046e-08 1.913213643480350582e-07 -1.650163768629198440e-17
-6.366073176944375689e-08 1.925266293143694938e-07 -2.509989256443279191e-17
-5.755056286735338311e-08 1.936224439133705069e-07 1.298045613559640072e-17
-5.182873745804283949e-08 1.946144791917905885e-07 -2.959365235109161339e-18
-4.645940616249122357e-08 1.955081850579968377e-07 1.091477854454624383e-17
-4.140819868936329584e-08 1.963087156818422918e-07 2.292214139135247677e-17
-3.664218165347343792e-08 1.970208764249736628e-07 -9.848714360823696081e-18
-3.212978402777899589e-08 1.976490853858376051e-07 -2.381675831873381913e-17
-2.784070780859071448e-08 1.981973477473132135e-07 -6.037942174543738636e-18
-2.374583106187766468e-08 1.986692389614981543e-07 -5.684514808764426856e-19
-1.981708216275412937e-08 1.990678939628612371e-07 1.594502891431621416e-17
-1.602730763036741557e-08 1.993960020008167001e-07 1.088901705940667170e-17
-1.235014705086578957e-08 1.996558033136658010e-07 -2.411521640094617564e-18
-8.759896565069258401e-09 1.998490889166995344e-07 4.618252125024917666e-18
-5.231356386276031500e-09 1.999772010306998415e-07 1.878817450837980211e-17
-1.739696050412353756e-09 2.000410337557728482e-07 8.819215003893799354e-18
1.739695110192229777e-09 2.000410336867607859e-07 -1.438643262525644953e-17
5.231357055879293227e-09 1.999772010929356402e-07 -3.575090164225530690e-18
8.759896970994551779e-09 1.998490889170660879e-07 -4.896909973061974965e-18
1.235014784883858852e-08 1.996558033049059716e-07 -6.334579125117910596e-18
1.602730697811138860e-08 1.993960019775730043e-07 3.131956957197962830e-19
1.981708165621487439e-08 1.990678939710070735e-07 -8.405129487201385381e-20
2.374583284517339798e-08 1.986692389511099834e-07 -1.351796632363549698e-17
2.784070635142299466e-08 1.981973477526074871e-07 -1.080656168687307983e-18
3.212978209876649061e-08 1.976490853643576701e-07 1.143687878937258584e-18
3.664218296145493881e-08 1.970208764736933303e-07 -6.922993922376064496e-18
4.140819991407806988e-08 1.963087156672858718e-07 3.255818759968463531e-17
4.645940710271134755e-08 1.955081850501046347e-07 2.469535040950714847e-17
5.182873588291392331e-08 1.946144791907706285e-07 -1.107313611583284495e-17
5.755056134426617120e-08 1.936224439193034698e-07 -7.074170609500344965e-18
6.366073275476669124e-08 1.925266292937996163e-07 -2.507610201002333827e-17
7.019659133480904423e-08 1.913213643805941311e-07 3.597972312193527707e-18
7.719694750454864085e-08 1.900008565713250354e-07 1.069124729634102780e-17
8.470197964544068370e-08 1.885593256149085201e-07 -2.086696632745450662e-17
9.275310762502098072e-08 1.869911768879163290e-07 2.868722908372718417e-17
1.013927456369745350e-07 1.852912265968844912e-07 1.228208671507902615e-17
1.106639835012079853e-07 1.834549874050953101e-07 1.361378115102404835e-17
1.206101495170031068e-07 1.814790268658739197e-07 -2.146811783712234611e-17
1.312742043332870701e-07 1.793614106605963556e-07 -2.513955791965013220e-17
1.426980050893422725e-07 1.771022411939609569e-07 -1.669819069259614244e-17
1.549213355864220709e-07 1.747042977768415166e-07 4.321967340118841190e-18
1.679807383400677701e-07 1.721737806517834750e-07 3.926952884600535199e-17
1.819080996390276539e-07 1.695211434064454401e-07 -1.201810568128136580e-18
1.967289455055698522e-07 1.667619825352861062e-07 -2.773251816596857203e-17
2.124605104833476865e-07 1.639179168322172943e-07 1.518838957915127079e-17
2.291095317491498307e-07 1.610173428262679759e-07 -1.818538999061794225e-18
2.466699061155763761e-07 1.580958888476772009e-07 3.037055171534931331e-17
2.651203119541367670e-07 1.551963055190153126e-07 -6.649939897424156948e-18
2.844220184823609276e-07 1.523674332083620974e-07 -5.764412343143324841e-17
3.045172988040689699e-07 1.496617973946270768e-07 -5.151185339845737256e-18
3.253289039342743827e-07 1.471313236701286896e-07 1.009692198288585278e-17
3.467613738893093878e-07 1.448207031871470641e-07 3.587839944927147166e-17
3.687050450854045813e-07 1.427581603743904536e-07 3.551192780537838036e-18
3.910437222851004258e-07 1.409438637761271582e-07 -2.435960060912176539e-17
4.136669705841200528e-07 1.393370673688703320e-07 -2.610786014290149723e-17
4.364874780331262638e-07 1.378442294478964214e-07 1.898573541295903774e-17
4.594632336471504708e-07 1.363116050281801837e-07 3.034402242684441107e-17
4.826229105074630876e-07 1.345266402573360360e-07 -2.258502086886496328e-17
5.060912355130120499e-07 1.322321620325960193e-07 -4.897921322568153586e-18
5.301098162172057648e-07 1.291551839193159030e-07 4.874876050497354210e-18
5.550480994195861051e-07 1.250480492118369992e-07 1.368543869233786888e-17
5.814002218586244997e-07 1.197345895064708020e-07 -8.990601810414988748e-19
6.097660694912021562e-07 1.131501133331541157e-07 -4.531147717542029838e-18
6.408187160356071388e-07 1.053636556055762089e-07 -2.872736950307559805e-17
6.752643752980236336e-07 9.657507662677993674e-08 2.784746882117268117e-17
7.138029956207936344e-07 8.708705782396936426e-08 -6.513074308666820050e-18
7.570975159784665287e-07 7.725962254568145174e-08 4.004995884744653317e-18
8.057570265763980277e-07 6.745924733569616854e-08 -7.074207742251698169e-18
8.603353013648951109e-07 5.801440308915900431e-08 2.317852458711832086e-18
9.213427894505521465e-07 4.918537350072502544e-08 3.271996021178126585e-18
9.892679083758904035e-07 4.115078107281610253e-08 -2.129128536375653280e-18
1.064603128993202308e-06 3.400870427559504224e-08 8.186763324660843724e-18
1.147872005082678504e-06 2.778777908606490956e-08 9.996380242056033011e-19
1.239654669873968551e-06 2.246325302864312581e-08 3.772819662521466681e-18
1.340610774155925888e-06 1.797388388226213124e-08 7.602626953225636441e-19
1.451499831505581595e-06 1.423703022944269657e-08 -8.165526068385961891e-18
1.573199763245380911e-06 1.116065471227652224e-08 2.105050852353564844e-18
1.706724702031647833e-06 8.651977699745378742e-09 -5.762791156403203492e-19
1.853243252386560513e-06 6.623114771189930583e-09 2.244454718253257392e-19
2.014098499238115014e-06 4.994303137933504243e-09 4.234175101846221554e-18
2.190830864872567174e-06 3.695360574201348561e-09 1.445847520529733009e-17
2.385205055462774615e-06 2.665954810148339131e-09 -8.209212286285909899e-18
2.599242343030022662e-06 1.855138097634103058e-09 -1.446809734399415685e-17
2.835259515287374965e-06 1.220479732633641063e-09 3.150323514412656093e-18
3.095916198153636500e-06 7.270256978123392990e-10 1.690132036689916139e-17
3.384272478746536139e-06 3.462287159082187905e-10 -1.065679573002071431e-18
3.703859443655865835e-06 5.493358352374159766e-11 1.752852087732518138e-18
4.058765844056066996e-06 -1.655379015211383919e-10 -2.301847743730302916e-17
4.453745132984576749e-06 -3.301854796072531984e-10 -1.235424587986643501e-17
4.894348562593797691e-06 -4.510111622143619563e-10 -2.800222939967054443e-18
5.387091764331303212e-06 -5.375892450533939386e-10 1.693894895521107628e-17
5.939664988404563806e-06 -5.975378152681738909e-10 1.363156056848959016e-17
6.561200760622082351e-06 -6.369047470873874693e-10 -6.618282321804678249e-18
7.262617993913922376e-06 -6.604822097231892808e-10 -1.397845388612026556e-17
8.057069247106862786e-06 -6.720596509879755752e-10 9.228619974451320376e-18
8.960528875553291916e-06 -6.746285890218493109e-10 1.287390178481889443e-17
9.992576666322666723e-06 -6.705465322553381071e-10 3.765484757839497689e-18
1.117745696410307743e-05 -6.616682796767527482e-10 -1.307636750958314282e-17
1.254553288449963833e-05 -6.494507969126917891e-10 -6.581573442552565373e-18
1.413531843345167127e-05 -6.350381353379078051e-10 -8.583484939455862503e-19
1.599637385652635801e-05 -6.193273503040597579e-10 -2.283184523346059008e-18
1.819352233550092235e-05 -6.030258593794932539e-10 -1.187372048241459430e-17
2.081314455600058455e-05 -5.866885854791145617e-10 2.792668061338201854e-17
2.397282946104903334e-05 -5.707729497026684753e-10 -4.788719388919212786e-18
2.783673743439810111e-05 -5.556186826771333499e-10 1.827379208732296853e-18
3.264040698952239139e-05 -5.416181270484460532e-10 -1.295463180737483269e-18
3.873601151309705171e-05 -5.288455772929373422e-10 1.373643571060613936e-17
4.665872961872805091e-05 -5.181918023220399102e-10 4.908449177701975253e-18
5.734380276163283940e-05 -5.083458326253985154e-10 -1.243529829880387839e-17
7.207736812614093380e-05 -5.042714243678239042e-10 -2.384757248211389907e-17
9.541423690389780332e-05 -4.942093872933534329e-10 4.858700245928301057e-18
1.260057466030556350e-04 -5.129490174612778030e-10 1.665771076665796369e-17
2.427790533660739714e-04 -4.709191934244745622e-10 -9.096844043062926984e-18
2.996447786505311572e-04 -6.192621041504013027e-10 2.566494741597091424e-18
4.141703632905235216e-03 -3.042419912986013379e-10 2.474935886672955999e-17
2.797603540794068797e-02 -1.478584322579040673e-09 -2.231687839137959489e-17
