1.311588449129022635e-04 -1.617160602219841019e-06 -0.000000000000000000e+00
1.315235589998216997e-04 -1.617160608192540110e-06 -0.000000000000000000e+00
1.590901159278288834e-04 -1.617160613538419997e-06 -0.000000000000000000e+00
4.385299373104307704e-05 -1.617160618328459500e-06 -0.000000000000000000e+00
1.020273094517840597e-05 -1.617160622624678371e-06 -0.000000000000000000e+00
3.141578452763750015e-06 -1.617160626481346011e-06 -0.000000000000000000e+00
1.170939002809378847e-06 -1.617160629946020356e-06 -0.000000000000000000e+00
5.010853368932721760e-07 -1.617160633060431754e-06 -0.000000000000000000e+00
2.380360648415003881e-07 -1.617160635861237674e-06 -0.000000000000000000e+00
1.226983355772678053e-07 -1.617160638380680636e-06 -0.000000000000000000e+00
6.753209463022996319e-08 -1.617160640647138150e-06 -0.000000000000000000e+00
3.922247330635762987e-08 -1.617160642685609759e-06 -0.000000000000000000e+00
2.382556993566736423e-08 -1.617160644518128270e-06 -0.000000000000000000e+00
1.503258682982790159e-08 -1.617160646164112551e-06 -0.000000000000000000e+00
9.797613704799954127e-09 -1.617160647640684737e-06 -0.000000000000000000e+00
6.566872042638021329e-09 -1.617160648962928579e-06 -0.000000000000000000e+00
4.509396077819510620e-09 -1.617160650144122377e-06 -0.000000000000000000e+00
3.162164007449757135e-09 -1.617160651195938668e-06 -0.000000000000000000e+00
2.257712897506804580e-09 -1.617160652128611305e-06 -0.000000000000000000e+00
1.636529297694953398e-09 -1.617160652951088767e-06 -0.000000000000000000e+00
1.200715818777765741e-09 -1.617160653671158252e-06 -0.000000000000000000e+00
8.886035337389422100e-10 -1.617160654295554730e-06 -0.000000000000000000e+00
6.603914676823920883e-10 -1.617160654830056025e-06 -0.000000000000000000e+00
4.897846595656483029e-10 -1.617160655279555869e-06 -0.000000000000000000e+00
3.589919225130604072e-10 -1.617160655648139503e-06 -0.000000000000000000e+00
2.556539315989696676e-10 -1.617160655939129202e-06 -0.000000000000000000e+00
1.709042298932796113e-10 -1.617160656155133615e-06 -0.000000000000000000e+00
9.810498867156189571e-11 -1.617160656298079530e-06 -0.000000000000000000e+00
3.198546350749060442e-11 -1.617160656369236439e-06 -0.000000000000000000e+00
-3.198546469560122152e-11 -1.617160656369236439e-06 -0.000000000000000000e+00
-9.810498826049260329e-11 -1.617160656298079319e-06 -0.000000000000000000e+00
-1.709042300579672905e-10 -1.617160656155134462e-06 -0.000000000000000000e+00
-2.556539313389422368e-10 -1.617160655939130684e-06 -0.000000000000000000e+00
-3.589919232217583054e-10 -1.617160655648140774e-06 -0.000000000000000000e+00
-4.897846584456742913e-10 -1.617160655279556504e-06 -0.000000000000000000e+00
-6.603914659219379186e-10 -1.617160654830055601e-06 -0.000000000000000000e+00
-8.886035335077571195e-10 -1.617160654295555365e-06 -0.000000000000000000e+00
-1.200715819936369914e-09 -1.617160653671158675e-06 -0.000000000000000000e+00
-1.636529300742872005e-09 -1.617160652951088767e-06 -0.000000000000000000e+00
-2.257712896939127069e-09 -1.617160652128610458e-06 -0.000000000000000000e+00
-3.162164005777996166e-09 -1.617160651195937821e-06 -0.000000000000000000e+00
-4.509396074536518450e-09 -1.617160650144122377e-06 -0.000000000000000000e+00
-6.566872043936976132e-09 -1.617160648962928579e-06 -0.000000000000000000e+00
-9.797613707496293263e-09 -1.617160647640684314e-06 -0.000000000000000000e+00
-1.503258683049587310e-08 -1.617160646164112340e-06 -0.000000000000000000e+00
-2.382556993905629673e-08 -1.617160644518127423e-06 -0.000000000000000000e+00
-3.922247330228242202e-08 -1.617160642685610182e-06 -0.000000000000000000e+00
-6.753209463035740195e-08 -1.617160640647138574e-06 -0.000000000000000000e+00
-1.226983355734671420e-07 -1.617160638380679577e-06 -0.000000000000000000e+00
-2.380360648426303566e-07 -1.617160635861237250e-06 -0.000000000000000000e+00
-5.010853368937147507e-07 -1.617160633060430907e-06 -0.000000000000000000e+00
-1.170939002811699717e-06 -1.617160629946020356e-06 -0.000000000000000000e+00
-3.141578452763752980e-06 -1.617160626481346858e-06 -0.000000000000000000e+00
-1.020273094517410304e-05 -1.617160622624677524e-06 -0.000000000000000000e+00
-4.385299373104381565e-05 -1.617160618328459500e-06 -0.000000000000000000e+00
-1.590901159278285582e-04 -1.617160613538419362e-06 -0.000000000000000000e+00
-1.315235589998244915e-04 -1.617160608192539898e-06 -0.000000000000000000e+00
-1.311588449129020737e-04 -1.617160602219840595e-06 -0.000000000000000000e+00
-1.311588475114626277e-04 7.150936821691383074e-14 -0.000000000000000000e+00
-1.315235619960000105e-04 7.898458981834815551e-14 -0.000000000000000000e+00
-1.590901193606984591e-04 8.736158425128579588e-14 -0.000000000000000000e+00
-4.385299764667982634e-05 9.676413376915204526e-14 -0.000000000000000000e+00
-1.020273539772444116e-05 1.073351335659443246e-13 -0.000000000000000000e+00
-3.141583505705669402e-06 1.192398802247750488e-13 -0.000000000000000000e+00
-1.170944730531104409e-06 1.326699856369952608e-13 -0.000000000000000000e+00
-5.010918265524062500e-07 1.478480470274737161e-13 -0.000000000000000000e+00
-2.380434187004993877e-07 1.650332335110958839e-13 -0.000000000000000000e+00
-1.227066737686626200e-07 1.845279867751030891e-13 -0.000000000000000000e+00
-6.754155857525860947e-08 2.066860800092877577e-13 -0.000000000000000000e+00
-3.923322988334231308e-08 2.319223376402969018e-13 -0.000000000000000000e+00
-2.383781657831957220e-08 2.607243920646426610e-13 -0.000000000000000000e+00
-1.504655793112351298e-08 2.936669466992274058e-13 -0.000000000000000000e+00
-9.813588402654692793e-09 3.314291328600316707e-13 -0.000000000000000000e+00
-6.585184059705800490e-09 3.748156985451900433e-13 -0.000000000000000000e+00
-4.530445891372927805e-09 4.247829597411511400e-13 -0.000000000000000000e+00
-3.186434317941000981e-09 4.824706920659221293e-13 -0.000000000000000000e+00
-2.285788085942288040e-09 5.492414592184565988e-13 -0.000000000000000000e+00
-1.669120263956116227e-09 6.267292872025973576e-13 -0.000000000000000000e+00
-1.238691733943338770e-09 7.169001295916593614e-13 -0.000000000000000000e+00
-9.330327748317813333e-10 8.221272694727840884e-13 -0.000000000000000000e+00
-7.125948086057412104e-10 9.452857225862298817e-13 -0.000000000000000000e+00
-5.514046858657663783e-10 1.089870917483688269e-12 -0.000000000000000000e+00
-4.320845957023092387e-10 1.260148533224789101e-12 -0.000000000000000000e+00
-3.428100114171133362e-10 1.461344511824057418e-12 -0.000000000000000000e+00
-2.754120773002011236e-10 1.699887122750182528e-12 -0.000000000000000000e+00
-2.241704236266262835e-10 1.983716806100762892e-12 -0.000000000000000000e+00
-1.850319198470228749e-10 2.322684731085829750e-12 -0.000000000000000000e+00
-1.550967559527333239e-10 2.729068099448058401e-12 -0.000000000000000000e+00
-1.322757913927983860e-10 3.218239938559605633e-12 -0.000000000000000000e+00
-1.150593581429297972e-10 3.809544519163606387e-12 -0.000000000000000000e+00
-1.023598197013006302e-10 4.527448108589425480e-12 -0.000000000000000000e+00
-9.340417801165399579e-11 5.403060714096764947e-12 -0.000000000000000000e+00
-8.766090488128863151e-11 6.476160959074237848e-12 -0.000000000000000000e+00
-8.479148091676782729e-11 7.797907925419252792e-12 -0.000000000000000000e+00
-8.461983521216386811e-11 9.434497574405923621e-12 -0.000000000000000000e+00
-8.711611267624427795e-11 1.147212748752280166e-11 -0.000000000000000000e+00
-9.239244005400656086e-11 1.402378757025430668e-11 -0.000000000000000000e+00
-1.007101350043326824e-10 1.723861941498727634e-11 -0.000000000000000000e+00
-1.124988864704117619e-10 2.131491898504397155e-11 -0.000000000000000000e+00
-1.283898841898684719e-10 2.651835136601753423e-11 -0.000000000000000000e+00
-1.492662681199408620e-10 3.320768856724648899e-11 -0.000000000000000000e+00
-1.763366827920382766e-10 4.187150713050039880e-11 -0.000000000000000000e+00
-2.112401094344316813e-10 5.318100678167881253e-11 -0.000000000000000000e+00
-2.561947374982068606e-10 6.806677997297250002e-11 -0.000000000000000000e+00
-3.142092897819230698e-10 8.783153513807829618e-11 -0.000000000000000000e+00
-3.893843144322206880e-10 1.143173717598484599e-10 -0.000000000000000000e+00
-4.873444587106304721e-10 1.501567422808314835e-10 -0.000000000000000000e+00
-6.158633060156399840e-10 1.991532542202579406e-10 -0.000000000000000000e+00
-7.857734354578925135e-10 2.668662510349241527e-10 -0.000000000000000000e+00
-1.012302549893742131e-09 3.615189553841250021e-10 -0.000000000000000000e+00
-1.317049781775007139e-09 4.954263652928201312e-10 -0.000000000000000000e+00
-1.730929492018489585e-09 6.872676043640694670e-10 -0.000000000000000000e+00
-2.298581032941412460e-09 9.657452387251362037e-10 -0.000000000000000000e+00
-3.085000430580763146e-09 1.375545237728803951e-09 -0.000000000000000000e+00
-4.185522337717228339e-09 1.987144921495184608e-09 -0.000000000000000000e+00
-5.740792350209107028e-09 2.913094123307799387e-09 -0.000000000000000000e+00
-7.958989158455662913e-09 4.335205669974389154e-09 -0.000000000000000000e+00
-1.114809364542441326e-08 6.550052277556403793e-09 -0.000000000000000000e+00
-1.576084522817332327e-08 1.004475526903335031e-08 -0.000000000000000000e+00
-2.245259999562874171e-08 1.562141927331633899e-08 -0.000000000000000000e+00
-3.214414035296765346e-08 2.459528193647307169e-08 -0.000000000000000000e+00
-4.606116651517108780e-08 3.909241759053883160e-08 -0.000000000000000000e+00
-6.568120860268976765e-08 6.244987261866764245e-08 -0.000000000000000000e+00
-9.245553166899760363e-08 9.963673729462445568e-08 -0.000000000000000000e+00
-1.271234070048915758e-07 1.574168997598674769e-07 -0.000000000000000000e+00
-1.685222284092053607e-07 2.436649197157445899e-07 -0.000000000000000000e+00
-2.122277034502044908e-07 3.650696776993964998e-07 -0.000000000000000000e+00
-2.501467183551936374e-07 5.230666205815567867e-07 -0.000000000000000000e+00
-2.725480336634325212e-07 7.097464917875139959e-07 -0.000000000000000000e+00
-2.725477418332690323e-07 9.074136184759762340e-07 -0.000000000000000000e+00
-2.501458385434907398e-07 1.094093480702925428e-06 -0.000000000000000000e+00
-2.122262225977529197e-07 1.252090405396911034e-06 -0.000000000000000000e+00
-1.685201243177280963e-07 1.373495135514281657e-06 -0.000000000000000000e+00
-1.271206478391540657e-07 1.459743117200442510e-06 -0.000000000000000000e+00
-9.245207518140260791e-08 1.517523229983228393e-06 -0.000000000000000000e+00
-6.567700112419335053e-08 1.554710032231755507e-06 -0.000000000000000000e+00
-4.605614156312862048e-08 1.578067410379906900e-06 -0.000000000000000000e+00
-3.213821683904731487e-08 1.592564452549815880e-06 -0.000000000000000000e+00
-2.244568009834163544e-08 1.601538202440128612e-06 -0.000000000000000000e+00
-1.575281173021024074e-08 1.607114731051471233e-06 -0.000000000000000000e+00
-1.113880670465922808e-08 1.610609271905665570e-06 -0.000000000000000000e+00
-7.948282173396471969e-09 1.612823924527802117e-06 -0.000000000000000000e+00
-5.728466969051154887e-09 1.614245803918150642e-06 -0.000000000000000000e+00
-4.171342235901065956e-09 1.615171474943650478e-06 -0.000000000000000000e+00
-3.068683781664328008e-09 1.615782740658973759e-06 -0.000000000000000000e+00
-2.279791062440169376e-09 1.616192138688600882e-06 -0.000000000000000000e+00
-1.709262684165291028e-09 1.616470131038786559e-06 -0.000000000000000000e+00
-1.292021197869310563e-09 1.616661384385720821e-06 -0.000000000000000000e+00
-9.833273734695569919e-10 1.616794576873314835e-06 -0.000000000000000000e+00
-7.521438728740078362e-10 1.616888356553005405e-06 -0.000000000000000000e+00
-5.767191594112848367e-10 1.616954998676536182e-06 -0.000000000000000000e+00
-4.416357378977000870e-10 1.617002675334921065e-06 -0.000000000000000000e+00
-3.358233237575874477e-10 1.617036879698690784e-06 -0.000000000000000000e+00
-2.512090065021030382e-10 1.617061329196825846e-06 -0.000000000000000000e+00
-1.817890090440503562e-10 1.617078543307253506e-06 -0.000000000000000000e+00
-1.229796035627803771e-10 1.617090214999867991e-06 -0.000000000000000000e+00
-7.115237370079983659e-11 1.617097448695967376e-06 -0.000000000000000000e+00
-2.328910515270122608e-11 1.617100909328720315e-06 -0.000000000000000000e+00
2.328911276250526589e-11 1.617100909328720315e-06 -0.000000000000000000e+00
7.115237034391217149e-11 1.617097448695967376e-06 -0.000000000000000000e+00
1.229795956017003059e-10 1.617090214999867779e-06 -0.000000000000000000e+00
1.817890073145808988e-10 1.617078543307253083e-06 -0.000000000000000000e+00
2.512090044019672016e-10 1.617061329196825634e-06 -0.000000000000000000e+00
3.358233223797456186e-10 1.617036879698690360e-06 -0.000000000000000000e+00
4.416357428881951320e-10 1.617002675334920642e-06 -0.000000000000000000e+00
5.767191685937274811e-10 1.616954998676536394e-06 -0.000000000000000000e+00
7.521438823430860371e-10 1.616888356553005828e-06 -0.000000000000000000e+00
9.833273668565567397e-10 1.616794576873314411e-06 -0.000000000000000000e+00
1.292021181888129223e-09 1.616661384385719974e-06 -0.000000000000000000e+00
1.709262676768799155e-09 1.616470131038786347e-06 -0.000000000000000000e+00
2.279791076828354918e-09 1.616192138688600671e-06 -0.000000000000000000e+00
3.068683796063352098e-09 1.615782740658973759e-06 -0.000000000000000000e+00
4.171342228674809508e-09 1.615171474943650902e-06 -0.000000000000000000e+00
5.728466954140802483e-09 1.614245803918150007e-06 -0.000000000000000000e+00
7.948282168956785172e-09 1.612823924527801482e-06 -0.000000000000000000e+00
1.113880671991414257e-08 1.610609271905664935e-06 -0.000000000000000000e+00
1.575281174552713752e-08 1.607114731051470597e-06 -0.000000000000000000e+00
2.244568008995714084e-08 1.601538202440128823e-06 -0.000000000000000000e+00
3.213821682226534225e-08 1.592564452549815668e-06 -0.000000000000000000e+00
4.605614155429392126e-08 1.578067410379906688e-06 -0.000000000000000000e+00
6.567700114133578860e-08 1.554710032231754660e-06 -0.000000000000000000e+00
9.245207519394923050e-08 1.517523229983227123e-06 -0.000000000000000000e+00
1.271206478343004081e-07 1.459743117200441663e-06 -0.000000000000000000e+00
1.685201243019869154e-07 1.373495135514280175e-06 -0.000000000000000000e+00
2.122262225909609595e-07 1.252090405396908704e-06 -0.000000000000000000e+00
2.501458385601619364e-07 1.094093480702917593e-06 -0.000000000000000000e+00
2.725477418456375663e-07 9.074136184759685049e-07 -0.000000000000000000e+00
2.725480336583854224e-07 7.097464917875099725e-07 -0.000000000000000000e+00
2.501467183369813173e-07 5.230666205815543515e-07 -0.000000000000000000e+00
2.122277034451093759e-07 3.650696776993937469e-07 -0.000000000000000000e+00
1.685222284201368503e-07 2.436649197157404076e-07 -0.000000000000000000e+00
1.271234070199741621e-07 1.574168997598647505e-07 -0.000000000000000000e+00
9.245553166366913111e-08 9.963673729462352924e-08 -0.000000000000000000e+00
6.568120858602162832e-08 6.244987261866706011e-08 -0.000000000000000000e+00
4.606116651399066797e-08 3.909241759053847425e-08 -0.000000000000000000e+00
3.214414036358815622e-08 2.459528193647262832e-08 -0.000000000000000000e+00
2.245260001453507958e-08 1.562141927331602797e-08 -0.000000000000000000e+00
1.576084521570580230e-08 1.004475526903328579e-08 -0.000000000000000000e+00
1.114809363081156629e-08 6.550052277556350854e-09 -0.000000000000000000e+00
7.958989146443402306e-09 4.335205669974365993e-09 -0.000000000000000000e+00
5.740792368554833160e-09 2.913094123307748102e-09 -0.000000000000000000e+00
4.185522352544346520e-09 1.987144921495151521e-09 -0.000000000000000000e+00
3.085000425499020825e-09 1.375545237728793818e-09 -0.000000000000000000e+00
2.298581027319029440e-09 9.657452387251291727e-10 -0.000000000000000000e+00
1.730929481108185135e-09 6.872676043640650209e-10 -0.000000000000000000e+00
1.317049800097452479e-09 4.954263652928131002e-10 -0.000000000000000000e+00
1.012302550556709815e-09 3.615189553841230376e-10 -0.000000000000000000e+00
7.857734298708169747e-10 2.668662510349225500e-10 -0.000000000000000000e+00
6.158632928387925162e-10 1.991532542202572427e-10 -0.000000000000000000e+00
4.873444602957123224e-10 1.501567422808307080e-10 -0.000000000000000000e+00
3.893843242922166915e-10 1.143173717598472708e-10 -0.000000000000000000e+00
3.142092946760524523e-10 8.783153513807788259e-11 -0.000000000000000000e+00
2.561947274046086931e-10 6.806677997297216398e-11 -0.000000000000000000e+00
2.112401037197219930e-10 5.318100678167856050e-11 -0.000000000000000000e+00
1.763366839488665449e-10 4.187150713050021140e-11 -0.000000000000000000e+00
1.492662820515101955e-10 3.320768856724616588e-11 -0.000000000000000000e+00
1.283898850407357891e-10 2.651835136601742437e-11 -0.000000000000000000e+00
1.124988840461468437e-10 2.131491898504388108e-11 -0.000000000000000000e+00
1.007101250703713258e-10 1.723861941498720202e-11 -0.000000000000000000e+00
9.239244163027038146e-11 1.402378757025425498e-11 -0.000000000000000000e+00
8.711611937659097712e-11 1.147212748752273058e-11 -0.000000000000000000e+00
8.461983677187192725e-11 9.434497574405889693e-12 -0.000000000000000000e+00
8.479147096047512743e-11 7.797907925419225327e-12 -0.000000000000000000e+00
8.766090248068339241e-11 6.476160959074214422e-12 -0.000000000000000000e+00
9.340417881559091068e-11 5.403060714096745560e-12 -0.000000000000000000e+00
1.023598331164691981e-10 4.527448108589391553e-12 -0.000000000000000000e+00
1.150593595911417421e-10 3.809544519163593462e-12 -0.000000000000000000e+00
1.322757823095616321e-10 3.218239938559594324e-12 -0.000000000000000000e+00
1.550967537640148707e-10 2.729068099448050727e-12 -0.000000000000000000e+00
1.850319198512740146e-10 2.322684731085822480e-12 -0.000000000000000000e+00
2.241704370253139757e-10 1.983716806100748756e-12 -0.000000000000000000e+00
2.754120709420590439e-10 1.699887122750180912e-12 -0.000000000000000000e+00
3.428100090039018904e-10 1.461344511824054187e-12 -0.000000000000000000e+00
4.320845842918260943e-10 1.260148533224786072e-12 -0.000000000000000000e+00
5.514046943264879413e-10 1.089870917483686048e-12 -0.000000000000000000e+00
7.125948090048029164e-10 9.452857225862260447e-13 -0.000000000000000000e+00
9.330327778572432274e-10 8.221272694727817660e-13 -0.000000000000000000e+00
1.238691723905282213e-09 7.169001295916575439e-13 -0.000000000000000000e+00
1.669120267269207845e-09 6.267292872025945303e-13 -0.000000000000000000e+00
2.285788094412624957e-09 5.492414592184551851e-13 -0.000000000000000000e+00
3.186434319802845987e-09 4.824706920659195039e-13 -0.000000000000000000e+00
4.530445890335891471e-09 4.247829597411501303e-13 -0.000000000000000000e+00
6.585184044246157973e-09 3.748156985451897908e-13 -0.000000000000000000e+00
9.813588413803290814e-09 3.314291328600298532e-13 -0.000000000000000000e+00
1.504655793108860265e-08 2.936669466992266990e-13 -0.000000000000000000e+00
2.383781658939925615e-08 2.607243920646413484e-13 -0.000000000000000000e+00
3.923322986711568967e-08 2.319223376402966998e-13 -0.000000000000000000e+00
6.754155857983451968e-08 2.066860800092873286e-13 -0.000000000000000000e+00
1.227066737689573874e-07 1.845279867751021551e-13 -0.000000000000000000e+00
2.380434187090250920e-07 1.650332335110956315e-13 -0.000000000000000000e+00
5.010918265494614341e-07 1.478480470274734637e-13 -0.000000000000000000e+00
1.170944730521074268e-06 1.326699856369949074e-13 -0.000000000000000000e+00
3.141583505707136463e-06 1.192398802247748469e-13 -0.000000000000000000e+00
1.020273539773104124e-05 1.073351335659439460e-13 -0.000000000000000000e+00
4.385299764667990765e-05 9.676413376915179282e-14 -0.000000000000000000e+00
1.590901193607000040e-04 8.736158425128563179e-14 -0.000000000000000000e+00
1.315235619959944540e-04 7.898458981834795356e-14 -0.000000000000000000e+00
1.311588475114633596e-04 7.150936821691366666e-14 -0.000000000000000000e+00
