2.798038105385038804e-02 -5.062057014829257241e-07 1.875265462202621278e-18
4.139647053083794076e-03 -9.146431463755712523e-08 1.649275347239947231e-18
2.990950865340742670e-04 -2.013886333256285252e-07 -4.731528114614130955e-18
2.415610635916574933e-04 -1.453980760982329789e-07 2.882232301491976931e-18
1.247008326082828245e-04 -1.575026566875815100e-07 -2.081488860111591148e-18
9.386856955765146560e-05 -1.478092964526559277e-07 -3.915328128319573507e-18
7.031604425400406200e-05 -1.481636439787572159e-07 1.191689487372439740e-18
5.534492055662282306e-05 -1.462270568085437381e-07 5.186873795420931341e-18
4.440791591651255255e-05 -1.460495428443659520e-07 -3.407051982803106222e-18
3.621355588037666884e-05 -1.458932447420007624e-07 -5.866634454585408800e-21
2.982402114265134130e-05 -1.461782184722015952e-07 -1.543896470783096645e-18
2.470057915326950848e-05 -1.466075057513351808e-07 -2.652800186165271671e-18
2.048725260094322320e-05 -1.471727430508733923e-07 -7.979284379908599259e-18
1.694415728932877063e-05 -1.477889874898350836e-07 -5.870142124484314261e-18
1.390216609843675233e-05 -1.484166753737043293e-07 3.726406170364819119e-18
1.123795054256554460e-05 -1.490148388508957443e-07 -6.996785339720291834e-18
8.858445979843809770e-06 -1.495544887324303825e-07 -3.465785769118938541e-18
6.690984961435497702e-06 -1.500119466696599297e-07 -5.807176977435353198e-18
4.676731143665041612e-06 -1.503696800426928889e-07 -2.401134424428583966e-18
2.766115367279498027e-06 -1.506149681448596197e-07 -1.528850649777135765e-18
9.154905703731563982e-07 -1.507396264925672398e-07 1.763235448460133665e-18
-9.154905702829507774e-07 -1.507396265081817628e-07 6.989478766890373672e-18
-2.766115367265620240e-06 -1.506149681340246125e-07 3.679708565484789197e-18
-4.676731143734430551e-06 -1.503696800409518127e-07 6.218103020223146630e-18
-6.690984961869178571e-06 -1.500119466758212474e-07 3.965635187128451494e-18
-8.858445979458701158e-06 -1.495544887433645985e-07 1.566539381593831717e-18
-1.123795054264881133e-05 -1.490148388322089269e-07 2.866045228118636168e-18
-1.390216609840899675e-05 -1.484166753640260514e-07 4.820146707381945373e-18
-1.694415728926285114e-05 -1.477889874905920134e-07 1.333930653080540225e-17
-2.048725260093975375e-05 -1.471727430637864625e-07 7.836262228414895930e-18
-2.470057915321399733e-05 -1.466075057525555435e-07 1.947706621688530715e-18
-2.982402114291154982e-05 -1.461782184904854896e-07 5.368310229338817086e-19
-3.621355588028993266e-05 -1.458932447270884297e-07 -2.128180888510805185e-18
-4.440791591636336633e-05 -1.460495428229148955e-07 -1.954514500856567097e-18
-5.534492055679282596e-05 -1.462270568533909563e-07 -1.376696759743023255e-18
-7.031604425381324242e-05 -1.481636439474614660e-07 -5.077040549771636043e-19
-9.386856955781799905e-05 -1.478092964433870579e-07 -4.974648405869921197e-18
-1.247008326083244578e-04 -1.575026566776416313e-07 -3.717797455726772547e-18
-2.415610635910468706e-04 -1.453980761111419198e-07 -8.743007931197025908e-19
-2.990950865345877452e-04 -2.013886333454492020e-07 -2.312941396159484192e-18
-4.139647053083492234e-03 -9.146431463525150155e-08 -1.736551860990090195e-18
-2.798038105385062049e-02 -5.062057014723495648e-07 -4.777011884577164918e-20
-2.797605233753367240e-02 -1.713043691902224612e-10 8.116824602210657723e-18
-4.141696175380661649e-03 -3.422700188988536366e-11 -7.461163810147860281e-19
-2.996431867380092151e-04 -7.079642867310892731e-11 -6.172688043803389928e-18
-2.427753912897061273e-04 -5.313875484114510294e-11 -7.567444431675753320e-18
-1.260021631806669540e-04 -5.785923790789083507e-11 -9.932129983859139064e-18
-9.541025948406334223e-05 -5.542448812557507104e-11 1.393756373381851155e-18
-7.207314904104228370e-05 -5.642293067502288011e-11 9.988200797694197294e-19
-5.733933924238418522e-05 -5.673716347285588417e-11 8.969815868366767918e-18
-4.665404967593017593e-05 -5.778072933238638029e-11 4.674529239350434808e-19
-3.873113290403865094e-05 -5.897440990257555010e-11 -6.820917423895487316e-18
-3.263534767802139802e-05 -6.049526616464574365e-11 -3.271921055379985406e-18
-2.783151414361209608e-05 -6.225956236044926969e-11 1.068511360273394793e-17
-2.396745868634211907e-05 -6.428925108764971762e-11 6.742965851470146348e-18
-2.080764289903030972e-05 -6.657500415208545574e-11 3.541914011651181776e-19
-1.818790695500005494e-05 -6.912438253802538550e-11 2.302748736870615643e-19
-1.599066279493396858e-05 -7.194296348131059788e-11 2.795562261913467056e-18
-1.412953097640334832e-05 -7.504061053389401677e-11 -4.904518483205955404e-18
-1.253968984999548342e-05 -7.842817467556791897e-11 1.534651054218197826e-18
-1.117158098196818772e-05 -8.211868100326196513e-11 5.725726003556300428e-18
-9.986692463548330068e-06 -8.612624730158198871e-11 -4.957331831803281301e-19
-8.954663486923641891e-06 -9.046618279923124442e-11 -2.974163134250737284e-18
-8.051252223046506673e-06 -9.515459468034259098e-11 -1.407166897973808928e-17
-7.256881543772630838e-06 -1.002080239934661573e-10 1.564272502599115115e-17
-6.555579814535028582e-06 -1.056432217296887708e-10 -1.124458193931436247e-17
-5.934197186870104890e-06 -1.114764881178811999e-10 2.204148587105873529e-18
-5.381817294723700851e-06 -1.177231916632954233e-10 1.295622728008020255e-18
-4.889309830446997296e-06 -1.243968371807266155e-10 2.643429773376970644e-18
-4.448986205309035658e-06 -1.315084785423650153e-10 -5.564181104359996941e-19
-4.054331565663676917e-06 -1.390648475340493059e-10 1.201649952667164009e-18
-3.699794195032024557e-06 -1.470674832264642320e-10 4.121196308702933247e-18
-3.380618405164625973e-06 -1.555102037027756555e-10 1.077532706575996341e-17
-3.092710804411535896e-06 -1.643767920739165121e-10 4.674839585042589765e-18
-2.832532473861365530e-06 -1.736379014193658147e-10 -1.521009759810843611e-18
-2.597011298201973295e-06 -1.832467425492409025e-10 -2.118625220382314261e-17
-2.383470279941624081e-06 -1.931341467471984886e-10 2.445935767000247037e-17
-2.189568477483500031e-06 -2.032023079935253936e-10 -4.425418484985221145e-19
-2.013252089150263657e-06 -2.133162577655574122e-10 -1.170643743357922503e-17
-1.852713720541104836e-06 -2.232940314060750271e-10 -7.774786216327842618e-18
-1.706358238647703862e-06 -2.328937843021290337e-10 -8.408454084415881147e-19
-1.572774070021654147e-06 -2.417974470062205154e-10 2.589535549490765430e-18
-1.450708925748028788e-06 -2.495905918149361161e-10 1.771292125379171846e-17
-1.339049175277939874e-06 -2.557367713162975464e-10 1.441570548253028302e-18
-1.236802290933286530e-06 -2.595455299988209989e-10 -1.648480145471494549e-17
-1.143081803069850855e-06 -2.601316621045095664e-10 -1.913068338848924149e-18
-1.057094407456299345e-06 -2.563647620411610531e-10 -4.305873111412181144e-18
-9.781288418039824073e-07 -2.468051635670081971e-10 -1.217972195551572375e-17
-9.055462877848030612e-07 -2.296238825705901005e-10 -1.227477831692829251e-17
-8.387720796046438387e-07 -2.025021053379390999e-10 -6.740471237423626088e-18
-7.772884899753806920e-07 -1.625052289175433230e-10 9.078178430956847914e-18
-7.206285035955828366e-07 -1.059255761363593233e-10 -2.418893661088599653e-18
-6.683703974059984620e-07 -2.808608574335153007e-11 8.648746149071681527e-19
-6.201330391523984797e-07 7.690343248232744276e-11 -8.209899185207383050e-18
-5.755718665637066245e-07 2.164480990543330298e-10 1.997693968316993264e-17
-5.343753999818845468e-07 3.998388124027975622e-10 9.090392906399938106e-18
-4.962623177881542169e-07 6.387054467589503921e-10 -1.233180362050555367e-17
-4.609790058840435023e-07 9.475640455814993994e-10 2.711357244638603218e-17
-4.282975536451516518e-07 1.344469570783159672e-09 -2.990065905555670011e-20
-3.980142210882609000e-07 1.851780992879399639e-09 -7.994107624882426624e-18
-3.699483193710106921e-07 2.497036016888266007e-09 7.067278468556329261e-18
-3.439415050612848468e-07 3.313917400813352703e-09 -6.253558942156467877e-18
-3.198574703607015568e-07 4.343266563675273492e-09 3.689282565978303268e-18
-2.975819944767144065e-07 5.634059757305051404e-09 -1.805882840638130549e-18
-2.770232964098562345e-07 7.244202159598788423e-09 -2.008913214520186918e-17
-2.581125777903481300e-07 9.240914834828038478e-09 1.333854715694002572e-17
-2.408045446551654312e-07 1.170038431107718649e-08 -1.537792307677059205e-17
-2.250776507256579961e-07 1.470622529104602810e-08 9.364794527999069415e-18
-2.109336168058806305e-07 1.834619050726097866e-08 1.132873399563252322e-17
-1.983956706454181873e-07 2.270649486568715082e-08 -1.685874653461139000e-17
-1.875047883660718728e-07 2.786316862200773600e-08 1.882363071069781469e-17
-1.783131223717648872e-07 3.387012637504883017e-08 1.045379195991242749e-17
-1.708739039742168675e-07 4.074423704492809348e-08 4.053439807682314223e-18
-1.652273584791530414e-07 4.844869248723250911e-08 1.086126546445793665e-18
-1.613829140739708734e-07 5.687733746930520061e-08 3.996748234059259294e-18
-1.592989762426444411e-07 6.584405826071397753e-08 -1.453909911157342847e-17
-1.588629250821871342e-07 7.508222686400633228e-08 -1.362335538872657214e-17
-1.598753360670945867e-07 8.425874070689682221e-08 1.495751687514490465e-17
-1.620430785560789122e-07 9.300468323663294042e-08 -9.035568863008365407e-18
-1.649854611089629497e-07 1.009600753367872146e-07 1.115142602132666531e-17
-1.682553930591745850e-07 1.078247858696726179e-07 -4.535714103086836793e-18
-1.713740279928044341e-07 1.134037214798255775e-07 -1.033942648636310098e-17
-1.738735740837438204e-07 1.176342554680491299e-07 -7.721001966435695428e-18
-1.753402845694473910e-07 1.205883476124829951e-07 -7.612633824080946857e-18
-1.754493853464711428e-07 1.224494384144435472e-07 -1.077417439192789117e-17
-1.739859309263236398e-07 1.234716578057456583e-07 -2.748390847283341641e-18
-1.708494180956143804e-07 1.239330259545282443e-07 1.211797750219670411e-17
-1.660439269482449909e-07 1.240938928914675327e-07 2.508075699328505039e-17
-1.596581958099307919e-07 1.241679463381470866e-07 5.317313232541540862e-18
-1.518409583553537168e-07 1.243080417837358364e-07 8.618140402796998246e-18
-1.427762300644508375e-07 1.246049847446160938e-07 -2.574617137487798627e-17
-1.326617522154349693e-07 1.250952173248452772e-07 -2.130605871251118423e-17
-1.216922606087078584e-07 1.257730387632837851e-07 -7.326387769076504794e-18
-1.100478798123083468e-07 1.266038306688082737e-07 3.674809877118265596e-17
-9.788717659012236005e-08 1.275360228399558927e-07 1.411243982398429602e-17
-8.534396286202783344e-08 1.285107107113221344e-07 -2.422818060665468438e-17
-7.252686584982570572e-08 1.294686853418884395e-07 -2.811384155443611980e-18
-5.952080594021080806e-08 1.303551389971604077e-07 3.574251787493416732e-18
-4.638969224035616179e-08 1.311225315742013536e-07 -7.020484601706671308e-19
-3.317982343736813888e-08 1.317321398674460237e-07 1.349533860600604359e-17
-1.992363770839111758e-08 1.321547592214578564e-07 2.615091480526575244e-18
-6.643637990438877594e-09 1.323709259148994576e-07 -2.984406106525619063e-18
6.643637147363268269e-09 1.323709259319642863e-07 -5.805347951790210128e-18
1.992363827391097075e-08 1.321547592240472890e-07 -2.013266692457747405e-17
3.317982404799080243e-08 1.317321398692619299e-07 -1.013743909686203721e-17
4.638969281628435581e-08 1.311225315462320610e-07 4.196637193534931450e-18
5.952080510407409264e-08 1.303551390092063014e-07 9.732695344924843977e-18
7.252686552369769224e-08 1.294686853293217529e-07 1.118943022409260398e-17
8.534396464532356674e-08 1.285107107357521528e-07 1.198264455689042705e-17
9.788717502540178472e-08 1.275360228659526044e-07 7.382207513992918827e-18
1.100478781400349160e-07 1.266038306537149407e-07 3.900576029413592549e-18
1.216922615107640659e-07 1.257730387461933072e-07 -1.989858085890662016e-17
1.326617536864804769e-07 1.250952173426292633e-07 -1.130167370503148390e-17
1.427762310324265371e-07 1.246049847452911791e-07 -1.261933375865598470e-17
1.518409568079803762e-07 1.243080417862968405e-07 5.972073571992110867e-18
1.596581941133712323e-07 1.241679463286781053e-07 2.470299516653904762e-17
1.660439281035708259e-07 1.240938928385925597e-07 5.975134656537568273e-18
1.708494192544096624e-07 1.239330260052684825e-07 -3.081584003687681706e-17
1.739859318110326125e-07 1.234716578358421153e-07 -2.038133542639554117e-17
1.754493834243975314e-07 1.224494384188346719e-07 4.046471338168443398e-17
1.753402831990158450e-07 1.205883475790543104e-07 1.065711692051378304e-17
1.738735753882558743e-07 1.176342554816039864e-07 4.244947419040325764e-18
1.713740290856802240e-07 1.134037214756255646e-07 -2.436401241004179831e-17
1.682553942249087608e-07 1.078247858611275907e-07 -2.816407238705706914e-17
1.649854592042365731e-07 1.009600753594448695e-07 1.606408551351689207e-17
1.620430766374747478e-07 9.300468321276863416e-08 2.570076272004029590e-17
1.598753371946648461e-07 8.425874069587591771e-08 -7.240338959588199008e-18
1.588629265046603845e-07 7.508222689493605798e-08 -1.725431883931345621e-17
1.592989771828645651e-07 6.584405823973539341e-08 2.605530896222535605e-17
1.613829123496557383e-07 5.687733749104273949e-08 5.793957542020001243e-18
1.652273569942297460e-07 4.844869246577073240e-08 -6.459228110110837262e-18
1.708739047999452421e-07 4.074423707063621841e-08 -9.295632963163148687e-18
1.783131238879132052e-07 3.387012635030564121e-08 -3.841368804279496192e-17
1.875047891987391413e-07 2.786316860356686590e-08 3.044627428618101622e-17
1.983956690529420364e-07 2.270649488366884303e-08 1.979025888029231606e-17
2.109336154007546149e-07 1.834619048998800817e-08 5.380585526521035867e-18
2.250776516207753097e-07 1.470622530978922610e-08 -1.096928277164577413e-17
2.408045457480412210e-07 1.170038433257728482e-08 -1.544700986484924286e-17
2.581125790150629040e-07 9.240914807420487525e-09 4.523211843493400149e-18
2.770232946890105463e-07 7.244202145889044011e-09 3.813799997233995898e-17
2.975819925164768787e-07 5.634059802563371734e-09 -5.495815836481194860e-18
3.198574719705249425e-07 4.343266537645653238e-09 -4.156504279154728305e-17
3.439415057482353433e-07 3.313917402308709962e-09 8.470811321819130101e-18
3.699483213590037955e-07 2.497036029774476018e-09 5.093108713644587527e-17
3.980142188435287220e-07 1.851780990340874983e-09 -6.465729112767929617e-17
4.282975515391973520e-07 1.344469571554250821e-09 8.024652609886046326e-18
4.609790071122277233e-07 9.475640119620338040e-10 6.747742615822255057e-17
4.962623192314441489e-07 6.387054820670423424e-10 -4.058068549694781881e-17
5.343754004745460140e-07 3.998388366859814628e-10 -4.347288446993301790e-17
5.755718643918328326e-07 2.164480725692009559e-10 5.316367753742781484e-17
6.201330393224013804e-07 7.690338329637158406e-11 -2.490708468274581441e-17
6.683703979090682701e-07 -2.808602784838488745e-11 7.183300673364398830e-18
7.206285045600890893e-07 -1.059255808393377093e-10 -1.409204807236276539e-17
7.772884903743670915e-07 -1.625052324737085817e-10 2.222940758652222243e-18
8.387720775819562657e-07 -2.025021262825790349e-10 2.466717194988467335e-17
9.055462883676701491e-07 -2.296239211079885447e-10 -4.819123063886157458e-17
9.781288422966438745e-07 -2.468051020445898706e-10 1.301196936123471531e-17
1.057094407969777494e-06 -2.563647926918175275e-10 1.282673457151927194e-17
1.143081803552103981e-06 -2.601316202149550724e-10 -1.788433347648516370e-17
1.236802288501204217e-06 -2.595454952363803940e-10 -7.626997746510723652e-18
1.339049175999584840e-06 -2.557368227538621935e-10 2.954619073096726876e-17
1.450708926292731960e-06 -2.495906096836834366e-10 7.408079873886243468e-18
1.572774070486560039e-06 -2.417974330307277880e-10 2.430398756927759541e-18
1.706358238789951187e-06 -2.328937953476041021e-10 8.536510124893999759e-18
1.852713719430881811e-06 -2.232940507607795263e-10 5.435360385798167146e-18
2.013252089479861118e-06 -2.133162295322874744e-10 -9.218800959439237545e-18
2.189568477705544636e-06 -2.032022918971424028e-10 -8.162464270399145309e-18
2.383470280573063427e-06 -1.931341734825742045e-10 -1.286368817147798296e-17
2.597011298854229322e-06 -1.832467292364025638e-10 -2.594089291323672499e-18
2.832532471352955383e-06 -1.736378811070624445e-10 4.367228440762717571e-18
3.092710805029097454e-06 -1.643768334197767701e-10 5.637036176783627441e-18
3.380618405733615273e-06 -1.555101928358913629e-10 1.121262078120150283e-17
3.699794195934080765e-06 -1.470674832925749881e-10 -1.842765317044030959e-17
4.054331565583879637e-06 -1.390649074225431451e-10 -1.441738275297323560e-17
4.448986202849197769e-06 -1.315083869856274520e-10 1.422688366830043013e-17
4.889309832171312431e-06 -1.243968976806103249e-10 1.317968617434780800e-17
5.381817295219831765e-06 -1.177231410414193685e-10 8.503232221688599854e-18
5.934197186571732452e-06 -1.114765131844481541e-10 -1.852959288228665253e-17
6.555579814868095490e-06 -1.056432275009829121e-10 9.366163936227590159e-18
7.256881542509752148e-06 -1.002080261164268538e-10 1.783926463058241351e-17
8.051252223761212745e-06 -9.515458666743365742e-11 -1.046358554988137031e-17
8.954663487520386767e-06 -9.046617588260276785e-11 -2.642459999378623237e-18
9.986692462854440677e-06 -8.612621325378345371e-11 -9.348010415632819305e-18
1.117158098319290249e-05 -8.211866259850843187e-11 8.218976367877060307e-18
1.253968984709849521e-05 -7.842821107273020641e-11 4.267307190685525749e-18
1.412953097771479927e-05 -7.504057553500859013e-11 -1.468965706516024426e-17
1.599066279730013140e-05 -7.194303007923016722e-11 -1.790809805099112967e-17
1.818790695272062830e-05 -6.912437291080855287e-11 9.102586851203365665e-18
2.080764289975195469e-05 -6.657499469082990191e-11 -2.635551597450989230e-18
2.396745868401412016e-05 -6.428924387249454972e-11 2.846621803383736041e-17
2.783151414620724240e-05 -6.225953222338954785e-11 -1.595285869157534876e-17
3.263534767907264045e-05 -6.049529655087625423e-11 -1.681850909833319177e-17
3.873113290085022919e-05 -5.897446396832926676e-11 2.930575968434274565e-17
4.665404967689815163e-05 -5.778069079849197654e-11 -6.272094362873935404e-18
5.733933924282480499e-05 -5.673714344003538802e-11 -1.268376532895041570e-17
7.207314904138575895e-05 -5.642296936074421735e-11 2.166723958286551143e-17
9.541025948466008710e-05 -5.542446295716052167e-11 -2.215633121664009564e-17
1.260021631789461083e-04 -5.785923158733915107e-11 3.919068733098684044e-18
2.427753912901224609e-04 -5.313878620008056027e-11 1.279673082238800970e-17
2.996431867383943237e-04 -7.079638610285556478e-11 -6.187234315470911032e-18
4.141696175380602668e-03 -3.422698030117029194e-11 -5.196386075758928258e-18
2.797605233753376608e-02 -1.713044065634481779e-10 -1.746441359415354697e-18
