1.619137007966126731e-28 -1.030521200070937504e-11 -0.000000000000000000e+00
-1.311588468152986896e-04 1.080358103740012245e-15 -0.000000000000000000e+00
-1.315235612375648122e-04 1.144619373355496740e-15 -0.000000000000000000e+00
-1.590901185334548306e-04 1.213006653296485220e-15 -0.000000000000000000e+00
-4.385299674329930654e-05 1.285799999857332048e-15 -0.000000000000000000e+00
-1.020273440997831156e-05 1.363299098765399009e-15 -0.000000000000000000e+00
-3.141582424339106996e-06 1.445824641626865327e-15 -0.000000000000000000e+00
-1.170943545117737127e-06 1.533719793787033311e-15 -0.000000000000000000e+00
-5.010905253254649928e-07 1.627351758614400910e-15 -0.000000000000000000e+00
-2.380419883568952324e-07 1.727113443307405592e-15 -0.000000000000000000e+00
-1.227050992403365207e-07 1.833425231378142729e-15 -0.000000000000000000e+00
-6.753982276279993858e-08 1.946736866980090894e-15 -0.000000000000000000e+00
-3.923131334417911895e-08 2.067529456208388171e-15 -0.000000000000000000e+00
-2.383569716078512599e-08 2.196317590400491863e-15 -0.000000000000000000e+00
-1.504421034439065894e-08 2.333651596290492106e-15 -0.000000000000000000e+00
-9.810983709835007816e-09 2.480119917608382164e-15 -0.000000000000000000e+00
-6.582289078698607971e-09 2.636351632350396903e-15 -0.000000000000000000e+00
-4.527222484659068217e-09 2.803019109461544156e-15 -0.000000000000000000e+00
-3.182838548677792835e-09 2.980840808046395029e-15 -0.000000000000000000e+00
-2.281769211786786293e-09 3.170584221437909595e-15 -0.000000000000000000e+00
-1.664619534703289987e-09 3.373068967482182384e-15 -0.000000000000000000e+00
-1.233640948799843840e-09 3.589170025212156152e-15 -0.000000000000000000e+00
-9.273525472173878844e-10 3.819821116657283571e-15 -0.000000000000000000e+00
-7.061924711392008531e-10 4.066018230834595978e-15 -0.000000000000000000e+00
-5.441717528942471983e-10 4.328823284955965983e-15 -0.000000000000000000e+00
-4.238936784783032690e-10 4.609367915527410092e-15 -0.000000000000000000e+00
-3.335110544457769587e-10 4.908857389267884554e-15 -0.000000000000000000e+00
-2.648277483945327600e-10 5.228574620593577239e-15 -0.000000000000000000e+00
-2.120904453758587789e-10 5.569884278753164038e-15 -0.000000000000000000e+00
-1.712060704239771508e-10 5.934236963509881705e-15 -0.000000000000000000e+00
-1.392261903679002918e-10 6.323173423500187602e-15 -0.000000000000000000e+00
-1.140022317167052869e-10 6.738328786002094942e-15 -0.000000000000000000e+00
-9.395156832307275555e-11 7.181436760771582474e-15 -0.000000000000000000e+00
-7.789660100892182112e-11 7.654333773801366074e-15 -0.000000000000000000e+00
-6.495288441396716791e-11 8.158962979277094779e-15 -0.000000000000000000e+00
-5.445015716805807521e-11 8.697378089611708939e-15 -0.000000000000000000e+00
-4.587632700428971357e-11 9.271746954193345344e-15 -0.000000000000000000e+00
-3.883701665008256310e-11 9.884354807364623673e-15 -0.000000000000000000e+00
-3.302629306128482965e-11 1.053760709514899629e-14 -0.000000000000000000e+00
-2.820514360368850818e-11 1.123403177836215251e-14 -0.000000000000000000e+00
-2.418560634679582652e-11 1.197628099702302398e-14 -0.000000000000000000e+00
-2.081893359453492158e-11 1.276713196746395979e-14 -0.000000000000000000e+00
-1.798674359914299385e-11 1.360948696932629459e-14 -0.000000000000000000e+00
-1.559424027119882131e-11 1.450637226484242846e-14 -0.000000000000000000e+00
-1.356515620215669751e-11 1.546093577762390668e-14 -0.000000000000000000e+00
-1.183775955992920665e-11 1.647644334282882302e-14 -0.000000000000000000e+00
-1.036186539884941229e-11 1.755627332535811859e-14 -0.000000000000000000e+00
-9.096500926483441792e-12 1.870390938799179360e-14 -0.000000000000000000e+00
-8.008063001944533421e-12 1.992293117756143005e-14 -0.000000000000000000e+00
-7.068846980762542818e-12 2.121700268488182799e-14 -0.000000000000000000e+00
-6.255937797811755527e-12 2.258985802385329382e-14 -0.000000000000000000e+00
-5.550283416530687552e-12 2.404528436759776167e-14 -0.000000000000000000e+00
-4.936035378089825938e-12 2.558710177552114366e-14 -0.000000000000000000e+00
-4.399917383936336490e-12 2.721913964570343599e-14 -0.000000000000000000e+00
-3.930804541683893237e-12 2.894520953300655256e-14 -0.000000000000000000e+00
-3.519265046811401480e-12 3.076907408584752978e-14 -0.000000000000000000e+00
-3.157376763118238113e-12 3.269441187485979334e-14 -0.000000000000000000e+00
-2.838415197166865196e-12 3.472477791586943651e-14 -0.000000000000000000e+00
-2.556673978683207998e-12 3.686355972896151339e-14 -0.000000000000000000e+00
-2.307283180331226763e-12 3.911392882610941803e-14 -0.000000000000000000e+00
-2.086025958348592794e-12 4.147878758301536491e-14 -0.000000000000000000e+00
-1.889333539251544860e-12 4.396071152746369790e-14 -0.000000000000000000e+00
-1.714131460920421601e-12 4.656188716742152795e-14 -0.000000000000000000e+00
-1.557802417755363851e-12 4.928404558784708324e-14 -0.000000000000000000e+00
-1.418028519302750843e-12 5.212839216583814519e-14 -0.000000000000000000e+00
-1.292816845940469313e-12 5.509553288903608258e-14 -0.000000000000000000e+00
-1.180419822913075046e-12 5.818539791122238688e-14 -0.000000000000000000e+00
-1.079359204056370434e-12 6.139716314020969674e-14 -0.000000000000000000e+00
-9.883484255193391920e-13 6.472917082413893236e-14 -0.000000000000000000e+00
-9.062188201278610345e-13 6.817885027993079939e-14 -0.000000000000000000e+00
-8.319591918907592641e-13 7.174264008783207312e-14 -0.000000000000000000e+00
-7.646637784235560142e-13 7.541591325366815056e-14 -0.000000000000000000e+00
-7.035855852288800171e-13 7.919290700959108624e-14 -0.000000000000000000e+00
-6.480494934521210340e-13 8.306665907787875469e-14 -0.000000000000000000e+00
-5.974497228757687705e-13 8.702895235303559695e-14 -0.000000000000000000e+00
-5.512182016508763217e-13 9.107027005675678674e-14 -0.000000000000000000e+00
-5.088734166001107219e-13 9.517976347959714100e-14 -0.000000000000000000e+00
-4.700107692808333364e-13 9.934523443370150150e-14 -0.000000000000000000e+00
-4.342719345060891261e-13 1.035531344943286818e-13 -0.000000000000000000e+00
-4.013132828485380543e-13 1.077885829965342471e-13 -0.000000000000000000e+00
-3.708096517336546073e-13 1.120354055709466587e-13 -0.000000000000000000e+00
-3.424815370065756067e-13 1.162761947445840752e-13 -0.000000000000000000e+00
-3.161061373516160916e-13 1.204923937969338090e-13 -0.000000000000000000e+00
-2.914925203170001612e-13 1.246644046487666661e-13 -0.000000000000000000e+00
-2.684296396649470319e-13 1.287717200753074983e-13 -0.000000000000000000e+00
-2.467285046199859717e-13 1.327930799840284404e-13 -0.000000000000000000e+00
-2.262151626418397189e-13 1.367066508918069150e-13 -0.000000000000000000e+00
-2.067708546023563872e-13 1.404902270915883727e-13 -0.000000000000000000e+00
-1.882874036248346276e-13 1.441214513337269808e-13 -0.000000000000000000e+00
-1.706404693919813013e-13 1.475780521835432551e-13 -0.000000000000000000e+00
-1.537038854165054237e-13 1.508380945785350821e-13 -0.000000000000000000e+00
-1.373732629597096790e-13 1.538802395216817040e-13 -0.000000000000000000e+00
-1.215909967960404102e-13 1.566840083373764021e-13 -0.000000000000000000e+00
-1.062823889893870519e-13 1.592300465087313727e-13 -0.000000000000000000e+00
-9.137342189926673691e-14 1.615003818320611188e-13 -0.000000000000000000e+00
-7.679511748610892646e-14 1.634786714854238989e-13 -0.000000000000000000e+00
-6.247526882641454261e-14 1.651504326273664428e-13 -0.000000000000000000e+00
-4.837704370020802283e-14 1.665032513277759965e-13 -0.000000000000000000e+00
-3.444233607460546483e-14 1.675269649864288196e-13 -0.000000000000000000e+00
-2.061785370236565785e-14 1.682138139106924684e-13 -0.000000000000000000e+00
-6.860730792619994435e-15 1.685585583887645232e-13 -0.000000000000000000e+00
6.868354996233529531e-15 1.685585583887645232e-13 -0.000000000000000000e+00
2.061455115710003161e-14 1.682138139106924684e-13 -0.000000000000000000e+00
3.443438539716021184e-14 1.675269649864288196e-13 -0.000000000000000000e+00
4.837530659423593593e-14 1.665032513277759965e-13 -0.000000000000000000e+00
6.247317653901883083e-14 1.651504326273664428e-13 -0.000000000000000000e+00
7.679376494882596591e-14 1.634786714854235959e-13 -0.000000000000000000e+00
9.137841503306642306e-14 1.615003818320611188e-13 -0.000000000000000000e+00
1.062915197199325540e-13 1.592300465087310697e-13 -0.000000000000000000e+00
1.216004551898239222e-13 1.566840083373762254e-13 -0.000000000000000000e+00
1.373666873675253947e-13 1.538802395216814263e-13 -0.000000000000000000e+00
1.536878751513631566e-13 1.508380945785350821e-13 -0.000000000000000000e+00
1.706330629144593425e-13 1.475780521835432551e-13 -0.000000000000000000e+00
1.883017749901754179e-13 1.441214513337267788e-13 -0.000000000000000000e+00
2.067852580375461979e-13 1.404902270915881707e-13 -0.000000000000000000e+00
2.262079004958527233e-13 1.367066508918069150e-13 -0.000000000000000000e+00
2.467135979817325430e-13 1.327930799840284404e-13 -0.000000000000000000e+00
2.684252213367317212e-13 1.287717200753072963e-13 -0.000000000000000000e+00
2.915077650204562403e-13 1.246644046487664641e-13 -0.000000000000000000e+00
3.161214608588889180e-13 1.204923937969336070e-13 -0.000000000000000000e+00
3.424731734754394567e-13 1.162761947445840752e-13 -0.000000000000000000e+00
3.707928672960844367e-13 1.120354055709466587e-13 -0.000000000000000000e+00
4.013044684295201417e-13 1.077885829965340956e-13 -0.000000000000000000e+00
4.342890496614407078e-13 1.035531344943285303e-13 -0.000000000000000000e+00
4.700233038101759954e-13 9.934523443370135004e-14 -0.000000000000000000e+00
5.088685934865538071e-13 9.517976347959714100e-14 -0.000000000000000000e+00
5.512024849385972024e-13 9.107027005675678674e-14 -0.000000000000000000e+00
5.974429495287006319e-13 8.702895235303559695e-14 -0.000000000000000000e+00
6.480661677060540360e-13 8.306665907787854012e-14 -0.000000000000000000e+00
7.035979641656352829e-13 7.919290700959083381e-14 -0.000000000000000000e+00
7.646587972840889850e-13 7.541591325366806220e-14 -0.000000000000000000e+00
8.319409500546064719e-13 7.174264008783197215e-14 -0.000000000000000000e+00
9.062137199144228742e-13 6.817885027993068579e-14 -0.000000000000000000e+00
9.883593784728651780e-13 6.472917082413873041e-14 -0.000000000000000000e+00
1.079374277988535818e-12 6.139716314020952004e-14 -0.000000000000000000e+00
1.180414467225455008e-12 5.818539791122219755e-14 -0.000000000000000000e+00
1.292800212279115742e-12 5.509553288903600685e-14 -0.000000000000000000e+00
1.418027254712236908e-12 5.212839216583798742e-14 -0.000000000000000000e+00
1.557813016448893526e-12 4.928404558784692546e-14 -0.000000000000000000e+00
1.714150356547129824e-12 4.656188716742134493e-14 -0.000000000000000000e+00
1.889321023594840725e-12 4.396071152746363479e-14 -0.000000000000000000e+00
2.086011338851281399e-12 4.147878758301530180e-14 -0.000000000000000000e+00
2.307271161334376488e-12 3.911392882610936754e-14 -0.000000000000000000e+00
2.556692336636132857e-12 3.686355972896140611e-14 -0.000000000000000000e+00
2.838430017696189130e-12 3.472477791586932923e-14 -0.000000000000000000e+00
3.157371687240074315e-12 3.269441187485975548e-14 -0.000000000000000000e+00
3.519259438084295433e-12 3.076907408584746036e-14 -0.000000000000000000e+00
3.930793620084060498e-12 2.894520953300651469e-14 -0.000000000000000000e+00
4.399935706513494664e-12 2.721913964570337919e-14 -0.000000000000000000e+00
4.936036002341028319e-12 2.558710177552110580e-14 -0.000000000000000000e+00
5.550277827952428145e-12 2.404528436759772696e-14 -0.000000000000000000e+00
6.255924639283601446e-12 2.258985802385323387e-14 -0.000000000000000000e+00
7.068848545722496063e-12 2.121700268488176172e-14 -0.000000000000000000e+00
8.008072857858762549e-12 1.992293117756135432e-14 -0.000000000000000000e+00
9.096505794789735107e-12 1.870390938799174943e-14 -0.000000000000000000e+00
1.036185529994564049e-11 1.755627332535809019e-14 -0.000000000000000000e+00
1.183775387143443912e-11 1.647644334282879778e-14 -0.000000000000000000e+00
1.356515738260020981e-11 1.546093577762386882e-14 -0.000000000000000000e+00
1.559425419763136965e-11 1.450637226484238113e-14 -0.000000000000000000e+00
1.798674444097315276e-11 1.360948696932628512e-14 -0.000000000000000000e+00
2.081893117222541963e-11 1.276713196746393140e-14 -0.000000000000000000e+00
2.418559639287616244e-11 1.197628099702301135e-14 -0.000000000000000000e+00
2.820514517804642387e-11 1.123403177836213989e-14 -0.000000000000000000e+00
3.302629973752275533e-11 1.053760709514897105e-14 -0.000000000000000000e+00
3.883701820785830247e-11 9.884354807364612629e-15 -0.000000000000000000e+00
4.587631704156488312e-11 9.271746954193332723e-15 -0.000000000000000000e+00
5.445015475411889789e-11 8.697378089611690007e-15 -0.000000000000000000e+00
6.495288527671992015e-11 8.158962979277080579e-15 -0.000000000000000000e+00
7.789661445118216970e-11 7.654333773801347141e-15 -0.000000000000000000e+00
9.395156979959411684e-11 7.181436760771568275e-15 -0.000000000000000000e+00
1.140022227012871456e-10 6.738328786002080742e-15 -0.000000000000000000e+00
1.392261882210851540e-10 6.323173423500180502e-15 -0.000000000000000000e+00
1.712060704480152779e-10 5.934236963509870661e-15 -0.000000000000000000e+00
2.120904587768572001e-10 5.569884278753145105e-15 -0.000000000000000000e+00
2.648277420269276824e-10 5.228574620593572506e-15 -0.000000000000000000e+00
3.335110520496612682e-10 4.908857389267872721e-15 -0.000000000000000000e+00
4.238936670642069997e-10 4.609367915527404570e-15 -0.000000000000000000e+00
5.441717613388647955e-10 4.328823284955957306e-15 -0.000000000000000000e+00
7.061924715194506108e-10 4.066018230834586512e-15 -0.000000000000000000e+00
9.273525502102777841e-10 3.819821116657281993e-15 -0.000000000000000000e+00
1.233640938789492044e-09 3.589170025212149841e-15 -0.000000000000000000e+00
1.664619538003690173e-09 3.373068967482176862e-15 -0.000000000000000000e+00
2.281769220280068787e-09 3.170584221437907228e-15 -0.000000000000000000e+00
3.182838550469646780e-09 2.980840808046383591e-15 -0.000000000000000000e+00
4.527222483647418056e-09 2.803019109461541789e-15 -0.000000000000000000e+00
6.582289063233145412e-09 2.636351632350394931e-15 -0.000000000000000000e+00
9.810983721010140137e-09 2.480119917608375065e-15 -0.000000000000000000e+00
1.504421034432633076e-08 2.333651596290488951e-15 -0.000000000000000000e+00
2.383569717181248250e-08 2.196317590400485552e-15 -0.000000000000000000e+00
3.923131332794628838e-08 2.067529456208388171e-15 -0.000000000000000000e+00
6.753982276734342330e-08 1.946736866980089711e-15 -0.000000000000000000e+00
1.227050992405637902e-07 1.833425231378138390e-15 -0.000000000000000000e+00
2.380419883653257513e-07 1.727113443307403028e-15 -0.000000000000000000e+00
5.010905253225515171e-07 1.627351758614397952e-15 -0.000000000000000000e+00
1.170943545107687081e-06 1.533719793787031931e-15 -0.000000000000000000e+00
3.141582424340584645e-06 1.445824641626862960e-15 -0.000000000000000000e+00
1.020273440998491503e-05 1.363299098765396642e-15 -0.000000000000000000e+00
4.385299674329940140e-05 1.285799999857329682e-15 -0.000000000000000000e+00
1.590901185334564027e-04 1.213006653296483643e-15 -0.000000000000000000e+00
1.315235612375592557e-04 1.144619373355494373e-15 -0.000000000000000000e+00
1.311588468152994486e-04 1.080358103740010470e-15 -0.000000000000000000e+00
