2.797515339324258346e-02 -5.271150207549742949e-07 5.680223255914403973e-19
4.142054431555165783e-03 -9.736656846892725548e-08 3.305675712041693764e-18
2.997025921516738300e-04 -2.131878122126492320e-07 7.054344951747297307e-18
2.429174615204594823e-04 -1.556480847839484005e-07 1.371934390277025949e-18
1.261252273525997891e-04 -1.693603416534663795e-07 -1.054762769353975895e-18
9.553499542849092085e-05 -1.601149916861437193e-07 -1.903484887083639025e-18
7.219221556009972063e-05 -1.614395176616092195e-07 8.359951403785085166e-19
5.745242494909277853e-05 -1.603283487448376775e-07 -6.909491350124036596e-18
4.675965548637389668e-05 -1.610891955066694996e-07 -1.158119185561299019e-18
3.882833854461364975e-05 -1.618866366559803270e-07 -2.109621944933852605e-18
3.272334408907159875e-05 -1.631812171548406174e-07 -7.886945910926997199e-18
2.790966044313725192e-05 -1.646643732378812899e-07 -8.831446688352836530e-18
2.403523048755476510e-05 -1.663361719606829837e-07 1.268812236031872152e-18
2.086461328019983963e-05 -1.681124921769589749e-07 -1.074664355548173438e-18
1.823372483210350392e-05 -1.699572248189726612e-07 -3.429781956368494263e-18
1.602503575691416327e-05 -1.718314554423262776e-07 3.071395209743660805e-18
1.415220988508839040e-05 -1.737081780155424656e-07 4.760421464769400339e-19
1.255045529304291141e-05 -1.755649309268423056e-07 6.005151825119695206e-19
1.117023110491083271e-05 -1.773846651040577848e-07 6.391406201198321273e-18
9.973031961874045948e-06 -1.791541332112745513e-07 2.093018677855465517e-18
8.928493600499076699e-06 -1.808634053449863117e-07 2.040393913258275219e-18
8.012361538575069053e-06 -1.825051949949969979e-07 -4.848955322916385672e-19
7.205037483505594142e-06 -1.840744022888292487e-07 4.950560143856757055e-18
6.490520714240444189e-06 -1.855677012183443531e-07 4.234951302620557339e-18
5.855624816638455021e-06 -1.869832065840296211e-07 4.742065466745539527e-18
5.289389740883998492e-06 -1.883201914401456754e-07 1.638737236335092082e-18
4.782634642912925171e-06 -1.895788508965068628e-07 -3.923166320588219777e-18
4.327613691564730081e-06 -1.907601036928697202e-07 -3.311088331091733292e-18
3.917748171239354704e-06 -1.918654259943549635e-07 -1.670791199761977998e-18
3.547415835063877365e-06 -1.928967117047626140e-07 2.501420765404239348e-18
3.211783685456298665e-06 -1.938561565298465799e-07 -6.399978045734586718e-18
2.906674044494267362e-06 -1.947461611461362822e-07 -1.479358467799159148e-18
2.628456392470002179e-06 -1.955692507010101873e-07 -2.388293017562450569e-18
2.373959321334134787e-06 -1.963280089225911304e-07 1.418317105190341724e-18
2.140398320697040058e-06 -1.970250235550491592e-07 4.616926857237293184e-18
1.925316120785641738e-06 -1.976628422055863019e-07 3.913585104098328609e-18
1.726533049993539404e-06 -1.982439361661643502e-07 2.519862172768778177e-18
1.542105452504577423e-06 -1.987706714957756347e-07 7.135222898379186173e-18
1.370290586753114548e-06 -1.992452860872856734e-07 -9.689156940824551594e-19
1.209516805898702696e-06 -1.996698710130711965e-07 -6.309484102825661972e-18
1.058358018474203632e-06 -2.000463564252928451e-07 -6.812574877399751078e-18
9.155116410981822828e-07 -2.003765001692741423e-07 -2.432318670305814547e-18
7.797794135955271599e-07 -2.006618795391210770e-07 3.768016501893939029e-19
6.500505274828483060e-07 -2.009038844842592838e-07 -3.895105835599133570e-18
5.252866512941989363e-07 -2.011037130079603526e-07 -3.644410317747211647e-18
4.045084738869830776e-07 -2.012623677054599138e-07 8.612384266593099895e-18
2.867834522080059401e-07 -2.013806528298969447e-07 4.336194998751676365e-18
1.712145047925994756e-07 -2.014591731487168533e-07 1.606597863061859834e-18
5.692939425427923084e-08 -2.014983323073677776e-07 3.043308735439540311e-18
-5.692939459081558518e-08 -2.014983323248444496e-07 3.611998551919955610e-18
-1.712145044907575908e-07 -2.014591731525336367e-07 7.826777258999896589e-18
-2.867834523814782877e-07 -2.013806528043868799e-07 -2.412429331735637474e-18
-4.045084736718773666e-07 -2.012623676841300095e-07 -3.186041289499236311e-18
-5.252866513844045571e-07 -2.011037130499910010e-07 -1.034528067331808517e-18
-6.500505275487677981e-07 -2.009038844768412604e-07 1.288435724429803196e-18
-7.797794132138879952e-07 -2.006618795226107902e-07 -5.133243456134935722e-18
-9.155116409836905333e-07 -2.003765002093760172e-07 -1.434848705276492046e-17
-1.058358018786453858e-06 -2.000463564040163039e-07 -3.216751513234668066e-18
-1.209516806165850111e-06 -1.996698710004603582e-07 -8.327497546545194130e-18
-1.370290586711481184e-06 -1.992452860666410982e-07 1.158989061965315818e-18
-1.542105452053549319e-06 -1.987706715243243773e-07 2.115827858349784053e-18
-1.726533049778433693e-06 -1.982439361390693014e-07 3.764709935339106359e-18
-1.925316121184628138e-06 -1.976628422196837889e-07 7.310706467599536505e-18
-2.140398321200109866e-06 -1.970250235589765333e-07 3.319432925279765574e-19
-2.373959321077395712e-06 -1.963280089155907207e-07 -4.159805804495461867e-18
-2.628456392272243702e-06 -1.955692506933673296e-07 1.631872807422898188e-18
-2.906674044067525386e-06 -1.947461611551200725e-07 -8.608344982916448509e-19
-3.211783685969776814e-06 -1.938561565600187934e-07 3.349045048936790620e-18
-3.547415835324085887e-06 -1.928967116661902423e-07 -1.394620371085076834e-18
-3.917748171027718440e-06 -1.918654259879710085e-07 -2.606688814399769976e-19
-4.327613691207377045e-06 -1.907601037023081289e-07 4.563679661090122908e-18
-4.782634642725575036e-06 -1.895788509051724598e-07 -1.298931747959177532e-18
-5.289389741185840377e-06 -1.883201914521156539e-07 4.269082848749346400e-18
-5.855624816999277504e-06 -1.869832065685239419e-07 2.020676417225803083e-18
-6.490520714230035848e-06 -1.855677012075111723e-07 1.842860063280150675e-19
-7.205037483051096592e-06 -1.840744023101879521e-07 5.887104235793282912e-19
-8.012361538439760622e-06 -1.825051950109549398e-07 1.127827266736220731e-18
-8.928493601050718764e-06 -1.808634053132806509e-07 -9.660440319989514285e-19
-9.973031961856698713e-06 -1.791541332377030910e-07 -7.902528309091742906e-19
-1.117023110479634096e-05 -1.773846650926656152e-07 -4.421239270259986950e-18
-1.255045529288678630e-05 -1.755649309275458724e-07 -3.036321783580356149e-18
-1.415220988472409847e-05 -1.737081780348731338e-07 -6.799908091584056591e-18
-1.602503575756988874e-05 -1.718314554075629866e-07 2.853635835053428818e-18
-1.823372483199942051e-05 -1.699572248497407624e-07 -2.531225910235631302e-18
-2.086461327991187553e-05 -1.681124921396771903e-07 1.590864138038976874e-18
-2.403523048749578450e-05 -1.663361719727177337e-07 1.942695134128512297e-18
-2.790966044294296289e-05 -1.646643732723929591e-07 1.977662526977749592e-18
-3.272334408931446004e-05 -1.631812171506994733e-07 5.690129373889021505e-18
-3.882833854522774186e-05 -1.618866366160684522e-07 9.684328716204379514e-19
-4.675965548603736033e-05 -1.610891955476766409e-07 1.799474919104105487e-19
-5.745242494881869222e-05 -1.603283487460476641e-07 3.080630841675997546e-18
-7.219221555992624828e-05 -1.614395176568389417e-07 3.405161869419871554e-18
-9.553499542889684615e-05 -1.601149916961024974e-07 2.782205778251422057e-18
-1.261252273529883672e-04 -1.693603416351814792e-07 -9.922359014121277782e-19
-2.429174615200396792e-04 -1.556480847730931439e-07 -6.498684294680320085e-18
-2.997025921510770852e-04 -2.131878122368671745e-07 -6.428440469736700179e-19
-4.142054431555592525e-03 -9.736656841817129427e-08 -4.330731550920712229e-18
-2.797515339324271877e-02 -5.271150207845846609e-07 4.184361320862202320e-19
-2.797603214887868159e-02 -1.865102613320001829e-09 2.879164800383586835e-18
-4.141705061476496502e-03 -3.853451148681004389e-10 4.514178711995976657e-18
-2.996450776667075599e-04 -7.803929876740035958e-10 -4.215784593520495111e-18
-2.427797352592166169e-04 -5.941312668619918769e-10 -7.156792423158865097e-18
-1.260064014450973380e-04 -6.461630259585541639e-10 2.246064784931767878e-17
-9.541495170353395117e-05 -6.222201280941600571e-10 -6.350618064903538302e-18
-7.207811204739539290e-05 -6.340195894402765361e-10 1.872467674594570061e-18
-5.734457392086653171e-05 -6.381526995180262032e-10 -6.947995592169218764e-18
-4.665952024026157052e-05 -6.491419933377619362e-10 -1.128570841257143764e-17
-3.873681554116686909e-05 -6.607261260006975221e-10 -4.733508599610571191e-19
-3.264121810313269645e-05 -6.743978246049466015e-10 -3.560477641565659917e-18
-2.783754932113302605e-05 -6.888986310226027218e-10 -2.789125399204387839e-19
-2.397363560567578045e-05 -7.039392858080172889e-10 -1.131136863476820253e-18
-2.081393815154750082e-05 -7.187902168688900855e-10 2.496109256612072508e-18
-1.819429623359930526e-05 -7.327249077856164925e-10 -3.383407980946107133e-18
-1.599712048859502911e-05 -7.447940529246318015e-10 1.649386880359962640e-17
-1.413602980293929279e-05 -7.538298868202881510e-10 1.073049662418997268e-17
-1.254620054182836730e-05 -7.583535641999534255e-10 4.251372618435632685e-19
-1.117807202222556584e-05 -7.564970716984999963e-10 -1.827614478120677376e-17
-9.993129881501194856e-06 -7.458940409953538772e-10 7.306875853252942210e-18
-8.961010735879237910e-06 -7.235484889147412521e-10 -4.180920825125026014e-18
-8.057470159063273574e-06 -6.856693999659540587e-10 -1.084878214524427940e-17
-7.262928536751894759e-06 -6.274667682142808285e-10 1.470056761037287562e-18
-6.561412041701519815e-06 -5.428964670570312243e-10 3.897420844225368374e-18
-5.939769157883162398e-06 -4.243465447984052307e-10 -2.371940051807753348e-18
-5.387082680753663144e-06 -2.622506459062506812e-10 -1.146205871742909625e-17
-4.894222689427740747e-06 -4.461598954625826481e-11 -6.941307160698497403e-18
-4.453502708962747692e-06 2.435468286049774686e-10 6.605140924308137111e-18
-4.058412364619373713e-06 6.209054225875520097e-10 -2.057919115091546255e-18
-3.703407579776218927e-06 1.110604000973196503e-09 8.533773509095407378e-18
-3.383744444453162803e-06 1.741179903785547352e-09 -9.549882962944700482e-18
-3.095346670398818612e-06 2.547578691456971696e-09 1.387429741352111929e-17
-2.834699165312620783e-06 3.572225224190016376e-09 -8.078507898000047435e-19
-2.598761975870778063e-06 4.866065856321758282e-09 -2.145050814310180329e-17
-2.384900377339765898e-06 6.489437340569987846e-09 -9.200967737994890323e-18
-2.190827674206086151e-06 8.512534590280355233e-09 1.354202430864249312e-17
-2.014558047384179540e-06 1.101514432441665218e-08 1.001542364771914717e-17
-1.854367230862824512e-06 1.408518826359419524e-08 -2.968524209682382385e-18
-1.708758995827563965e-06 1.781550144095481267e-08 1.332877976503418178e-17
-1.576435747861065773e-06 2.229819727708113860e-08 -9.529631536796717135e-18
-1.456271496044769798e-06 2.761601799650421533e-08 -6.699686426774799515e-18
-1.347285618399224338e-06 3.383033419988434345e-08 5.421814995887141463e-18
-1.248616081493680863e-06 4.096605598476777575e-08 9.442617791345932925e-19
-1.159491109174737300e-06 4.899473383684911041e-08 -3.490371918572957036e-18
-1.079199129540298063e-06 5.781850155191769472e-08 4.935335256929442371e-18
-1.007057893586543740e-06 6.725896753897761885e-08 1.032945927161078351e-17
-9.423851194886867511e-07 7.705608689475613963e-08 7.047060704351295246e-19
-8.844744190487918711e-07 8.688162069948086134e-08 5.215386734370168610e-19
-8.325809232566372398e-07 9.636930032663534376e-08 1.417816000862976088e-17
-7.859207065037676632e-07 1.051592685803828610e-07 -8.307418910535091529e-18
-7.436858617398955928e-07 1.129489531806264700e-07 -1.560808686560086891e-17
-7.050737146629959540e-07 1.195385350935531511e-07 3.882904939877455512e-18
-6.693248854779121348e-07 1.248589501722709609e-07 -1.362885123244247023e-17
-6.357621732920593072e-07 1.289747937304986758e-07 2.843692879875876018e-18
-6.038220667185789647e-07 1.320620830528336453e-07 6.879310773594747062e-19
-5.730727872209351315e-07 1.343682845064479082e-07 -4.182258142581405694e-18
-5.432166234366209157e-07 1.361661729674837505e-07 -6.502276426046443687e-18
-5.140782544550692723e-07 1.377127069931956847e-07 3.262926782638303576e-18
-4.855833308954615735e-07 1.392202368414734542e-07 3.756756167172378380e-18
-4.577325332828785509e-07 1.408423269682887340e-07 -1.023563409994954878e-19
-4.305757287659250920e-07 1.426723689208872390e-07 8.696451972580333775e-18
-4.041893783349181923e-07 1.447509920706886790e-07 7.277488484173039186e-18
-3.786588042044292113e-07 1.470779463808868187e-07 -1.452085680980795043e-18
-3.540656042175238660e-07 1.496249598054067587e-07 1.206371955465172625e-17
-3.304796807601650954e-07 1.523473247089260169e-07 1.774269219471295145e-17
-3.079549968365569157e-07 1.551931280791933651e-07 -9.501429032366772517e-19
-2.865280549664561693e-07 1.581098823230935971e-07 -3.361343203653415763e-18
-2.662182173561455922e-07 1.610488073635427191e-07 -4.051837865023765396e-18
-2.470291435019422721e-07 1.639672332753342798e-07 9.021134475217869764e-18
-2.289508112471305701e-07 1.668296298967196053e-07 -1.140930001736292697e-18
-2.119617683905838934e-07 1.696077150998574198e-07 -7.253776701408058015e-18
-1.960313504439925580e-07 1.722799996856217941e-07 -6.259553411186030052e-18
-1.811217705677270473e-07 1.748310307700309177e-07 -1.133696230164247657e-17
-1.671899761135353657e-07 1.772505121848101020e-07 -1.669298432873619237e-18
-1.541892390675980717e-07 1.795324150779974068e-07 7.274597856846615622e-18
-1.420705053947757257e-07 1.816741453262872153e-07 1.979144894428075135e-17
-1.307834927959106164e-07 1.836758007073442694e-07 1.739621089874104917e-17
-1.202775825846769120e-07 1.855395311238418799e-07 -6.878944314499575657e-19
-1.105025289258043664e-07 1.872690010881017344e-07 5.798084200221200908e-19
-1.014089841405718673e-07 1.888689481426921417e-07 -7.327715083598420774e-18
-9.294890669642175141e-08 1.903448256047711766e-07 -7.423634932566167798e-18
-8.507584051131722447e-08 1.917025184792992094e-07 -2.711642259566652150e-17
-7.774511102606740387e-08 1.929481208092678776e-07 -1.498421422940938564e-17
-7.091395073238748736e-08 1.940877637460387451e-07 -2.771075605684857282e-17
-6.454154655513577588e-08 1.951274842676519355e-07 -1.719723440757732961e-17
-5.858905260947011584e-08 1.960731280746553922e-07 6.653194764531958050e-18
-5.301955005240777119e-08 1.969302778022613825e-07 2.800089561673738867e-17
-4.779799523541017336e-08 1.977042022387135512e-07 -1.458935864135911620e-18
-4.289113725644555508e-08 1.983998218056610943e-07 1.289112304572070506e-17
-3.826741337004113674e-08 1.990216853885955973e-07 2.335646550908222454e-17
-3.389683793375564136e-08 1.995739573053390593e-07 -2.264909636651838397e-17
-2.975087036102830318e-08 2.000604104142476149e-07 1.760563952388162656e-17
-2.580229453014171170e-08 2.004844243647594789e-07 1.631027047127723080e-17
-2.202508583501461281e-08 2.008489863938919492e-07 3.948257057817091983e-18
-1.839427116179237487e-08 2.011566954385854921e-07 4.965135363759566543e-18
-1.488578284247754624e-08 2.014097665032468906e-07 1.873826584711762829e-17
-1.147632692002908961e-08 2.016100355671009837e-07 -4.075722961071735925e-18
-8.143245217029360106e-09 2.017589644073690631e-07 -4.004378892746723522e-17
-4.864365108631085732e-09 2.018576454178763883e-07 -2.571692616676782261e-17
-1.617865039854615716e-09 2.019068047593809321e-07 -3.217732552304645855e-17
1.617864460456974740e-09 2.019068047658419406e-07 3.071671677570913092e-18
4.864365216183941243e-09 2.018576454374677045e-07 2.354068753616885245e-17
8.143245779079766322e-09 2.017589644022954681e-07 1.709271488031213331e-17
1.147632766249073732e-08 2.016100355405614827e-07 2.567480643765790869e-17
1.488578207226032291e-08 2.014097664984454844e-07 5.701756374676708278e-20
1.839427076627542235e-08 2.011566954815979046e-07 -3.389485099731481054e-18
2.202508745871578633e-08 2.008489863526563207e-07 -8.129552185102327769e-19
2.580229313195459007e-08 2.004844243785233937e-07 -1.179007590761046384e-17
2.975086870263266015e-08 2.000604104499624679e-07 4.851748452519071836e-18
3.389683892948691657e-08 1.995739572949201305e-07 6.263191659670412484e-18
3.826741466414484982e-08 1.990216853669277004e-07 -7.899101410126127716e-19
4.289113830074908762e-08 1.983998218339005640e-07 1.334294824998589914e-17
4.779799371232296146e-08 1.977042022222958027e-07 -3.081376405196495559e-18
5.301954857095392271e-08 1.969302778081161536e-07 -4.584016410780601746e-17
5.858905342132070260e-08 1.960731280741321905e-07 -1.224380136607648729e-17
6.454154774862552735e-08 1.951274842757901222e-07 3.277033283918667360e-17
7.091395195710226140e-08 1.940877637236477203e-07 4.941245449544063918e-17
7.774510886460195280e-08 1.929481208395315443e-07 -2.006905135700303460e-17
8.507583887373826315e-08 1.917025184657342679e-07 -1.932022108724946172e-17
9.294890824379509198e-08 1.903448255929180622e-07 -3.681561058657406878e-18
1.014089851987531876e-07 1.888689481425306231e-07 -5.267035178224659987e-18
1.105025298486772556e-07 1.872690010856757526e-07 -1.346529314614689875e-17
1.202775811344480861e-07 1.855395311290432181e-07 2.231739327842474323e-17
1.307834909779204136e-07 1.836758007042299410e-07 3.055692577955790829e-17
1.420705063037708271e-07 1.816741453107242025e-07 1.066513112116688325e-17
1.541892404276212769e-07 1.795324150979105690e-07 -2.039356354830226211e-17
1.671899772480445190e-07 1.772505121855666348e-07 -3.861708646243793082e-17
1.811217688017785488e-07 1.748310307813804710e-07 2.607675500331555330e-17
1.960313488445775132e-07 1.722799996920451361e-07 1.565456612072358855e-17
2.119617691850872454e-07 1.696077150964658999e-07 6.675281513401534990e-19
2.289508128916484253e-07 1.668296298672272151e-07 -1.437440895215235649e-17
2.470291442929761772e-07 1.639672332705224445e-07 -3.476255543472451145e-17
2.662182155555026242e-07 1.610488073796105635e-07 5.417813324870608881e-18
2.865280536515357745e-07 1.581098823274447524e-07 4.611266712456117577e-17
3.079549979120854708e-07 1.551931280899816002e-07 1.005545797594688745e-17
3.304796815303823188e-07 1.523473246734003433e-07 -2.593217828736413333e-17
3.540656054977497913e-07 1.496249598133929559e-07 -2.852365637629949711e-17
3.786588027021586811e-07 1.470779463840380459e-07 5.083180274545384005e-18
4.041893764891724139e-07 1.447509921091093524e-07 1.271288312690161963e-17
4.305757298969647984e-07 1.426723688729953080e-07 3.190775003768356068e-17
4.577325345214711128e-07 1.408423269857024079e-07 -3.310967216784994394e-17
4.855833325122238531e-07 1.392202368422380073e-07 -3.187447886945996955e-17
5.140782523352371847e-07 1.377127069886836461e-07 3.849355773502907483e-17
5.432166214139333427e-07 1.361661729744631961e-07 2.275571000007260709e-17
5.730727883727915195e-07 1.343682845535110175e-07 -3.272505389606422866e-17
6.038220681410522150e-07 1.320620830119668467e-07 -1.274735321854062053e-17
6.357621739130903116e-07 1.289747936875109067e-07 1.134765690105121173e-17
6.693248830180742459e-07 1.248589502403367286e-07 1.926532036528208657e-17
7.050737150619823534e-07 1.195385350803427723e-07 -2.739054743100687223e-17
7.436858623192932338e-07 1.129489531731177346e-07 -1.066820445132548111e-18
7.859207072288820761e-07 1.051592685897388163e-07 3.080466501094434267e-17
8.325809238741987972e-07 9.636930031206288306e-08 -3.449471068210975461e-17
8.844744169254903365e-07 8.688162068792632609e-08 -1.484184220003655206e-17
9.423851200264510286e-07 7.705608692102848114e-08 4.357559628084177601e-17
1.007057893898793965e-06 6.725896749008555364e-08 -4.843150132689522718e-17
1.079199130372965332e-06 5.781850157851844679e-08 1.799783918035403251e-17
1.159491109615357063e-06 4.899473387172647287e-08 3.632229364370984696e-17
1.248616079307929283e-06 4.096605597486161955e-08 -1.951922160677453720e-17
1.347285618798210738e-06 3.383033417274206601e-08 2.272940713039535173e-17
1.456271496828864809e-06 2.761601804464816515e-08 -5.220541282323972680e-18
1.576435748110865953e-06 2.229819722334299276e-08 -1.644803530670299134e-17
1.708758996184917001e-06 1.781550145020965347e-08 5.779849104896852762e-18
1.854367229485454072e-06 1.408518826684768849e-08 -2.306393931935520472e-17
2.014558047790104833e-06 1.101514427719378451e-08 5.182198007304905395e-18
2.190827674219963939e-06 8.512534672195389550e-09 -1.612377519070946763e-18
2.384900378151616485e-06 6.489437309875882882e-09 1.271564041165192951e-17
2.598761976280172803e-06 4.866065866738767991e-09 7.577699017408468290e-19
2.834699163192788696e-06 3.572225186751583624e-09 1.319259475736153987e-17
3.095346670804743905e-06 2.547578707180126659e-09 -1.530705326919322859e-17
3.383744445233788367e-06 1.741179955110588966e-09 -1.051308086506316043e-17
3.703407580397249932e-06 1.110603958613449388e-09 -2.576460185081371152e-18
4.058412364778968273e-06 6.209054052269103066e-10 1.034773414517083797e-17
4.453502706634748787e-06 2.435468474838794076e-10 4.582256795021354780e-18
4.894222690968175193e-06 -4.461597269637742886e-11 -1.380371082834043964e-17
5.387082681201221801e-06 -2.622507178281954269e-10 -1.410053273267007753e-17
5.939769157546626044e-06 -4.243464952261924219e-10 -1.353583846164741523e-17
6.561412042208059070e-06 -5.428964586483300161e-10 3.369888349529036771e-17
7.262928535464729940e-06 -6.274667656653932541e-10 1.236871768265603816e-17
8.057470159760632411e-06 -6.856693592244071409e-10 -5.664565797686093261e-18
8.961010736562718959e-06 -7.235485254318900165e-10 -1.024881703382402977e-18
9.993129880630363671e-06 -7.458940373033887230e-10 -4.138042204925432001e-18
1.117807202333925831e-05 -7.564970443918452253e-10 -1.437587030676827827e-17
1.254620053914301536e-05 -7.583536101564307367e-10 5.888661846194646244e-18
1.413602980404257692e-05 -7.538298957477407911e-10 -1.722106713946851640e-17
1.599712049109303091e-05 -7.447940633233508925e-10 1.594031821494506804e-17
1.819429623144824815e-05 -7.327248777348843379e-10 2.097462440155534870e-17
2.081393815228996247e-05 -7.187901451229445587e-10 4.141402115033794882e-18
2.397363560325410647e-05 -7.039393777803535530e-10 -1.382110039064985326e-17
2.783754932376633628e-05 -6.888985792509712581e-10 -4.918171223564987884e-18
3.264121810423598058e-05 -6.743978604789161175e-10 5.624008540362826237e-18
3.873681553787783338e-05 -6.607261437087079332e-10 9.919923829872622176e-18
4.665952024123648512e-05 -6.491419698826768186e-10 -4.953460629437477436e-18
5.734457392155001276e-05 -6.381527468006204472e-10 -1.309177913441918902e-17
7.207811204753417078e-05 -6.340195913452776227e-10 1.000693954222544420e-17
9.541495170417926830e-05 -6.222200795612285505e-10 1.692411811203003949e-17
1.260064014433973090e-04 -6.461630620117327732e-10 -1.249781108821606774e-17
2.427797352597439728e-04 -5.941312439960177605e-10 -6.353153713921131484e-18
2.996450776668949101e-04 -7.803929973366992389e-10 1.678775453230335873e-17
4.141705061476576299e-03 -3.853450660179701895e-10 -9.746099403164695706e-18
2.797603214887864342e-02 -1.865102648602685272e-09 -4.155374308063380573e-18
