2.796689893679154063e-02 -8.949700705728515633e-06 5.290021559689550076e-18
4.145125558429968438e-03 -2.193818563671286914e-06 3.868539407075643409e-18
3.002156232219110876e-04 -3.973556812926613377e-06 7.343699974297959980e-18
2.440341330989456714e-04 -3.229924484243436071e-06 -3.274988771796744893e-18
1.270368308668480550e-04 -3.465274855404711114e-06 -4.564838177333218728e-19
9.640230892176901434e-05 -3.402903276161558495e-06 3.960813597718929085e-18
7.296632368572128491e-05 -3.465613511568519937e-06 4.000125945676348332e-19
5.813596665832018728e-05 -3.496137082008735365e-06 -5.987802463892156339e-18
4.734821029642177770e-05 -3.542051668219904946e-06 1.548325082017088509e-18
3.932173479251691028e-05 -3.583448945055872260e-06 -7.545995742571367631e-18
3.312244417535276098e-05 -3.624855716746903163e-06 5.526473657707638949e-18
2.821635930886495780e-05 -3.663477691904912635e-06 -2.782674919369787807e-18
2.425195168867869122e-05 -3.699570213301192593e-06 -2.467750261702323681e-18
2.099401716783994010e-05 -3.732743092988162928e-06 -3.559949352869188499e-18
1.827846755654907729e-05 -3.763059602620118128e-06 1.184243863479202803e-18
1.598758833651001132e-05 -3.790579692747975191e-06 -2.588991126093914874e-18
1.403472111381406928e-05 -3.815452193589955745e-06 6.381367848176659118e-18
1.235464798192767444e-05 -3.837844593538604744e-06 5.194557395918340844e-18
1.089732326247511152e-05 -3.857940256493995826e-06 -3.298506910448121256e-19
9.623675771071316110e-06 -3.875922445525431924e-06 -4.984621311975178828e-18
8.502726593632992103e-06 -3.891968905528783539e-06 5.538302874664675540e-19
7.509565371873611062e-06 -3.906247134732905483e-06 -1.029607989843462144e-17
6.623900602499566137e-06 -3.918912226178328347e-06 -1.652785697356652281e-18
5.829001857526883157e-06 -3.930105710154691543e-06 1.961585912725537708e-18
5.110914797108734309e-06 -3.939955265482006011e-06 2.396038771945505791e-18
4.457869295232397278e-06 -3.948574897895571828e-06 8.537424771317043475e-18
3.859826374325026066e-06 -3.956065415301040299e-06 4.802845842824469985e-18
3.308126238884406822e-06 -3.962515050793239505e-06 2.448821290243674029e-18
2.795210775227013889e-06 -3.968000145135296525e-06 6.931772201042443693e-18
2.314401399222676403e-06 -3.972585827141749510e-06 -1.416792729745990210e-18
1.859718281507077853e-06 -3.976326651862677387e-06 6.153750554157272374e-19
1.425730573326872141e-06 -3.979267172865913406e-06 3.335106790866303882e-19
1.007429775049667464e-06 -3.981442431931752315e-06 -2.940723320566640052e-18
6.001201362931807282e-07 -3.982878357425149305e-06 -2.606273534978976525e-18
1.993212418553713672e-07 -3.983592066321139924e-06 -1.228544306123838454e-18
-1.993212418865963897e-07 -3.983592066311244885e-06 2.427193411201178649e-18
-6.001201364007335837e-07 -3.982878357439418422e-06 5.387221080834982822e-19
-1.007429774931706268e-06 -3.981442431926010279e-06 -1.627651831191762501e-18
-1.425730573184624816e-06 -3.979267172856287724e-06 -3.324065600550170600e-18
-1.859718281552180663e-06 -3.976326651873357625e-06 -6.101348053412721590e-18
-2.314401399340637600e-06 -3.972585827145393446e-06 -1.983518338381674939e-18
-2.795210775331097297e-06 -3.968000145147669135e-06 -5.817156870223629226e-19
-3.308126238936448527e-06 -3.962515050786791043e-06 -5.161664161469914053e-19
-3.859826374082164779e-06 -3.956065415299763820e-06 9.522506404962699550e-19
-4.457869295131783316e-06 -3.948574897916278396e-06 5.532605346602898297e-18
-5.110914797198939930e-06 -3.939955265447545323e-06 -2.816921488239941569e-18
-5.829001857648313800e-06 -3.930105710167568138e-06 -1.255048622292960839e-18
-6.623900602478749455e-06 -3.918912226168338440e-06 -3.411050407778321984e-18
-7.509565372199739075e-06 -3.906247134721085138e-06 -1.055708760186511545e-17
-8.502726593476866990e-06 -3.891968905521986099e-06 -1.110335868070261575e-17
-9.623675770630696347e-06 -3.875922445565266189e-06 -5.717096390966799167e-18
-1.089732326279430064e-05 -3.857940256499655700e-06 2.570615650342989640e-18
-1.235464798189297997e-05 -3.837844593498643424e-06 5.887671277108000579e-18
-1.403472111412978895e-05 -3.815452193611037548e-06 4.873708623810637673e-18
-1.598758833655164469e-05 -3.790579692729607281e-06 -4.296002186194431054e-18
-1.827846755639295218e-05 -3.763059602619684447e-06 -4.718794897406972973e-19
-2.099401716704543674e-05 -3.732743093027466104e-06 3.527518389343527343e-18
-2.425195168903951370e-05 -3.699570213274570347e-06 -3.559088695749518148e-19
-2.821635930918414692e-05 -3.663477691892960577e-06 -3.886196955341191414e-18
-3.312244417565460286e-05 -3.624855716745438643e-06 6.580964710322980969e-18
-3.932173479237813241e-05 -3.583448945060389486e-06 -9.123426844267026933e-20
-4.734821029553359928e-05 -3.542051668229058831e-06 8.626030905983950648e-20
-5.813596665914591566e-05 -3.496137082014222021e-06 5.703198652161229682e-18
-7.296632368552699588e-05 -3.465613511580541029e-06 1.878561022988360821e-18
-9.640230892204310065e-05 -3.402903276146697302e-06 -3.077686619478154684e-18
-1.270368308668723412e-04 -3.465274855385054867e-06 5.669905885473945234e-18
-2.440341330978354484e-04 -3.229924484245879761e-06 3.869475111590381607e-18
-3.002156232230906996e-04 -3.973556812934827902e-06 -5.549738109747016843e-18
-4.145125558429687412e-03 -2.193818563664681751e-06 -2.316215163653444588e-18
-2.796689893679145042e-02 -8.949700705746303325e-06 3.667877105256461819e-18
-2.797603085073485304e-02 -4.754034561884859877e-10 -3.715424820428733811e-20
-4.141705789662109005e-03 -9.897825161373736563e-11 -2.776384112919073987e-18
-2.996453680447278001e-04 -2.048302854154964745e-10 1.228756994697733057e-17
-2.427803846440368396e-04 -1.576827060140544352e-10 -1.148898930591782337e-17
-1.260072029646425174e-04 -1.742189099656572685e-10 1.718122497298992187e-18
-9.541598989984412249e-05 -1.703294890926839628e-10 -5.301438699634322817e-18
-7.207939479875538624e-05 -1.765513249162413288e-10 -1.373007470104364682e-17
-5.734613125699117298e-05 -1.810305835374693671e-10 2.021642306447072915e-17
-4.666137928915209399e-05 -1.879604960168635421e-10 1.077366963450623104e-17
-3.873900712776309763e-05 -1.957094734193221395e-10 1.775533951653342581e-17
-3.264377547262248269e-05 -2.048732003663832362e-10 5.800573158917689373e-19
-2.784050877904439836e-05 -2.152813178978695642e-10 -1.051918158449374912e-17
-2.397703669672693327e-05 -2.270844126467198852e-10 -9.324087544172901443e-18
-2.081782395103523586e-05 -2.403500517004652922e-10 -2.598814997313852339e-18
-1.819871361062250226e-05 -2.552072474571549209e-10 -9.638208444610881652e-18
-1.600212036708195673e-05 -2.717932054195353127e-10 -1.500613001440880618e-17
-1.414166741218678136e-05 -2.902732691841066388e-10 9.392034532279705885e-18
-1.255253564101319053e-05 -3.108350818503378247e-10 8.210637860013644856e-18
-1.118516909064462550e-05 -3.336934884271019499e-10 9.162301837201446435e-20
-1.000105825588876174e-05 -3.590910130337370080e-10 4.586623865602200288e-18
-8.969844668280796407e-06 -3.873019127712367478e-10 -8.869854695356003593e-18
-8.067288770105540685e-06 -4.186339551212474830e-10 -1.768725371339721040e-19
-7.273815619185386439e-06 -4.534323117265371867e-10 -3.000038091852900130e-18
-6.573455667711197714e-06 -4.920825395616550355e-10 8.706883125498151236e-18
-5.953061025139316786e-06 -5.350135040180716759e-10 -9.881577328092909943e-18
-5.401717118613119650e-06 -5.827005412123398841e-10 9.338742849315956100e-18
-4.910295222614047272e-06 -6.356673307024641461e-10 -9.648689274765851686e-18
-4.471108060507406057e-06 -6.944864886847390118e-10 -3.452530994577981241e-18
-4.077641748135435451e-06 -7.597782121215513096e-10 4.390140137400237173e-18
-3.724345106117382675e-06 -8.322051274442856856e-10 2.605148371521294608e-18
-3.406462440562474381e-06 -9.124616527713173503e-10 1.064922303246522838e-17
-3.119899677075238520e-06 -1.001255362218160421e-09 9.435013114016338530e-18
-2.861116376321609645e-06 -1.099275406687044430e-09 -1.015285055963365009e-17
-2.627037868938725262e-06 -1.207143159201584226e-09 3.324648713329768945e-18
-2.414983334458192799e-06 -1.325334624803213565e-09 4.163958772801214095e-18
-2.222606461137893730e-06 -1.454062941876987486e-09 -3.480582393443844264e-18
-2.047846195025321281e-06 -1.593100739589205355e-09 -1.414843164556269442e-17
-1.888885616248975330e-06 -1.741513362213612446e-09 6.769287536889933730e-18
-1.744117330993583126e-06 -1.897260912970330143e-09 5.555707219270042415e-18
-1.612114240878703697e-06 -2.056604355640874076e-09 -1.166678033254757399e-17
-1.491604663287487975e-06 -2.213218541218429643e-09 -7.137037311821666122e-18
-1.381451036872732852e-06 -2.356866805862053394e-09 1.216117499631913912e-18
-1.280631657468722651e-06 -2.471412967404953312e-09 3.188473901462909012e-18
-1.188224930101511312e-06 -2.531829709613975574e-09 -9.998814848894006277e-18
-1.103395879983870564e-06 -2.499676055591875955e-09 1.723841549113776405e-18
-1.025384698163933628e-06 -2.316227331503557793e-09 1.680721906400426285e-20
-9.534973913344346741e-07 -1.891984995373294136e-09 1.028219932201861092e-17
-8.870988215531339094e-07 -1.090575942992846452e-09 -1.320367541199416946e-17
-8.256087641912712716e-07 2.960772800359012481e-10 -1.313227326978950660e-17
-7.685023404001289915e-07 2.586199138910228335e-09 -2.166774013705281369e-18
-7.153169993071029076e-07 6.267821970191590188e-09 1.542020297790817595e-17
-6.656698340531952418e-07 1.209135847823644365e-08 2.080780647942539695e-18
-6.192913485671136531e-07 2.121261891130441441e-08 9.286553387784354350e-18
-5.760851615986550822e-07 3.541134123657245554e-08 -7.185978262256626215e-19
-5.362279832318850303e-07 5.741782124202878979e-08 4.689648550827659628e-18
-5.003292890860822073e-07 9.138141983872262831e-08 -1.044394988351162703e-17
-4.696727152093960189e-07 1.434921667478109176e-07 5.229221641416885989e-18
-4.465516630150490052e-07 2.226805518945445801e-07 4.990382710982355287e-18
-4.346679004438303018e-07 3.410970481729931808e-07 5.568038261418914292e-18
-4.394442149578681178e-07 5.136229137435942845e-07 3.109776129411475535e-18
-4.678662431575886238e-07 7.550275034295845117e-07 -6.356519339211717666e-19
-5.271540558689224998e-07 1.073152791378594621e-06 7.545307826305524558e-18
-6.215114570738700106e-07 1.458321998625578347e-06 1.063441092220018658e-17
-7.472095817639967663e-07 1.874741928491084156e-06 -5.033185429490583524e-18
-8.888099536051574656e-07 2.265663436807761214e-06 -1.060962296510052132e-17
-1.021284187073534522e-06 2.578293956607556872e-06 -3.333425444374295437e-18
-1.119507880446846126e-06 2.792428934663363880e-06 -2.257187522536346043e-19
-1.168950674392682521e-06 2.925861847792990974e-06 1.227862073096975119e-17
-1.169370746290088192e-06 3.013786036412708767e-06 -9.553034283411010112e-18
-1.130574924259469816e-06 3.085748751840678800e-06 8.425788133014687450e-18
-1.065679734374436194e-06 3.156978726044713308e-06 4.426666524377498225e-18
-9.864420672418827696e-07 3.231376964777330572e-06 -7.352320406937558791e-18
-9.015195341355308756e-07 3.307372418727059609e-06 -1.490376111203564178e-17
-8.165480846963890649e-07 3.382018991553024785e-06 -1.086312910900294954e-17
-7.348679839924709967e-07 3.452839968760443241e-06 6.327048812018641229e-18
-6.582745779165621869e-07 3.518300799603520595e-06 3.046126655104424945e-18
-5.875916321458618530e-07 3.577705977326130598e-06 -1.228582392243416255e-17
-5.230575930437186827e-07 3.630947222355786686e-06 1.288976562640922508e-17
-4.645706071851329888e-07 3.678271530963749282e-06 -9.522185766261110791e-18
-4.118394905106015358e-07 3.720112436458404040e-06 -8.181418434150057485e-18
-3.644754666895511086e-07 3.756980936750127372e-06 -1.069605264263844129e-18
-3.220474066173428795e-07 3.789400595441277298e-06 4.213613716331719601e-18
-2.841147318695391721e-07 3.817871930716507645e-06 7.579058078871518625e-18
-2.502465939052678223e-07 3.842854969709261029e-06 4.411014788740776466e-18
-2.200325872267483440e-07 3.864762502980972959e-06 -1.000387324352305209e-17
-1.930882303560754742e-07 3.883959322876651183e-06 -6.648580533559974556e-18
-1.690571948230468191e-07 3.900764580957336795e-06 1.270543387982186109e-17
-1.476115575743675024e-07 3.915455582156206485e-06 3.893498494248079341e-18
-1.284508434860887061e-07 3.928272061569644396e-06 -1.314161233731923088e-17
-1.113003554389924155e-07 3.939420425257546092e-06 1.008806110940082352e-17
-9.590912587731370564e-08 3.949077692896120188e-06 1.582578401496240442e-17
-8.204767020653092047e-08 3.957395027298982586e-06 5.613298083227167652e-18
-6.950568861782691066e-08 3.964500815426644569e-06 2.394849723891696680e-17
-5.808977807109094726e-08 3.970503309746966564e-06 1.228557329561905876e-17
-4.762118666415404711e-08 3.975492857707785938e-06 -6.172176205443921796e-18
-3.793364153695244489e-08 3.979543755740580580e-06 -2.335707614322083708e-17
-2.887126978462495330e-08 3.982715763939921658e-06 1.524222618591512672e-18
-2.028658935976368483e-08 3.985055315434190759e-06 3.326958130560254433e-18
-1.203856188694563123e-08 3.986596449363645869e-06 1.166804417766460602e-17
-3.990712472284885237e-09 3.987361490002731678e-06 -5.024145010780938758e-18
3.990711736762131423e-09 3.987361489974295088e-06 -2.531728403776172249e-17
1.203856236572931060e-08 3.986596449390484107e-06 -3.968470441736080947e-17
2.028658991487519714e-08 3.985055315473672659e-06 -7.785338642301603511e-18
2.887127023912250401e-08 3.982715763891399375e-06 9.219964860608917838e-18
3.793364106510765943e-08 3.979543755734792804e-06 1.245643743289217943e-17
4.762118620271760250e-08 3.975492857738689088e-06 1.578860299554541280e-17
5.808977967744488602e-08 3.970503309740332601e-06 2.035029799520632924e-17
6.950568710514803961e-08 3.964500815465218449e-06 -3.801907590576140125e-18
8.204766871119928417e-08 3.957395027277389175e-06 -4.584519926628806800e-18
9.590912697018949551e-08 3.949077692891630914e-06 1.504287365341363684e-17
1.113003564832959480e-07 3.939420425267310688e-06 -2.146103442482782595e-17
1.284508446865173514e-07 3.928272061547309831e-06 -2.670312389139866694e-18
1.476115558327051325e-07 3.915455582182466201e-06 2.178032773866549349e-17
1.690571933450624176e-07 3.900764580967802734e-06 1.991902973563029985e-17
1.930882313067039391e-07 3.883959322835617518e-06 -1.927367920524962863e-17
2.200325883716658382e-07 3.864762502973244631e-06 -3.463269123955399391e-17
2.502465949391630140e-07 3.842854969694560772e-06 -2.633387052697005532e-17
2.841147301417545901e-07 3.817871930736457812e-06 8.937394104664850560e-18
3.220474048756805097e-07 3.789400595456950795e-06 2.261749216048720231e-17
3.644754678518158375e-07 3.756980936707439452e-06 1.341836774219181252e-17
4.118394915861300909e-07 3.720112436492871081e-06 -2.007693246294882045e-18
4.645706085694423226e-07 3.678271530951960701e-06 -4.867865885065488070e-18
5.230575913124646537e-07 3.630947222336204979e-06 -5.538354690182994713e-18
5.875916303244022032e-07 3.577705977292877779e-06 3.337070022299178171e-18
6.582745789504573786e-07 3.518300799687023645e-06 -9.460011067092470296e-18
7.348679856196416171e-07 3.452839968728386855e-06 9.123438613339317080e-18
8.165480853174200693e-07 3.382018991552029945e-06 -1.886776178044515800e-17
9.015195325014213612e-07 3.307372418771398396e-06 3.096482380289045729e-17
9.864420658298178601e-07 3.231376964722935811e-06 -3.604818568826914217e-20
1.065679735196695122e-06 3.156978726069365779e-06 9.851600755414904617e-18
1.130574925949090481e-06 3.085748751851881657e-06 -1.630203166007553859e-17
1.169370746966630348e-06 3.013786036395555502e-06 -1.724491679793242169e-17
1.168950672890411990e-06 2.925861847807755605e-06 1.877646428517645671e-17
1.119507878958453384e-06 2.792428934651402928e-06 3.611824785407703420e-17
1.021284187864568427e-06 2.578293956615502888e-06 -2.994298878236561071e-17
8.888099545870109530e-07 2.265663436804773306e-06 -5.214779541795917522e-17
7.472095828152391928e-07 1.874741928458174385e-06 3.353856726475612300e-17
6.215114555820078213e-07 1.458321998654412196e-06 3.845680566624143465e-17
5.271540539503183354e-07 1.073152791399009809e-06 -1.465887765639567660e-17
4.678662444863868064e-07 7.550275034030198644e-07 -3.872398156162929635e-17
4.394442161895217858e-07 5.136229137074027901e-07 3.627172381490457839e-17
4.346679019218147033e-07 3.410970481790767832e-07 1.739318444658555314e-17
4.465516610721587121e-07 2.226805519241397525e-07 -2.645511839431537521e-17
4.696727132109945746e-07 1.434921667638200520e-07 -7.584208980721407647e-18
5.003292903940637082e-07 9.138141979306723481e-08 4.502106335166771997e-18
5.362279845363970843e-07 5.741782126692843500e-08 2.354613121188000582e-17
5.760851621919305110e-07 3.541134124752983256e-08 -1.334359444152648119e-17
6.192913458782922653e-07 2.121261890855468076e-08 -1.583202355981662025e-17
6.656698345736122846e-07 1.209135843277475600e-08 1.369305357048610579e-17
7.153170000148700858e-07 6.267822029200246338e-09 -2.339843263363500696e-18
7.685023411044267228e-07 2.586199139309895537e-09 -4.044062322555288640e-18
8.256087647776078065e-07 2.960772574896047278e-10 1.180261427935930465e-17
8.870988195339157834e-07 -1.090575912337559421e-09 -8.847903751305385902e-18
9.534973918756683986e-07 -1.891985005595155394e-09 -1.561682414582194194e-17
1.025384698413733808e-06 -2.316227359004388250e-09 1.974409552598946726e-17
1.103395880608371016e-06 -2.499675999248369270e-09 -4.001294130610599489e-18
1.188224930812747937e-06 -2.531829745266902578e-09 -7.490354174431648345e-19
1.280631654946434717e-06 -2.471412980661111581e-09 3.041359344909599734e-18
1.381451037351516531e-06 -2.356866808098696831e-09 -1.252429822846818041e-17
1.491604664068113539e-06 -2.213218504094457873e-09 5.585611383784492529e-18
1.612114241385242952e-06 -2.056604387994541576e-09 1.436343789115225903e-17
1.744117331076849853e-06 -1.897260882858997082e-09 -9.896015975680067182e-18
1.888885614927116041e-06 -1.741513352439255899e-09 -1.685655644384009291e-17
2.047846195556146665e-06 -1.593100793450700364e-09 1.993484134091406375e-17
2.222606461342591100e-06 -1.454062931082531955e-09 -8.344905429613867817e-18
2.414983335023712652e-06 -1.325334628206221371e-09 1.447049509527406059e-17
2.627037869525061797e-06 -1.207143110282473524e-09 -1.687280080510656349e-18
2.861116373920752354e-06 -1.099275441187374660e-09 -7.724974259617934645e-18
3.119899677654636161e-06 -1.001255331640575427e-09 9.918894050510147742e-18
3.406462441103708105e-06 -9.124616882478828303e-10 -1.209899193532158959e-17
3.724345106759230362e-06 -8.322051785399732768e-10 -4.017054150495548661e-18
4.077641748322785586e-06 -7.597781428867027838e-10 3.408385866439093547e-18
4.471108057995526464e-06 -6.944864894856616030e-10 -5.438613698502404681e-18
4.910295224310606832e-06 -6.356673341042510327e-10 1.104006454993843121e-17
5.401717119071086648e-06 -5.827005717896304012e-10 1.474032065619931264e-18
5.953061025059519507e-06 -5.350134966811020653e-10 2.170178092172344896e-18
6.573455668026917387e-06 -4.920825316767758764e-10 -8.701805432704402980e-18
7.273815617925977195e-06 -4.534323595923574555e-10 -5.613253682549495872e-18
8.067288770785552288e-06 -4.186339267824425339e-10 -2.651934764095601334e-18
8.969844668881010730e-06 -3.873018728672308797e-10 -3.676159935188922917e-18
1.000105825526773073e-05 -3.590910208609864938e-10 9.783345738199978011e-19
1.118516909177913465e-05 -3.336934428235486917e-10 6.975004254603142149e-18
1.255253563820987739e-05 -3.108351304776828993e-10 5.573871909033041521e-18
1.414166741338721001e-05 -2.902732518813196021e-10 -5.969862939809742358e-18
1.600212036932668891e-05 -2.717932484753863463e-10 -6.756035345376257306e-18
1.819871360859981468e-05 -2.552072586844558684e-10 9.387973680654337561e-18
2.081782395176728917e-05 -2.403499843677103131e-10 7.859975310765946203e-18
2.397703669420464534e-05 -2.270844604317088917e-10 -1.000642302034955500e-17
2.784050878158750297e-05 -2.152813140288071088e-10 9.614846997974250682e-18
3.264377547413169212e-05 -2.048731694451051119e-10 -4.952432565645182962e-18
3.873900712427630344e-05 -1.957095297555703153e-10 -9.230834993681971488e-18
4.666137928993271955e-05 -1.879604865396373020e-10 6.871103527810069598e-18
5.734613125766424568e-05 -1.810305600478430482e-10 -9.633108516643669802e-19
7.207939479909886149e-05 -1.765512838840783581e-10 -8.083836783000342995e-18
9.541598990039923400e-05 -1.703295290611813810e-10 1.104936804995304155e-17
1.260072029628349355e-04 -1.742188864829265340e-10 8.789595288122009298e-18
2.427803846447793013e-04 -1.576827264355365472e-10 -8.230312847895978543e-19
2.996453680448596391e-04 -2.048302281743622877e-10 -1.209173392767946370e-17
4.141705789662112475e-03 -9.897831495337776798e-11 8.740769236537348057e-18
2.797603085073485651e-02 -4.754034456649832892e-10 -5.911074831558060709e-18
