1.311588291579687186e-04 -1.617160635861237674e-06 -0.000000000000000000e+00
1.315235407209262397e-04 -1.617160638380680424e-06 -0.000000000000000000e+00
1.590900946250348006e-04 -1.617160640647138150e-06 -0.000000000000000000e+00
4.385296879201714857e-05 -1.617160642685609970e-06 -0.000000000000000000e+00
1.020270161583550842e-05 -1.617160644518127847e-06 -0.000000000000000000e+00
3.141543799213504470e-06 -1.617160646164112340e-06 -0.000000000000000000e+00
1.170897861735038521e-06 -1.617160647640684314e-06 -0.000000000000000000e+00
5.010362503407240266e-07 -1.617160648962928155e-06 -0.000000000000000000e+00
2.379771939197468606e-07 -1.617160650144121953e-06 -0.000000000000000000e+00
1.226273452792988285e-07 -1.617160651195938668e-06 -0.000000000000000000e+00
6.744599887669527337e-08 -1.617160652128610881e-06 -0.000000000000000000e+00
3.911742455401823925e-08 -1.617160652951088343e-06 -0.000000000000000000e+00
2.369657085204777169e-08 -1.617160653671157828e-06 -0.000000000000000000e+00
1.487309113282339805e-08 -1.617160654295554518e-06 -0.000000000000000000e+00
9.598967597847310487e-09 -1.617160654830055389e-06 -0.000000000000000000e+00
6.317523543666276614e-09 -1.617160655279555657e-06 -0.000000000000000000e+00
4.193761873799434174e-09 -1.617160655648139080e-06 -0.000000000000000000e+00
2.758983828654329573e-09 -1.617160655939128778e-06 -0.000000000000000000e+00
1.737625130044721049e-09 -1.617160656155133827e-06 -0.000000000000000000e+00
9.584436125794909865e-10 -1.617160656298079742e-06 -0.000000000000000000e+00
3.062938971887798868e-10 -1.617160656369236863e-06 -0.000000000000000000e+00
-3.062938994832429382e-10 -1.617160656369236863e-06 -0.000000000000000000e+00
-9.584436116917872228e-10 -1.617160656298079742e-06 -0.000000000000000000e+00
-1.737625128743382725e-09 -1.617160656155134886e-06 -0.000000000000000000e+00
-2.758983827339586787e-09 -1.617160655939130896e-06 -0.000000000000000000e+00
-4.193761872674875514e-09 -1.617160655648141197e-06 -0.000000000000000000e+00
-6.317523545594624873e-09 -1.617160655279557351e-06 -0.000000000000000000e+00
-9.598967598436507928e-09 -1.617160654830055601e-06 -0.000000000000000000e+00
-1.487309113497864195e-08 -1.617160654295555577e-06 -0.000000000000000000e+00
-2.369657085140718648e-08 -1.617160653671159099e-06 -0.000000000000000000e+00
-3.911742455289799186e-08 -1.617160652951089190e-06 -0.000000000000000000e+00
-6.744599887542906499e-08 -1.617160652128610458e-06 -0.000000000000000000e+00
-1.226273452789684592e-07 -1.617160651195937821e-06 -0.000000000000000000e+00
-2.379771939220501020e-07 -1.617160650144122165e-06 -0.000000000000000000e+00
-5.010362503400588940e-07 -1.617160648962928367e-06 -0.000000000000000000e+00
-1.170897861734044105e-06 -1.617160647640684314e-06 -0.000000000000000000e+00
-3.141543799212111948e-06 -1.617160646164112340e-06 -0.000000000000000000e+00
-1.020270161583641644e-05 -1.617160644518127423e-06 -0.000000000000000000e+00
-4.385296879202011658e-05 -1.617160642685609759e-06 -0.000000000000000000e+00
-1.590900946250353970e-04 -1.617160640647138574e-06 -0.000000000000000000e+00
-1.315235407209264565e-04 -1.617160638380680001e-06 -0.000000000000000000e+00
-1.311588291579657371e-04 -1.617160635861237038e-06 -0.000000000000000000e+00
-1.311588471637947155e-04 3.276025004299061882e-14 -0.000000000000000000e+00
-1.315235616144781023e-04 3.586172741799092227e-14 -0.000000000000000000e+00
-1.590901189414886262e-04 3.930045700102947628e-14 -0.000000000000000000e+00
-4.385299718545193479e-05 4.311801028029771162e-14 -0.000000000000000000e+00
-1.020273488957973348e-05 4.736170554606224956e-14 -0.000000000000000000e+00
-3.141582945092445163e-06 5.208549090108396082e-14 -0.000000000000000000e+00
-1.170944111146687166e-06 5.735097694231810947e-14 -0.000000000000000000e+00
-5.010911412283666525e-07 6.322864692040654401e-14 -0.000000000000000000e+00
-2.380426592686809585e-07 6.979927781436812368e-14 -0.000000000000000000e+00
-1.227058309037053070e-07 7.715561262668246653e-14 -0.000000000000000000e+00
-6.754062160960149655e-08 8.540433260211558949e-14 -0.000000000000000000e+00
-3.923218658937577173e-08 9.466838837058166216e-14 -0.000000000000000000e+00
-2.383665291058751529e-08 1.050897616739160922e-13 -0.000000000000000000e+00
-1.504525772130939795e-08 1.168327449445271722e-13 -0.000000000000000000e+00
-9.812132997237231471e-09 1.300878453027481365e-13 -0.000000000000000000e+00
-6.583551888724572716e-09 1.450764434727827574e-13 -0.000000000000000000e+00
-4.528611953125659046e-09 1.620563678877058553e-13 -0.000000000000000000e+00
-3.184369562326736992e-09 1.813285814017285066e-13 -0.000000000000000000e+00
-2.283458673661941767e-09 2.032452245302618182e-13 -0.000000000000000000e+00
-1.666486674437270969e-09 2.282193175435923383e-13 -0.000000000000000000e+00
-1.235707686860556664e-09 2.567364973449181272e-13 -0.000000000000000000e+00
-9.296439233447525721e-10 2.893692581490644973e-13 -0.000000000000000000e+00
-7.087371492313112893e-10 3.267942831252704620e-13 -0.000000000000000000e+00
-5.470026182420010687e-10 3.698136046811709649e-13 -0.000000000000000000e+00
-4.270485452850290892e-10 4.193805235472973973e-13 -0.000000000000000000e+00
-3.370335073660110973e-10 4.766314639467164708e-13 -0.000000000000000000e+00
-2.687681454440841143e-10 5.429252607078923835e-13 -0.000000000000000000e+00
-2.165071174830870426e-10 6.198917865831443243e-13 -0.000000000000000000e+00
-1.761667602800013237e-10 7.094923642216269928e-13 -0.000000000000000000e+00
-1.448097835528053457e-10 8.140951074889260565e-13 -0.000000000000000000e+00
-1.203008472826834605e-10 9.365692555491139651e-13 -0.000000000000000000e+00
-1.010730911541827960e-10 1.080403774255481185e-12 -0.000000000000000000e+00
-8.596776109493799538e-11 1.249857103881287974e-12 -0.000000000000000000e+00
-7.412301416035135918e-11 1.450147068667724569e-12 -0.000000000000000000e+00
-6.489579421041558573e-11 1.687692823464609467e-12 -0.000000000000000000e+00
-5.780687480954645670e-11 1.970424561715976372e-12 -0.000000000000000000e+00
-5.250173469552763736e-11 2.308181918645718760e-12 -0.000000000000000000e+00
-4.872296575927866135e-11 2.713229096009514347e-12 -0.000000000000000000e+00
-4.629087824316910105e-11 3.200924449317622645e-12 -0.000000000000000000e+00
-4.509034594782119708e-11 3.790595667978287086e-12 -0.000000000000000000e+00
-4.506244666003363559e-11 4.506690253857685022e-12 -0.000000000000000000e+00
-4.620009242516987927e-11 5.380296946606118601e-12 -0.000000000000000000e+00
-4.854704823998806781e-11 6.451170231005061842e-12 -0.000000000000000000e+00
-5.220042631637255574e-11 7.770441750794035992e-12 -0.000000000000000000e+00
-5.731658392577923681e-11 9.404276230736147200e-12 -0.000000000000000000e+00
-6.412116940434685064e-11 1.143883563583139421e-11 -0.000000000000000000e+00
-7.292407351763301668e-11 1.398706919563644419e-11 -0.000000000000000000e+00
-8.414066133979852552e-11 1.719807197189787759e-11 -0.000000000000000000e+00
-9.832131243777541056e-11 2.127008660993768926e-11 -0.000000000000000000e+00
-1.161922843382332753e-10 2.646871699404388864e-11 -0.000000000000000000e+00
-1.387120080882915017e-10 3.315266475845709310e-11 -0.000000000000000000e+00
-1.671490327169820566e-10 4.181042537328440777e-11 -0.000000000000000000e+00
-2.031902091656735842e-10 5.311310499543796361e-11 -0.000000000000000000e+00
-2.490921189776473096e-10 6.799118787655960784e-11 -0.000000000000000000e+00
-3.078942627456984632e-10 8.774725708299379083e-11 -0.000000000000000000e+00
-3.837219961021101049e-10 1.142232665447679738e-10 -0.000000000000000000e+00
-4.822199451260648881e-10 1.500514993631959632e-10 -0.000000000000000000e+00
-6.111777512355826964e-10 1.990353656169046558e-10 -0.000000000000000000e+00
-7.814408512163645456e-10 2.667339780514555213e-10 -0.000000000000000000e+00
-1.008247051847360658e-09 3.613702891247673423e-10 -0.000000000000000000e+00
-1.313203427123162767e-09 4.952589796698107058e-10 -0.000000000000000000e+00
-1.727230343115809358e-09 6.870788000367136870e-10 -0.000000000000000000e+00
-2.294971591837414058e-09 9.655318760386237477e-10 -0.000000000000000000e+00
-3.081426040662488039e-09 1.375303656273002263e-09 -0.000000000000000000e+00
-4.181929851280514265e-09 1.986870843339248521e-09 -0.000000000000000000e+00
-5.737128810878884252e-09 2.912782536256166578e-09 -0.000000000000000000e+00
-7.955200586008043252e-09 4.334850686292492278e-09 -0.000000000000000000e+00
-1.114412380112141222e-08 6.549646962477013565e-09 -0.000000000000000000e+00
-1.575663416050261803e-08 1.004429143190672930e-08 -0.000000000000000000e+00
-2.244808259415937705e-08 1.562088721241728644e-08 -0.000000000000000000e+00
-3.213924466259864914e-08 2.459467012610515038e-08 -0.000000000000000000e+00
-4.605581198463696497e-08 3.909171229601462018e-08 -0.000000000000000000e+00
-6.567530388114383566e-08 6.244905742079090742e-08 -0.000000000000000000e+00
-9.244897205990334846e-08 9.963579250015029010e-08 -0.000000000000000000e+00
-1.271160713440205829e-07 1.574158016677003535e-07 -0.000000000000000000e+00
-1.685139754229666811e-07 2.436636396998137685e-07 -0.000000000000000000e+00
-2.122183673690390031e-07 3.650681810575008765e-07 -0.000000000000000000e+00
-2.501361034441418718e-07 5.230648650840720887e-07 -0.000000000000000000e+00
-2.725359074952716053e-07 7.097444258392788493e-07 -0.000000000000000000e+00
-2.725338268974125888e-07 9.074111787771299473e-07 -0.000000000000000000e+00
-2.501298019140290148e-07 1.094090589257268779e-06 -0.000000000000000000e+00
-2.122076629918885066e-07 1.252086965665999864e-06 -0.000000000000000000e+00
-1.684985557922730673e-07 1.373491027446699361e-06 -0.000000000000000000e+00
-1.270954790396257676e-07 1.459738190771192601e-06 -0.000000000000000000e+00
-9.242258300351484518e-08 1.517517296747529589e-06 -0.000000000000000000e+00
-6.564229704142072355e-08 1.554702854215616785e-06 -0.000000000000000000e+00
-4.601512837157905354e-08 1.578058685374697020e-06 -0.000000000000000000e+00
-3.208953260860145221e-08 1.592553794517436018e-06 -0.000000000000000000e+00
-2.238762513892987212e-08 1.601525115221813560e-06 -0.000000000000000000e+00
-1.568325292486478295e-08 1.607098572835830241e-06 -0.000000000000000000e+00
-1.105505142122527112e-08 1.610589206843784049e-06 -0.000000000000000000e+00
-7.846910953237377749e-09 1.612798856323504456e-06 -0.000000000000000000e+00
-5.605109726205654009e-09 1.614214283922406570e-06 -0.000000000000000000e+00
-4.020376927077581133e-09 1.615131573861081703e-06 -0.000000000000000000e+00
-2.882827545368886348e-09 1.615731867834110744e-06 -0.000000000000000000e+00
-2.049541212918149840e-09 1.616126785137724107e-06 -0.000000000000000000e+00
-1.422126240466363530e-09 1.616385500428097458e-06 -0.000000000000000000e+00
-9.314439220535117804e-10 1.616550857609628503e-06 -0.000000000000000000e+00
-5.271925435538585201e-10 1.616648926821287522e-06 -0.000000000000000000e+00
-1.706495696736222641e-10 1.616694583595732732e-06 -0.000000000000000000e+00
1.706495772661138596e-10 1.616694583595732309e-06 -0.000000000000000000e+00
5.271925402159956343e-10 1.616648926821287734e-06 -0.000000000000000000e+00
9.314439140524644100e-10 1.616550857609628503e-06 -0.000000000000000000e+00
1.422126238705013317e-09 1.616385500428097458e-06 -0.000000000000000000e+00
2.049541210791573951e-09 1.616126785137724319e-06 -0.000000000000000000e+00
2.882827544007290398e-09 1.615731867834110321e-06 -0.000000000000000000e+00
4.020376932067520054e-09 1.615131573861081915e-06 -0.000000000000000000e+00
5.605109735362928856e-09 1.614214283922406146e-06 -0.000000000000000000e+00
7.846910962688725230e-09 1.612798856323503821e-06 -0.000000000000000000e+00
1.105505141461504254e-08 1.610589206843784049e-06 -0.000000000000000000e+00
1.568325290886486659e-08 1.607098572835829606e-06 -0.000000000000000000e+00
2.238762513149932191e-08 1.601525115221813771e-06 -0.000000000000000000e+00
3.208953262297465503e-08 1.592553794517435594e-06 -0.000000000000000000e+00
4.601512838600639368e-08 1.578058685374696173e-06 -0.000000000000000000e+00
6.564229703419945004e-08 1.554702854215616573e-06 -0.000000000000000000e+00
9.242258298862912787e-08 1.517517296747528106e-06 -0.000000000000000000e+00
1.270954790352184964e-07 1.459738190771191330e-06 -0.000000000000000000e+00
1.684985558075217514e-07 1.373491027446693855e-06 -0.000000000000000000e+00
2.122076630072514608e-07 1.252086965665993511e-06 -0.000000000000000000e+00
2.501298019057051691e-07 1.094090589257265814e-06 -0.000000000000000000e+00
2.725338268806093609e-07 9.074111787771256063e-07 -0.000000000000000000e+00
2.725359074864214345e-07 7.097444258392751436e-07 -0.000000000000000000e+00
2.501361034612524138e-07 5.230648650840646771e-07 -0.000000000000000000e+00
2.122183673815936195e-07 3.650681810574947884e-07 -0.000000000000000000e+00
1.685139754180966122e-07 2.436636396998116509e-07 -0.000000000000000000e+00
1.271160713282767551e-07 1.574158016676990565e-07 -0.000000000000000000e+00
9.244897205309620789e-08 9.963579250014936366e-08 -0.000000000000000000e+00
6.567530389777878188e-08 6.244905742078970304e-08 -0.000000000000000000e+00
4.605581199700201149e-08 3.909171229601391873e-08 -0.000000000000000000e+00
3.213924465756918587e-08 2.459467012610489891e-08 -0.000000000000000000e+00
2.244808257590631335e-08 1.562088721241718718e-08 -0.000000000000000000e+00
1.575663415541783623e-08 1.004429143190663996e-08 -0.000000000000000000e+00
1.114412381210293134e-08 6.549646962476907686e-09 -0.000000000000000000e+00
7.955200601069205570e-09 4.334850686292424449e-09 -0.000000000000000000e+00
5.737128805572599204e-09 2.912782536256143830e-09 -0.000000000000000000e+00
4.181929834667703393e-09 1.986870843339233218e-09 -0.000000000000000000e+00
3.081426039446295965e-09 1.375303656272992751e-09 -0.000000000000000000e+00
2.294971602486841666e-09 9.655318760386103061e-10 -0.000000000000000000e+00
1.727230362048420134e-09 6.870788000367032439e-10 -0.000000000000000000e+00
1.313203414661579719e-09 4.952589796698083276e-10 -0.000000000000000000e+00
1.008247037240333731e-09 3.613702891247651192e-10 -0.000000000000000000e+00
7.814408392276919242e-10 2.667339780514543839e-10 -0.000000000000000000e+00
6.111777696261378812e-10 1.990353656169021225e-10 -0.000000000000000000e+00
4.822199599985482393e-10 1.500514993631941021e-10 -0.000000000000000000e+00
3.837219910571663614e-10 1.142232665447673276e-10 -0.000000000000000000e+00
3.078942571238638645e-10 8.774725708299327384e-11 -0.000000000000000000e+00
2.490921080701862925e-10 6.799118787655927180e-11 -0.000000000000000000e+00
2.031902275005906882e-10 5.311310499543739493e-11 -0.000000000000000000e+00
1.671490333660735525e-10 4.181042537328422036e-11 -0.000000000000000000e+00
1.387120025191394158e-10 3.315266475845693801e-11 -0.000000000000000000e+00
1.161922711633989065e-10 2.646871699404379816e-11 -0.000000000000000000e+00
9.832131402811085293e-11 2.127008660993760849e-11 -0.000000000000000000e+00
8.414067119815673732e-11 1.719807197189775804e-11 -0.000000000000000000e+00
7.292407839581278012e-11 1.398706919563638764e-11 -0.000000000000000000e+00
6.412115927622869135e-11 1.143883563583134897e-11 -0.000000000000000000e+00
5.731657817680520725e-11 9.404276230736110042e-12 -0.000000000000000000e+00
5.220042749665974383e-11 7.770441750794006912e-12 -0.000000000000000000e+00
4.854706218275247017e-11 6.451170231005006104e-12 -0.000000000000000000e+00
4.620009328368527603e-11 5.380296946606096790e-12 -0.000000000000000000e+00
4.506244423506226643e-11 4.506690253857668866e-12 -0.000000000000000000e+00
4.509033601227488492e-11 3.790595667978274161e-12 -0.000000000000000000e+00
4.629087984091740003e-11 3.200924449317612548e-12 -0.000000000000000000e+00
4.872297242688681203e-11 2.713229096009500210e-12 -0.000000000000000000e+00
5.250173630188370704e-11 2.308181918645709471e-12 -0.000000000000000000e+00
5.780686489491865688e-11 1.970424561715969910e-12 -0.000000000000000000e+00
6.489579178869327862e-11 1.687692823464604620e-12 -0.000000000000000000e+00
7.412301502400781917e-11 1.450147068667720328e-12 -0.000000000000000000e+00
8.596777451015410035e-11 1.249857103881280098e-12 -0.000000000000000000e+00
1.010730926133664645e-10 1.080403774255477954e-12 -0.000000000000000000e+00
1.203008382024179910e-10 9.365692555491111378e-13 -0.000000000000000000e+00
1.448097813618816289e-10 8.140951074889234312e-13 -0.000000000000000000e+00
1.761667602794481983e-10 7.094923642216247713e-13 -0.000000000000000000e+00
2.165071309069342602e-10 6.198917865831402853e-13 -0.000000000000000000e+00
2.687681390475443105e-10 5.429252607078914747e-13 -0.000000000000000000e+00
3.370335049439570907e-10 4.766314639467151581e-13 -0.000000000000000000e+00
4.270485338771954043e-10 4.193805235472963371e-13 -0.000000000000000000e+00
5.470026266940235867e-10 3.698136046811700561e-13 -0.000000000000000000e+00
7.087371496308045768e-10 3.267942831252690484e-13 -0.000000000000000000e+00
9.296439263315099616e-10 2.893692581490637400e-13 -0.000000000000000000e+00
1.235707676850939404e-09 2.567364973449175213e-13 -0.000000000000000000e+00
1.666486677699218837e-09 2.282193175435913790e-13 -0.000000000000000000e+00
2.283458682138480885e-09 2.032452245302612629e-13 -0.000000000000000000e+00
3.184369564164073464e-09 1.813285814017276483e-13 -0.000000000000000000e+00
4.528611952067605708e-09 1.620563678877055019e-13 -0.000000000000000000e+00
6.583551873212132088e-09 1.450764434727827070e-13 -0.000000000000000000e+00
9.812133008426033779e-09 1.300878453027475307e-13 -0.000000000000000000e+00
1.504525772125184934e-08 1.168327449445268440e-13 -0.000000000000000000e+00
2.383665292163714611e-08 1.050897616739155621e-13 -0.000000000000000000e+00
3.923218657318905151e-08 9.466838837058152332e-14 -0.000000000000000000e+00
6.754062161418321688e-08 8.540433260211536230e-14 -0.000000000000000000e+00
1.227058309039815721e-07 7.715561262668208788e-14 -0.000000000000000000e+00
2.380426592771538291e-07 6.979927781436793435e-14 -0.000000000000000000e+00
5.010911412254653529e-07 6.322864692040639255e-14 -0.000000000000000000e+00
1.170944111136657025e-06 5.735097694231800849e-14 -0.000000000000000000e+00
3.141582945093931706e-06 5.208549090108385354e-14 -0.000000000000000000e+00
1.020273488958633017e-05 4.736170554606211072e-14 -0.000000000000000000e+00
4.385299718545201611e-05 4.311801028029764221e-14 -0.000000000000000000e+00
1.590901189414901712e-04 3.930045700102938792e-14 -0.000000000000000000e+00
1.315235616144725457e-04 3.586172741799085916e-14 -0.000000000000000000e+00
1.311588471637954744e-04 3.276025004299055571e-14 -0.000000000000000000e+00
