1.311588487906425419e-04 -1.034903594182548427e-04 -0.000000000000000000e+00
1.315235629747354409e-04 -1.034903594335862746e-04 -0.000000000000000000e+00
1.590901200546275041e-04 -1.034903594469950094e-04 -0.000000000000000000e+00
4.385299806747478988e-05 -1.034903594587474086e-04 -0.000000000000000000e+00
1.020273555337471749e-05 -1.034903594690692302e-04 -0.000000000000000000e+00
3.141583400723759633e-06 -1.034903594781529199e-04 -0.000000000000000000e+00
1.170944366063818729e-06 -1.034903594861624228e-04 -0.000000000000000000e+00
5.010912004800781652e-07 -1.034903594932379126e-04 -0.000000000000000000e+00
2.380425255444212487e-07 -1.034903594994993428e-04 -0.000000000000000000e+00
1.227055046675239425e-07 -1.034903595050496719e-04 -0.000000000000000000e+00
6.754010108847091420e-08 -1.034903595099778044e-04 -0.000000000000000000e+00
3.923146780717050706e-08 -1.034903595143604342e-04 -0.000000000000000000e+00
2.383572963766673029e-08 -1.034903595182636705e-04 -0.000000000000000000e+00
1.504412133201910226e-08 -1.034903595217447997e-04 -0.000000000000000000e+00
9.810772386655847463e-09 -1.034903595248533835e-04 -0.000000000000000000e+00
6.581953239924321206e-09 -1.034903595276327764e-04 -0.000000000000000000e+00
4.526758573976731416e-09 -1.034903595301208442e-04 -0.000000000000000000e+00
3.182241534512748306e-09 -1.034903595323503705e-04 -0.000000000000000000e+00
2.281032527129884104e-09 -1.034903595343499645e-04 -0.000000000000000000e+00
1.663734930074777792e-09 -1.034903595361446715e-04 -0.000000000000000000e+00
1.232598359766135979e-09 -1.034903595377565549e-04 -0.000000000000000000e+00
9.261399230417812620e-10 -1.034903595392051438e-04 -0.000000000000000000e+00
7.047954936439833596e-10 -1.034903595405072977e-04 -0.000000000000000000e+00
5.425736116517449272e-10 -1.034903595416779108e-04 -0.000000000000000000e+00
4.220746698091107454e-10 -1.034903595427299258e-04 -0.000000000000000000e+00
3.314482596692194496e-10 -1.034903595436749706e-04 -0.000000000000000000e+00
2.624944681377161213e-10 -1.034903595445234401e-04 -0.000000000000000000e+00
2.094556835137695191e-10 -1.034903595452842519e-04 -0.000000000000000000e+00
1.682337858359200384e-10 -1.034903595459651850e-04 -0.000000000000000000e+00
1.358745189100939423e-10 -1.034903595465730836e-04 -0.000000000000000000e+00
1.102224686971498218e-10 -1.034903595471141141e-04 -0.000000000000000000e+00
8.968695560862018128e-11 -1.034903595475937109e-04 -0.000000000000000000e+00
7.308090503396914786e-11 -1.034903595480166311e-04 -0.000000000000000000e+00
5.950860929220433165e-11 -1.034903595483867506e-04 -0.000000000000000000e+00
4.828648634351480512e-11 -1.034903595487074847e-04 -0.000000000000000000e+00
3.888647916422669150e-11 -1.034903595489819505e-04 -0.000000000000000000e+00
3.089511502305289891e-11 -1.034903595492126958e-04 -0.000000000000000000e+00
2.398345868898202586e-11 -1.034903595494018891e-04 -0.000000000000000000e+00
1.788473487105904444e-11 -1.034903595495512108e-04 -0.000000000000000000e+00
1.237730596988034331e-11 -1.034903595496621247e-04 -0.000000000000000000e+00
7.271391818081174612e-12 -1.034903595497355794e-04 -0.000000000000000000e+00
2.398359258583961655e-12 -1.034903595497720899e-04 -0.000000000000000000e+00
-2.398357580050902251e-12 -1.034903595497720086e-04 -0.000000000000000000e+00
-7.271392822966196117e-12 -1.034903595497354439e-04 -0.000000000000000000e+00
-1.237730625386574231e-11 -1.034903595496621247e-04 -0.000000000000000000e+00
-1.788473862128418029e-11 -1.034903595495514006e-04 -0.000000000000000000e+00
-2.398345636668852798e-11 -1.034903595494020788e-04 -0.000000000000000000e+00
-3.089511377547229324e-11 -1.034903595492128855e-04 -0.000000000000000000e+00
-3.888647738350554990e-11 -1.034903595489821131e-04 -0.000000000000000000e+00
-4.828648686219786539e-11 -1.034903595487075118e-04 -0.000000000000000000e+00
-5.950861259442980807e-11 -1.034903595483865202e-04 -0.000000000000000000e+00
-7.308090541972960867e-11 -1.034903595480163600e-04 -0.000000000000000000e+00
-8.968695314924023122e-11 -1.034903595475937109e-04 -0.000000000000000000e+00
-1.102224635793608959e-10 -1.034903595471143716e-04 -0.000000000000000000e+00
-1.358745216425915211e-10 -1.034903595465732598e-04 -0.000000000000000000e+00
-1.682337892904415502e-10 -1.034903595459650766e-04 -0.000000000000000000e+00
-2.094556875716638666e-10 -1.034903595452840215e-04 -0.000000000000000000e+00
-2.624944661249506682e-10 -1.034903595445234536e-04 -0.000000000000000000e+00
-3.314482549081074822e-10 -1.034903595436752145e-04 -0.000000000000000000e+00
-4.220746694261062177e-10 -1.034903595427300071e-04 -0.000000000000000000e+00
-5.425736152370960130e-10 -1.034903595416776533e-04 -0.000000000000000000e+00
-7.047954971407038005e-10 -1.034903595405070131e-04 -0.000000000000000000e+00
-9.261399201139773451e-10 -1.034903595392051303e-04 -0.000000000000000000e+00
-1.232598356097689638e-09 -1.034903595377567988e-04 -0.000000000000000000e+00
-1.663734929031867648e-09 -1.034903595361448341e-04 -0.000000000000000000e+00
-2.281032530655925100e-09 -1.034903595343497748e-04 -0.000000000000000000e+00
-3.182241537867188615e-09 -1.034903595323500994e-04 -0.000000000000000000e+00
-4.526758573098290421e-09 -1.034903595301208307e-04 -0.000000000000000000e+00
-6.581953236094369091e-09 -1.034903595276330339e-04 -0.000000000000000000e+00
-9.810772384213942465e-09 -1.034903595248535055e-04 -0.000000000000000000e+00
-1.504412133404903326e-08 -1.034903595217445557e-04 -0.000000000000000000e+00
-2.383572964094335813e-08 -1.034903595182634130e-04 -0.000000000000000000e+00
-3.923146780462583480e-08 -1.034903595143603936e-04 -0.000000000000000000e+00
-6.754010108713655938e-08 -1.034903595099780755e-04 -0.000000000000000000e+00
-1.227055046656848223e-07 -1.034903595050498481e-04 -0.000000000000000000e+00
-2.380425255479881574e-07 -1.034903594994992073e-04 -0.000000000000000000e+00
-5.010912004842239679e-07 -1.034903594932377229e-04 -0.000000000000000000e+00
-1.170944366062050124e-06 -1.034903594861624635e-04 -0.000000000000000000e+00
-3.141583400719792978e-06 -1.034903594781531638e-04 -0.000000000000000000e+00
-1.020273555337271002e-05 -1.034903594690693792e-04 -0.000000000000000000e+00
-4.385299806747889630e-05 -1.034903594587471918e-04 -0.000000000000000000e+00
-1.590901200546282631e-04 -1.034903594469947520e-04 -0.000000000000000000e+00
-1.315235629747361456e-04 -1.034903594335863017e-04 -0.000000000000000000e+00
-1.311588487906404277e-04 -1.034903594182552222e-04 -0.000000000000000000e+00
-1.311588493051312214e-04 1.550582560859053709e-13 -0.000000000000000000e+00
-1.315235640030555024e-04 1.752364514962625834e-13 -0.000000000000000000e+00
-1.590901216107701700e-04 1.984675467684626399e-13 -0.000000000000000000e+00
-4.385300017412189491e-05 2.252805457117624083e-13 -0.000000000000000000e+00
-1.020273824247029660e-05 2.563081894034280229e-13 -0.000000000000000000e+00
-3.141586714296037592e-06 2.923097567577531910e-13 -0.000000000000000000e+00
-1.170948357355061874e-06 3.341994375258997380e-13 -0.000000000000000000e+00
-5.010959353502164973e-07 3.830817821180081531e-13 -0.000000000000000000e+00
-2.380480843903173900e-07 4.402961787827707182e-13 -0.000000000000000000e+00
-1.227119846742797460e-07 5.074728994764230616e-13 -0.000000000000000000e+00
-6.754761915384120569e-08 5.866040422711357203e-13 -0.000000000000000000e+00
-3.924016407828827613e-08 6.801337510230137998e-13 -0.000000000000000000e+00
-2.384577195688882947e-08 7.910735105412716392e-13 -0.000000000000000000e+00
-1.505571081246066504e-08 9.231502353703559564e-13 -0.000000000000000000e+00
-9.824150241432670274e-09 1.080997486708940787e-12 -0.000000000000000000e+00
-6.597409429550212698e-09 1.270403740741963215e-12 -0.000000000000000000e+00
-4.544642515834125072e-09 1.498636587326177580e-12 -0.000000000000000000e+00
-3.202975739315060625e-09 1.774868629356585503e-12 -0.000000000000000000e+00
-2.305129747395838359e-09 2.110740506788614577e-12 -0.000000000000000000e+00
-1.691820039158294745e-09 2.521110096238112634e-12 -0.000000000000000000e+00
-1.265436282140085712e-09 3.025056327182609281e-12 -0.000000000000000000e+00
-9.646715812382035015e-10 3.647233878432849843e-12 -0.000000000000000000e+00
-7.501844279157061449e-10 4.419715292794190361e-12 -0.000000000000000000e+00
-5.962666313574103445e-10 5.384515885260358217e-12 -0.000000000000000000e+00
-4.858816132895179196e-10 6.597083611546610995e-12 -0.000000000000000000e+00
-4.076473207907971119e-10 8.131165397765461388e-12 -0.000000000000000000e+00
-3.539728007241073239e-10 1.008565623355136884e-11 -0.000000000000000000e+00
-3.198982416023202105e-10 1.259433406378648803e-11 -0.000000000000000000e+00
-3.023795725807555777e-10 1.583984092072160035e-11 -0.000000000000000000e+00
-2.998672560284962041e-10 2.007398473269256034e-11 -0.000000000000000000e+00
-3.120955396212598186e-10 2.564756567499483443e-11 -0.000000000000000000e+00
-3.400410069792028335e-10 3.305474284773030142e-11 -0.000000000000000000e+00
-3.860413228353841952e-10 4.299990764788488317e-11 -0.000000000000000000e+00
-4.540949053635205082e-10 5.649991192313994103e-11 -0.000000000000000000e+00
-5.503957924736112889e-10 7.504271344402530776e-11 -0.000000000000000000e+00
-6.842064637560795166e-10 1.008375749824952428e-10 -0.000000000000000000e+00
-8.692446946572697243e-10 1.372165342251412903e-10 -0.000000000000000000e+00
-1.125884090254182743e-09 1.892906871992260521e-10 -0.000000000000000000e+00
-1.484678353654471308e-09 2.650447067432323907e-10 -0.000000000000000000e+00
-1.992092338299238466e-09 3.772020959628880977e-10 -0.000000000000000000e+00
-2.719997698614574017e-09 5.464790688838741899e-10 -0.000000000000000000e+00
-3.781744408457154107e-09 8.074064547560806020e-10 -0.000000000000000000e+00
-5.360007256969353521e-09 1.219036809189441186e-09 -0.000000000000000000e+00
-7.756281670821748739e-09 1.885233785626987518e-09 -0.000000000000000000e+00
-1.148131891732612456e-08 2.994391733565440941e-09 -0.000000000000000000e+00
-1.742533014837232433e-08 4.899998679797422587e-09 -0.000000000000000000e+00
-2.718859126731813690e-08 8.290461721579497802e-09 -0.000000000000000000e+00
-4.374528239010476555e-08 1.456235081882431889e-08 -0.000000000000000000e+00
-7.282262975406571507e-08 2.667830701465602016e-08 -0.000000000000000000e+00
-1.258631613831352584e-07 5.123448920114335997e-08 -0.000000000000000000e+00
-2.265760875608195628e-07 1.036895108567369207e-07 -0.000000000000000000e+00
-4.256928761308496488e-07 2.222117807386522503e-07 -0.000000000000000000e+00
-8.339342438508644904e-07 5.057131108372078933e-07 -0.000000000000000000e+00
-1.690510807729609700e-06 1.219527315428023129e-06 -0.000000000000000000e+00
-3.471919880515885275e-06 3.075162209136842231e-06 -0.000000000000000000e+00
-6.899061723322710978e-06 7.835081958530550674e-06 -0.000000000000000000e+00
-1.219810306787254934e-05 1.887475212466301216e-05 -0.000000000000000000e+00
-1.705138920715122867e-05 3.909677895283804306e-05 -0.000000000000000000e+00
-1.705138893834441484e-05 6.439358058136959283e-05 -0.000000000000000000e+00
-1.219810225709259021e-05 8.461560740936953525e-05 -0.000000000000000000e+00
-6.899060357484109634e-06 9.565527757514975978e-05 -0.000000000000000000e+00
-3.471917937459583041e-06 1.004151973240098133e-04 -0.000000000000000000e+00
-1.690508255652389578e-06 1.022708322169966588e-04 -0.000000000000000000e+00
-8.339310403938158102e-07 1.029846464206679991e-04 -0.000000000000000000e+00
-4.256889671771796590e-07 1.032681477496373958e-04 -0.000000000000000000e+00
-2.265714057656845493e-07 1.033866700181656129e-04 -0.000000000000000000e+00
-1.258576242645896673e-07 1.034391250382248474e-04 -0.000000000000000000e+00
-7.281613727959897400e-08 1.034636812185509242e-04 -0.000000000000000000e+00
-4.373771385159064175e-08 1.034757971725968218e-04 -0.000000000000000000e+00
-2.717980152967109144e-08 1.034820690592246301e-04 -0.000000000000000000e+00
-1.741514491092390496e-08 1.034854595194422214e-04 -0.000000000000000000e+00
-1.146952891120919381e-08 1.034873651231686589e-04 -0.000000000000000000e+00
-7.742635287149454505e-09 1.034884742774536099e-04 -0.000000000000000000e+00
-5.344201318074074448e-09 1.034891404702684853e-04 -0.000000000000000000e+00
-3.763412558692872821e-09 1.034895520958981985e-04 -0.000000000000000000e+00
-2.698695838974215674e-09 1.034898130179210508e-04 -0.000000000000000000e+00
-1.967280039363334412e-09 1.034899822888053474e-04 -0.000000000000000000e+00
-1.455695158171809454e-09 1.034900944392785817e-04 -0.000000000000000000e+00
-1.091918977514104188e-09 1.034901701854360021e-04 -0.000000000000000000e+00
-8.292966695992592970e-10 1.034902222506414748e-04 -0.000000000000000000e+00
-6.370332998547970656e-10 1.034902586194046868e-04 -0.000000000000000000e+00
-4.944468729903685484e-10 1.034902844026304068e-04 -0.000000000000000000e+00
-3.874224634451377583e-10 1.034903029321311216e-04 -0.000000000000000000e+00
-3.061822973842022310e-10 1.034903164169041529e-04 -0.000000000000000000e+00
-2.438584128688639104e-10 1.034903263445928153e-04 -0.000000000000000000e+00
-1.955637271963821713e-10 1.034903337316763139e-04 -0.000000000000000000e+00
-1.577781340783173237e-10 1.034903392821028467e-04 -0.000000000000000000e+00
-1.279367842645807285e-10 1.034903434895032118e-04 -0.000000000000000000e+00
-1.041502369088217275e-10 1.034903467040451934e-04 -0.000000000000000000e+00
-8.501182003800710369e-11 1.034903491767777699e-04 -0.000000000000000000e+00
-6.946338769088234921e-11 1.034903510894291223e-04 -0.000000000000000000e+00
-5.670066872616237560e-11 1.034903525746728943e-04 -0.000000000000000000e+00
-4.610567530391432610e-11 1.034903537300650689e-04 -0.000000000000000000e+00
-3.719800191507866722e-11 1.034903546277224107e-04 -0.000000000000000000e+00
-2.959925755809407158e-11 1.034903553211010741e-04 -0.000000000000000000e+00
-2.300674138128651788e-11 1.034903558497723649e-04 -0.000000000000000000e+00
-1.717371027118276594e-11 1.034903562427973736e-04 -0.000000000000000000e+00
-1.189417955594339393e-11 1.034903565211040482e-04 -0.000000000000000000e+00
-6.991053534976996750e-12 1.034903566991378105e-04 -0.000000000000000000e+00
-2.306462452729702534e-12 1.034903567859681473e-04 -0.000000000000000000e+00
2.306470097235636329e-12 1.034903567859682015e-04 -0.000000000000000000e+00
6.991050234761137863e-12 1.034903566991378376e-04 -0.000000000000000000e+00
1.189417157014055513e-11 1.034903565211040482e-04 -0.000000000000000000e+00
1.717370854945574495e-11 1.034903562427973194e-04 -0.000000000000000000e+00
2.300673927976945127e-11 1.034903558497722836e-04 -0.000000000000000000e+00
2.959925615241523030e-11 1.034903553211010877e-04 -0.000000000000000000e+00
3.719800684035516730e-11 1.034903546277225056e-04 -0.000000000000000000e+00
4.610568443814635121e-11 1.034903537300650689e-04 -0.000000000000000000e+00
5.670067819254253305e-11 1.034903525746729079e-04 -0.000000000000000000e+00
6.946338112356923387e-11 1.034903510894290681e-04 -0.000000000000000000e+00
8.501180399438060667e-11 1.034903491767777834e-04 -0.000000000000000000e+00
1.041502295079585021e-10 1.034903467040452612e-04 -0.000000000000000000e+00
1.279367986218645096e-10 1.034903434895033066e-04 -0.000000000000000000e+00
1.577781485263705802e-10 1.034903392821028874e-04 -0.000000000000000000e+00
1.955637199490873918e-10 1.034903337316762191e-04 -0.000000000000000000e+00
2.438583979414285213e-10 1.034903263445927340e-04 -0.000000000000000000e+00
3.061822928865953685e-10 1.034903164169041529e-04 -0.000000000000000000e+00
3.874224786789022716e-10 1.034903029321312029e-04 -0.000000000000000000e+00
4.944468883540996795e-10 1.034902844026304068e-04 -0.000000000000000000e+00
6.370332915408440199e-10 1.034902586194046733e-04 -0.000000000000000000e+00
8.292966527845471821e-10 1.034902222506413935e-04 -0.000000000000000000e+00
1.091918968672622704e-09 1.034901701854360292e-04 -0.000000000000000000e+00
1.455695175300727675e-09 1.034900944392786495e-04 -0.000000000000000000e+00
1.967280051972103911e-09 1.034899822888053474e-04 -0.000000000000000000e+00
2.698695834152775098e-09 1.034898130179210101e-04 -0.000000000000000000e+00
3.763412542906905072e-09 1.034895520958980901e-04 -0.000000000000000000e+00
5.344201311198958651e-09 1.034891404702684853e-04 -0.000000000000000000e+00
7.742635303765286241e-09 1.034884742774536777e-04 -0.000000000000000000e+00
1.146952892357864094e-08 1.034873651231686995e-04 -0.000000000000000000e+00
1.741514490591734137e-08 1.034854595194422891e-04 -0.000000000000000000e+00
2.717980151143929620e-08 1.034820690592245894e-04 -0.000000000000000000e+00
4.373771384649678413e-08 1.034757971725968760e-04 -0.000000000000000000e+00
7.281613729053585018e-08 1.034636812185510055e-04 -0.000000000000000000e+00
1.258576242797108466e-07 1.034391250382248745e-04 -0.000000000000000000e+00
2.265714057603942462e-07 1.033866700181655315e-04 -0.000000000000000000e+00
4.256889671605661136e-07 1.032681477496373416e-04 -0.000000000000000000e+00
8.339310403925916358e-07 1.029846464206679585e-04 -0.000000000000000000e+00
1.690508255663068758e-06 1.022708322169966995e-04 -0.000000000000000000e+00
3.471917937478638741e-06 1.004151973240096913e-04 -0.000000000000000000e+00
6.899060357471809021e-06 9.565527757514958359e-05 -0.000000000000000000e+00
1.219810225707813305e-05 8.461560740936902025e-05 -0.000000000000000000e+00
1.705138893833241747e-05 6.439358058136907784e-05 -0.000000000000000000e+00
1.705138920716940261e-05 3.909677895283678267e-05 -0.000000000000000000e+00
1.219810306788705563e-05 1.887475212466221595e-05 -0.000000000000000000e+00
6.899061723317514431e-06 7.835081958530366021e-06 -0.000000000000000000e+00
3.471919880510188979e-06 3.075162209136767269e-06 -0.000000000000000000e+00
1.690510807718683187e-06 1.219527315427993906e-06 -0.000000000000000000e+00
8.339342438691368969e-07 5.057131108371853410e-07 -0.000000000000000000e+00
4.256928761314874646e-07 2.222117807386478033e-07 -0.000000000000000000e+00
2.265760875552591621e-07 1.036895108567349487e-07 -0.000000000000000000e+00
1.258631613699421379e-07 5.123448920114267175e-08 -0.000000000000000000e+00
7.282262975561548096e-08 2.667830701465558010e-08 -0.000000000000000000e+00
4.374528239995734030e-08 1.456235081882393839e-08 -0.000000000000000000e+00
2.718859127224449376e-08 8.290461721579385306e-09 -0.000000000000000000e+00
1.742533013824573443e-08 4.899998679797355586e-09 -0.000000000000000000e+00
1.148131891162447117e-08 2.994391733565401237e-09 -0.000000000000000000e+00
7.756281672005569927e-09 1.885233785626963530e-09 -0.000000000000000000e+00
5.360007270890792477e-09 1.219036809189413476e-09 -0.000000000000000000e+00
3.781744409308777907e-09 8.074064547560719167e-10 -0.000000000000000000e+00
2.719997696188851982e-09 5.464790688838690200e-10 -0.000000000000000000e+00
1.992092328356231373e-09 3.772020959628844787e-10 -0.000000000000000000e+00
1.484678355202170074e-09 2.650447067432300126e-10 -0.000000000000000000e+00
1.125884096931123436e-09 1.892906871992237256e-10 -0.000000000000000000e+00
8.692446961983432912e-10 1.372165342251402047e-10 -0.000000000000000000e+00
6.842064537920313264e-10 1.008375749824943639e-10 -0.000000000000000000e+00
5.503957900459741234e-10 7.504271344402464860e-11 -0.000000000000000000e+00
4.540949062348856969e-10 5.649991192313956622e-11 -0.000000000000000000e+00
3.860413362296995140e-10 4.299990764788428863e-11 -0.000000000000000000e+00
3.400410084144626294e-10 3.305474284773009462e-11 -0.000000000000000000e+00
3.120955305701794525e-10 2.564756567499466964e-11 -0.000000000000000000e+00
2.998672538194891818e-10 2.007398473269243432e-11 -0.000000000000000000e+00
3.023795725603786554e-10 1.583984092072150341e-11 -0.000000000000000000e+00
3.198982550093112967e-10 1.259433406378633617e-11 -0.000000000000000000e+00
3.539727943921603998e-10 1.008565623355133168e-11 -0.000000000000000000e+00
4.076473183639107679e-10 8.131165397765412920e-12 -0.000000000000000000e+00
4.858816018721999369e-10 6.597083611546577068e-12 -0.000000000000000000e+00
5.962666397933690150e-10 5.384515885260330752e-12 -0.000000000000000000e+00
7.501844283096209263e-10 4.419715292794159665e-12 -0.000000000000000000e+00
9.646715842514926057e-10 3.647233878432833687e-12 -0.000000000000000000e+00
1.265436272135292363e-09 3.025056327182594337e-12 -0.000000000000000000e+00
1.691820042414604550e-09 2.521110096238094459e-12 -0.000000000000000000e+00
2.305129755929310250e-09 2.110740506788605287e-12 -0.000000000000000000e+00
3.202975741137641849e-09 1.774868629356570155e-12 -0.000000000000000000e+00
4.544642514852958171e-09 1.498636587326170915e-12 -0.000000000000000000e+00
6.597409414103596622e-09 1.270403740741960388e-12 -0.000000000000000000e+00
9.824150252661843959e-09 1.080997486708931498e-12 -0.000000000000000000e+00
1.505571081238110019e-08 9.231502353703523213e-13 -0.000000000000000000e+00
2.384577196794119992e-08 7.910735105412652778e-13 -0.000000000000000000e+00
3.924016406208331824e-08 6.801337510230121842e-13 -0.000000000000000000e+00
6.754761915839170491e-08 5.866040422711333979e-13 -0.000000000000000000e+00
1.227119846745468260e-07 5.074728994764192246e-13 -0.000000000000000000e+00
2.380480843988262859e-07 4.402961787827691531e-13 -0.000000000000000000e+00
5.010959353473266326e-07 3.830817821180067395e-13 -0.000000000000000000e+00
1.170948357345051003e-06 3.341994375258986778e-13 -0.000000000000000000e+00
3.141586714297521594e-06 2.923097567577521307e-13 -0.000000000000000000e+00
1.020273824247691362e-05 2.563081894034266598e-13 -0.000000000000000000e+00
4.385300017412196267e-05 2.252805457117615500e-13 -0.000000000000000000e+00
1.590901216107717150e-04 1.984675467684619079e-13 -0.000000000000000000e+00
1.315235640030499187e-04 1.752364514962619270e-13 -0.000000000000000000e+00
1.311588493051319532e-04 1.550582560859047651e-13 -0.000000000000000000e+00
