2.799851237964776779e-02 -1.537111693368207490e-08 2.977063301637367648e-18
4.131128287780939240e-03 -2.262406119882898451e-09 -1.909246050585001136e-18
2.967597374707586777e-04 -5.637165485111426535e-09 -6.817360926898045825e-18
2.365361015518908927e-04 -3.719823114309649953e-09 -4.089681965141028748e-18
1.193103325973637885e-04 -4.010473396184580988e-09 4.279809262192788085e-18
8.746240638035987502e-05 -3.593770639702705959e-09 4.595711408420424055e-18
6.294589799775776595e-05 -3.515642907566672874e-09 7.520871243779573257e-18
4.685893185584627529e-05 -3.368217141521155218e-09 -6.687749675237603046e-19
3.466269649404080111e-05 -3.287695993941330593e-09 5.121984124413262000e-19
2.501662838189783189e-05 -3.216485431138588508e-09 -2.072108038128842935e-18
1.693544832109469822e-05 -3.169761940050114717e-09 3.562393510095751449e-18
9.815803016850754847e-06 -3.138500426961849073e-09 5.093245891606344550e-19
3.216847260349015025e-06 -3.123576838489546765e-09 -6.941406735694452834e-20
-3.216847260227584382e-06 -3.123576844573904780e-09 -2.008973078007001289e-18
-9.815803016934021574e-06 -3.138500449066771118e-09 -2.599470985966579936e-18
-1.693544832118143439e-05 -3.169761941636502788e-09 -2.345765781058097131e-18
-2.501662838167925673e-05 -3.216485418240996077e-09 -4.806248420824544765e-18
-3.466269649409978171e-05 -3.287695987242944828e-09 -3.951604239871869991e-18
-4.685893185600586985e-05 -3.368217140655341962e-09 -2.245806906823263998e-18
-6.294589799768837701e-05 -3.515642900039527823e-09 -1.983260375302620565e-18
-8.746240638033211945e-05 -3.593770639729744839e-09 3.967543655717717832e-18
-1.193103325971833772e-04 -4.010473420620842933e-09 3.000727647666675446e-18
-2.365361015518770149e-04 -3.719823101345173766e-09 -2.049098046480401324e-18
-2.967597374706927582e-04 -5.637165494293913020e-09 1.059340053522193217e-18
-4.131128287781331287e-03 -2.262406108108456406e-09 2.447789752000369238e-18
-2.799851237964763942e-02 -1.537111694214443697e-08 3.183237278392066996e-18
-2.797605558707965193e-02 -5.448796960659641146e-11 -3.309106706521371685e-18
-4.141694734802085082e-03 -1.036217241890009213e-11 6.939375077864825441e-18
-2.996428714445407981e-04 -2.109100998843495826e-11 -2.344371721885320840e-18
-2.427746658324632378e-04 -1.531140378010503898e-11 -5.025970473668382874e-18
-1.260014425999017584e-04 -1.625992033128782214e-11 -4.566237842193157948e-18
-9.540944976142717859e-05 -1.511756882744046382e-11 -5.115317103213428612e-19
-7.207227794842410717e-05 -1.496571290929153051e-11 -1.108768643650215404e-17
-5.733840407318169241e-05 -1.460886090535215596e-11 5.255901714665595214e-18
-4.665305362408153633e-05 -1.443897990970699021e-11 2.793215685905517823e-18
-3.873007695731275901e-05 -1.428681975042041229e-11 1.341382451194579292e-17
-3.263423265372975002e-05 -1.419445840394034590e-11 -1.432576443788295461e-17
-2.783034036767800812e-05 -1.413256288553887651e-11 5.305487022443461178e-19
-2.396622616386914761e-05 -1.410065004484345999e-11 -4.071649634065382878e-18
-2.080635135555744530e-05 -1.408966190723823289e-11 1.660918410783757030e-18
-1.818655588899445452e-05 -1.409475800667324735e-11 7.303826517663889661e-18
-1.598925151871655181e-05 -1.411029897767777022e-11 -5.135132605336245435e-18
-1.412805865302207975e-05 -1.413113282490218367e-11 2.912534924899882882e-18
-1.253815552447468118e-05 -1.415194712567372210e-11 3.364119534405659347e-18
-1.116998361441745580e-05 -1.416736093808365353e-11 9.124085971799827847e-18
-9.985030955755869186e-06 -1.417137693839058109e-11 2.303777160851501593e-18
-8.952936713279430192e-06 -1.415776835867759519e-11 6.889027580838781409e-18
-8.049459062089980854e-06 -1.411943522257684380e-11 -1.375912786765973585e-17
-7.255020905878872828e-06 -1.404860360176621256e-11 -6.913052642233186516e-18
-6.553650677542516290e-06 -1.393652891382717895e-11 5.382451353417972141e-18
-5.932198630896612368e-06 -1.377336436382163861e-11 -4.579098615954326768e-18
-5.379748540024903436e-06 -1.354797212759970517e-11 2.358567803632226525e-18
-4.887170279781888338e-06 -1.324770495137474935e-11 8.395970339344113652e-18
-4.446775489917037527e-06 -1.285823394147247035e-11 7.190644515009624021e-18
-4.052049595189982645e-06 -1.236329865446775684e-11 2.494595680823137194e-17
-3.697441214520202912e-06 -1.174443666820327591e-11 7.168494566162177442e-18
-3.378195055626226351e-06 -1.098064950056757573e-11 -5.205502036662397952e-18
-3.090218191791754831e-06 -1.004801842271758506e-11 4.310937114339665463e-19
-2.829972242632955437e-06 -8.919607315550784938e-12 -1.418822401924449324e-17
-2.594385715232183642e-06 -7.564669971415370308e-12 -1.156971208795793361e-17
-2.380782323070651518e-06 -5.948410077261062801e-12 -1.074739633962406768e-17
-2.186821934275356982e-06 -4.031566678530696100e-12 -6.139032459737133124e-18
-2.010451664435225494e-06 -1.769504631036762421e-12 1.935918211998275514e-17
-1.849865149648050044e-06 8.878881793402064987e-13 -1.023925754166205922e-17
-1.703468412068281923e-06 3.997365158351045815e-12 -4.316475886041881899e-19
-1.569851162015745150e-06 7.622748708128621954e-12 8.272710749290639601e-18
-1.447762530887297672e-06 1.183565732391121155e-11 -9.447369711610963839e-18
-1.336090448101484585e-06 1.671668033707942552e-11 5.040157583784649717e-18
-1.233844085461038853e-06 2.235583131736799630e-11 2.559955594778900259e-18
-1.140138808978369278e-06 2.885384570196886053e-11 8.598797012390216805e-18
-1.054183276456843732e-06 3.632292390649022217e-11 -7.235759007919451313e-18
-9.752682934467682419e-07 4.488770218408492660e-11 -5.567001232699193628e-18
-9.027571849368198897e-07 5.468640415105435890e-11 1.670224564483632950e-18
-8.360774603199949695e-07 6.587157321461707430e-11 3.142929610665918980e-18
-7.747135302577090599e-07 7.861101082914408274e-11 -3.466448615776161292e-18
-7.182003887822030475e-07 9.308856002132340527e-11 -8.135207064917367731e-18
-6.661180674237543453e-07 1.095044797709842790e-10 -3.538549916720369022e-18
-6.180867624730468357e-07 1.280759511230817164e-10 -6.628836252289054931e-18
-5.737625897034304145e-07 1.490367283648840067e-10 6.799796447724471186e-18
-5.328338001549248748e-07 1.726367339538311463e-10 9.102464503656008509e-18
-4.950174761729486672e-07 1.991408798269813074e-10 -1.884544488414646484e-17
-4.600565908612075372e-07 2.288270108334868752e-10 -9.275707781535447641e-18
-4.277173910674503254e-07 2.619830413086059911e-10 1.047016051139719117e-17
-3.977870929906812680e-07 2.989031629505601581e-10 -9.245747916086926971e-18
-3.700718271201774989e-07 3.398820191080670394e-10 7.449019328100768359e-18
-3.443947908382538614e-07 3.852084019832179031e-10 -1.017497292654305309e-17
-3.205946083745248032e-07 4.351560762083822118e-10 -7.522143618762763307e-18
-2.985238529359945936e-07 4.899734032107268416e-10 2.050806654953388403e-17
-2.780477212707688217e-07 5.498706465395237028e-10 1.763250888796764692e-17
-2.590428535738376059e-07 6.150051334464229458e-10 1.069279305781884454e-17
-2.413962410970083017e-07 6.854640122649322951e-10 2.212413619467122246e-17
-2.250042538502750045e-07 7.612455363862738457e-10 1.327221457708516653e-17
-2.097717478159732973e-07 8.422381953236216995e-10 1.198249013992052479e-17
-1.956112535006493403e-07 9.281988954403077224e-10 1.892772333105195709e-18
-1.824422416821236403e-07 1.018731002722361995e-09 -2.579867114176452465e-17
-1.701904300370482570e-07 1.113263026589067798e-09 -8.106495512595067851e-18
-1.587871655411854377e-07 1.211029567228793628e-09 -1.616579469164612821e-17
-1.481688305278450191e-07 1.311056258806908295e-09 -1.326078253249139923e-17
-1.382763223228833382e-07 1.412150668380300347e-09 5.207843921146997945e-18
-1.290545632859352310e-07 1.512901094067842759e-09 3.607158644286448057e-18
-1.204520485437177157e-07 1.611685762808352189e-09 -4.890684133332544332e-18
-1.124204445056287138e-07 1.706694178027934041e-09 -1.798425162187119413e-17
-1.049142158530969038e-07 1.795962118105836637e-09 -9.676400681397465963e-18
-9.789031537449366382e-08 1.877422347855260300e-09 5.566752726547068092e-18
-9.130791538136673324e-08 1.948968593774305884e-09 -4.599758318987568597e-18
-8.512817788186577417e-08 2.008535180522985984e-09 -2.150318012013976131e-17
-7.931408425865260625e-08 2.054187373782275478e-09 6.804485026149846036e-18
-7.383030617078012448e-08 2.084218691271811100e-09 2.573006240083267977e-17
-6.864313622373385826e-08 2.097252450907619715e-09 4.330920137765275718e-18
-6.372046854399848748e-08 2.092338547711149252e-09 2.020694165518061936e-18
-5.903180725491674607e-08 2.069040541938253797e-09 -1.004050737985751031e-17
-5.454832488829830517e-08 2.027505812043175311e-09 8.722943390771036857e-18
-5.024293114191946685e-08 1.968512127704966334e-09 -3.993798116322335749e-18
-4.609037797254078583e-08 1.893485954289402343e-09 9.568824647546176222e-18
-4.206736317624582000e-08 1.804488343515718080e-09 -4.472661037250657386e-18
-3.815261992792806645e-08 1.704168283054568838e-09 -1.420635886413466362e-17
-3.432699327218791119e-08 1.595683202267157924e-09 -2.566278176854108431e-18
-3.057347989707248637e-08 1.482590674745855947e-09 7.381731853136284193e-18
-2.687724066918750765e-08 1.368716581602493558e-09 2.087505560487677100e-17
-2.322556645270590359e-08 1.258006236131000082e-09 1.907655237676075814e-17
-1.960778319223810406e-08 1.154365840221070732e-09 2.007313361945568127e-17
-1.601510612320167226e-08 1.061503813986546007e-09 -2.982830445492415077e-17
-1.244045723380882151e-08 9.827781107085974982e-10 -2.108193356562075047e-18
-8.878227063247035034e-09 9.210575027132869823e-10 -3.598680488580454398e-18
-5.323989204358836602e-09 8.786038914140201809e-10 -1.110369204951809608e-17
-1.774190173248202385e-09 8.569784891820196690e-10 -6.275079626230902618e-18
1.774189347519827820e-09 8.569785230506537785e-10 5.656039265765887751e-18
5.323989703959197684e-09 8.786038374722679725e-10 -1.370074114467314710e-18
8.878227680808592481e-09 9.210575571615160895e-10 -4.943214335904641067e-18
1.244045788259540153e-08 9.827780904055999100e-10 -2.104106755876735269e-18
1.601510513787873791e-08 1.061503820523878465e-09 5.858961368750238276e-18
1.960778286611009058e-08 1.154365819694064363e-09 4.841269437205935529e-18
2.322556817702103871e-08 1.258006233122798966e-09 5.785325105319773743e-18
2.687723925018370430e-08 1.368716615397060054e-09 -9.643320086948458136e-18
3.057347822132960857e-08 1.482590691725703400e-09 -9.651154800794727551e-18
3.432699420893858822e-08 1.595683175415601383e-09 6.474103174396557346e-19
3.815262125672624904e-08 1.704168273382620560e-09 1.391723772569907188e-17
4.206736442524672270e-08 1.804488336550622403e-09 5.934417595839704878e-18
4.609037622047007510e-08 1.893485962354300819e-09 -7.541550377128254422e-19
5.024292957719889152e-08 1.968512162595057451e-09 1.337172426672879735e-17
5.454832580076285353e-08 2.027505785517058092e-09 1.036623963086962017e-17
5.903180857677603477e-08 2.069040543737325307e-09 -5.739294618835044017e-19
6.372046971320211028e-08 2.092338528984398915e-09 -2.686862605911570945e-17
6.864313433635471640e-08 2.097252486157074486e-09 -2.119892902329557889e-17
7.383030416197033929e-08 2.084218676393234013e-09 -2.148727441607594078e-18
7.931408564296194008e-08 2.054187346511599755e-09 2.425101907506351691e-18
8.512817905453884393e-08 2.008535232736154879e-09 8.114325831904316430e-18
9.130791663383708290e-08 1.948968561923359055e-09 1.699983893147410804e-17
9.789031354262567319e-08 1.877422326342451509e-09 1.996884387682315497e-17
1.049142142398040711e-07 1.795962163381435117e-09 9.790550635166393066e-18
1.124204455013599890e-07 1.706694168959789560e-09 -3.068630310035175675e-17
1.204520499800687539e-07 1.611685725377162230e-09 -2.187217948381673714e-17
1.290545641081941586e-07 1.512901126217646634e-09 1.557604841663879977e-17
1.382763207651016568e-07 1.412150642634683457e-09 7.009339671203900084e-18
1.481688289943494663e-07 1.311056266929818602e-09 -2.288763548392878198e-17
1.587871662767081915e-07 1.211029552006747989e-09 -5.001327206018492256e-18
1.701904315774827037e-07 1.113263063936214966e-09 5.115885607075767360e-17
1.824422422511129405e-07 1.018730965746225184e-09 -1.272959526030178700e-18
1.956112521926678394e-07 9.281989262267781544e-10 -4.296307758187932465e-17
2.097717461228831848e-07 8.422381656696926342e-10 -6.947837441656154356e-18
2.250042549049868779e-07 7.612455604408040353e-10 9.801963845018075221e-18
2.413962418533477372e-07 6.854640044328624143e-10 3.800104250099757154e-18
2.590428549512080458e-07 6.150050885046611202e-10 3.616110950824904926e-17
2.780477198587039123e-07 5.498706897316703199e-10 -2.994004834754849892e-17
2.985238508300402938e-07 4.899734157581982239e-10 -1.125259428801929754e-17
3.205946099982259767e-07 4.351560816925388014e-10 1.178217104802035365e-17
3.443947917715350915e-07 3.852084008080312399e-10 3.538967681167676393e-17
3.700718286120396883e-07 3.398820462381812018e-10 -3.309522071005458402e-17
3.977870911241188079e-07 2.989031139197176215e-10 -3.161767094523726787e-17
4.277173891592545019e-07 2.619830640914720306e-10 1.159887526833254437e-17
4.600565921449029094e-07 2.288269883807490317e-10 1.949707103562189043e-17
4.950174775433802132e-07 1.991409015815102647e-10 -1.480531027977463746e-18
5.328338004047250553e-07 1.726367076188681291e-10 -2.247713120556809605e-17
5.737625873129814646e-07 1.490367508021302049e-10 2.243434919927879405e-17
6.180867628373387657e-07 1.280759456903536338e-10 1.714841700047418837e-17
6.661180679476408351e-07 1.095044964084939373e-10 -2.153890263879221364e-17
7.182003900103872684e-07 9.308853700805571870e-11 -3.287476734633553692e-18
7.747135304728147709e-07 7.861099413839604624e-11 3.104347939116738104e-17
8.360774582348573514e-07 6.587158613026520313e-11 -2.314805178348061361e-17
9.027571854364202508e-07 5.468643296319107967e-11 2.089355431336443628e-18
9.752682938075907249e-07 4.488768459851275578e-11 -7.292523085615859672e-18
1.054183277188897039e-06 3.632292130918590535e-11 -6.835775058395040370e-18
1.140138809793689312e-06 2.885384719927599107e-11 1.729116242019532401e-17
1.233844082980384282e-06 2.235583078956596771e-11 -7.111144276089826675e-18
1.336090448431082045e-06 1.671668665370127783e-11 -4.224229586574840114e-18
1.447762531713026046e-06 1.183565875458356707e-11 1.553823517505427393e-17
1.569851162157992475e-06 7.622759099089585964e-12 -8.973359394985264048e-18
1.703468412370123808e-06 3.997369785690175509e-12 -6.434097897167786835e-18
1.849865148510071444e-06 8.878620202802485594e-13 1.784133281009133440e-17
2.010451664723189591e-06 -1.769491680072570928e-12 -1.170859828291024075e-17
2.186821934684751723e-06 -4.031555038632679458e-12 -1.779907431746125701e-17
2.380782323601476902e-06 -5.948468720948375724e-12 2.433122906419426962e-19
2.594385715697089534e-06 -7.564675595053739755e-12 1.350601689268338536e-17
2.829972240332712108e-06 -8.919556729821799106e-12 6.006969195524711448e-18
3.090218192385030260e-06 -1.004803613452051589e-11 -6.866082198517978022e-20
3.378195056441546384e-06 -1.098064485654948636e-11 -6.270922167961024845e-18
3.697441215186336727e-06 -1.174440021462665030e-11 6.978584845668785915e-18
4.052049595203860433e-06 -1.236333967779116540e-11 -6.322403641931587698e-18
4.446775487360055124e-06 -1.285819536261501004e-11 -2.862313812775465831e-18
4.887170281429875640e-06 -1.324766004113036620e-11 9.945886576612180495e-18
5.379748540569606607e-06 -1.354800560018966350e-11 -4.451175892125526879e-18
5.932198630608648271e-06 -1.377337088248783561e-11 -9.627953333917802847e-18
6.553650677972727712e-06 -1.393650031639273419e-11 9.713555680247766383e-18
7.255020904546605198e-06 -1.404864413863659359e-11 -1.643502759036373131e-18
8.049459062738767434e-06 -1.411943234389039461e-11 -1.108563945307284157e-18
8.952936714042708521e-06 -1.415775808197064309e-11 5.124824857677172909e-18
9.985030955013407539e-06 -1.417137577152163255e-11 7.893520888650304312e-18
1.116998361548604546e-05 -1.416736031723636884e-11 -1.542957014212084089e-17
1.253815552197320993e-05 -1.415198940903163838e-11 -3.712237378279320424e-19
1.412805865421556950e-05 -1.413113112932218675e-11 1.073235126668515339e-18
1.598925152095781455e-05 -1.411030923489133230e-11 1.900314199480604016e-18
1.818655588670461953e-05 -1.409473586861569182e-11 2.260272216720746202e-17
2.080635135626868193e-05 -1.408967510668029427e-11 -1.128910907567690394e-17
2.396622616168686548e-05 -1.410064886761572864e-11 -1.854293415553019109e-17
2.783034037025580720e-05 -1.413254112213675280e-11 6.096568684239261312e-18
3.263423265474282853e-05 -1.419444369168883288e-11 6.024495343940286983e-18
3.873007695428393182e-05 -1.428685960974071708e-11 -5.070560574408750054e-18
4.665305362490379526e-05 -1.443895400992436544e-11 4.784803369811186354e-18
5.733840407396231797e-05 -1.460884644919377019e-11 1.203642491293912753e-17
7.207227794833737100e-05 -1.496573522033625602e-11 -1.326528639135879514e-17
9.540944976217657914e-05 -1.511755442992715430e-11 4.530033452994122500e-18
1.260014425981254016e-04 -1.625994998869503970e-11 -1.485699639333709988e-17
2.427746658330912077e-04 -1.531141476907859206e-11 1.570562597014270275e-17
2.996428714448426400e-04 -2.109097574413332272e-11 -1.684364225949287331e-17
4.141694734802008754e-03 -1.036226420056666912e-11 5.137405899840183095e-18
2.797605558707967274e-02 -5.448789147013722734e-11 4.497866585787865344e-18
