-1.904744098701394055e-26 -4.494774505066538086e-10 -0.000000000000000000e+00
-1.311588468178297054e-04 1.424088008811424060e-15 -0.000000000000000000e+00
-1.315235612402858886e-04 1.531292040051205659e-15 -0.000000000000000000e+00
-1.590901185363815802e-04 1.647534419909697676e-15 -0.000000000000000000e+00
-4.385299674644877832e-05 1.773657318336189800e-15 -0.000000000000000000e+00
-1.020273441336903188e-05 1.910588670712065289e-15 -0.000000000000000000e+00
-3.141582427991296224e-06 2.059351632390247683e-15 -0.000000000000000000e+00
-1.170943549053391013e-06 2.221075151695963263e-15 -0.000000000000000000e+00
-5.010905295686934827e-07 2.397005802229359810e-15 -0.000000000000000000e+00
-2.380419929339089137e-07 2.588521034038537034e-15 -0.000000000000000000e+00
-1.227051041797583306e-07 2.797144024567152016e-15 -0.000000000000000000e+00
-6.753982809601753009e-08 3.024560334600926237e-15 -0.000000000000000000e+00
-3.923131910541262310e-08 3.272636602174267189e-15 -0.000000000000000000e+00
-2.383570338746662280e-08 3.543441539048595850e-15 -0.000000000000000000e+00
-1.504421707751654303e-08 3.839269530507986832e-15 -0.000000000000000000e+00
-9.810990994264144095e-09 4.162667180490183147e-15 -0.000000000000000000e+00
-6.582296963586012426e-09 4.516463191233213086e-15 -0.000000000000000000e+00
-4.527231023835378713e-09 4.903802020534530729e-15 -0.000000000000000000e+00
-3.182847801204922717e-09 5.328181821379173608e-15 -0.000000000000000000e+00
-2.281779242445815368e-09 5.793497239235715735e-15 -0.000000000000000000e+00
-1.664630414563670662e-09 6.304087723045212799e-15 -0.000000000000000000e+00
-1.233652755883474952e-09 6.864792098335801370e-15 -0.000000000000000000e+00
-9.273653672982138035e-10 7.481010256694817568e-15 -0.000000000000000000e+00
-7.062063984208378415e-10 8.158772936982215869e-15 -0.000000000000000000e+00
-5.441868909857653642e-10 8.904820712412401413e-15 -0.000000000000000000e+00
-4.239101413157984135e-10 9.726693456526088951e-15 -0.000000000000000000e+00
-3.335289674443353840e-10 1.063283174303213612e-14 -0.000000000000000000e+00
-2.648472496815112409e-10 1.163269184284233503e-14 -0.000000000000000000e+00
-2.121116870106120063e-10 1.273687622011359310e-14 -0.000000000000000000e+00
-1.712292200241609910e-10 1.395728170201714096e-14 -0.000000000000000000e+00
-1.392514327086699906e-10 1.530726780909134381e-14 -0.000000000000000000e+00
-1.140297705603066359e-10 1.680184808981141670e-14 -0.000000000000000000e+00
-9.398162845172116534e-11 1.845790771050027726e-14 -0.000000000000000000e+00
-7.792943059649457357e-11 2.029445101665701069e-14 -0.000000000000000000e+00
-6.498875737059061433e-11 2.233288331167456980e-14 -0.000000000000000000e+00
-5.448937608778229272e-11 2.459733170197437820e-14 -0.000000000000000000e+00
-4.591922610598689799e-11 2.711501054273107225e-14 -0.000000000000000000e+00
-3.888396531465661665e-11 2.991663779521140578e-14 -0.000000000000000000e+00
-3.307769965348401901e-11 3.303690948546969482e-14 -0.000000000000000000e+00
-2.826145955819240200e-11 3.651504044526858913e-14 -0.000000000000000000e+00
-2.424733089804727290e-11 4.039538063026703609e-14 -0.000000000000000000e+00
-2.088661898091047601e-11 4.472811755799626214e-14 -0.000000000000000000e+00
-1.806100060593652604e-11 4.957007679825802081e-14 -0.000000000000000000e+00
-1.567574462741433286e-11 5.498563398877771972e-14 -0.000000000000000000e+00
-1.365465546519211717e-11 6.104775354367952474e-14 -0.000000000000000000e+00
-1.193608070499159775e-11 6.783917107141715122e-14 -0.000000000000000000e+00
-1.046992318086422798e-11 7.545373851522110463e-14 -0.000000000000000000e+00
-9.215307095812992868e-12 8.399795315636533712e-14 -0.000000000000000000e+00
-8.138736224837860034e-12 9.359269384882537467e-14 -0.000000000000000000e+00
-7.212623830454947769e-12 1.043751901354930963e-13 -0.000000000000000000e+00
-6.414184585881005049e-12 1.165012521594732026e-13 -0.000000000000000000e+00
-5.724509040692756878e-12 1.301477914261182060e-13 -0.000000000000000000e+00
-5.127905064461435553e-12 1.455156643487483562e-13 -0.000000000000000000e+00
-4.611267662577457976e-12 1.628328719276291551e-13 -0.000000000000000000e+00
-4.163658926871675302e-12 1.823581496059646441e-13 -0.000000000000000000e+00
-3.775850693096035075e-12 2.043849809742343530e-13 -0.000000000000000000e+00
-3.440141839662777380e-12 2.292460671092085558e-13 -0.000000000000000000e+00
-3.150047102343721586e-12 2.573182793671356091e-13 -0.000000000000000000e+00
-2.900117595328234345e-12 2.890281166849482514e-13 -0.000000000000000000e+00
-2.685759347838223737e-12 3.248576779891967886e-13 -0.000000000000000000e+00
-2.503049334900107462e-12 3.653511450825674763e-13 -0.000000000000000000e+00
-2.348729650898028985e-12 4.111217500660310854e-13 -0.000000000000000000e+00
-2.220051663570213554e-12 4.628591724220903458e-13 -0.000000000000000000e+00
-2.114736433262309190e-12 5.213372725599221255e-13 -0.000000000000000000e+00
-2.030812648297654042e-12 5.874220189260014457e-13 -0.000000000000000000e+00
-1.966637139122453533e-12 6.620794025820614467e-13 -0.000000000000000000e+00
-1.920807933976270561e-12 7.463830542710614062e-13 -0.000000000000000000e+00
-1.892179121765827628e-12 8.415211823903734958e-13 -0.000000000000000000e+00
-1.879771537061061793e-12 9.488023343339499410e-13 -0.000000000000000000e+00
-1.882684757857856883e-12 1.069659347508212449e-12 -0.000000000000000000e+00
-1.900119170218990283e-12 1.205650700449949112e-12 -0.000000000000000000e+00
-1.931303059806088235e-12 1.358458301377704931e-12 -0.000000000000000000e+00
-1.975521510953559301e-12 1.529880566577685847e-12 -0.000000000000000000e+00
-2.032001216747545100e-12 1.721819453566946501e-12 -0.000000000000000000e+00
-2.099876093581449128e-12 1.936259938359574786e-12 -0.000000000000000000e+00
-2.178120373659215177e-12 2.175240282974577761e-12 -0.000000000000000000e+00
-2.265559304934412952e-12 2.440811356368198124e-12 -0.000000000000000000e+00
-2.360820164187016810e-12 2.734983284819535366e-12 -0.000000000000000000e+00
-2.462261879534748636e-12 3.059657859540784268e-12 -0.000000000000000000e+00
-2.567905858226686955e-12 3.416545469001171724e-12 -0.000000000000000000e+00
-2.675407570484470736e-12 3.807065902845487887e-12 -0.000000000000000000e+00
-2.782059807306188121e-12 4.232233241919387595e-12 -0.000000000000000000e+00
-2.884792449183301791e-12 4.692526241678240582e-12 -0.000000000000000000e+00
-2.980153730762591813e-12 5.187747147966476180e-12 -0.000000000000000000e+00
-3.064286420347687049e-12 5.716873731753815584e-12 -0.000000000000000000e+00
-3.133024632936852662e-12 6.277911418186774484e-12 -0.000000000000000000e+00
-3.181972451414993636e-12 6.867754575499265608e-12 -0.000000000000000000e+00
-3.206662544370442858e-12 7.482068107743994979e-12 -0.000000000000000000e+00
-3.202663925997109532e-12 8.115202176462570472e-12 -0.000000000000000000e+00
-3.165739185958579760e-12 8.760153817815453092e-12 -0.000000000000000000e+00
-3.092068633331609693e-12 9.408589057187572126e-12 -0.000000000000000000e+00
-2.978500661409092418e-12 1.005093751565242062e-11 -0.000000000000000000e+00
-2.822806875375728596e-12 1.067656821246566533e-11 -0.000000000000000000e+00
-2.623836086510869317e-12 1.127405022971594220e-11 -0.000000000000000000e+00
-2.381718960991673998e-12 1.183149529780789215e-11 -0.000000000000000000e+00
-2.098009313932767567e-12 1.233697164945201973e-11 -0.000000000000000000e+00
-1.775745446680869312e-12 1.277897042730839236e-11 -0.000000000000000000e+00
-1.419477217201658990e-12 1.314689849395720894e-11 -0.000000000000000000e+00
-1.035108709839065470e-12 1.343156576252148839e-11 -0.000000000000000000e+00
-6.297341741815954288e-13 1.362563215167726823e-11 -0.000000000000000000e+00
-2.113719569973946455e-13 1.372397971553009838e-11 -0.000000000000000000e+00
2.113796083060625053e-13 1.372397971553009838e-11 -0.000000000000000000e+00
6.297308648600665243e-13 1.362563215167726823e-11 -0.000000000000000000e+00
1.035100732056568265e-12 1.343156576252148839e-11 -0.000000000000000000e+00
1.419475480095683937e-12 1.314689849395719116e-11 -0.000000000000000000e+00
1.775743381498526776e-12 1.277897042730837459e-11 -0.000000000000000000e+00
2.098007974948010311e-12 1.233697164945200358e-11 -0.000000000000000000e+00
2.381723954125475590e-12 1.183149529780789215e-11 -0.000000000000000000e+00
2.623845230793949081e-12 1.127405022971590827e-11 -0.000000000000000000e+00
2.822816320216991465e-12 1.067656821246563625e-11 -0.000000000000000000e+00
2.978494085816921815e-12 1.005093751565241254e-11 -0.000000000000000000e+00
3.092052623066474040e-12 9.408589057187560817e-12 -0.000000000000000000e+00
3.165731765928544378e-12 8.760153817815445014e-12 -0.000000000000000000e+00
3.202678310914986718e-12 8.115202176462547854e-12 -0.000000000000000000e+00
3.206676947805634915e-12 7.482068107743962667e-12 -0.000000000000000000e+00
3.181965189269019111e-12 6.867754575499254299e-12 -0.000000000000000000e+00
3.133009726298607766e-12 6.277911418186758328e-12 -0.000000000000000000e+00
3.064281988466957456e-12 5.716873731753799428e-12 -0.000000000000000000e+00
2.980168975466056930e-12 5.187747147966449523e-12 -0.000000000000000000e+00
2.884807772690580424e-12 4.692526241678219579e-12 -0.000000000000000000e+00
2.782051443775059443e-12 4.232233241919377094e-12 -0.000000000000000000e+00
2.675390786046900970e-12 3.807065902845483040e-12 -0.000000000000000000e+00
2.567897030255143351e-12 3.416545469001159607e-12 -0.000000000000000000e+00
2.462278994690099157e-12 3.059657859540768920e-12 -0.000000000000000000e+00
2.360832712268887937e-12 2.734983284819517998e-12 -0.000000000000000000e+00
2.265554481820857350e-12 2.440811356368187623e-12 -0.000000000000000000e+00
2.178104629841880736e-12 2.175240282974572915e-12 -0.000000000000000000e+00
2.099869333786910266e-12 1.936259938359570343e-12 -0.000000000000000000e+00
2.032017877448951451e-12 1.721819453566939029e-12 -0.000000000000000000e+00
1.975533876337788117e-12 1.529880566577677163e-12 -0.000000000000000000e+00
1.931298092219148766e-12 1.358458301377700287e-12 -0.000000000000000000e+00
1.900100928382834764e-12 1.205650700449946487e-12 -0.000000000000000000e+00
1.882679671196943455e-12 1.069659347508210025e-12 -0.000000000000000000e+00
1.879782490014587981e-12 9.488023343339446904e-13 -0.000000000000000000e+00
1.892194195697992203e-12 8.415211823903679422e-13 -0.000000000000000000e+00
1.920802578288649514e-12 7.463830542710588819e-13 -0.000000000000000000e+00
1.966620505461099558e-12 6.620794025820595282e-13 -0.000000000000000000e+00
2.030811397259667667e-12 5.874220189259990223e-13 -0.000000000000000000e+00
2.114747018403311305e-12 5.213372725599191972e-13 -0.000000000000000000e+00
2.220070545644395025e-12 4.628591724220874175e-13 -0.000000000000000000e+00
2.348717135241325253e-12 4.111217500660302776e-13 -0.000000000000000000e+00
2.503034715402796068e-12 3.653511450825666180e-13 -0.000000000000000000e+00
2.685747328841373463e-12 3.248576779891963342e-13 -0.000000000000000000e+00
2.900135966833685150e-12 2.890281166849466359e-13 -0.000000000000000000e+00
3.150061949978100236e-12 2.573182793671341954e-13 -0.000000000000000000e+00
3.440136763784613178e-12 2.292460671092080005e-13 -0.000000000000000000e+00
3.775845043711347560e-12 2.043849809742338481e-13 -0.000000000000000000e+00
4.163648018824369719e-12 1.823581496059643664e-13 -0.000000000000000000e+00
4.611285985154617766e-12 1.628328719276283978e-13 -0.000000000000000000e+00
5.127905702265165091e-12 1.455156643487481290e-13 -0.000000000000000000e+00
5.724503425009443158e-12 1.301477914261178021e-13 -0.000000000000000000e+00
6.414171427352850969e-12 1.165012521594728239e-13 -0.000000000000000000e+00
7.212625408967428170e-12 1.043751901354927429e-13 -0.000000000000000000e+00
8.138746107857143474e-12 9.359269384882494553e-14 -0.000000000000000000e+00
9.215311964119284568e-12 8.399795315636505944e-14 -0.000000000000000000e+00
1.046991309551298334e-11 7.545373851522083957e-14 -0.000000000000000000e+00
1.193607500294430305e-11 6.783917107141694927e-14 -0.000000000000000000e+00
1.365465664563562948e-11 6.104775354367943639e-14 -0.000000000000000000e+00
1.567575855384688120e-11 5.498563398877746728e-14 -0.000000000000000000e+00
1.806100144776668496e-11 4.957007679825788829e-14 -0.000000000000000000e+00
2.088661655860097407e-11 4.472811755799619903e-14 -0.000000000000000000e+00
2.424732095768013598e-11 4.039538063026691618e-14 -0.000000000000000000e+00
2.826146113255031769e-11 3.651504044526855127e-14 -0.000000000000000000e+00
3.307770634327447185e-11 3.303690948546957491e-14 -0.000000000000000000e+00
3.888396691308993750e-11 2.991663779521133005e-14 -0.000000000000000000e+00
4.591921615681459469e-11 2.711501054273099336e-14 -0.000000000000000000e+00
5.448937365351432467e-11 2.459733170197431509e-14 -0.000000000000000000e+00
6.498875824689589372e-11 2.233288331167451300e-14 -0.000000000000000000e+00
7.792944403875492215e-11 2.029445101665690340e-14 -0.000000000000000000e+00
9.398162994179505378e-11 1.845790771050024886e-14 -0.000000000000000000e+00
1.140297615313359675e-10 1.680184808981139461e-14 -0.000000000000000000e+00
1.392514305347497986e-10 1.530726780909130278e-14 -0.000000000000000000e+00
1.712292200617516452e-10 1.395728170201710783e-14 -0.000000000000000000e+00
2.121117004116104275e-10 1.273687622011352841e-14 -0.000000000000000000e+00
2.648472433139061632e-10 1.163269184284232398e-14 -0.000000000000000000e+00
3.335289650753247478e-10 1.063283174303212350e-14 -0.000000000000000000e+00
4.239101299152546714e-10 9.726693456526063707e-15 -0.000000000000000000e+00
5.441868994439354886e-10 8.904820712412379325e-15 -0.000000000000000000e+00
7.062063988010875992e-10 8.158772936982190625e-15 -0.000000000000000000e+00
9.273653703046562304e-10 7.481010256694808101e-15 -0.000000000000000000e+00
1.233652745873123156e-09 6.864792098335793481e-15 -0.000000000000000000e+00
1.664630417864070848e-09 6.304087723045193867e-15 -0.000000000000000000e+00
2.281779250939097862e-09 5.793497239235695224e-15 -0.000000000000000000e+00
3.182847803037434244e-09 5.328181821379149942e-15 -0.000000000000000000e+00
4.527231022850833607e-09 4.903802020534514163e-15 -0.000000000000000000e+00
6.582296948106997340e-09 4.516463191233207564e-15 -0.000000000000000000e+00
9.810991005439276415e-09 4.162667180490164215e-15 -0.000000000000000000e+00
1.504421707743866233e-08 3.839269530507977366e-15 -0.000000000000000000e+00
2.383570339852108435e-08 3.543441539048584017e-15 -0.000000000000000000e+00
3.923131908917979253e-08 3.272636602174261273e-15 -0.000000000000000000e+00
6.753982810056101482e-08 3.024560334600920321e-15 -0.000000000000000000e+00
1.227051041800127052e-07 2.797144024567139394e-15 -0.000000000000000000e+00
2.380419929423258801e-07 2.588521034038528356e-15 -0.000000000000000000e+00
5.010905295657664545e-07 2.397005802229357049e-15 -0.000000000000000000e+00
1.170943549043354519e-06 2.221075151695957741e-15 -0.000000000000000000e+00
3.141582427992767097e-06 2.059351632390244922e-15 -0.000000000000000000e+00
1.020273441337562180e-05 1.910588670712059767e-15 -0.000000000000000000e+00
4.385299674644884608e-05 1.773657318336187236e-15 -0.000000000000000000e+00
1.590901185363831523e-04 1.647534419909695507e-15 -0.000000000000000000e+00
1.315235612402803050e-04 1.531292040051202701e-15 -0.000000000000000000e+00
1.311588468178304101e-04 1.424088008811421496e-15 -0.000000000000000000e+00
