1.311583027370425542e-04 -3.947643700076791486e-10 -0.000000000000000000e+00
1.315228551291390947e-04 -3.947665681548777891e-10 -0.000000000000000000e+00
1.590891912558701441e-04 -3.947685189465913797e-10 -0.000000000000000000e+00
4.385176316857974092e-05 -3.947702367035326509e-10 -0.000000000000000000e+00
1.020106984821322142e-05 -3.947717339341045209e-10 -0.000000000000000000e+00
3.139300704691137982e-06 -3.947730214612027478e-10 -0.000000000000000000e+00
1.167760748149666046e-06 -3.947741085311042794e-10 -0.000000000000000000e+00
4.965633366251739737e-07 -3.947750029058687560e-10 -0.000000000000000000e+00
2.314597254122545264e-07 -3.947757109404416696e-10 -0.000000000000000000e+00
1.128941341071615673e-07 -3.947762376454599129e-10 -0.000000000000000000e+00
5.249562353639817021e-08 -3.947765867365614120e-10 -0.000000000000000000e+00
1.539561987043505675e-08 -3.947767606708277569e-10 -0.000000000000000000e+00
-1.539561986939374224e-08 -3.947767606708277569e-10 -0.000000000000000000e+00
-5.249562353598750481e-08 -3.947765867365613086e-10 -0.000000000000000000e+00
-1.128941341082022267e-07 -3.947762376454599129e-10 -0.000000000000000000e+00
-2.314597254136034793e-07 -3.947757109404417730e-10 -0.000000000000000000e+00
-4.965633366247325637e-07 -3.947750029058687560e-10 -0.000000000000000000e+00
-1.167760748149710092e-06 -3.947741085311043828e-10 -0.000000000000000000e+00
-3.139300704690356594e-06 -3.947730214612026444e-10 -0.000000000000000000e+00
-1.020106984821383129e-05 -3.947717339341046243e-10 -0.000000000000000000e+00
-4.385176316857986967e-05 -3.947702367035326509e-10 -0.000000000000000000e+00
-1.590891912558702796e-04 -3.947685189465913797e-10 -0.000000000000000000e+00
-1.315228551291381461e-04 -3.947665681548778925e-10 -0.000000000000000000e+00
-1.311583027370428524e-04 -3.947643700076791486e-10 -0.000000000000000000e+00
-1.311588469129778244e-04 3.445606130818658213e-14 -0.000000000000000000e+00
-1.315235613417332764e-04 3.713040877471739691e-14 -0.000000000000000000e+00
-1.590901186446009490e-04 4.003763717204070115e-14 -0.000000000000000000e+00
-4.385299686195223744e-05 4.320018622373306284e-14 -0.000000000000000000e+00
-1.020273453671186394e-05 4.664286032062679094e-14 -0.000000000000000000e+00
-3.141582559775772558e-06 5.039309821897942963e-14 -0.000000000000000000e+00
-1.170943689933335510e-06 5.448127571202858189e-14 -0.000000000000000000e+00
-5.010906802539297051e-07 5.894104555598127153e-14 -0.000000000000000000e+00
-2.380421541958868621e-07 6.380971951600178307e-14 -0.000000000000000000e+00
-1.227052768573233731e-07 6.912869806528202536e-14 -0.000000000000000000e+00
-6.754001310158339292e-08 7.494395403288763814e-14 -0.000000000000000000e+00
-3.923151743217099148e-08 8.130657736764972344e-14 -0.000000000000000000e+00
-2.383591611719323744e-08 8.827338918178262150e-14 -0.000000000000000000e+00
-1.504444538917490763e-08 9.590763437736378305e-14 -0.000000000000000000e+00
-9.811236173349650338e-09 1.042797634621316789e-13 -0.000000000000000000e+00
-6.582560412688567392e-09 1.134683156520340812e-13 -0.000000000000000000e+00
-4.527514274131155469e-09 1.235609170638285769e-13 -0.000000000000000000e+00
-3.183152525265302561e-09 1.346554097527698913e-13 -0.000000000000000000e+00
-2.282107268321042693e-09 1.468611295833943804e-13 -0.000000000000000000e+00
-1.664983741364378882e-09 1.603003534757611429e-13 -0.000000000000000000e+00
-1.234033570991005499e-09 1.751099394907919101e-13 -0.000000000000000000e+00
-9.277760655293693521e-10 1.914431865581269256e-13 -0.000000000000000000e+00
-7.066496030298921821e-10 2.094719444662513215e-13 -0.000000000000000000e+00
-5.446654770266026822e-10 2.293890090928844871e-13 -0.000000000000000000e+00
-4.244272616164821917e-10 2.514108428267979440e-13 -0.000000000000000000e+00
-3.340880810683689629e-10 2.757806658015751341e-13 -0.000000000000000000e+00
-2.654521535494856318e-10 3.027719700172566593e-13 -0.000000000000000000e+00
-2.127665511352035098e-10 3.326925157658874853e-13 -0.000000000000000000e+00
-1.719386261995832220e-10 3.658888781087541380e-13 -0.000000000000000000e+00
-1.400204172566684313e-10 4.027516205916753265e-13 -0.000000000000000000e+00
-1.148638720279476061e-10 4.437211840514206452e-13 -0.000000000000000000e+00
-9.488693995123805103e-11 4.892945903872148086e-13 -0.000000000000000000e+00
-7.891265777742028750e-11 5.400330746728885693e-13 -0.000000000000000000e+00
-6.605728258486701918e-11 5.965707740899046230e-13 -0.000000000000000000e+00
-5.565132883793513724e-11 6.596246189802496524e-13 -0.000000000000000000e+00
-4.718356117478312723e-11 7.300055899397462086e-13 -0.000000000000000000e+00
-4.026054844889266694e-11 8.086315253505956665e-13 -0.000000000000000000e+00
-3.457740189645699273e-11 8.965416860860981185e-13 -0.000000000000000000e+00
-2.989626087774896249e-11 9.949133082316043957e-13 -0.000000000000000000e+00
-2.603043383014389410e-11 1.105080400364709103e-12 -0.000000000000000000e+00
-2.283257266526963196e-11 1.228555068883731587e-12 -0.000000000000000000e+00
-2.018583637494909434e-11 1.367051682523170183e-12 -0.000000000000000000e+00
-1.799712347801460516e-11 1.522514214735612469e-12 -0.000000000000000000e+00
-1.619202779917935157e-11 1.697147128889197505e-12 -0.000000000000000000e+00
-1.471085883822753314e-11 1.893450194617483539e-12 -0.000000000000000000e+00
-1.350566687628458641e-11 2.114257641984519876e-12 -0.000000000000000000e+00
-1.253792181812255967e-11 2.362782070503469355e-12 -0.000000000000000000e+00
-1.177668367579350164e-11 2.642663528709722875e-12 -0.000000000000000000e+00
-1.119714387251552981e-11 2.958024162119683449e-12 -0.000000000000000000e+00
-1.077952679513192454e-11 3.313528786928116915e-12 -0.000000000000000000e+00
-1.050817167310099345e-11 3.714451676168890567e-12 -0.000000000000000000e+00
-1.037087821097466250e-11 4.166749735085311200e-12 -0.000000000000000000e+00
-1.035827583557332246e-11 4.677142082101307579e-12 -0.000000000000000000e+00
-1.046339738818623248e-11 5.253195828111858599e-12 -0.000000000000000000e+00
-1.068120818286606519e-11 5.903417544998179090e-12 -0.000000000000000000e+00
-1.100839978671498793e-11 6.637349517838997184e-12 -0.000000000000000000e+00
-1.144304387569713705e-11 7.465669366615209078e-12 -0.000000000000000000e+00
-1.198436347255442722e-11 8.400290984447155966e-12 -0.000000000000000000e+00
-1.263248514044407761e-11 9.454463953949664987e-12 -0.000000000000000000e+00
-1.338816860014072359e-11 1.064286765790767149e-11 -0.000000000000000000e+00
-1.425269091359273432e-11 1.198169518829586587e-11 -0.000000000000000000e+00
-1.522755498020606164e-11 1.348872088213994436e-11 -0.000000000000000000e+00
-1.631428371485589960e-11 1.518334389260178146e-11 -0.000000000000000000e+00
-1.751406135416017864e-11 1.708659867898710866e-11 -0.000000000000000000e+00
-1.882752255157041935e-11 1.922112173809536101e-11 -0.000000000000000000e+00
-2.025440063290400900e-11 2.161106240426609311e-11 -0.000000000000000000e+00
-2.179324486855026246e-11 2.428192426042555828e-11 -0.000000000000000000e+00
-2.344100392200017036e-11 2.726032281630281253e-11 -0.000000000000000000e+00
-2.519258836430324733e-11 3.057364485691289675e-11 -0.000000000000000000e+00
-2.704052959572581547e-11 3.424959551773633603e-11 -0.000000000000000000e+00
-2.897454452822775895e-11 3.831562100047241912e-11 -0.000000000000000000e+00
-3.098122073224045281e-11 4.279819820092758340e-11 -0.000000000000000000e+00
-3.304359752243231310e-11 4.772198763437254819e-11 -0.000000000000000000e+00
-3.514089438817544692e-11 5.310885307773826104e-11 -0.000000000000000000e+00
-3.724830148422151607e-11 5.897676031347428769e-11 -0.000000000000000000e+00
-3.933697271049823756e-11 6.533857804975527303e-11 -0.000000000000000000e+00
-4.137411271248090259e-11 7.220081602240674540e-11 -0.000000000000000000e+00
-4.332322196007436755e-11 7.956234765783108446e-11 -0.000000000000000000e+00
-4.514454094398043660e-11 8.741317638194166179e-11 -0.000000000000000000e+00
-4.679574098171122372e-11 9.573331432644782599e-11 -0.000000000000000000e+00
-4.823284877674965997e-11 1.044918482985378839e-10 -0.000000000000000000e+00
-4.941134804479545226e-11 1.136462689741165764e-10 -0.000000000000000000e+00
-5.028740658213842786e-11 1.231421341583425107e-10 -0.000000000000000000e+00
-5.081918802525783896e-11 1.329131249749994457e-10 -0.000000000000000000e+00
-5.096830788229977129e-11 1.428815351063415796e-10 -0.000000000000000000e+00
-5.070121768125796645e-11 1.529592087256438460e-10 -0.000000000000000000e+00
-4.999053736110954135e-11 1.630489144872498368e-10 -0.000000000000000000e+00
-4.881613101311459489e-11 1.730461135756498627e-10 -0.000000000000000000e+00
-4.716596494857166823e-11 1.828410525296548342e-10 -0.000000000000000000e+00
-4.503672368148480850e-11 1.923210895176862202e-10 -0.000000000000000000e+00
-4.243412649976450864e-11 2.013731486160282917e-10 -0.000000000000000000e+00
-3.937293317027226188e-11 2.098861921484545802e-10 -0.000000000000000000e+00
-3.587656816380625937e-11 2.177536067228992436e-10 -0.000000000000000000e+00
-3.197657253721602985e-11 2.248754133050473414e-10 -0.000000000000000000e+00
-2.771184071967436161e-11 2.311602333023255750e-10 -0.000000000000000000e+00
-2.312770195268089399e-11 2.365269680888923093e-10 -0.000000000000000000e+00
-1.827496363942035633e-11 2.409061751618173306e-10 -0.000000000000000000e+00
-1.320882474491175090e-11 2.442411467912369820e-10 -0.000000000000000000e+00
-7.987874767472590086e-12 2.464887138571184182e-10 -0.000000000000000000e+00
-2.673097753622929009e-12 2.476198068082712877e-10 -0.000000000000000000e+00
2.673105409378524789e-12 2.476198068082712877e-10 -0.000000000000000000e+00
7.987871460956922039e-12 2.464887138571184182e-10 -0.000000000000000000e+00
1.320881671988069226e-11 2.442411467912369303e-10 -0.000000000000000000e+00
1.827496188226356443e-11 2.409061751618172789e-10 -0.000000000000000000e+00
2.312769987147111142e-11 2.365269680888921542e-10 -0.000000000000000000e+00
2.771183935485575458e-11 2.311602333023253940e-10 -0.000000000000000000e+00
3.197657750753126705e-11 2.248754133050472122e-10 -0.000000000000000000e+00
3.587657730674765622e-11 2.177536067228989076e-10 -0.000000000000000000e+00
3.937294262969910678e-11 2.098861921484541924e-10 -0.000000000000000000e+00
4.243411990463994613e-11 2.013731486160281108e-10 -0.000000000000000000e+00
4.503670767740951949e-11 1.923210895176860392e-10 -0.000000000000000000e+00
4.716595757472105970e-11 1.828410525296546275e-10 -0.000000000000000000e+00
4.881614539260784585e-11 1.730461135756493975e-10 -0.000000000000000000e+00
4.999055175814690537e-11 1.630489144872492940e-10 -0.000000000000000000e+00
5.070121042237234451e-11 1.529592087256435875e-10 -0.000000000000000000e+00
5.096829296645323428e-11 1.428815351063413211e-10 -0.000000000000000000e+00
5.081918360548708241e-11 1.329131249749992131e-10 -0.000000000000000000e+00
5.028742181738712285e-11 1.231421341583419937e-10 -0.000000000000000000e+00
4.941136338687756066e-11 1.136462689741161240e-10 -0.000000000000000000e+00
4.823284036510794103e-11 1.044918482985377029e-10 -0.000000000000000000e+00
4.679572417854426903e-11 9.573331432644760627e-11 -0.000000000000000000e+00
4.514453210423293613e-11 8.741317638194153254e-11 -0.000000000000000000e+00
4.332323910088223757e-11 7.956234765783074842e-11 -0.000000000000000000e+00
4.137412524556317446e-11 7.220081602240642228e-11 -0.000000000000000000e+00
3.933696786540155625e-11 6.533857804975514378e-11 -0.000000000000000000e+00
3.724828572854908200e-11 5.897676031347414552e-11 -0.000000000000000000e+00
3.514088764150587089e-11 5.310885307773813826e-11 -0.000000000000000000e+00
3.304361418207503045e-11 4.772198763437233494e-11 -0.000000000000000000e+00
3.098123306775546274e-11 4.279819820092738307e-11 -0.000000000000000000e+00
2.897453952726241367e-11 3.831562100047231572e-11 -0.000000000000000000e+00
2.704051134139593609e-11 3.424959551773627141e-11 -0.000000000000000000e+00
2.519258326917201978e-11 3.057364485691281920e-11 -0.000000000000000000e+00
2.344101485589546614e-11 2.726032281630267682e-11 -0.000000000000000000e+00
2.179325991209512652e-11 2.428192426042543873e-11 -0.000000000000000000e+00
2.025439527067836208e-11 2.161106240426603495e-11 -0.000000000000000000e+00
1.882750593758072735e-11 1.922112173809529962e-11 -0.000000000000000000e+00
1.751406013794318895e-11 1.708659867898706019e-11 -0.000000000000000000e+00
1.631429435590674371e-11 1.518334389260170068e-11 -0.000000000000000000e+00
1.522757390554675708e-11 1.348872088213986197e-11 -0.000000000000000000e+00
1.425267845108074310e-11 1.198169518829583679e-11 -0.000000000000000000e+00
1.338815398110047957e-11 1.064286765790763918e-11 -0.000000000000000000e+00
1.263247312770070550e-11 9.454463953949642369e-12 -0.000000000000000000e+00
1.198438183245518874e-11 8.400290984447107498e-12 -0.000000000000000000e+00
1.144305867392602912e-11 7.465669366615167073e-12 -0.000000000000000000e+00
1.100839472820635482e-11 6.637349517838978605e-12 -0.000000000000000000e+00
1.068120256615977462e-11 5.903417544998162935e-12 -0.000000000000000000e+00
1.046338648291453467e-11 5.253195828111842443e-12 -0.000000000000000000e+00
1.035829413077499400e-11 4.677142082101281730e-12 -0.000000000000000000e+00
1.037087882662737735e-11 4.166749735085299083e-12 -0.000000000000000000e+00
1.050816606551578277e-11 3.714451676168880066e-12 -0.000000000000000000e+00
1.077951359258494381e-11 3.313528786928111260e-12 -0.000000000000000000e+00
1.119714544234258793e-11 2.958024162119675775e-12 -0.000000000000000000e+00
1.177669354133218399e-11 2.642663528709710354e-12 -0.000000000000000000e+00
1.253792667699302118e-11 2.362782070503463701e-12 -0.000000000000000000e+00
1.350565676845801734e-11 2.114257641984515029e-12 -0.000000000000000000e+00
1.471085312884396713e-11 1.893450194617478289e-12 -0.000000000000000000e+00
1.619202899640222907e-11 1.697147128889193264e-12 -0.000000000000000000e+00
1.799713744585085188e-11 1.522514214735604593e-12 -0.000000000000000000e+00
2.018583723103751411e-11 1.367051682523166952e-12 -0.000000000000000000e+00
2.283257024375753213e-11 1.228555068883728355e-12 -0.000000000000000000e+00
2.603042387780401574e-11 1.105080400364706478e-12 -0.000000000000000000e+00
2.989626246891519146e-11 9.949133082316017703e-13 -0.000000000000000000e+00
3.457740858232991819e-11 8.965416860860949883e-13 -0.000000000000000000e+00
4.026055002699720351e-11 8.086315253505937479e-13 -0.000000000000000000e+00
4.718355124826895527e-11 7.300055899397442900e-13 -0.000000000000000000e+00
5.565132642733115216e-11 6.596246189802479358e-13 -0.000000000000000000e+00
6.605728345550776574e-11 5.965707740899030074e-13 -0.000000000000000000e+00
7.891267121541420650e-11 5.400330746728858430e-13 -0.000000000000000000e+00
9.488694140596154882e-11 4.892945903872135969e-13 -0.000000000000000000e+00
1.148638629961681425e-10 4.437211840514193325e-13 -0.000000000000000000e+00
1.400204150248968815e-10 4.027516205916745692e-13 -0.000000000000000000e+00
1.719386261765258209e-10 3.658888781087532798e-13 -0.000000000000000000e+00
2.127665645383199269e-10 3.326925157658859202e-13 -0.000000000000000000e+00
2.654521471648877828e-10 3.027719700172563059e-13 -0.000000000000000000e+00
3.340880786431381692e-10 2.757806658015745283e-13 -0.000000000000000000e+00
4.244272502313202866e-10 2.514108428267973887e-13 -0.000000000000000000e+00
5.446654854733350700e-10 2.293890090928839317e-13 -0.000000000000000000e+00
7.066496034027816867e-10 2.094719444662506147e-13 -0.000000000000000000e+00
9.277760684862768951e-10 1.914431865581265217e-13 -0.000000000000000000e+00
1.234033560975370500e-09 1.751099394907914810e-13 -0.000000000000000000e+00
1.664983744637175637e-09 1.603003534757605623e-13 -0.000000000000000000e+00
2.282107276815347996e-09 1.468611295833940269e-13 -0.000000000000000000e+00
3.183152527107179013e-09 1.346554097527692855e-13 -0.000000000000000000e+00
4.527514273106798159e-09 1.235609170638282993e-13 -0.000000000000000000e+00
6.582560397212405251e-09 1.134683156520339550e-13 -0.000000000000000000e+00
9.811236184529434722e-09 1.042797634621312371e-13 -0.000000000000000000e+00
1.504444538911576422e-08 9.590763437736355586e-14 -0.000000000000000000e+00
2.383591612825391278e-08 8.827338918178225547e-14 -0.000000000000000000e+00
3.923151741594353427e-08 8.130657736764966033e-14 -0.000000000000000000e+00
6.754001310613632736e-08 7.494395403288749930e-14 -0.000000000000000000e+00
1.227052768576127672e-07 6.912869806528174768e-14 -0.000000000000000000e+00
2.380421542044209308e-07 6.380971951600165685e-14 -0.000000000000000000e+00
5.010906802510353935e-07 5.894104555598117056e-14 -0.000000000000000000e+00
1.170943689923289487e-06 5.448127571202848092e-14 -0.000000000000000000e+00
3.141582559777294253e-06 5.039309821897932234e-14 -0.000000000000000000e+00
1.020273453671846571e-05 4.664286032062663947e-14 -0.000000000000000000e+00
4.385299686195231876e-05 4.320018622373296818e-14 -0.000000000000000000e+00
1.590901186446025211e-04 4.003763717204061910e-14 -0.000000000000000000e+00
1.315235613417276928e-04 3.713040877471730856e-14 -0.000000000000000000e+00
1.311588469129785562e-04 3.445606130818650640e-14 -0.000000000000000000e+00
