2.797615511155254059e-02 -2.593779050262732227e-08 -4.262580942599388246e-18
4.141646677850330249e-03 -4.322431863149187379e-09 -3.583593048520021162e-18
2.996296575607862445e-04 -1.027126071717763479e-08 -1.001553369397058766e-18
2.427450857854229760e-04 -7.167399195042013862e-09 5.865542794589814583e-18
1.259693184798016397e-04 -7.852929787601666108e-09 2.484008801291464500e-18
9.537113046353962176e-05 -7.269387193595598564e-09 7.476573493348326951e-18
7.202844543439251845e-05 -7.271503799101778983e-09 5.948768140489559513e-18
5.728863792064248228e-05 -7.128455603636414035e-09 8.779234463726848580e-18
4.659715126082569769e-05 -7.093181425978385655e-09 1.290828612697574618e-17
3.866774528239053099e-05 -7.059115110612302925e-09 3.439603722579574609e-18
3.256515969635512264e-05 -7.056439608418490024e-09 -3.887587275274349677e-18
2.775417843018518349e-05 -7.067492369306627405e-09 -6.125157888984576300e-18
2.388259405860723716e-05 -7.093644332588641022e-09 -4.084762086029051997e-18
2.071483185705005892e-05 -7.130423858979470988e-09 -2.582676154745488444e-18
1.808669366770362941e-05 -7.176243039684657163e-09 -6.015760067520724430e-18
1.588055056050974301e-05 -7.229046497538027283e-09 -6.674417779827289869e-18
1.400997933145159413e-05 -7.287383309230292492e-09 -2.663168164766784235e-18
1.241011132856878474e-05 -7.349928071429441259e-09 -7.198085068049776216e-18
1.103133751195056744e-05 -7.415583850396489727e-09 6.174415214402566455e-19
9.835091352446145851e-06 -7.483395031595961876e-09 3.956461207398034952e-18
8.790953023651154608e-06 -7.552539810887785075e-09 3.676934857814967722e-18
7.874616817157842341e-06 -7.622303218171256597e-09 -4.961280013261950975e-18
7.066436379894042163e-06 -7.692063123396637119e-09 -1.397438931832971221e-17
6.350365002325691899e-06 -7.761276408545458558e-09 -1.287121111772198921e-17
5.713171312340253882e-06 -7.829468476344234858e-09 -7.636252892879252432e-18
5.143850346601280821e-06 -7.896224152793300766e-09 -3.726349877507470728e-19
4.633175436169478800e-06 -7.961180452818127982e-09 4.097399960249167498e-18
4.173353081320801961e-06 -8.024019747408501137e-09 6.685831318008714804e-18
3.757754136697599723e-06 -8.084464786396611884e-09 1.630107134506925695e-18
3.380702242976318939e-06 -8.142273549248037963e-09 -7.532239255428743890e-18
3.037305675839679919e-06 -8.197235382058389128e-09 1.567895646503069430e-18
2.723322460193577932e-06 -8.249167032893436181e-09 3.444318419656554111e-18
2.435051212761746298e-06 -8.297909866459912630e-09 6.496699861001970743e-18
2.169242042267954806e-06 -8.343326722167828879e-09 5.556367727251008618e-18
1.923023211641838870e-06 -8.385299463362711349e-09 -1.194449174225199814e-18
1.693840266693558139e-06 -8.423727035216348212e-09 -3.045861954579632564e-18
1.479405068047223715e-06 -8.458523014999548934e-09 6.389827124929684040e-18
1.277652736851597748e-06 -8.489614436271067254e-09 3.733618916494230509e-19
1.086704934257637367e-06 -8.516939838887077567e-09 2.575950080563723178e-18
9.048382112360198182e-07 -8.540448318643168376e-09 5.247550947867580643e-18
7.304564151253134519e-07 -8.560098157358606247e-09 2.772197676054581641e-18
5.620663174575601939e-07 -8.575856061933484660e-09 1.372477871802548797e-18
3.982557676071585284e-07 -8.587696244256016956e-09 1.101430901493913067e-17
2.376737980036569553e-07 -8.595599850766020870e-09 5.840563321650928875e-18
7.901215696645702558e-08 -8.599554724818984759e-09 4.453275338538202145e-18
-7.901215711217379756e-08 -8.599554748769350886e-09 1.723940381123330036e-20
-2.376737977261011991e-07 -8.595599857737634730e-09 -4.580666556587467936e-18
-3.982557677251197248e-07 -8.587696231831484569e-09 -5.350037952672199061e-18
-5.620663175998075189e-07 -8.575856077588777725e-09 -8.487332947778767361e-18
-7.304564153508275037e-07 -8.560098154195303803e-09 -1.150089716561674957e-17
-9.048382109549946151e-07 -8.540448328733987682e-09 -4.221656784469531829e-18
-1.086704934191717875e-06 -8.516939833473726397e-09 1.771753297134648033e-18
-1.277652736803025491e-06 -8.489614409101097461e-09 2.022665404027906730e-18
-1.479405068213757168e-06 -8.458523037767776359e-09 1.134175960384184521e-17
-1.693840266943358319e-06 -8.423727025366944877e-09 4.211234164385596387e-18
-1.923023211326119197e-06 -8.385299482674304849e-09 -3.572859207325132523e-18
-2.169242041567126522e-06 -8.343326714277685542e-09 -3.397765894358501820e-18
-2.435051213323796704e-06 -8.297909860170535832e-09 -5.831254775022357521e-18
-2.723322460578686544e-06 -8.249167032815634881e-09 -2.540478107665159641e-18
-3.037305675919477199e-06 -8.197235383923845191e-09 -2.315699630673623526e-18
-3.380702242577332539e-06 -8.142273556245765915e-09 -4.221298928285300421e-18
-3.757754136093915953e-06 -8.084464795432494667e-09 -4.716637317209341279e-18
-4.173353081806524534e-06 -8.024019750817021274e-09 5.728592268872762240e-18
-4.633175436533770730e-06 -7.961180424235871371e-09 1.152523583269197769e-17
-5.143850346573525245e-06 -7.896224168631129431e-09 1.089757935814244338e-17
-5.713171312319437201e-06 -7.829468472875906255e-09 8.762622321567348930e-18
-6.350365001631802508e-06 -7.761276396566791410e-09 -4.867706554467731484e-18
-7.066436380487317592e-06 -7.692063120490347963e-09 -5.926945150136333361e-18
-7.874616817317436901e-06 -7.622303222859785792e-09 -9.750012858987884884e-18
-8.790953023474212813e-06 -7.552539810354703566e-09 2.649720773676404486e-18
-9.835091352161651201e-06 -7.483395034674221881e-09 1.204493189148817301e-20
-1.103133751174240063e-05 -7.415583870827156025e-09 2.164215611883274509e-18
-1.241011132911001846e-05 -7.349928056464394020e-09 4.861712042450208859e-19
-1.400997933167016929e-05 -7.287383309363650551e-09 -5.523935108149451436e-19
-1.588055056066239867e-05 -7.229046507376166073e-09 -1.641866845772357080e-18
-1.808669366695422887e-05 -7.176243019493942726e-09 -1.420643008523686160e-18
-2.071483185635270008e-05 -7.130423829752526351e-09 -1.855865708393495660e-19
-2.388259405952664061e-05 -7.093644371811275886e-09 -1.056908914064315217e-20
-2.775417843070213109e-05 -7.067492360394060707e-09 -6.773333163181417292e-18
-3.256515969605675020e-05 -7.056439601855824333e-09 -4.776363411337907152e-18
-3.866774528257441168e-05 -7.059115131444598498e-09 -1.490156114373369547e-18
-4.659715125986466089e-05 -7.093181409055779099e-09 4.903324055357880084e-18
-5.728863792094432417e-05 -7.128455588053621696e-09 -6.415083499637546360e-19
-7.202844543529110521e-05 -7.271503814477494927e-09 -1.083234568975223301e-17
-9.537113046296369356e-05 -7.269387174139043316e-09 -1.957641956072527584e-18
-1.259693184803116484e-04 -7.852929812275229627e-09 7.028997269779568921e-18
-2.427450857835737608e-04 -7.167399199097716802e-09 1.248771349119711402e-17
-2.996296575622954539e-04 -1.027126071705121181e-08 1.715050133480265046e-18
-4.141646677850292085e-03 -4.322431831896795059e-09 -4.415044350867306921e-19
-2.797615511155235671e-02 -2.593779052911521051e-08 -7.223088331870993882e-19
-2.797605200548003435e-02 -8.277155171869166356e-10 -1.078574194324175431e-17
-4.141696261697705439e-03 -1.545570072410793256e-10 1.544810552200317942e-17
-2.996431574022392907e-04 -3.153660636950767420e-10 1.073328913349225543e-18
-2.427753482219068004e-04 -2.241866496498819458e-10 9.465635730558600602e-19
-1.260020776925815933e-04 -2.344912776954518576e-10 -6.066790677425964833e-18
-9.541013015140764608e-05 -2.124948226167160986e-10 1.212220719670666963e-17
-7.207297014563338045e-05 -2.046194375304438543e-10 1.986033920883345262e-18
-5.733910605279154971e-05 -1.928607591391338717e-10 1.569117897439643270e-17
-4.665375755584857953e-05 -1.829444962971222432e-10 -4.091975260290489842e-18
-3.873077736488844680e-05 -1.722623741785264321e-10 -6.450372409621583046e-18
-3.263492434917719676e-05 -1.612950924335369253e-10 1.138877418516252503e-18
-2.783101877078947295e-05 -1.494756641331749040e-10 -9.887218787899935251e-19
-2.396688713602462828e-05 -1.366318630360739866e-10 -8.671769188102733522e-18
-2.080699118208600984e-05 -1.224565026691552204e-10 -1.429321721688224024e-17
-1.818717125481178476e-05 -1.066818840632323377e-10 2.585682821220499906e-18
-1.598983951160357075e-05 -8.900921093253476303e-11 -2.624138085175142821e-18
-1.412861677603516330e-05 -6.912653426354178585e-11 -1.997964768796089748e-20
-1.253868172856886787e-05 -4.669680866940751393e-11 -6.318237400450086530e-18
-1.117047633873713419e-05 -2.135718832793846465e-11 6.801706600003912833e-19
-9.985489186768031766e-06 7.283916056206830575e-12 6.392420626008262187e-18
-8.953360050224790090e-06 3.964935073400839682e-11 5.681795487540063680e-18
-8.049847796880865713e-06 7.619426476365278284e-11 6.759007231371116684e-18
-7.255376116281631038e-06 1.174068084850625150e-10 3.738975851518401071e-18
-6.553974326865136257e-06 1.638081642955354262e-10 2.408365109825086160e-19
-5.932493682424960779e-06 2.159508528806276620e-10 -6.716670653036810432e-18
-5.380019077322328869e-06 2.744165300574117316e-10 -9.115080692908045399e-18
-4.887421636599192931e-06 3.398115944476266332e-10 -3.629560552158323983e-19
-4.447014384238029416e-06 4.127609142967837466e-10 2.702640070079165227e-18
-4.052284268807326839e-06 4.939001637409570041e-10 -1.179384731092667672e-17
-3.697681569870409080e-06 5.838646932784076187e-10 -1.387545736541181060e-18
-3.378452788901920023e-06 6.832762738462346197e-10 3.407100395847088251e-18
-3.090506918389940294e-06 7.927270763650054953e-10 4.241872152835289522e-19
-2.830307605505844037e-06 9.127601182168498312e-10 5.425102841088869251e-18
-2.594785472175009655e-06 1.043846718840775583e-09 6.651487936313272418e-18
-2.381266403846116209e-06 1.186361780765379152e-09 2.142600998698010072e-18
-2.187412460913362722e-06 1.340555372663853710e-09 7.561244724032934986e-18
-2.011172921433795890e-06 1.506523704407537001e-09 4.074647318024248073e-18
-1.850743501594781515e-06 1.684178471506557985e-09 3.720926048344862555e-18
-1.704532151446114252e-06 1.873216938379575397e-09 1.154015417430563534e-17
-1.571130286301403167e-06 2.073094482889457297e-09 -1.793683820025915848e-18
-1.449288437857521039e-06 2.283000678921078760e-09 -1.688047644094982499e-17
-1.337895541964062573e-06 2.501842725412100716e-09 8.899611837111629511e-19
-1.235961298008680931e-06 2.728236890407092473e-09 4.542891205251086256e-18
-1.142601031688811331e-06 2.960511510367635927e-09 -1.319390445821084280e-17
-1.057022708323557270e-06 3.196723697978841290e-09 2.948074710393219238e-18
-9.785157230879359957e-07 3.434689787103401628e-09 -4.662970010677668924e-18
-9.064412084675010917e-07 3.672033054395456959e-09 7.581731983114501706e-18
-8.402236686688713263e-07 3.906245320602090361e-09 7.579156339394363994e-19
-7.793436841811718363e-07 4.134763811545255392e-09 1.728327103626586004e-18
-7.233316111909804391e-07 4.355057742610917348e-09 -1.252714052557502735e-17
-6.717620834179038880e-07 4.564723516929062917e-09 1.299845913031425695e-17
-6.242492250653486341e-07 4.761580054231167000e-09 -1.874992697593395208e-18
-5.804425121033740531e-07 4.943761079344260583e-09 -1.130183366457835665e-18
-5.400231329610871711e-07 5.109796202734631294e-09 1.031397374156086857e-17
-5.027008427443968586e-07 5.258676104505069095e-09 -7.003983866589949106e-18
-4.682112060595822189e-07 5.389896118136880156e-09 5.836481736943890336e-18
-4.363131594423141912e-07 5.503475198377831635e-09 1.363225111437552084e-17
-4.067868976768973521e-07 5.599948367326174507e-09 -4.145864197157551134e-18
-3.794319873920426467e-07 5.680333659436152063e-09 -1.053897683637694816e-17
-3.540656808402597999e-07 5.746075059699039010e-09 -1.528145019406830268e-18
-3.305214061541383863e-07 5.798966777689648992e-09 -2.287253924441181288e-17
-3.086473909889864142e-07 5.841063655984066518e-09 -8.564377808891639093e-18
-2.883054122521100382e-07 5.874584376022321559e-09 5.885065471509257145e-18
-2.693696542557799667e-07 5.901813247174277940e-09 1.103777157753457069e-18
-2.517256266522382990e-07 5.925007275029342117e-09 2.312949662782405616e-17
-2.352691780178883807e-07 5.946312575175511914e-09 2.627029768953614766e-18
-2.199055665480509347e-07 5.967694167290753395e-09 -5.476411094525383171e-18
-2.055485970528514450e-07 5.990881946780575106e-09 -1.475650962367126563e-17
-1.921198241223998071e-07 6.017332340093760534e-09 -8.278768528575383288e-18
-1.795478001553885150e-07 6.048207430635519629e-09 2.602217395544946756e-18
-1.677673881449182058e-07 6.084367925578892747e-09 1.017525749455202647e-17
-1.567191159138059398e-07 6.126379799343202083e-09 1.077605148080302113e-17
-1.463486015741699564e-07 6.174531731800487469e-09 -5.598196943645977031e-18
-1.366060245026889941e-07 6.228859412860382693e-09 -1.186623537147935417e-17
-1.274456366794074480e-07 6.289176549441613512e-09 2.899269456959817491e-18
-1.188253303564812402e-07 6.355108037870228654e-09 6.501045391996414491e-19
-1.107062397309732660e-07 6.426124559890962479e-09 -1.192294024237551676e-17
-1.030523942950611893e-07 6.501576498709697425e-09 -1.966126803160233999e-17
-9.583041400348935035e-08 6.580725716248789938e-09 -1.057830874646806341e-17
-8.900922130600230631e-08 6.662775039907688559e-09 6.470191261420024716e-18
-8.255979767543553116e-08 6.746893930124490254e-09 1.236945313469300309e-17
-7.645496145902708207e-08 6.832240659639161501e-09 -2.683356638722705853e-19
-7.066917375939119061e-08 6.917981094703206921e-09 -4.485581716903089089e-18
-6.517837453437480555e-08 7.003303426875916027e-09 1.988456135720614208e-17
-5.995982118797704707e-08 7.087430090210736655e-09 6.854282803156807523e-18
-5.499195684585678201e-08 7.169626249883038138e-09 -1.143331260681710979e-17
-5.025428021637745601e-08 7.249206152896137629e-09 7.199703655695402377e-18
-4.572724138923733861e-08 7.325536591174161606e-09 1.832866366867966398e-17
-4.139214886123010473e-08 7.398039427509001801e-09 1.609487682035266544e-18
-3.723107062925112842e-08 7.466191687250711919e-09 -6.243595302773719940e-18
-3.322675788675066855e-08 7.529525190799727759e-09 3.686856308382796126e-18
-2.936255932839415550e-08 7.587625192524147910e-09 -1.013389096883938509e-19
-2.562235855776973104e-08 7.640127900312039323e-09 -1.999081797372278791e-19
-2.199051112733441116e-08 7.686718734622944146e-09 -2.021300050695955968e-18
-1.845177677317622056e-08 7.727129406216305510e-09 -1.141490676635856872e-17
-1.499125681925228548e-08 7.761135213131010042e-09 -1.308384399851197544e-17
-1.159434178873985921e-08 7.788553507393716922e-09 4.347048405301556510e-18
-8.246660018057516695e-09 7.809240326426277660e-09 1.581692838352881974e-17
-4.934016837460086791e-09 7.823089779944088352e-09 -6.974582446198991308e-18
-1.642345138358480838e-09 7.830031774894229496e-09 -5.325423854207107083e-18
1.642344274466189802e-09 7.830031858312414768e-09 -9.078296309677689140e-18
4.934017416857727767e-09 7.823089769570459303e-09 9.985824648339859825e-18
8.246660569699582055e-09 7.809240355593210343e-09 -3.144619910710978920e-18
1.159434242711809837e-08 7.788553457416759677e-09 2.291845878745317590e-18
1.499125600046280482e-08 7.761135267001977924e-09 1.012340673203789967e-17
1.845177649908991135e-08 7.727129346933394320e-09 -2.826655663232190037e-18
2.199051262960494135e-08 7.686718752293945669e-09 -2.684751107825108279e-17
2.562235730529938138e-08 7.640127901697760409e-09 1.311972213663920872e-19
2.936255778449026188e-08 7.587625203085930770e-09 4.185754787327129418e-17
3.322675879574576996e-08 7.529525201864957555e-09 1.512603439812342157e-17
3.723107195111041712e-08 7.466191697395488216e-09 -2.520925624679455515e-17
4.139214956205838902e-08 7.398039407538941101e-09 3.227542743337654707e-18
4.572723985227233889e-08 7.325536585192024503e-09 3.687538102044743055e-19
5.025427871757637277e-08 7.249206138760851805e-09 1.439156511532209343e-18
5.499195783117971636e-08 7.169626281868183440e-09 -2.286453883075862396e-17
5.995982245085573759e-08 7.087430091008668161e-09 -3.585702857466971709e-18
6.517837561684225456e-08 7.003303429081837976e-09 1.021898115407620682e-17
7.066917188588983656e-08 6.917981066728124041e-09 7.155678393124124702e-18
7.645495980757033294e-08 6.832240656501946679e-09 1.002732708196766442e-17
8.255979905280597109e-08 6.746893939378149840e-09 -3.103682119080284114e-18
8.900922219418072601e-08 6.662775040151706840e-09 3.370205264938207643e-18
9.583041528718472257e-08 6.580725697523015674e-09 4.354891463214467027e-18
1.030523927580961896e-07 6.501576504759590546e-09 -1.645708685533730692e-17
1.107062378574719119e-07 6.426124587689571338e-09 -1.118715150470268014e-17
1.188253313452736215e-07 6.355108015966512504e-09 2.676823965100705840e-18
1.274456381018806983e-07 6.289176571371971496e-09 2.096005418946385517e-17
1.366060254394396711e-07 6.228859380001241664e-09 8.582698154478240716e-18
1.463485999782243585e-07 6.174531716887837157e-09 -2.993876679776287482e-17
1.567191142970436601e-07 6.126379852807782747e-09 1.903765014881598565e-17
1.677673888492159371e-07 6.084367896104329939e-09 8.844118811446752013e-18
1.795478018137841580e-07 6.048207430865819947e-09 -4.152851290843902283e-17
1.921198249828226512e-07 6.017332357830200315e-09 3.403074806500017255e-18
2.055485952973112873e-07 5.990881923652638266e-09 2.701451794450098012e-17
2.199055649833303594e-07 5.967694218147412259e-09 3.778691062735761095e-17
2.352691793570949041e-07 5.946312553700076797e-09 -5.919111795734191490e-17
2.517256273946999467e-07 5.925007291113445612e-09 -1.074166270845746432e-17
2.693696553209001809e-07 5.901813242249833526e-09 3.599033266116188146e-17
2.883054108435145757e-07 5.874584382982993474e-09 2.125596199905474593e-17
3.086473889940544169e-07 5.841063641479183161e-09 -5.303300826133694723e-17
3.305214075072226976e-07 5.798966765226591494e-09 -1.292243524559066815e-17
3.540656820545662331e-07 5.746075057631107331e-09 6.345648863699189455e-17
3.794319888075770031e-07 5.680333678543157328e-09 -4.257553184822859704e-17
4.067868957895182103e-07 5.599948378471936953e-09 -1.169301098869788209e-17
4.363131571906431194e-07 5.503475154538695155e-09 4.473084880256019642e-17
4.682112072600108643e-07 5.389896131909126335e-09 -4.606574237005723378e-17
5.027008444201397364e-07 5.258676107049271519e-09 1.799985331490339937e-17
5.400231333115013133e-07 5.109796179672633984e-09 4.008770336017064236e-18
5.804425097198639971e-07 4.943761114452217838e-09 -4.694796842260612700e-18
6.242492253637210720e-07 4.761580044742594737e-09 -4.357441540682052404e-18
6.717620842019988991e-07 4.564723528229918419e-09 3.785585548742841209e-18
7.233316120618116241e-07 4.355057765780067635e-09 1.167557025564643909e-17
7.793436846460777279e-07 4.134763774012421480e-09 8.167625873419899141e-18
8.402236665837337082e-07 3.906245341896124769e-09 -2.806617328432391704e-18
9.064412087346485070e-07 3.672033046781525773e-09 -4.413675018024414477e-18
9.785157235181474178e-07 3.434689783553178835e-09 2.452973615104935115e-18
1.057022709315819098e-06 3.196723661080248113e-09 2.322800805129415725e-17
1.142601032143308881e-06 2.960511553310738107e-09 -1.450080558592437716e-17
1.235961295486392997e-06 2.728236890721756114e-09 1.272628914916339187e-17
1.337895542425499018e-06 2.501842688592195989e-09 9.312596072794882239e-19
1.449288438551410430e-06 2.283000663257528779e-09 -3.951737533295396491e-18
1.571130286801003528e-06 2.073094522861866038e-09 -2.357880537593681232e-17
1.704532151577953236e-06 1.873216955138194636e-09 -8.083673425877584157e-18
1.850743500429047339e-06 1.684178478821210263e-09 5.181615200114958649e-18
2.011172921721759987e-06 1.506523685851692105e-09 1.104391886890736151e-19
2.187412461114590645e-06 1.340555386838634099e-09 6.509263792695284658e-18
2.381266404637150114e-06 1.186361744067234997e-09 -7.667748368416056447e-19
2.594785472747468402e-06 1.043846750016188821e-09 3.614886835189003488e-18
2.830307603115395088e-06 9.127600605956030436e-10 1.243192859967994170e-17
3.090506918750762777e-06 7.927271217927919723e-10 -2.044428542770493330e-18
3.378452789692953928e-06 6.832762888541777918e-10 1.748323752702941807e-17
3.697681570585115152e-06 5.838646588289779479e-10 -1.191407744444605910e-18
4.052284268914879695e-06 4.939001599456116441e-10 -1.142421069508600128e-17
4.447014381778191527e-06 4.127609566003446187e-10 -9.985796607613747511e-18
4.887421638052891204e-06 3.398115534231384509e-10 -3.332867688266279300e-17
5.380019077971115449e-06 2.744165560921034300e-10 -1.183846328384944872e-17
5.932493682206385621e-06 2.159508333921821199e-10 3.207573092639221609e-18
6.553974327382083853e-06 1.638081825811900473e-10 2.060301941765444567e-17
7.255376114893852257e-06 1.174068286382990533e-10 7.740552893180597582e-18
8.049847797581693998e-06 7.619426890057493212e-11 -1.091770177537030173e-17
8.953360050946435056e-06 3.964935696291084710e-11 2.094221320799753814e-17
9.985489185970058967e-06 7.283945734450456339e-12 -1.705321340780620489e-18
1.117047633986470445e-05 -2.135726806351151307e-11 -1.224306373942556873e-17
1.253868172585229090e-05 -4.669672796354995263e-11 -4.991254519963022342e-18
1.412861677704477237e-05 -6.912655785705640620e-11 -2.854235089132485848e-19
1.598983951414667537e-05 -8.900924388964127326e-11 1.515827481685085884e-17
1.818717125267113599e-05 -1.066818471128568265e-10 -1.410703189383384550e-17
2.080699118262030467e-05 -1.224565174459539372e-10 -9.994329824609260868e-19
2.396688713377295721e-05 -1.366318759683434826e-10 2.979948061531793382e-18
2.783101877307930794e-05 -1.494756806534118582e-10 8.459300117382098375e-18
3.263492435057538388e-05 -1.612951326825796792e-10 -8.107810035021474342e-18
3.873077736152308326e-05 -1.722623099801751017e-10 2.014155986417643020e-17
4.665375755691716919e-05 -1.829445166021298803e-10 -5.544228885203850033e-18
5.733910605330502785e-05 -1.928607799635009185e-10 9.534628895599868847e-18
7.207297014574787219e-05 -2.046194329454470662e-10 1.660640677766792564e-18
9.541013015207031045e-05 -2.124947971084775039e-10 -2.066729216140722922e-17
1.260020776909336060e-04 -2.344912834949888401e-10 7.804818183870288951e-18
2.427753482225555870e-04 -2.241866950495527606e-10 -4.752637670253625176e-18
2.996431574025376632e-04 -3.153660446105666540e-10 -3.373662412103538116e-18
4.141696261697570131e-03 -1.545570200456863155e-10 1.447318485877578244e-17
2.797605200548011414e-02 -8.277154943938974710e-10 -1.346194799463348293e-17
