1.311588492480423120e-04 -1.617160334778816994e-06 -0.000000000000000000e+00
1.315235633958917148e-04 -1.617160372662231305e-06 -0.000000000000000000e+00
1.590901204451841775e-04 -1.617160405714723433e-06 -0.000000000000000000e+00
4.385299843246136817e-05 -1.617160434616052988e-06 -0.000000000000000000e+00
1.020273589731839867e-05 -1.617160459941489595e-06 -0.000000000000000000e+00
3.141583727733158332e-06 -1.617160482179165003e-06 -0.000000000000000000e+00
1.170944679926316139e-06 -1.617160501744349605e-06 -0.000000000000000000e+00
5.010915047127348663e-07 -1.617160518991205667e-06 -0.000000000000000000e+00
2.380428234719360029e-07 -1.617160534222514008e-06 -0.000000000000000000e+00
1.227057994776155937e-07 -1.617160547697735855e-06 -0.000000000000000000e+00
6.754039588709446714e-08 -1.617160559639713507e-06 -0.000000000000000000e+00
3.923176567152226587e-08 -1.617160570240259691e-06 -0.000000000000000000e+00
2.383603366968233664e-08 -1.617160579664832553e-06 -0.000000000000000000e+00
1.504443470548471387e-08 -1.617160588056442807e-06 -0.000000000000000000e+00
9.811098403869222587e-09 -1.617160595538953351e-06 -0.000000000000000000e+00
6.582295388235275351e-09 -1.617160602219841019e-06 -0.000000000000000000e+00
4.527120587973071993e-09 -1.617160608192540110e-06 -0.000000000000000000e+00
3.182627455891867103e-09 -1.617160613538419997e-06 -0.000000000000000000e+00
2.281446786143742906e-09 -1.617160618328459500e-06 -0.000000000000000000e+00
1.664182415116867014e-09 -1.617160622624678371e-06 -0.000000000000000000e+00
1.233084524436268390e-09 -1.617160626481346011e-06 -0.000000000000000000e+00
9.266708879524865511e-10 -1.617160629946020356e-06 -0.000000000000000000e+00
7.053781776623305725e-10 -1.617160633060431754e-06 -0.000000000000000000e+00
5.432158725125436556e-10 -1.617160635861237674e-06 -0.000000000000000000e+00
4.227854866593745528e-10 -1.617160638380680424e-06 -0.000000000000000000e+00
3.322379274348189985e-10 -1.617160640647138150e-06 -0.000000000000000000e+00
2.633748503301364541e-10 -1.617160642685609759e-06 -0.000000000000000000e+00
2.104404997443583876e-10 -1.617160644518128270e-06 -0.000000000000000000e+00
1.693389613366443580e-10 -1.617160646164112763e-06 -0.000000000000000000e+00
1.371186042306059955e-10 -1.617160647640684737e-06 -0.000000000000000000e+00
1.116271492033482225e-10 -1.617160648962928579e-06 -0.000000000000000000e+00
9.127766494490751897e-11 -1.617160650144122377e-06 -0.000000000000000000e+00
7.488757746806713193e-11 -1.617160651195938668e-06 -0.000000000000000000e+00
6.156659379021609991e-11 -1.617160652128610881e-06 -0.000000000000000000e+00
5.063766939045538698e-11 -1.617160652951088767e-06 -0.000000000000000000e+00
4.158067160567478221e-11 -1.617160653671158252e-06 -0.000000000000000000e+00
3.399176382168152257e-11 -1.617160654295554941e-06 -0.000000000000000000e+00
2.755377528627359312e-11 -1.617160654830056025e-06 -0.000000000000000000e+00
2.201435090578147985e-11 -1.617160655279556081e-06 -0.000000000000000000e+00
1.716960429823368336e-11 -1.617160655648139080e-06 -0.000000000000000000e+00
1.285169969411977183e-11 -1.617160655939128778e-06 -0.000000000000000000e+00
8.919261608464258316e-12 -1.617160656155133615e-06 -0.000000000000000000e+00
5.249742366441459836e-12 -1.617160656298079742e-06 -0.000000000000000000e+00
1.733178520851520247e-12 -1.617160656369236439e-06 -0.000000000000000000e+00
-1.733180278042544624e-12 -1.617160656369236439e-06 -0.000000000000000000e+00
-5.249744728170904089e-12 -1.617160656298079319e-06 -0.000000000000000000e+00
-8.919257550241156574e-12 -1.617160656155134462e-06 -0.000000000000000000e+00
-1.285169955005966525e-11 -1.617160655939130684e-06 -0.000000000000000000e+00
-1.716960275122284662e-11 -1.617160655648140350e-06 -0.000000000000000000e+00
-2.201435228824700297e-11 -1.617160655279556504e-06 -0.000000000000000000e+00
-2.755377660955714807e-11 -1.617160654830055601e-06 -0.000000000000000000e+00
-3.399176293530237239e-11 -1.617160654295555365e-06 -0.000000000000000000e+00
-4.158067154272632467e-11 -1.617160653671158675e-06 -0.000000000000000000e+00
-5.063766556136152979e-11 -1.617160652951088132e-06 -0.000000000000000000e+00
-6.156659842468986918e-11 -1.617160652128610458e-06 -0.000000000000000000e+00
-7.488757850494273435e-11 -1.617160651195937609e-06 -0.000000000000000000e+00
-9.127766645786389857e-11 -1.617160650144122165e-06 -0.000000000000000000e+00
-1.116271462015223165e-10 -1.617160648962928579e-06 -0.000000000000000000e+00
-1.371185992618527984e-10 -1.617160647640684102e-06 -0.000000000000000000e+00
-1.693389639084652822e-10 -1.617160646164112340e-06 -0.000000000000000000e+00
-2.104405034757575163e-10 -1.617160644518127212e-06 -0.000000000000000000e+00
-2.633748552854521279e-10 -1.617160642685609759e-06 -0.000000000000000000e+00
-3.322379232910313535e-10 -1.617160640647138150e-06 -0.000000000000000000e+00
-4.227854817856167160e-10 -1.617160638380679577e-06 -0.000000000000000000e+00
-5.432158712913452776e-10 -1.617160635861237250e-06 -0.000000000000000000e+00
-7.053781802671514795e-10 -1.617160633060430907e-06 -0.000000000000000000e+00
-9.266708924514470430e-10 -1.617160629946020568e-06 -0.000000000000000000e+00
-1.233084522313880102e-09 -1.617160626481346435e-06 -0.000000000000000000e+00
-1.664182410881964908e-09 -1.617160622624677736e-06 -0.000000000000000000e+00
-2.281446782401775511e-09 -1.617160618328459500e-06 -0.000000000000000000e+00
-3.182627461628962289e-09 -1.617160613538419362e-06 -0.000000000000000000e+00
-4.527120590922612769e-09 -1.617160608192540110e-06 -0.000000000000000000e+00
-6.582295390121937843e-09 -1.617160602219841019e-06 -0.000000000000000000e+00
-9.811098397697065554e-09 -1.617160595538952927e-06 -0.000000000000000000e+00
-1.504443470635842836e-08 -1.617160588056443019e-06 -0.000000000000000000e+00
-2.383603367125691464e-08 -1.617160579664831918e-06 -0.000000000000000000e+00
-3.923176567723101647e-08 -1.617160570240260538e-06 -0.000000000000000000e+00
-6.754039588340491073e-08 -1.617160559639713507e-06 -0.000000000000000000e+00
-1.227057994716549169e-07 -1.617160547697736279e-06 -0.000000000000000000e+00
-2.380428234713659498e-07 -1.617160534222514432e-06 -0.000000000000000000e+00
-5.010915047143773691e-07 -1.617160518991205455e-06 -0.000000000000000000e+00
-1.170944679932385553e-06 -1.617160501744349182e-06 -0.000000000000000000e+00
-3.141583727729961630e-06 -1.617160482179165003e-06 -0.000000000000000000e+00
-1.020273589731596260e-05 -1.617160459941489172e-06 -0.000000000000000000e+00
-4.385299843246136817e-05 -1.617160434616053623e-06 -0.000000000000000000e+00
-1.590901204451865899e-04 -1.617160405714723221e-06 -0.000000000000000000e+00
-1.315235633958929075e-04 -1.617160372662231093e-06 -0.000000000000000000e+00
-1.311588492480407942e-04 -1.617160334778816570e-06 -0.000000000000000000e+00
-1.311588497440147158e-04 3.769582807086696707e-13 -0.000000000000000000e+00
-1.315235644966525005e-04 4.270688191452840294e-13 -0.000000000000000000e+00
-1.590901221669801147e-04 4.849107369492201153e-13 -0.000000000000000000e+00
-4.385300080214317084e-05 5.518475316338246329e-13 -0.000000000000000000e+00
-1.020273895304033900e-05 6.295142520010729290e-13 -0.000000000000000000e+00
-3.141587519980731866e-06 7.198779727661731088e-13 -0.000000000000000000e+00
-1.170949272898639375e-06 8.253132069411511821e-13 -0.000000000000000000e+00
-5.010969780996121367e-07 9.486963206281582942e-13 -0.000000000000000000e+00
-2.380492748111233338e-07 1.093524226200632449e-12 -0.000000000000000000e+00
-1.227133469805131433e-07 1.264064234566693542e-12 -0.000000000000000000e+00
-6.754918207900288543e-08 1.465544083926537719e-12 -0.000000000000000000e+00
-3.924196182203757979e-08 1.704394022553269089e-12 -0.000000000000000000e+00
-2.384784535181794351e-08 1.988556672479856797e-12 -0.000000000000000000e+00
-1.505810876705908043e-08 2.327885611022440130e-12 -0.000000000000000000e+00
-9.826931530507257024e-09 2.734660700107431276e-12 -0.000000000000000000e+00
-6.600644923534065954e-09 3.224257908531369015e-12 -0.000000000000000000e+00
-4.548417967472736736e-09 3.816024762568240031e-12 -0.000000000000000000e+00
-3.207395278299018434e-09 4.534431136265614231e-12 -0.000000000000000000e+00
-2.310320279969625459e-09 5.410591036675146301e-12 -0.000000000000000000e+00
-1.697936805079533174e-09 6.484287527422043616e-12 -0.000000000000000000e+00
-1.272669900684330739e-09 7.806684624724123812e-12 -0.000000000000000000e+00
-9.732570134841295378e-10 9.443983779072699751e-12 -0.000000000000000000e+00
-7.604124143449843843e-10 1.148238868510375789e-11 -0.000000000000000000e+00
-6.084983320287103136e-10 1.403489606384696109e-11 -0.000000000000000000e+00
-5.005673952316371820e-10 1.725065511494124256e-11 -0.000000000000000000e+00
-4.253509166857329561e-10 2.132797030245405769e-11 -0.000000000000000000e+00
-3.754024124630222452e-10 2.653251622238404652e-11 -0.000000000000000000e+00
-3.459465887805486154e-10 3.322307553690347160e-11 -0.000000000000000000e+00
-3.341753772004736224e-10 4.188823673500268738e-11 -0.000000000000000000e+00
-3.388411622801038556e-10 5.319921295837214777e-11 -0.000000000000000000e+00
-3.600638614401391538e-10 6.808661174352078940e-11 -0.000000000000000000e+00
-3.993106736009106901e-10 8.785315850688950652e-11 -0.000000000000000000e+00
-4.595382951518176294e-10 1.143409718772467670e-10 -0.000000000000000000e+00
-5.455147934881982554e-10 1.501825259115900213e-10 -0.000000000000000000e+00
-6.643665854868012078e-10 1.991814525649288562e-10 -0.000000000000000000e+00
-8.264334109382067591e-10 2.668971229594492320e-10 -0.000000000000000000e+00
-1.046564668884769117e-09 3.615527911227744602e-10 -0.000000000000000000e+00
-1.346067087404406653e-09 4.954634907008212252e-10 -0.000000000000000000e+00
-1.755627423044406140e-09 6.873083858097872993e-10 -0.000000000000000000e+00
-2.319706816719160097e-09 9.657900887277234459e-10 -0.000000000000000000e+00
-3.103160828046124988e-09 1.375594621466471189e-09 -0.000000000000000000e+00
-4.201212857541240095e-09 1.987199364332209530e-09 -0.000000000000000000e+00
-5.754419869047413955e-09 2.913154219516043297e-09 -0.000000000000000000e+00
-7.970889673477201713e-09 4.335272092858117121e-09 -0.000000000000000000e+00
-1.115854622610627521e-08 6.550125791229573856e-09 -0.000000000000000000e+00
-1.577008299467343819e-08 1.004483674214655042e-08 -0.000000000000000000e+00
-2.246081892825330203e-08 1.562150969508927031e-08 -0.000000000000000000e+00
-3.215150631072114956e-08 2.459538243546078189e-08 -0.000000000000000000e+00
-4.606782095709498717e-08 3.909252945664320772e-08 -0.000000000000000000e+00
-6.568727319444794941e-08 6.244999732901735775e-08 -0.000000000000000000e+00
-9.246111206524205684e-08 9.963687654407190124e-08 -0.000000000000000000e+00
-1.271285959750328998e-07 1.574170554970087053e-07 -0.000000000000000000e+00
-1.685271084417863446e-07 2.436650941855806855e-07 -0.000000000000000000e+00
-2.122323490471197410e-07 3.650698734939605396e-07 -0.000000000000000000e+00
-2.501511978736969631e-07 5.230668407001866666e-07 -0.000000000000000000e+00
-2.725524110791749221e-07 7.097467397087739716e-07 -0.000000000000000000e+00
-2.725520782025888498e-07 9.074138982437264272e-07 -0.000000000000000000e+00
-2.501501934479768382e-07 1.094093797029619347e-06 -0.000000000000000000e+00
-2.122306555019280429e-07 1.252090763787926034e-06 -0.000000000000000000e+00
-1.685246958846119220e-07 1.373495542418034674e-06 -0.000000000000000000e+00
-1.271254213244084443e-07 1.459743580190191385e-06 -0.000000000000000000e+00
-9.245711784454491328e-08 1.517523757977979128e-06 -0.000000000000000000e+00
-6.568238582782333761e-08 1.554710635765576598e-06 -0.000000000000000000e+00
-4.606194848446890075e-08 1.578068101931407794e-06 -0.000000000000000000e+00
-3.214453549407321466e-08 1.592565246946677201e-06 -0.000000000000000000e+00
-2.245261161590267753e-08 1.601539117357627640e-06 -0.000000000000000000e+00
-1.576047157982692597e-08 1.607115787629218025e-06 -0.000000000000000000e+00
-1.114732791453686460e-08 1.610610495513629916e-06 -0.000000000000000000e+00
-7.957819202906119876e-09 1.612825345721716936e-06 -0.000000000000000000e+00
-5.739200420191953881e-09 1.614247459636237826e-06 -0.000000000000000000e+00
-4.183484573233534629e-09 1.615173410012326141e-06 -0.000000000000000000e+00
-3.082486391041919201e-09 1.615785009696092515e-06 -0.000000000000000000e+00
-2.295552939988298977e-09 1.616194808520820541e-06 -0.000000000000000000e+00
-1.727341272839107020e-09 1.616473283787326302e-06 -0.000000000000000000e+00
-1.312845884876243691e-09 1.616665121425892527e-06 -0.000000000000000000e+00
-1.007416481427906322e-09 1.616799023942865912e-06 -0.000000000000000000e+00
-7.801260846581312227e-10 1.616893670379908511e-06 -0.000000000000000000e+00
-6.093607630851486902e-10 1.616961375628929699e-06 -0.000000000000000000e+00
-4.798753592535292722e-10 1.617010362779665493e-06 -0.000000000000000000e+00
-3.808165329457407954e-10 1.617046191012483880e-06 -0.000000000000000000e+00
-3.043859751092768450e-10 1.617072663737463504e-06 -0.000000000000000000e+00
-2.449294020039316459e-10 1.617092413170083847e-06 -0.000000000000000000e+00
-1.983105504343442216e-10 1.617107281126995851e-06 -0.000000000000000000e+00
-1.614773402804379157e-10 1.617118569980189559e-06 -0.000000000000000000e+00
-1.321587347406444327e-10 1.617127209922604872e-06 -0.000000000000000000e+00
-1.086510183992967550e-10 1.617133871679864525e-06 -0.000000000000000000e+00
-8.966591099307746494e-11 1.617139043265755326e-06 -0.000000000000000000e+00
-7.422161962872053271e-11 1.617143082783692826e-06 -0.000000000000000000e+00
-6.156410733643784352e-11 1.617146255103298546e-06 -0.000000000000000000e+00
-5.110976558671053457e-11 1.617148757572373080e-06 -0.000000000000000000e+00
-4.240332545587829664e-11 1.617150738199875611e-06 -0.000000000000000000e+00
-3.508670307430592689e-11 1.617152308619372679e-06 -0.000000000000000000e+00
-2.887565950161394558e-11 1.617153553399813444e-06 -0.000000000000000000e+00
-2.354228827913450443e-11 1.617154536775835793e-06 -0.000000000000000000e+00
-1.890168842555000272e-11 1.617155307537167681e-06 -0.000000000000000000e+00
-1.480170218561446348e-11 1.617155902590698193e-06 -0.000000000000000000e+00
-1.111495700531996164e-11 1.617156349553679074e-06 -0.000000000000000000e+00
-7.732459972543473446e-12 1.617156668628795643e-06 -0.000000000000000000e+00
-4.558464425698613476e-12 1.617156873935928733e-06 -0.000000000000000000e+00
-1.506150253891549287e-12 1.617156974420860540e-06 -0.000000000000000000e+00
1.506157875765821523e-12 1.617156974420860117e-06 -0.000000000000000000e+00
4.558461095042499162e-12 1.617156873935929157e-06 -0.000000000000000000e+00
7.732452002013697468e-12 1.617156668628795643e-06 -0.000000000000000000e+00
1.111495529251987543e-11 1.617156349553678651e-06 -0.000000000000000000e+00
1.480170008849634014e-11 1.617155902590698616e-06 -0.000000000000000000e+00
1.890168704013790716e-11 1.617155307537167893e-06 -0.000000000000000000e+00
2.354229325778438440e-11 1.617154536775835793e-06 -0.000000000000000000e+00
2.887566863099619137e-11 1.617153553399813867e-06 -0.000000000000000000e+00
3.508671254750945197e-11 1.617152308619373314e-06 -0.000000000000000000e+00
4.240331887817839714e-11 1.617150738199876034e-06 -0.000000000000000000e+00
5.110974956938960241e-11 1.617148757572372657e-06 -0.000000000000000000e+00
6.156409992919953713e-11 1.617146255103298122e-06 -0.000000000000000000e+00
7.422163402194868477e-11 1.617143082783693250e-06 -0.000000000000000000e+00
8.966592539778818929e-11 1.617139043265755538e-06 -0.000000000000000000e+00
1.086510111562603401e-10 1.617133871679865161e-06 -0.000000000000000000e+00
1.321587198339117976e-10 1.617127209922605084e-06 -0.000000000000000000e+00
1.614773358573104214e-10 1.617118569980189982e-06 -0.000000000000000000e+00
1.983105656795008213e-10 1.617107281126996275e-06 -0.000000000000000000e+00
2.449294173255406206e-10 1.617092413170083847e-06 -0.000000000000000000e+00
3.043859667460252824e-10 1.617072663737463927e-06 -0.000000000000000000e+00
3.808165162112186194e-10 1.617046191012483880e-06 -0.000000000000000000e+00
4.798753504323563127e-10 1.617010362779665282e-06 -0.000000000000000000e+00
6.093607802238268158e-10 1.616961375628929911e-06 -0.000000000000000000e+00
7.801260972150973977e-10 1.616893670379908935e-06 -0.000000000000000000e+00
1.007416476581659426e-09 1.616799023942866971e-06 -0.000000000000000000e+00
1.312845869126148696e-09 1.616665121425892950e-06 -0.000000000000000000e+00
1.727341266025850891e-09 1.616473283787326514e-06 -0.000000000000000000e+00
2.295552956632456686e-09 1.616194808520820117e-06 -0.000000000000000000e+00
3.082486403369417926e-09 1.615785009696092515e-06 -0.000000000000000000e+00
4.183484568256127494e-09 1.615173410012326141e-06 -0.000000000000000000e+00
5.739200401932549009e-09 1.614247459636238038e-06 -0.000000000000000000e+00
7.957819197817767968e-09 1.612825345721716512e-06 -0.000000000000000000e+00
1.114732792548431380e-08 1.610610495513629705e-06 -0.000000000000000000e+00
1.576047159488358512e-08 1.607115787629218025e-06 -0.000000000000000000e+00
2.245261161060569082e-08 1.601539117357627640e-06 -0.000000000000000000e+00
3.214453547747523348e-08 1.592565246946677625e-06 -0.000000000000000000e+00
4.606194848322728280e-08 1.578068101931408006e-06 -0.000000000000000000e+00
6.568238583844532929e-08 1.554710635765575751e-06 -0.000000000000000000e+00
9.245711786346829106e-08 1.517523757977978069e-06 -0.000000000000000000e+00
1.271254213119477426e-07 1.459743580190190962e-06 -0.000000000000000000e+00
1.685246958699778396e-07 1.373495542418033403e-06 -0.000000000000000000e+00
2.122306554899314623e-07 1.252090763787924764e-06 -0.000000000000000000e+00
2.501501934663400361e-07 1.094093797029611300e-06 -0.000000000000000000e+00
2.725520782174104440e-07 9.074138982437177451e-07 -0.000000000000000000e+00
2.725524110740978595e-07 7.097467397087696306e-07 -0.000000000000000000e+00
2.501511978680910873e-07 5.230668407001833844e-07 -0.000000000000000000e+00
2.122323490362336206e-07 3.650698734939578927e-07 -0.000000000000000000e+00
1.685271084600916530e-07 2.436650941855760269e-07 -0.000000000000000000e+00
1.271285959756797948e-07 1.574170554970074877e-07 -0.000000000000000000e+00
9.246111205965486870e-08 9.963687654407105421e-08 -0.000000000000000000e+00
6.568727318126680649e-08 6.244999732901705335e-08 -0.000000000000000000e+00
4.606782095864713534e-08 3.909252945664289008e-08 -0.000000000000000000e+00
3.215150632054970298e-08 2.459538243546036499e-08 -0.000000000000000000e+00
2.246081893310271124e-08 1.562150969508915120e-08 -0.000000000000000000e+00
1.577008298455605977e-08 1.004483674214647266e-08 -0.000000000000000000e+00
1.115854622040096734e-08 6.550125791229524225e-09 -0.000000000000000000e+00
7.970889674679700639e-09 4.335272092858086515e-09 -0.000000000000000000e+00
5.754419882965258811e-09 2.913154219515993666e-09 -0.000000000000000000e+00
4.201212858377863802e-09 1.987199364332196709e-09 -0.000000000000000000e+00
3.103160825640969972e-09 1.375594621466461883e-09 -0.000000000000000000e+00
2.319706806770838368e-09 9.657900887277172420e-10 -0.000000000000000000e+00
1.755627424592690550e-09 6.873083858097832668e-10 -0.000000000000000000e+00
1.346067094073763961e-09 4.954634907008166757e-10 -0.000000000000000000e+00
1.046564670462873182e-09 3.615527911227722372e-10 -0.000000000000000000e+00
8.264334009608709464e-10 2.668971229594476810e-10 -0.000000000000000000e+00
6.643665830876324971e-10 1.991814525649278223e-10 -0.000000000000000000e+00
5.455147943322898517e-10 1.501825259115892975e-10 -0.000000000000000000e+00
4.595383085292843648e-10 1.143409718772454229e-10 -0.000000000000000000e+00
3.993106751034649375e-10 8.785315850688909293e-11 -0.000000000000000000e+00
3.600638523778397371e-10 6.808661174352042751e-11 -0.000000000000000000e+00
3.388411600691178037e-10 5.319921295837191512e-11 -0.000000000000000000e+00
3.341753771909108976e-10 4.188823673500252583e-11 -0.000000000000000000e+00
3.459466021676359266e-10 3.322307553690316141e-11 -0.000000000000000000e+00
3.754024060697158905e-10 2.653251622238400452e-11 -0.000000000000000000e+00
4.253509142569378929e-10 2.132797030245397368e-11 -0.000000000000000000e+00
5.005673838083484029e-10 1.725065511494117471e-11 -0.000000000000000000e+00
6.084983404762130134e-10 1.403489606384690778e-11 -0.000000000000000000e+00
7.604124147369085556e-10 1.148238868510368680e-11 -0.000000000000000000e+00
9.732570164868505825e-10 9.443983779072667439e-12 -0.000000000000000000e+00
1.272669890670580678e-09 7.806684624724097962e-12 -0.000000000000000000e+00
1.697936808337602806e-09 6.484287527422008073e-12 -0.000000000000000000e+00
2.310320288452474310e-09 5.410591036675130953e-12 -0.000000000000000000e+00
3.207395280152370777e-09 4.534431136265581920e-12 -0.000000000000000000e+00
4.548417966477842772e-09 3.816024762568227914e-12 -0.000000000000000000e+00
6.600644908032597877e-09 3.224257908531365784e-12 -0.000000000000000000e+00
9.826931541685608732e-09 2.734660700107411889e-12 -0.000000000000000000e+00
1.505810876699729335e-08 2.327885611022434072e-12 -0.000000000000000000e+00
2.384784536289212174e-08 1.988556672479843469e-12 -0.000000000000000000e+00
3.924196180582387363e-08 1.704394022553268079e-12 -0.000000000000000000e+00
6.754918208358483074e-08 1.465544083926535093e-12 -0.000000000000000000e+00
1.227133469808016110e-07 1.264064234566686474e-12 -0.000000000000000000e+00
2.380492748196157656e-07 1.093524226200630833e-12 -0.000000000000000000e+00
5.010969780967086136e-07 9.486963206281562747e-13 -0.000000000000000000e+00
1.170949272888633163e-06 8.253132069411487588e-13 -0.000000000000000000e+00
3.141587519982241279e-06 7.198779727661712913e-13 -0.000000000000000000e+00
1.020273895304692384e-05 6.295142520010700007e-13 -0.000000000000000000e+00
4.385300080214326571e-05 5.518475316338230173e-13 -0.000000000000000000e+00
1.590901221669816868e-04 4.849107369492189036e-13 -0.000000000000000000e+00
1.315235644966469169e-04 4.270688191452832721e-13 -0.000000000000000000e+00
1.311588497440154205e-04 3.769582807086689133e-13 -0.000000000000000000e+00
