1.311583027848098456e-04 -1.617160651195938244e-06 -0.000000000000000000e+00
1.315228551715227532e-04 -1.617160652128611093e-06 -0.000000000000000000e+00
1.590891912932295826e-04 -1.617160652951089614e-06 -0.000000000000000000e+00
4.385176320122835482e-05 -1.617160653671158463e-06 -0.000000000000000000e+00
1.020106987642213924e-05 -1.617160654295555365e-06 -0.000000000000000000e+00
3.139300728692599624e-06 -1.617160654830055389e-06 -0.000000000000000000e+00
1.167760768139726399e-06 -1.617160655279556081e-06 -0.000000000000000000e+00
4.965633527659550369e-07 -1.617160655648139715e-06 -0.000000000000000000e+00
2.314597378339958213e-07 -1.617160655939128778e-06 -0.000000000000000000e+00
1.128941429095455840e-07 -1.617160656155133191e-06 -0.000000000000000000e+00
5.249562878988748192e-08 -1.617160656298078895e-06 -0.000000000000000000e+00
1.539562161694998905e-08 -1.617160656369236439e-06 -0.000000000000000000e+00
-1.539562161593239808e-08 -1.617160656369236863e-06 -0.000000000000000000e+00
-5.249562878945791710e-08 -1.617160656298079319e-06 -0.000000000000000000e+00
-1.128941429105859787e-07 -1.617160656155134462e-06 -0.000000000000000000e+00
-2.314597378353211103e-07 -1.617160655939130473e-06 -0.000000000000000000e+00
-4.965633527654832395e-07 -1.617160655648140774e-06 -0.000000000000000000e+00
-1.167760768139756256e-06 -1.617160655279557351e-06 -0.000000000000000000e+00
-3.139300728691812307e-06 -1.617160654830055601e-06 -0.000000000000000000e+00
-1.020106987642274232e-05 -1.617160654295555153e-06 -0.000000000000000000e+00
-4.385176320122849034e-05 -1.617160653671158252e-06 -0.000000000000000000e+00
-1.590891912932296910e-04 -1.617160652951088555e-06 -0.000000000000000000e+00
-1.315228551715218045e-04 -1.617160652128611305e-06 -0.000000000000000000e+00
-1.311583027848101709e-04 -1.617160651195937821e-06 -0.000000000000000000e+00
-1.311588469658747473e-04 1.324344729577185066e-14 -0.000000000000000000e+00
-1.315235613995571393e-04 1.439880885818329788e-14 -0.000000000000000000e+00
-1.590901187078656094e-04 1.566920447129299417e-14 -0.000000000000000000e+00
-4.385299693123099443e-05 1.706754430623570294e-14 -0.000000000000000000e+00
-1.020273461264502018e-05 1.860835536288704016e-14 -0.000000000000000000e+00
-3.141582643079199648e-06 2.030800555205888756e-14 -0.000000000000000000e+00
-1.170943781408272401e-06 2.218496190645981426e-14 -0.000000000000000000e+00
-5.010907807982990848e-07 2.426008859859120683e-14 -0.000000000000000000e+00
-2.380422648170480733e-07 2.655699147041797616e-14 -0.000000000000000000e+00
-1.227053986865465151e-07 2.910241700715259298e-14 -0.000000000000000000e+00
-6.754014741122037277e-08 3.192671515815315743e-14 -0.000000000000000000e+00
-3.923166565479508029e-08 3.506437717368405315e-14 -0.000000000000000000e+00
-2.383607986772357114e-08 3.855466175093294369e-14 -0.000000000000000000e+00
-1.504462649050325695e-08 4.244232534487855052e-14 -0.000000000000000000e+00
-9.811436685955233757e-09 4.677847559651719844e-14 -0.000000000000000000e+00
-6.582782668470135239e-09 5.162157058292730808e-14 -0.000000000000000000e+00
-4.527760915988601320e-09 5.703859115014906827e-14 -0.000000000000000000e+00
-3.183426552574863707e-09 6.310641913696873549e-14 -0.000000000000000000e+00
-2.282412090142323233e-09 6.991346106783416552e-14 -0.000000000000000000e+00
-1.665323237792074364e-09 7.756156517728143260e-14 -0.000000000000000000e+00
-1.234412165035223944e-09 8.616828979189168277e-14 -0.000000000000000000e+00
-9.281988067467079909e-10 9.586959359929474260e-14 -0.000000000000000000e+00
-7.071222653460615482e-10 1.068230337587258342e-13 -0.000000000000000000e+00
-5.451946732947640627e-10 1.192115768913890414e-13 -0.000000000000000000e+00
-4.250205778568489056e-10 1.332481516688329025e-13 -0.000000000000000000e+00
-3.347542344989448076e-10 1.491811011896835094e-13 -0.000000000000000000e+00
-2.662011786831407223e-10 1.673007301304805082e-13 -0.000000000000000000e+00
-2.136100190834131426e-10 1.879471877418331375e-13 -0.000000000000000000e+00
-1.728899045419769636e-10 2.115199856723812005e-13 -0.000000000000000000e+00
-1.410949779038370924e-10 2.384895226214808268e-13 -0.000000000000000000e+00
-1.160796567707935551e-10 2.694110802093464859e-13 -0.000000000000000000e+00
-9.626479586979142056e-11 3.049418717689060401e-13 -0.000000000000000000e+00
-8.047685713610947225e-11 3.458618752842807057e-13 -0.000000000000000000e+00
-6.783614447338679741e-11 3.930993729945540746e-13 -0.000000000000000000e+00
-5.767796541404946542e-11 4.477623658818650306e-13 -0.000000000000000000e+00
-4.949677454346728087e-11 5.111773481238449489e-13 -0.000000000000000000e+00
-4.290591259445740802e-11 5.849373369324950374e-13 -0.000000000000000000e+00
-3.760857096220506661e-11 6.709615868991953639e-13 -0.000000000000000000e+00
-3.337655599072225927e-11 7.715701151975286490e-13 -0.000000000000000000e+00
-3.003477245244179099e-11 8.895770790685901901e-13 -0.000000000000000000e+00
-2.744982396228250736e-11 1.028408253706156740e-12 -0.000000000000000000e+00
-2.552170341775597523e-11 1.192249457737420368e-12 -0.000000000000000000e+00
-2.417768310926626241e-11 1.386234903336818361e-12 -0.000000000000000000e+00
-2.336809308316960186e-11 1.616687299720679229e-12 -0.000000000000000000e+00
-2.306337496061693156e-11 1.891425377816684792e-12 -0.000000000000000000e+00
-2.325240921256135982e-11 2.220159701278042041e-12 -0.000000000000000000e+00
-2.394184380752198777e-11 2.615004706427873473e-12 -0.000000000000000000e+00
-2.515636263372670049e-11 3.091144609566939859e-12 -0.000000000000000000e+00
-2.693990743063922001e-11 3.667704186411971744e-12 -0.000000000000000000e+00
-2.935802060694877323e-11 4.368893974568562150e-12 -0.000000000000000000e+00
-3.250136711881289988e-11 5.225525356674818026e-12 -0.000000000000000000e+00
-3.649083835718601111e-11 6.277027423481935047e-12 -0.000000000000000000e+00
-4.148442954951179674e-11 7.574149148408616287e-12 -0.000000000000000000e+00
-4.768665946840946148e-11 9.182604110564938206e-12 -0.000000000000000000e+00
-5.536108623110092168e-11 1.118802103943323824e-11 -0.000000000000000000e+00
-6.484733740944187445e-11 1.370271723785609037e-11 -0.000000000000000000e+00
-7.658378548154961991e-11 1.687503684281327728e-11 -0.000000000000000000e+00
-9.113827425032542327e-11 2.090232765697338915e-11 -0.000000000000000000e+00
-1.092497825571288134e-10 2.604912412124740542e-11 -0.000000000000000000e+00
-1.318853090584041690e-10 3.267284591688608454e-11 -0.000000000000000000e+00
-1.603182828743513096e-10 4.126044704776915151e-11 -0.000000000000000000e+00
-1.962369966414486154e-10 5.248117419639379810e-11 -0.000000000000000000e+00
-2.418961376248176474e-10 6.726326105886271287e-11 -0.000000000000000000e+00
-3.003299317675946351e-10 8.690655742104429886e-11 -0.000000000000000000e+00
-3.756548627558046113e-10 1.132496858042708784e-10 -0.000000000000000000e+00
-4.735027919664239918e-10 1.489208538362055755e-10 -0.000000000000000000e+00
-6.016462514755315280e-10 1.977184666999061799e-10 -0.000000000000000000e+00
-7.709085084937826443e-10 2.651954663291817779e-10 -0.000000000000000000e+00
-9.964992236249989501e-10 3.595671652931833280e-10 -0.000000000000000000e+00
-1.299990099770357504e-09 4.931387449389051721e-10 -0.000000000000000000e+00
-1.712257373895079052e-09 6.845770909263740339e-10 -0.000000000000000000e+00
-2.277889964634761739e-09 9.625694411119316485e-10 -0.000000000000000000e+00
-3.061818540704836247e-09 1.371782471685240740e-09 -0.000000000000000000e+00
-4.159294309200053880e-09 1.982669094957168526e-09 -0.000000000000000000e+00
-5.710857006429704411e-09 2.907748101184830998e-09 -0.000000000000000000e+00
-7.924551485975517461e-09 4.328792615434471722e-09 -0.000000000000000000e+00
-1.110818944511721665e-08 6.542324283092141177e-09 -0.000000000000000000e+00
-1.571429585717535520e-08 1.003539833302416664e-08 -0.000000000000000000e+00
-2.239795420480130212e-08 1.561003331411849192e-08 -0.000000000000000000e+00
-3.207959888952979224e-08 2.458135401849628845e-08 -0.000000000000000000e+00
-4.598448384740061428e-08 3.907528579415772188e-08 -0.000000000000000000e+00
-6.558956363218585593e-08 6.242867691126037059e-08 -0.000000000000000000e+00
-9.234535654246278755e-08 9.961035219141059592e-08 -0.000000000000000000e+00
-1.269901586461703781e-07 1.573838412524005789e-07 -0.000000000000000000e+00
-1.683600815915580524e-07 2.436232155093425861e-07 -0.000000000000000000e+00
-2.120291351465492852e-07 3.650166846398036473e-07 -0.000000000000000000e+00
-2.499019402731137341e-07 5.229987653215752955e-07 -0.000000000000000000e+00
-2.722442111796578953e-07 7.096588987418995778e-07 -0.000000000000000000e+00
-2.721679097771069560e-07 9.072995705152936648e-07 -0.000000000000000000e+00
-2.496673834102514823e-07 1.093943628902513280e-06 -0.000000000000000000e+00
-2.116187389337317323e-07 1.251891598004568097e-06 -0.000000000000000000e+00
-1.677423602834548408e-07 1.373228662362623526e-06 -0.000000000000000000e+00
-1.261161140039374119e-07 1.459382046007425772e-06 -0.000000000000000000e+00
-9.114267656688426465e-08 1.517028314795283732e-06 -0.000000000000000000e+00
-6.395372525613824997e-08 1.554023349564729109e-06 -0.000000000000000000e+00
-4.376533656134713366e-08 1.577102336102769142e-06 -0.000000000000000000e+00
-2.906123796429179853e-08 1.591189678882202542e-06 -0.000000000000000000e+00
-1.826855430443536052e-08 1.599551947095712362e-06 -0.000000000000000000e+00
-1.002093017177666214e-08 1.604202665336416986e-06 -0.000000000000000000e+00
-3.189395481828997969e-09 1.606275258485148508e-06 -0.000000000000000000e+00
3.189395489464424270e-09 1.606275258485148085e-06 -0.000000000000000000e+00
1.002093016840238397e-08 1.604202665336416563e-06 -0.000000000000000000e+00
1.826855429645096657e-08 1.599551947095711939e-06 -0.000000000000000000e+00
2.906123796254818452e-08 1.591189678882202330e-06 -0.000000000000000000e+00
4.376533655925236825e-08 1.577102336102768295e-06 -0.000000000000000000e+00
6.395372525478699419e-08 1.554023349564727415e-06 -0.000000000000000000e+00
9.114267657185456134e-08 1.517028314795282038e-06 -0.000000000000000000e+00
1.261161140130735887e-07 1.459382046007421749e-06 -0.000000000000000000e+00
1.677423602929278190e-07 1.373228662362618443e-06 -0.000000000000000000e+00
2.116187389271346691e-07 1.251891598004564497e-06 -0.000000000000000000e+00
2.496673833942609825e-07 1.093943628902508621e-06 -0.000000000000000000e+00
2.721679097697163818e-07 9.072995705152887944e-07 -0.000000000000000000e+00
2.722442111940274916e-07 7.096588987418905781e-07 -0.000000000000000000e+00
2.499019402875045592e-07 5.229987653215670369e-07 -0.000000000000000000e+00
2.120291351392986567e-07 3.650166846397998357e-07 -0.000000000000000000e+00
1.683600815766310025e-07 2.436232155093399921e-07 -0.000000000000000000e+00
1.269901586417521749e-07 1.573838412523987260e-07 -0.000000000000000000e+00
9.234535655771959794e-08 9.961035219140824011e-08 -0.000000000000000000e+00
6.558956364753443704e-08 6.242867691125898092e-08 -0.000000000000000000e+00
4.598448383901930930e-08 3.907528579415732483e-08 -0.000000000000000000e+00
3.207959887277698270e-08 2.458135401849600059e-08 -0.000000000000000000e+00
2.239795419598346414e-08 1.561003331411833310e-08 -0.000000000000000000e+00
1.571429587434113962e-08 1.003539833302395819e-08 -0.000000000000000000e+00
1.110818945769095422e-08 6.542324283092009656e-09 -0.000000000000000000e+00
7.924551481110090729e-09 4.328792615434427054e-09 -0.000000000000000000e+00
5.710856990714688079e-09 2.907748101184807009e-09 -0.000000000000000000e+00
4.159294302399171752e-09 1.982669094957149915e-09 -0.000000000000000000e+00
3.061818557323822023e-09 1.371782471685216958e-09 -0.000000000000000000e+00
2.277889976983828785e-09 9.625694411119171728e-10 -0.000000000000000000e+00
1.712257368880560046e-09 6.845770909263682436e-10 -0.000000000000000000e+00
1.299990081529579499e-09 4.931387449389020702e-10 -0.000000000000000000e+00
9.964992185434197908e-10 3.595671652931807431e-10 -0.000000000000000000e+00
7.709085194547833401e-10 2.651954663291782623e-10 -0.000000000000000000e+00
6.016462665190763469e-10 1.977184666999036725e-10 -0.000000000000000000e+00
4.735027866584083792e-10 1.489208538362045674e-10 -0.000000000000000000e+00
3.756548461553674303e-10 1.132496858042700641e-10 -0.000000000000000000e+00
3.003299305242709335e-10 8.690655742104369140e-11 -0.000000000000000000e+00
2.418961482794209766e-10 6.726326105886193739e-11 -0.000000000000000000e+00
1.962370155396841693e-10 5.248117419639315833e-11 -0.000000000000000000e+00
1.603182703915104695e-10 4.126044704776897056e-11 -0.000000000000000000e+00
1.318852944359758110e-10 3.267284591688589713e-11 -0.000000000000000000e+00
1.092497705731845890e-10 2.604912412124728264e-11 -0.000000000000000000e+00
9.113829260768508757e-11 2.090232765697315651e-11 -0.000000000000000000e+00
7.658380029666626367e-11 1.687503684281310280e-11 -0.000000000000000000e+00
6.484733234864363771e-11 1.370271723785602090e-11 -0.000000000000000000e+00
5.536108062202456285e-11 1.118802103943318008e-11 -0.000000000000000000e+00
4.768664855075321716e-11 9.182604110564894585e-12 -0.000000000000000000e+00
4.148444784753083576e-11 7.574149148408545201e-12 -0.000000000000000000e+00
3.649083899499725797e-11 6.277027423481906775e-12 -0.000000000000000000e+00
3.250136152351629085e-11 5.225525356674791369e-12 -0.000000000000000000e+00
2.935800741215745085e-11 4.368893974568549226e-12 -0.000000000000000000e+00
2.693990897841695657e-11 3.667704186411955588e-12 -0.000000000000000000e+00
2.515637248994807535e-11 3.091144609566916029e-12 -0.000000000000000000e+00
2.394184864966354695e-11 2.615004706427862164e-12 -0.000000000000000000e+00
2.325239912040489705e-11 2.220159701278033559e-12 -0.000000000000000000e+00
2.306336925970374026e-11 1.891425377816676714e-12 -0.000000000000000000e+00
2.336809424651116147e-11 1.616687299720672969e-12 -0.000000000000000000e+00
2.417769700933987981e-11 1.386234903336807658e-12 -0.000000000000000000e+00
2.552170424673935038e-11 1.192249457737415521e-12 -0.000000000000000000e+00
2.744982154077041399e-11 1.028408253706152903e-12 -0.000000000000000000e+00
3.003476248654938870e-11 8.895770790685867570e-13 -0.000000000000000000e+00
3.337655750057331238e-11 7.715701151975260237e-13 -0.000000000000000000e+00
3.760857770228810715e-11 6.709615868991918298e-13 -0.000000000000000000e+00
4.290591417933821463e-11 5.849373369324927150e-13 -0.000000000000000000e+00
4.949676461695311537e-11 5.111773481238431314e-13 -0.000000000000000000e+00
5.767796303055054111e-11 4.477623658818636675e-13 -0.000000000000000000e+00
6.783614533047502973e-11 3.930993729945528124e-13 -0.000000000000000000e+00
8.047687053344580978e-11 3.458618752842786358e-13 -0.000000000000000000e+00
9.626479731096239119e-11 3.049418717689050809e-13 -0.000000000000000000e+00
1.160796476848039828e-10 2.694110802093455771e-13 -0.000000000000000000e+00
1.410949757398281784e-10 2.384895226214800695e-13 -0.000000000000000000e+00
1.728899045595771440e-10 2.115199856723805694e-13 -0.000000000000000000e+00
2.136100324636596702e-10 1.879471877418320520e-13 -0.000000000000000000e+00
2.662011723006605074e-10 1.673007301304802558e-13 -0.000000000000000000e+00
3.347542320906546728e-10 1.491811011896831813e-13 -0.000000000000000000e+00
4.250205664423055452e-10 1.332481516688325490e-13 -0.000000000000000000e+00
5.451946817294394659e-10 1.192115768913887385e-13 -0.000000000000000000e+00
7.071222657272030067e-10 1.068230337587254429e-13 -0.000000000000000000e+00
9.281988097356340411e-10 9.586959359929449016e-14 -0.000000000000000000e+00
1.234412155016912188e-09 8.616828979189148082e-14 -0.000000000000000000e+00
1.665323241035094272e-09 7.756156517728109181e-14 -0.000000000000000000e+00
2.282412098639467419e-09 6.991346106783397619e-14 -0.000000000000000000e+00
3.183426554424866381e-09 6.310641913696840733e-14 -0.000000000000000000e+00
4.527760914984334573e-09 5.703859115014895467e-14 -0.000000000000000000e+00
6.582782652996090681e-09 5.162157058292722604e-14 -0.000000000000000000e+00
9.811436697139465064e-09 4.677847559651697756e-14 -0.000000000000000000e+00
1.504462649045448969e-08 4.244232534487845585e-14 -0.000000000000000000e+00
2.383607987880796340e-08 3.855466175093277960e-14 -0.000000000000000000e+00
3.923166563855068243e-08 3.506437717368400266e-14 -0.000000000000000000e+00
6.754014741577330721e-08 3.192671515815309432e-14 -0.000000000000000000e+00
1.227053986868630143e-07 2.910241700715244783e-14 -0.000000000000000000e+00
2.380422648255143794e-07 2.655699147041792567e-14 -0.000000000000000000e+00
5.010907807954318783e-07 2.426008859859115635e-14 -0.000000000000000000e+00
1.170943781398239931e-06 2.218496190645975431e-14 -0.000000000000000000e+00
3.141582643080721343e-06 2.030800555205885600e-14 -0.000000000000000000e+00
1.020273461265160841e-05 1.860835536288697705e-14 -0.000000000000000000e+00
4.385299693123108930e-05 1.706754430623565877e-14 -0.000000000000000000e+00
1.590901187078671815e-04 1.566920447129296578e-14 -0.000000000000000000e+00
1.315235613995515557e-04 1.439880885818326948e-14 -0.000000000000000000e+00
1.311588469658755063e-04 1.324344729577182226e-14 -0.000000000000000000e+00
