2.797609731769883090e-02 -2.566331268936385525e-08 5.906105356446492235e-18
4.141672782448667378e-03 -4.285972556220229279e-09 -8.275996045675878546e-19
2.996357788962872304e-04 -1.018501510725922925e-08 -5.988695337440507388e-18
2.427591614269850040e-04 -7.117431549834674282e-09 -1.220862164784040779e-18
1.259838200699942012e-04 -7.803971029993984872e-09 3.715334881499241170e-18
9.538788749792817545e-05 -7.232100962051452186e-09 -5.007643837824570261e-18
7.204702220719658157e-05 -7.240674993628125916e-09 -3.019638203999643131e-18
5.730917410531888301e-05 -7.105022097217501922e-09 -2.290623464409218354e-18
4.661967830494467835e-05 -7.076117253745578158e-09 2.794768972010522966e-18
3.869234237654714526e-05 -7.048260477017405383e-09 3.200180945178024106e-18
3.259191602137875843e-05 -7.051442379696610475e-09 2.777272417946393923e-18
2.778320077270746147e-05 -7.068155386613399385e-09 -1.203731419434604134e-18
2.391400477619667897e-05 -7.099783993051439349e-09 -6.416805643642498966e-19
2.074876945921261262e-05 -7.141907382869723754e-09 2.965462109445610772e-18
1.812331316727519570e-05 -7.192967100945081699e-09 2.872580920423526439e-18
1.592002416208118665e-05 -7.250938399209814309e-09 5.062232339729347247e-18
1.405249730224850113e-05 -7.314396346878026773e-09 -2.368043761577718477e-18
1.245588306934830580e-05 -7.382039719402349053e-09 -6.659975519848224573e-18
1.108059281827028508e-05 -7.452794044265962813e-09 7.146065149973498476e-18
9.888081867772541278e-06 -7.525724873865503845e-09 1.731698869376994238e-19
8.847953889511844805e-06 -7.600030403945365307e-09 -3.074646120126930984e-18
7.935928538121972409e-06 -7.675014938772133133e-09 -2.126528357511496482e-18
7.132386913574068066e-06 -7.750074960077537912e-09 -2.968257119194930300e-18
6.421312088542019403e-06 -7.824685310653589511e-09 3.793432522979309878e-18
5.789505077763434926e-06 -7.898388843720482889e-09 -4.842727557084123772e-18
5.225996192952109265e-06 -7.970787503987138730e-09 -2.020394658564964722e-18
4.721597255483850342e-06 -8.041534758676224557e-09 -4.172718933336921051e-18
4.268556826777375468e-06 -8.110329363712652212e-09 3.075518979614051851e-19
3.860291792404102473e-06 -8.176909730455675478e-09 9.670876196236150606e-18
3.491176230673714853e-06 -8.241049259509619833e-09 1.027467998295544628e-17
3.156373760884040314e-06 -8.302552137772947367e-09 1.578380973230465138e-18
2.851703208042039028e-06 -8.361249633320901089e-09 -3.771113891394512425e-18
2.573530065247409127e-06 -8.416996927424338619e-09 -5.016534675575539417e-18
2.318678094928583455e-06 -8.469670142751398736e-09 -3.947789486022081581e-18
2.084356775972767695e-06 -8.519163719540612635e-09 5.451927813274388553e-19
1.868101322390069985e-06 -8.565388378726088246e-09 2.156505107270246814e-18
1.667722719162628708e-06 -8.608268702657153616e-09 7.634830602020727848e-18
1.481265814947535508e-06 -8.647741453361915341e-09 4.628604628929095479e-18
1.306973890616985878e-06 -8.683754122608877270e-09 -7.528148986883749922e-19
1.143258494783194745e-06 -8.716263221509982764e-09 1.782257853199726906e-18
9.886735328791529387e-07 -8.745233004322516381e-09 -9.011591060745878510e-19
8.418928274765702380e-07 -8.770634452779250457e-09 -9.112229595935057351e-18
7.016904897717834988e-07 -8.792444367304400482e-09 -4.404423710015745119e-18
5.669235709354625286e-07 -8.810644258308121212e-09 5.086802373404018794e-18
4.365165365421974641e-07 -8.825219777450876373e-09 3.945822684220352990e-19
3.094471994341541077e-07 -8.836160231176310190e-09 -4.585456762718781175e-18
1.847337639908352980e-07 -8.843457925806569901e-09 -2.611582661127263968e-18
6.142271650327879584e-08 -8.847107999239570639e-09 -5.169314651529426036e-18
-6.142271672879284772e-08 -8.847108030197551181e-09 -2.423696919627991718e-18
-1.847337640532853431e-07 -8.843457924744377351e-09 6.886147286275267541e-20
-3.094471988755731484e-07 -8.836160218558586461e-09 8.593569946821499196e-18
-4.365165368093448794e-07 -8.825219785055253623e-09 3.498196648974788603e-18
-5.669235706821929011e-07 -8.810644257434075855e-09 -8.190227432345719723e-18
-7.016904900632170428e-07 -8.792444372621517459e-09 6.784528609647947570e-19
-8.418928278373927210e-07 -8.770634463695761450e-09 7.827841084317611317e-18
-9.886735324871054331e-07 -8.745232974853321975e-09 -3.213885655253847036e-18
-1.143258494290533278e-06 -8.716263233373815736e-09 -8.839937643051322840e-18
-1.306973891009033384e-06 -8.683754142606871860e-09 -7.824565304301329355e-19
-1.481265815138355091e-06 -8.647741464016942963e-09 6.079238118500144410e-18
-1.667722719547737320e-06 -8.608268661426160621e-09 -7.964896083218792633e-19
-1.868101321730875064e-06 -8.565388391834727125e-09 9.132523946884399011e-19
-2.084356775605006318e-06 -8.519163733145773294e-09 1.891275355162344550e-18
-2.318678095317161514e-06 -8.469670121063298792e-09 -4.082046048289022729e-18
-2.573530065681089996e-06 -8.416996932033481636e-09 -9.534401092867764317e-18
-2.851703208097550180e-06 -8.361249640979842481e-09 3.133173327717051793e-18
-3.156373760589137323e-06 -8.302552137002509690e-09 3.162705997248453057e-18
-3.491176230080439424e-06 -8.241049268489229519e-09 2.065288382792451408e-19
-3.860291792816966661e-06 -8.176909714289709227e-09 -1.006790328832151052e-18
-4.268556827131259057e-06 -8.110329379733727853e-09 9.188665915908409642e-19
-4.721597255483850342e-06 -8.041534758793535311e-09 1.423257412574118776e-18
-5.225996192549653419e-06 -7.970787510800172141e-09 -4.233776201307190267e-18
-5.789505077249956777e-06 -7.898388818465365077e-09 -3.412759523235866942e-18
-6.421312089284481051e-06 -7.824685328280977110e-09 3.485293790169284768e-18
-7.132386913882848845e-06 -7.750074959740676879e-09 3.483277923997984695e-18
-7.935928538080339045e-06 -7.675014947017701090e-09 4.974554279882028065e-18
-8.847953889046938913e-06 -7.600030394144684564e-09 4.415746746978336314e-18
-9.888081867213960319e-06 -7.525724865208105823e-09 2.649702784709565954e-18
-1.108059281944295815e-05 -7.452794045268810118e-09 -2.969367609278330704e-18
-1.245588306944891976e-05 -7.382039737303030508e-09 -6.966097523815340102e-18
-1.405249730187033141e-05 -7.314396320977320963e-09 1.955623715511814907e-18
-1.592002416185914204e-05 -7.250938407608390826e-09 5.097057719170358096e-18
-1.812331316695253713e-05 -7.192967091624020128e-09 1.065797670220223522e-17
-2.074876945954914897e-05 -7.141907408044108738e-09 2.296705290950469488e-18
-2.391400477674832104e-05 -7.099783965609967373e-09 -2.231769142834340656e-18
-2.778320077231888341e-05 -7.068155404874681957e-09 -5.129779195744482674e-18
-3.259191602131283894e-05 -7.051442360299764432e-09 -1.840484558915012253e-18
-3.869234237635632567e-05 -7.048260504576532221e-09 3.472704513250002179e-18
-4.661967830473651153e-05 -7.076117240453864358e-09 -7.266193484106404875e-19
-5.730917410603705853e-05 -7.105022079224947170e-09 -5.600206901809108893e-18
-7.204702220690514802e-05 -7.240674999903518398e-09 4.080575424549747021e-18
-9.538788749774776421e-05 -7.232100965189772121e-09 2.442332511350908799e-20
-1.259838200696090926e-04 -7.803971036120114267e-09 -1.764875235531954241e-18
-2.427591614274464404e-04 -7.117431569786091985e-09 -8.194643793257775650e-18
-2.996357788970088754e-04 -1.018501506566874356e-08 -4.211322296529070388e-18
-4.141672782448126144e-03 -4.285972584044844697e-09 2.065158370274496398e-18
-2.797609731769870947e-02 -2.566331268345271672e-08 3.337565154941772388e-18
-2.797605163765386899e-02 -9.624531336235308535e-10 5.306178306268629227e-18
-4.141696413388018527e-03 -1.782555878025888743e-10 -6.635079205917470353e-18
-2.996431821595361977e-04 -3.622949579885150910e-10 1.146614438297095170e-17
-2.427754093065580265e-04 -2.554553615389896656e-10 -2.475205515257090816e-18
-1.260021310153583429e-04 -2.652529496457855438e-10 1.011884158253823244e-17
-9.541018457187577795e-05 -2.379519249977998896e-10 -2.856380902591003701e-18
-7.207302230633969020e-05 -2.265826560732773870e-10 -1.103019425197112321e-17
-5.733915571580830428e-05 -2.105863860281376482e-10 -2.538855930127330887e-18
-4.665380400098798064e-05 -1.964063615252268180e-10 -7.914936768070345399e-18
-3.873082018170451168e-05 -1.810490005513518627e-10 5.819668296983576012e-18
-3.263496324632658707e-05 -1.650037549316418217e-10 -8.450990956191835006e-18
-2.783105361509399800e-05 -1.475839547964585209e-10 6.795317020349610510e-18
-2.396691795097244393e-05 -1.285417205167586121e-10 5.134112043849780022e-18
-2.080701815801791477e-05 -1.074773017487471783e-10 -1.414392653033440202e-17
-1.818719476312860572e-05 -8.403185173361457699e-11 3.761960621967921296e-18
-1.598986012039255167e-05 -5.781038064764754061e-11 4.218470802478385812e-18
-1.412863527041480216e-05 -2.840076734852418584e-11 -9.144929041784023376e-18
-1.253869913206764886e-05 4.637840142923151632e-12 2.173776720900702429e-17
-1.117049393652841394e-05 4.177488914927453821e-11 -9.986681942490239371e-19
-9.985508550094945868e-06 8.351102835681656127e-11 1.889014617903224437e-19
-8.953383063500103267e-06 1.303776413495542177e-10 3.378670682032411940e-18
-8.049876681657380795e-06 1.829366210941225795e-10 -3.383028795919975254e-18
-7.255413455874853979e-06 2.417777584373043619e-10 2.580817959400576948e-18
-6.554023090118987760e-06 3.075147383552807305e-10 2.475226188220182970e-18
-5.932557239969604712e-06 3.807796825640330691e-10 4.701010707573655757e-18
-5.380101218199762059e-06 4.622145529984420415e-10 4.245168486331724796e-18
-4.887526572044942341e-06 5.524610044739456001e-10 -4.882754083463339648e-19
-4.447146746931751604e-06 6.521472141536322800e-10 -5.710453348383283015e-18
-4.052449096198645906e-06 7.618713256436114348e-10 1.562506484741603571e-17
-3.697884277526625185e-06 8.821824647810031756e-10 3.901540484818984969e-18
-3.378699122716377623e-06 1.013558302588751723e-09 4.246517241866228684e-21
-3.090802889831739675e-06 1.156379958387116009e-09 8.442368530935915155e-19
-2.830659403887936243e-06 1.310904153555578551e-09 -2.571565971772381946e-19
-2.595199350204080435e-06 1.477233661499174329e-09 -5.911343106265790935e-18
-2.381748542085171394e-06 1.655286991702572838e-09 -1.150537014032738460e-17
-2.187968799863965197e-06 1.844768600631295763e-09 -3.279952474722229912e-18
-2.011808971594253315e-06 2.045140989586029084e-09 -6.112686023511099995e-18
-1.851464127854834940e-06 2.255601087213575149e-09 -6.980284848984794083e-18
-1.705341338108234961e-06 2.475063698812086204e-09 -3.726426635678622071e-18
-1.572030888550429717e-06 2.702152502208596008e-09 3.736546206814806091e-18
-1.450281927158764139e-06 2.935203637669718104e-09 -7.042514770808886699e-18
-1.338981757255386373e-06 3.172281555938001855e-09 -4.928726204969764664e-18
-1.237138216370059496e-06 3.411210232227744877e-09 -8.888674506526950831e-18
-1.143864566774399627e-06 3.649620272627317346e-09 -9.682133120237340579e-18
-1.058366561012408225e-06 3.885010590307780619e-09 7.876871103925819433e-18
-9.799312883779220940e-07 4.114825003494822790e-09 2.573890617738409013e-17
-9.079175623018242991e-07 4.336539574533871594e-09 -4.989013568030389703e-18
-8.417476380674637770e-07 4.547756484308068356e-09 1.105038354058488340e-17
-7.809000087954931502e-07 4.746300570575751098e-09 7.504767812276790825e-18
-7.249032016563849989e-07 4.930310574970846313e-09 6.474062745526614182e-19
-6.733303701787762829e-07 5.098321105030216173e-09 -6.809939656033789916e-18
-6.257945855472901719e-07 5.249327209169913799e-09 -3.897549338006242888e-18
-5.819447650295961338e-07 5.382828267490523920e-09 9.861422359722523952e-18
-5.414620741737985465e-07 5.498846983709858393e-09 -6.216157191455099848e-18
-5.040568031126901882e-07 5.597922165638904035e-09 -8.064547109787463041e-18
-4.694655973830341722e-07 5.681075094015863271e-09 1.323004869466996496e-17
-4.374489910412282523e-07 5.749753383526895973e-09 2.289347455383674007e-17
-4.077892293979923366e-07 5.805754863149608752e-09 -2.271274622283318528e-17
-3.802883089681907691e-07 5.851138312194481875e-09 5.231288009233783805e-18
-3.547661922877198837e-07 5.888126691667159729e-09 -3.932641836172443762e-18
-3.310591968619380765e-07 5.919009176827373454e-09 7.051327836638743095e-18
-3.090185138956980104e-07 5.946048209887492936e-09 1.400388174881703598e-17
-2.885088540710567528e-07 5.971396200918148875e-09 -1.417859483434616206e-17
-2.694072132082558912e-07 5.997025263419704755e-09 -1.162973694708543480e-17
-2.516017124434832830e-07 6.024673155127474460e-09 -1.368720289787883190e-17
-2.349905438119026524e-07 6.055805599543160392e-09 -3.529788592613490270e-18
-2.194809966549193803e-07 6.091594570518838639e-09 3.934042563780882604e-18
-2.049885667841644388e-07 6.132911951280436164e-09 3.506960676127887243e-18
-1.914361444053935823e-07 6.180336210742784256e-09 -1.834324732170602033e-18
-1.787532657726575991e-07 6.234169207301816858e-09 1.289853502101992704e-17
-1.668754416005169272e-07 6.294461271091466749e-09 -1.984133495801215029e-17
-1.557435330215573011e-07 6.361041854539435637e-09 -7.551081750432761727e-18
-1.453032124516806523e-07 6.433552281194450254e-09 -1.663701325799906367e-17
-1.355044665779514546e-07 6.511481233618882337e-09 -1.684652628860424765e-17
-1.263011484217702041e-07 6.594197356335603186e-09 -6.951526799982172246e-18
-1.176505847778896996e-07 6.680982208529585072e-09 9.200785975826974078e-18
-1.095132116137043088e-07 6.771058718271445709e-09 1.351252773544867431e-18
-1.018522664507359732e-07 6.863617184547284976e-09 1.015918112356567061e-17
-9.463351354280225003e-08 6.957837214506451247e-09 1.129113672349972485e-17
-8.782498437873154096e-08 7.052906248568975309e-09 8.074319359975710951e-18
-8.139675942986368540e-08 7.148034267395360838e-09 1.960193899788099778e-17
-7.532076529842557377e-08 7.242465327238846500e-09 9.142768911506455817e-18
-6.957059831003142847e-08 7.335486051838098978e-09 -1.021482864955263685e-17
-6.412137268721473937e-08 7.426431359219348944e-09 -9.597325592337826443e-18
-5.894957109259246764e-08 7.514687742035147712e-09 -1.099809850697348265e-17
-5.403291634953344413e-08 7.599695667858453872e-09 2.793489724006169548e-17
-4.935024895680317769e-08 7.680948891565202581e-09 1.497333207930719440e-17
-4.488142374414749725e-08 7.757993795318455910e-09 -2.174133035162864793e-17
-4.060721716520054869e-08 7.830427386375916981e-09 1.349298136464853042e-17
-3.650922835926606602e-08 7.897894548967188194e-09 1.291526557186400977e-17
-3.256979881280375189e-08 7.960085090822514289e-09 -7.102837293563712180e-18
-2.877192516875792805e-08 8.016730421933648517e-09 2.715684627292704155e-18
-2.509919166601703999e-08 8.067600426166999919e-09 4.086196582985469428e-19
-2.153570270377325180e-08 8.112499737774157821e-09 -4.921782247872746507e-18
-1.806601013232267405e-08 8.151265097721998987e-09 -2.487787629445428762e-17
-1.467504499169658416e-08 8.183762217721331487e-09 2.261735202180048683e-18
-1.134806038721736243e-08 8.209883303862383801e-09 5.595177864246912111e-18
-8.070574045865308577e-09 8.229544707970497674e-09 -6.531300576228310866e-18
-4.828299544901160090e-09 8.242685608201784089e-09 -2.615597729390104696e-17
-1.607095491407140031e-09 8.249265867506196861e-09 6.022232238034679760e-18
1.607094637923189850e-09 8.249265914842995424e-09 7.280101806216055996e-18
4.828300190218293153e-09 8.242685598163459319e-09 1.891556713337856849e-17
8.070574531587881850e-09 8.229544736117404165e-09 9.201780300930906764e-18
1.134806088681772351e-08 8.209883251434343163e-09 -5.459684877272322107e-18
1.467504428045995901e-08 8.183762260681610073e-09 -7.793691581668221793e-19
1.806600986170581180e-08 8.151265101013982611e-09 -9.017758818400228964e-18
2.153570416094097162e-08 8.112499721857358223e-09 -2.516170376786914783e-17
2.509919028170770616e-08 8.067600401186964329e-09 2.212872988008968109e-17
2.877192353811786063e-08 8.016730461266498580e-09 -7.400838341055407195e-18
3.256979999935460945e-08 7.960085059647342588e-09 2.671819673046752640e-18
3.650922929948619000e-08 7.897894532143909486e-09 1.011315590050337388e-17
4.060721828930136112e-08 7.830427395671905054e-09 7.652577135030639328e-18
4.488142232514369390e-08 7.757993810120790105e-09 -2.164036467902752395e-17
4.935024722901859562e-08 7.680948888235913112e-09 4.644248736944124750e-19
5.403291749792038523e-08 7.599695699889573873e-09 -2.834123933384606381e-17
5.894957208485429589e-08 7.514687738369549767e-09 1.713040142211840154e-17
6.412137398825734635e-08 7.426431274488902842e-09 2.286067093274137478e-17
6.957059643653007441e-08 7.335486108609229916e-09 8.539311972447972086e-18
7.532076340757698496e-08 7.242465389193029945e-09 -8.536439621784844460e-18
8.139676094948145035e-08 7.148034234971912381e-09 9.337576583066620583e-18
8.782498542303507350e-08 7.052906242697776361e-09 -1.142443181973424105e-17
9.463351475016978931e-08 6.957837198732305563e-09 -6.590454600432304249e-18
1.018522648096875649e-07 6.863617159324291551e-09 2.754851582246567548e-18
1.095132097540807425e-07 6.771058744407401685e-09 -7.638271015316913844e-19
1.176505857215792705e-07 6.680982212506279028e-09 6.654011514577274349e-18
1.263011498338351135e-07 6.594197374987685584e-09 -3.882388815824181676e-18
1.355044677055217139e-07 6.511481207312229370e-09 -7.857908707621428012e-18
1.453032106753238129e-07 6.433552299816926203e-09 2.260038483274580480e-17
1.557435314117339153e-07 6.361041826860913549e-09 8.868287251833716122e-18
1.668754422944063176e-07 6.294461330917251613e-09 -7.651178752089389534e-18
1.787532674206449013e-07 6.234169168204966387e-09 -1.817840222514150100e-17
1.914361453664303880e-07 6.180336222674474163e-09 1.986142802327373855e-17
2.049885650390326219e-07 6.132911948300799249e-09 -1.551228913141968879e-18
2.194809952428544708e-07 6.091594535976510795e-09 -2.023030400448351300e-17
2.349905447972255867e-07 6.055805628045455107e-09 1.321491634293815826e-17
2.516017131269643325e-07 6.024673168852862512e-09 -1.607995071442548828e-18
2.694072146966486336e-07 5.997025262410008395e-09 -6.510775068971423900e-18
2.885088525132750714e-07 5.971396197498895243e-09 -4.331801274902993036e-18
3.090185117932131575e-07 5.946048215045473599e-09 -1.415121945292601158e-17
3.310591982393085164e-07 5.919009182196232233e-09 5.060861200667735706e-18
3.547661934499846126e-07 5.888126672896042733e-09 2.193109749813079334e-17
3.802883104704612993e-07 5.851138308322489132e-09 1.459590570961834832e-17
4.077892276320438381e-07 5.805754857162396069e-09 -3.372179536409639007e-18
4.374489887895571805e-07 5.749753396063618867e-09 -3.799909535349133652e-17
4.694655986181572871e-07 5.681075102543519668e-09 2.026587271389891155e-17
5.040568043963855605e-07 5.597922133635292753e-09 3.062708688143518695e-17
5.414620747913601040e-07 5.498847020744812295e-09 -2.211301406044456427e-17
5.819447627605778273e-07 5.382828223684461430e-09 -6.248630134675937969e-17
6.257945857450486482e-07 5.249327216872646133e-09 5.812904363979473329e-17
6.733303708136850751e-07 5.098321114473131375e-09 5.244681708456941103e-18
7.249032026972190845e-07 4.930310562072989599e-09 -1.134170495371762560e-17
7.809000091771323149e-07 4.746300552725653391e-09 -9.798622229609720460e-19
8.417476359996733937e-07 4.547756520450749148e-09 1.500994733877283591e-17
9.079175627216273803e-07 4.336539572899213811e-09 -2.254305721999661025e-17
9.799312888324196447e-07 4.114825021585113894e-09 -6.176436439239512978e-19
1.058366561699358721e-06 3.885010578331623137e-09 2.274224107250047319e-17
1.143864567204611049e-06 3.649620240297040859e-09 -2.656212910722149767e-17
1.237138214080224508e-06 3.411210274060301664e-09 1.218048893954555670e-17
1.338981757942336870e-06 3.172281555191640924e-09 -8.060028132325368341e-18
1.450281927516117175e-06 2.935203622989194525e-09 1.279166483343086087e-17
1.572030889015335609e-06 2.702152537247398069e-09 6.181896134392338927e-18
1.705341338354565695e-06 2.475063647188458859e-09 -7.396441893883923715e-18
1.851464126484403394e-06 2.255601117770718442e-09 6.546703251085014567e-18
2.011808971916911881e-06 2.045140945351330286e-09 2.690409345912558906e-19
2.187968800294176619e-06 1.844768609563202357e-09 -1.583292929916125685e-17
2.381748542668038482e-06 1.655287037004940329e-09 -1.130067998550307929e-17
2.595199350797355864e-06 1.477233646317271352e-09 8.730106763119131680e-18
2.830659401428098354e-06 1.310904100229122573e-09 6.842513562419904825e-18
3.090802890542976300e-06 1.156379995597189010e-09 -2.573635727071583646e-17
3.378699123285366923e-06 1.013558311865052897e-09 2.060830713219534721e-17
3.697884278230922916e-06 8.821824220860129930e-10 1.710084995853252907e-17
4.052449096486610003e-06 7.618713516253519935e-10 -8.414680317822503915e-18
4.447146744222113535e-06 6.521471992082363700e-10 5.086014447993119532e-19
4.887526573703337984e-06 5.524610264675365786e-10 3.224205737344538341e-18
5.380101218685484632e-06 4.622145769800077667e-10 2.394170599240494238e-18
5.932557239886337985e-06 3.807796700642537155e-10 -9.247644989070117601e-18
6.554023090500626925e-06 3.075147103435760829e-10 -2.401201671909439390e-18
7.255413454452380728e-06 2.417777699881934019e-10 7.728077479274968421e-18
8.049876682379025761e-06 1.829366102389007065e-10 4.006136857236842394e-18
8.953383064176645423e-06 1.303776598951478647e-10 6.011677904427922168e-18
9.985508549418403712e-06 8.351102539404503146e-11 -3.277497349055780020e-18
1.117049393763863696e-05 4.177492071448588605e-11 -4.984296441337893272e-18
1.253869912934066355e-05 4.637864995277624115e-12 -1.798370195272230241e-17
1.412863527144869735e-05 -2.840079501028097639e-11 1.872241276781837199e-17
1.598986012290790071e-05 -5.781038395195284635e-11 -1.426603477530013952e-17
1.818719476091162912e-05 -8.403187801217400930e-11 -1.778638374489000809e-17
2.080701815876384586e-05 -1.074772792333847314e-10 1.222856115677506273e-17
2.396691794857505609e-05 -1.285417002525409054e-10 2.399160338370832411e-17
2.783105361750179418e-05 -1.475839246569781584e-10 -1.686429138939956946e-17
3.263496324765885470e-05 -1.650038427760196792e-10 7.821245787795022421e-18
3.873082017836690372e-05 -1.810490233809709777e-10 -1.770103655323339693e-17
4.665380400203575362e-05 -1.964063217264238482e-10 1.821751161166191771e-17
5.733915571631831298e-05 -2.105864152201095024e-10 4.175529477927851457e-18
7.207302230665540987e-05 -2.265826125681940753e-10 4.375001374510435665e-18
9.541018457241354223e-05 -2.379519191380443653e-10 -1.755204160882965510e-17
1.260021310137138251e-04 -2.652529610370982088e-10 -2.685393913040034650e-19
2.427754093071131380e-04 -2.554553744263713786e-10 4.308256550002985474e-18
2.996431821596749756e-04 -3.622949480079016785e-10 8.431703955146409653e-18
4.141696413387987302e-03 -1.782556217054190439e-10 -2.725457974456377620e-18
2.797605163765399736e-02 -9.624530970659296485e-10 -1.443333914861769474e-18
