1.311588471643071094e-04 -3.944589929041182197e-10 -0.000000000000000000e+00
1.315235614949513722e-04 -3.944893836590369328e-10 -0.000000000000000000e+00
1.590901187004746574e-04 -3.945168749989359717e-10 -0.000000000000000000e+00
4.385299682041139034e-05 -3.945417630826337197e-10 -0.000000000000000000e+00
1.020273439689688041e-05 -3.945643116460021504e-10 -0.000000000000000000e+00
3.141582319943711639e-06 -3.945847557234182309e-10 -0.000000000000000000e+00
1.170943347505659075e-06 -3.946033049241629969e-10 -0.000000000000000000e+00
5.010902317092488372e-07 -3.946201463182548425e-10 -0.000000000000000000e+00
2.380415950391852214e-07 -3.946354469794718156e-10 -0.000000000000000000e+00
1.227046015114722370e-07 -3.946493562273953030e-10 -0.000000000000000000e+00
6.753921485028202224e-08 -3.946620076051148644e-10 -0.000000000000000000e+00
3.923058827548713302e-08 -3.946735206246819473e-10 -0.000000000000000000e+00
2.383484669485551607e-08 -3.946840023084112387e-10 -0.000000000000000000e+00
1.504322473933197649e-08 -3.946935485506366747e-10 -0.000000000000000000e+00
9.809851617399251688e-09 -3.947022453214759529e-10 -0.000000000000000000e+00
6.580997266263902237e-09 -3.947101697314766045e-10 -0.000000000000000000e+00
4.525755658392881536e-09 -3.947173909736873406e-10 -0.000000000000000000e+00
3.181178994688068268e-09 -3.947239711576410888e-10 -0.000000000000000000e+00
2.279896484033900930e-09 -3.947299660479520057e-10 -0.000000000000000000e+00
1.662510004992648228e-09 -3.947354257186607854e-10 -0.000000000000000000e+00
1.231267334912237840e-09 -3.947403951330869762e-10 -0.000000000000000000e+00
9.246833346138615683e-10 -3.947449146577494710e-10 -0.000000000000000000e+00
7.031911733295735737e-10 -3.947490205178609043e-10 -0.000000000000000000e+00
5.407961217669461082e-10 -3.947527452009775225e-10 -0.000000000000000000e+00
4.200946458288854897e-10 -3.947561178145787646e-10 -0.000000000000000000e+00
3.292316033254830968e-10 -3.947591644026340384e-10 -0.000000000000000000e+00
2.600013862481780096e-10 -3.947619082255932770e-10 -0.000000000000000000e+00
2.066395096309216120e-10 -3.947643700076791486e-10 -0.000000000000000000e+00
1.650395506470047437e-10 -3.947665681548777891e-10 -0.000000000000000000e+00
1.322371850281817824e-10 -3.947685189465913797e-10 -0.000000000000000000e+00
1.060647708998704343e-10 -3.947702367035326509e-10 -0.000000000000000000e+00
8.491671221844851673e-11 -3.947717339341045726e-10 -0.000000000000000000e+00
6.758768829940533084e-11 -3.947730214612026444e-10 -0.000000000000000000e+00
5.315957032768372007e-11 -3.947741085311042794e-10 -0.000000000000000000e+00
4.092112223449116415e-11 -3.947750029058688077e-10 -0.000000000000000000e+00
3.031002483435644073e-11 -3.947757109404416696e-10 -0.000000000000000000e+00
2.087016139200521295e-11 -3.947762376454599129e-10 -0.000000000000000000e+00
1.221926215150812455e-11 -3.947765867365614120e-10 -0.000000000000000000e+00
4.023501926087549313e-12 -3.947767606708277569e-10 -0.000000000000000000e+00
-4.023504055220917939e-12 -3.947767606708278086e-10 -0.000000000000000000e+00
-1.221926181582552376e-11 -3.947765867365614120e-10 -0.000000000000000000e+00
-2.087015791021122680e-11 -3.947762376454600163e-10 -0.000000000000000000e+00
-3.031002417088017053e-11 -3.947757109404417730e-10 -0.000000000000000000e+00
-4.092112422455028964e-11 -3.947750029058686526e-10 -0.000000000000000000e+00
-5.315957239227508225e-11 -3.947741085311044345e-10 -0.000000000000000000e+00
-6.758769083315564221e-11 -3.947730214612026961e-10 -0.000000000000000000e+00
-8.491670825952808725e-11 -3.947717339341047277e-10 -0.000000000000000000e+00
-1.060647702784648673e-10 -3.947702367035326509e-10 -0.000000000000000000e+00
-1.322371823571322719e-10 -3.947685189465913797e-10 -0.000000000000000000e+00
-1.650395525286373059e-10 -3.947665681548779442e-10 -0.000000000000000000e+00
-2.066395117077874362e-10 -3.947643700076791486e-10 -0.000000000000000000e+00
-2.600013879249125058e-10 -3.947619082255933804e-10 -0.000000000000000000e+00
-3.292316026159438008e-10 -3.947591644026340384e-10 -0.000000000000000000e+00
-4.200946404213979446e-10 -3.947561178145786612e-10 -0.000000000000000000e+00
-5.407961249504831479e-10 -3.947527452009776259e-10 -0.000000000000000000e+00
-7.031911732582785665e-10 -3.947490205178609560e-10 -0.000000000000000000e+00
-9.246833398305890115e-10 -3.947449146577495744e-10 -0.000000000000000000e+00
-1.231267331945641220e-09 -3.947403951330869762e-10 -0.000000000000000000e+00
-1.662510002714629217e-09 -3.947354257186606820e-10 -0.000000000000000000e+00
-2.279896482444177252e-09 -3.947299660479519023e-10 -0.000000000000000000e+00
-3.181178997768914867e-09 -3.947239711576409854e-10 -0.000000000000000000e+00
-4.525755658653673385e-09 -3.947173909736872889e-10 -0.000000000000000000e+00
-6.580997264309274449e-09 -3.947101697314765011e-10 -0.000000000000000000e+00
-9.809851615187762813e-09 -3.947022453214758495e-10 -0.000000000000000000e+00
-1.504322474087768589e-08 -3.946935485506367781e-10 -0.000000000000000000e+00
-2.383484669964151030e-08 -3.946840023084111870e-10 -0.000000000000000000e+00
-3.923058827568439905e-08 -3.946735206246818956e-10 -0.000000000000000000e+00
-6.753921484690986496e-08 -3.946620076051147610e-10 -0.000000000000000000e+00
-1.227046015075033053e-07 -3.946493562273951996e-10 -0.000000000000000000e+00
-2.380415950413214385e-07 -3.946354469794718673e-10 -0.000000000000000000e+00
-5.010902317131818230e-07 -3.946201463182548425e-10 -0.000000000000000000e+00
-1.170943347507354835e-06 -3.946033049241629452e-10 -0.000000000000000000e+00
-3.141582319939933449e-06 -3.945847557234181275e-10 -0.000000000000000000e+00
-1.020273439689002961e-05 -3.945643116460020470e-10 -0.000000000000000000e+00
-4.385299682041409407e-05 -3.945417630826338748e-10 -0.000000000000000000e+00
-1.590901187004759585e-04 -3.945168749989360751e-10 -0.000000000000000000e+00
-1.315235614949557632e-04 -3.944893836590368811e-10 -0.000000000000000000e+00
-1.311588471643052121e-04 -3.944589929041180646e-10 -0.000000000000000000e+00
-1.311588476487738513e-04 3.848423040096153114e-13 -0.000000000000000000e+00
-1.315235621376875891e-04 4.220602862150834508e-13 -0.000000000000000000e+00
-1.590901195061981467e-04 4.632944158291716036e-13 -0.000000000000000000e+00
-4.385299779521916960e-05 5.090189310531201847e-13 -0.000000000000000000e+00
-1.020273554827381054e-05 5.597682332841705492e-13 -0.000000000000000000e+00
-3.141583656918942364e-06 6.161449309406407690e-13 -0.000000000000000000e+00
-1.170944880673489286e-06 6.788289908791372778e-13 -0.000000000000000000e+00
-5.010919734124154246e-07 7.485881493502622369e-13 -0.000000000000000000e+00
-2.380435594833425685e-07 8.262897539747322551e-13 -0.000000000000000000e+00
-1.227068049657855556e-07 9.129142297441635508e-13 -0.000000000000000000e+00
-6.754167580600250836e-08 1.009570385578096667e-12 -0.000000000000000000e+00
-3.923332770180381446e-08 1.117512803444141925e-12 -0.000000000000000000e+00
-2.383788823778442474e-08 1.238161579306499116e-12 -0.000000000000000000e+00
-1.504659509661350336e-08 1.373124713897671090e-12 -0.000000000000000000e+00
-9.813580799877242867e-09 1.524223480997355627e-12 -0.000000000000000000e+00
-6.585119045636440093e-09 1.693521130775293127e-12 -0.000000000000000000e+00
-4.530307928631647974e-09 1.883355314691667019e-12 -0.000000000000000000e+00
-3.186204330875931819e-09 2.096374644884739872e-12 -0.000000000000000000e+00
-2.285442670104029979e-09 2.335579822786018304e-12 -0.000000000000000000e+00
-1.668630714953551985e-09 2.604369786058979901e-12 -0.000000000000000000e+00
-1.238022852063169507e-09 2.906593326164388320e-12 -0.000000000000000000e+00
-9.321413921671286643e-10 3.246606616170599529e-12 -0.000000000000000000e+00
-7.114279697215453086e-10 3.629337053858494510e-12 -0.000000000000000000e+00
-5.498973983171156558e-10 4.060353761271991726e-12 -0.000000000000000000e+00
-4.301570418374461133e-10 4.545944979538131711e-12 -0.000000000000000000e+00
-3.403640861866202128e-10 5.093202446111902101e-12 -0.000000000000000000e+00
-2.723270791085131768e-10 5.710112627771433192e-12 -0.000000000000000000e+00
-2.202976788205136613e-10 6.405654392003640161e-12 -0.000000000000000000e+00
-1.801880597941102137e-10 7.189902315532550362e-12 -0.000000000000000000e+00
-1.490552861460712359e-10 8.074134334170798497e-12 -0.000000000000000000e+00
-1.247564877692049051e-10 9.070941815205051407e-12 -0.000000000000000000e+00
-1.057148888327304453e-10 1.019433936567387221e-11 -0.000000000000000000e+00
-9.075880909019739858e-11 1.145987076402981012e-11 -0.000000000000000000e+00
-7.900968845826296550e-11 1.288470631199628803e-11 -0.000000000000000000e+00
-6.980298963348884754e-11 1.448772565140810739e-11 -0.000000000000000000e+00
-6.263202495558268271e-11 1.628957869615360551e-11 -0.000000000000000000e+00
-5.710731284949274620e-11 1.831271583188024192e-11 -0.000000000000000000e+00
-5.292708292049321666e-11 2.058137700354025707e-11 -0.000000000000000000e+00
-4.985549310457139651e-11 2.312152784543355741e-11 -0.000000000000000000e+00
-4.770646724111955415e-11 2.596072975318437035e-11 -0.000000000000000000e+00
-4.633153457879367122e-11 2.912792993983556206e-11 -0.000000000000000000e+00
-4.561063263926079793e-11 3.265315729155131479e-11 -0.000000000000000000e+00
-4.544496224342836704e-11 3.656711051349618069e-11 -0.000000000000000000e+00
-4.575156315552352074e-11 4.090062692818344479e-11 -0.000000000000000000e+00
-4.645896804657813877e-11 4.568402364939723609e-11 -0.000000000000000000e+00
-4.750389722126136414e-11 5.094630795577727382e-11 -0.000000000000000000e+00
-4.882866824968889566e-11 5.671426068751975530e-11 -0.000000000000000000e+00
-5.037918733871327161e-11 6.301140539107763022e-11 -0.000000000000000000e+00
-5.210343167643395396e-11 6.985688652413399040e-11 -0.000000000000000000e+00
-5.395044123360563528e-11 7.726429181198747798e-11 -0.000000000000000000e+00
-5.586966752427157494e-11 8.524046600638017847e-11 -0.000000000000000000e+00
-5.781078215786031547e-11 9.378437471263711615e-11 -0.000000000000000000e+00
-5.972371555910326093e-11 1.028860862332058495e-10 -0.000000000000000000e+00
-6.155910463780747768e-11 1.125259449955366658e-10 -0.000000000000000000e+00
-6.326888369445494652e-11 1.226740106030975941e-10 -0.000000000000000000e+00
-6.480729312530337576e-11 1.332898306636957361e-10 -0.000000000000000000e+00
-6.613185280762954438e-11 1.443226026408104763e-10 -0.000000000000000000e+00
-6.720449399579012326e-11 1.557117601426261059e-10 -0.000000000000000000e+00
-6.799264033710467750e-11 1.673879933314959146e-10 -0.000000000000000000e+00
-6.847015894130903316e-11 1.792746834638871403e-10 -0.000000000000000000e+00
-6.861828514738528699e-11 1.912897007094647470e-10 -0.000000000000000000e+00
-6.842612915409307030e-11 2.033474855791624902e-10 -0.000000000000000000e+00
-6.789098072975888072e-11 2.153613107857522927e-10 -0.000000000000000000e+00
-6.701815117060020190e-11 2.272456049800308582e-10 -0.000000000000000000e+00
-6.582065447485213097e-11 2.389182144539124696e-10 -0.000000000000000000e+00
-6.431846600711979919e-11 2.503024842509884311e-10 -0.000000000000000000e+00
-6.253761498822988974e-11 2.613290555028916859e-10 -0.000000000000000000e+00
-6.050897027304303341e-11 2.719372993134453249e-10 -0.000000000000000000e+00
-5.826690240279476361e-11 2.820763363285368829e-10 -0.000000000000000000e+00
-5.584800944145495864e-11 2.917056219880111410e-10 -0.000000000000000000e+00
-5.328977757956944522e-11 3.007951071252809860e-10 -0.000000000000000000e+00
-5.062943964015838783e-11 3.093250093087053175e-10 -0.000000000000000000e+00
-4.790283713217307060e-11 3.172852501458472272e-10 -0.000000000000000000e+00
-4.514354617311187104e-11 3.246746266757925468e-10 -0.000000000000000000e+00
-4.238217279650636445e-11 3.314997908544054407e-10 -0.000000000000000000e+00
-3.964593062774005439e-11 3.377741106610471458e-10 -0.000000000000000000e+00
-3.695835288493606199e-11 3.435164807292214420e-10 -0.000000000000000000e+00
-3.433915663056209303e-11 3.487501411144115461e-10 -0.000000000000000000e+00
-3.180425395587310935e-11 3.535015513896572224e-10 -0.000000000000000000e+00
-2.936591711422781318e-11 3.577993550906340414e-10 -0.000000000000000000e+00
-2.703305659055764241e-11 3.616734577431175834e-10 -0.000000000000000000e+00
-2.481154308895009334e-11 3.651542311070287380e-10 -0.000000000000000000e+00
-2.270452977994086113e-11 3.682718473571368306e-10 -0.000000000000000000e+00
-2.071276110251073844e-11 3.710557399069004141e-10 -0.000000000000000000e+00
-1.883497248844636034e-11 3.735341824650293586e-10 -0.000000000000000000e+00
-1.706822460862953102e-11 3.757339745358314039e-10 -0.000000000000000000e+00
-1.540825872335034063e-11 3.776802196830619024e-10 -0.000000000000000000e+00
-1.384973595426685973e-11 3.793961821803238575e-10 -0.000000000000000000e+00
-1.238645948291227762e-11 3.809032078741679813e-10 -0.000000000000000000e+00
-1.101160193960176452e-11 3.822206959177559526e-10 -0.000000000000000000e+00
-9.717907526400332285e-12 3.833661092608688670e-10 -0.000000000000000000e+00
-8.497861975665502983e-12 3.843550132186776428e-10 -0.000000000000000000e+00
-7.343743838651445674e-12 3.852011329445512658e-10 -0.000000000000000000e+00
-6.247730006570835288e-12 3.859164220997232527e-10 -0.000000000000000000e+00
-5.201963914219378527e-12 3.865111363783332592e-10 -0.000000000000000000e+00
-4.198590947636579320e-12 3.869939067719184261e-10 -0.000000000000000000e+00
-3.229823568689464258e-12 3.873718085262691457e-10 -0.000000000000000000e+00
-2.287896854221616599e-12 3.876504226550443255e-10 -0.000000000000000000e+00
-1.365096083214099439e-12 3.878338876391701315e-10 -0.000000000000000000e+00
-4.537552764544208829e-13 3.879249395766656337e-10 -0.000000000000000000e+00
4.537629107376434819e-13 3.879249395766656337e-10 -0.000000000000000000e+00
1.365092758648871808e-12 3.878338876391701315e-10 -0.000000000000000000e+00
2.287888879976832741e-12 3.876504226550443255e-10 -0.000000000000000000e+00
3.229821821674907924e-12 3.873718085262691457e-10 -0.000000000000000000e+00
4.198588839921854699e-12 3.869939067719185295e-10 -0.000000000000000000e+00
5.201962559958079274e-12 3.865111363783332075e-10 -0.000000000000000000e+00
6.247734994409037504e-12 3.859164220997233561e-10 -0.000000000000000000e+00
7.343752998262189459e-12 3.852011329445512658e-10 -0.000000000000000000e+00
8.497871435012930472e-12 3.843550132186776428e-10 -0.000000000000000000e+00
9.717900899732040067e-12 3.833661092608688670e-10 -0.000000000000000000e+00
1.101158594530496689e-11 3.822206959177557975e-10 -0.000000000000000000e+00
1.238645208069909669e-11 3.809032078741678779e-10 -0.000000000000000000e+00
1.384975034538564306e-11 3.793961821803237024e-10 -0.000000000000000000e+00
1.540827315647223748e-11 3.776802196830616439e-10 -0.000000000000000000e+00
1.706821736427290356e-11 3.757339745358314039e-10 -0.000000000000000000e+00
1.883495759997454499e-11 3.735341824650292035e-10 -0.000000000000000000e+00
2.071275668320150343e-11 3.710557399069004141e-10 -0.000000000000000000e+00
2.270454503112275109e-11 3.682718473571366238e-10 -0.000000000000000000e+00
2.481155843318845480e-11 3.651542311070285312e-10 -0.000000000000000000e+00
2.703304822635816634e-11 3.616734577431175317e-10 -0.000000000000000000e+00
2.936590035941825070e-11 3.577993550906338346e-10 -0.000000000000000000e+00
3.180424511750743348e-11 3.535015513896572224e-10 -0.000000000000000000e+00
3.433917376598088783e-11 3.487501411144113393e-10 -0.000000000000000000e+00
3.695836542556717766e-11 3.435164807292212352e-10 -0.000000000000000000e+00
3.964592576366620194e-11 3.377741106610471458e-10 -0.000000000000000000e+00
4.238215704569280223e-11 3.314997908544053373e-10 -0.000000000000000000e+00
4.514353938769800814e-11 3.246746266757925468e-10 -0.000000000000000000e+00
4.790285377211770951e-11 3.172852501458469170e-10 -0.000000000000000000e+00
5.062945199524297887e-11 3.093250093087050590e-10 -0.000000000000000000e+00
5.328977257538596993e-11 3.007951071252808826e-10 -0.000000000000000000e+00
5.584799121993292998e-11 2.917056219880109859e-10 -0.000000000000000000e+00
5.826689730810196117e-11 2.820763363285366761e-10 -0.000000000000000000e+00
6.050898122363583258e-11 2.719372993134449113e-10 -0.000000000000000000e+00
6.253763005239182343e-11 2.613290555028911689e-10 -0.000000000000000000e+00
6.431846068166365205e-11 2.503024842509881209e-10 -0.000000000000000000e+00
6.582063782779731247e-11 2.389182144539122111e-10 -0.000000000000000000e+00
6.701814995589201226e-11 2.272456049800305738e-10 -0.000000000000000000e+00
6.789099136325514569e-11 2.153613107857516982e-10 -0.000000000000000000e+00
6.842614805635876445e-11 2.033474855791617664e-10 -0.000000000000000000e+00
6.861827271114123684e-11 1.912897007094644627e-10 -0.000000000000000000e+00
6.847014434241066775e-11 1.792746834638867526e-10 -0.000000000000000000e+00
6.799262833321880870e-11 1.673879933314956303e-10 -0.000000000000000000e+00
6.720451235497828323e-11 1.557117601426253821e-10 -0.000000000000000000e+00
6.613186767285989158e-11 1.443226026408098042e-10 -0.000000000000000000e+00
6.480728806720424229e-11 1.332898306636954001e-10 -0.000000000000000000e+00
6.326887806742249992e-11 1.226740106030972580e-10 -0.000000000000000000e+00
6.155909368322465651e-11 1.125259449955363815e-10 -0.000000000000000000e+00
5.972373388184425337e-11 1.028860862332053196e-10 -0.000000000000000000e+00
5.781078283561858274e-11 9.378437471263687058e-11 -0.000000000000000000e+00
5.586966193074182369e-11 8.524046600637995875e-11 -0.000000000000000000e+00
5.395042803297909005e-11 7.726429181198730996e-11 -0.000000000000000000e+00
5.210343319490388008e-11 6.985688652413382238e-11 -0.000000000000000000e+00
5.037919721766495901e-11 6.301140539107734588e-11 -0.000000000000000000e+00
4.882867309906952597e-11 5.671426068751956790e-11 -0.000000000000000000e+00
4.750388710638471209e-11 5.094630795577710580e-11 -0.000000000000000000e+00
4.645896237634508608e-11 4.568402364939709392e-11 -0.000000000000000000e+00
4.575156430403704715e-11 4.090062692818330908e-11 -0.000000000000000000e+00
4.544497617745277904e-11 3.656711051349594805e-11 -0.000000000000000000e+00
4.561063346845760506e-11 3.265315729155120493e-11 -0.000000000000000000e+00
4.633153215654662141e-11 2.912792993983547158e-11 -0.000000000000000000e+00
4.770645727005824885e-11 2.596072975318428957e-11 -0.000000000000000000e+00
4.985549470175845344e-11 2.312152784543349278e-11 -0.000000000000000000e+00
5.292708959563762250e-11 2.058137700354016660e-11 -0.000000000000000000e+00
5.710731444465788937e-11 1.831271583188018376e-11 -0.000000000000000000e+00
6.263201499263037759e-11 1.628957869615355381e-11 -0.000000000000000000e+00
6.980298721183292168e-11 1.448772565140805246e-11 -0.000000000000000000e+00
7.900968931830544754e-11 1.288470631199624279e-11 -0.000000000000000000e+00
9.075882247202229016e-11 1.145987076402973580e-11 -0.000000000000000000e+00
1.057148902677476187e-10 1.019433936567383344e-11 -0.000000000000000000e+00
1.247564786791819614e-10 9.070941815205015864e-12 -0.000000000000000000e+00
1.490552839742934416e-10 8.074134334170766185e-12 -0.000000000000000000e+00
1.801880598109791665e-10 7.189902315532524512e-12 -0.000000000000000000e+00
2.202976922009041183e-10 6.405654392003602194e-12 -0.000000000000000000e+00
2.723270727518302436e-10 5.710112627771422691e-12 -0.000000000000000000e+00
3.403640837906124694e-10 5.093202446111888369e-12 -0.000000000000000000e+00
4.301570304238420165e-10 4.545944979538118786e-12 -0.000000000000000000e+00
5.498974067484388062e-10 4.060353761271979610e-12 -0.000000000000000000e+00
7.114279700835882006e-10 3.629337053858479969e-12 -0.000000000000000000e+00
9.321413951555957327e-10 3.246606616170591047e-12 -0.000000000000000000e+00
1.238022842076607425e-09 2.906593326164379435e-12 -0.000000000000000000e+00
1.668630718213196983e-09 2.604369786058969399e-12 -0.000000000000000000e+00
2.285442678581931877e-09 2.335579822786011842e-12 -0.000000000000000000e+00
3.186204332718209454e-09 2.096374644884728563e-12 -0.000000000000000000e+00
4.530307927609964113e-09 1.883355314691661365e-12 -0.000000000000000000e+00
6.585119030115529136e-09 1.693521130775291310e-12 -0.000000000000000000e+00
9.813580811027981631e-09 1.524223480997347549e-12 -0.000000000000000000e+00
1.504659509658946549e-08 1.373124713897667455e-12 -0.000000000000000000e+00
2.383788824882993951e-08 1.238161579306492249e-12 -0.000000000000000000e+00
3.923332768558161151e-08 1.117512803444140713e-12 -0.000000000000000000e+00
6.754167581053782717e-08 1.009570385578094042e-12 -0.000000000000000000e+00
1.227068049660898257e-07 9.129142297441583002e-13 -0.000000000000000000e+00
2.380435594918373296e-07 8.262897539747298317e-13 -0.000000000000000000e+00
5.010919734095398536e-07 7.485881493502598135e-13 -0.000000000000000000e+00
1.170944880663448981e-06 6.788289908791354603e-13 -0.000000000000000000e+00
3.141583656920435259e-06 6.161449309406385475e-13 -0.000000000000000000e+00
1.020273554828040723e-05 5.597682332841680248e-13 -0.000000000000000000e+00
4.385299779521924414e-05 5.090189310531188720e-13 -0.000000000000000000e+00
1.590901195061997459e-04 4.632944158291699880e-13 -0.000000000000000000e+00
1.315235621376820326e-04 4.220602862150823906e-13 -0.000000000000000000e+00
1.311588476487746103e-04 3.848423040096143017e-13 -0.000000000000000000e+00
