2.796642524388993911e-02 -8.918697079720945252e-06 -2.083446096667952390e-18
4.145344363368438229e-03 -2.190676412508295612e-06 -6.010791790879610466e-18
3.002706293131207627e-04 -3.964865821587670123e-06 1.055498887828604586e-18
2.441576812585097289e-04 -3.225681356940341262e-06 6.964680401152036076e-18
1.271665144816289117e-04 -3.461278519995171290e-06 3.897877628726160046e-18
9.655380278416822448e-05 -3.400367622922474099e-06 4.785002804224073950e-19
7.313632464607533468e-05 -3.463883672632223749e-06 4.789712972071624409e-18
5.832602229924321868e-05 -3.495293566788707925e-06 4.065662686217704555e-18
4.755897697604136165e-05 -3.541948674353654132e-06 1.474564049742442982e-18
3.955430132233581086e-05 -3.584049777901383187e-06 -1.449897445236968535e-18
3.337802092873154436e-05 -3.626106801929895109e-06 -4.786006539393117163e-18
2.849635051607735114e-05 -3.665349600715663021e-06 -4.421139893911900103e-19
2.455794650889006614e-05 -3.702040620463685159e-06 -4.248742930781221310e-18
2.132780320542732033e-05 -3.735801086954446681e-06 -3.372758781713410543e-18
1.864204305521144356e-05 -3.766703010913691462e-06 2.671903835575001326e-18
1.638317800119540313e-05 -3.794815254424499169e-06 -4.346287256601516425e-18
1.446479444928636116e-05 -3.820295037815373581e-06 1.510602312103393829e-18
1.282194045894649581e-05 -3.843318208785621462e-06 5.602869073986771428e-18
1.140486046186800495e-05 -3.864076502280635229e-06 -1.927066523098339687e-18
1.017480077578070130e-05 -3.882761740837356476e-06 5.472994993474277018e-18
9.101130961152587018e-06 -3.899560534877872667e-06 -3.622429571124180239e-18
8.159324090966507681e-06 -3.914649685644045200e-06 -3.063652146635886008e-18
7.329511521009940411e-06 -3.928194152248672672e-06 1.708651968842646962e-18
6.595430154552467394e-06 -3.940346024070713989e-06 -3.510884492897121248e-18
5.943643169092210909e-06 -3.951244366993140802e-06 -4.693746738005895919e-18
5.362954645610901183e-06 -3.961015544755179336e-06 -3.952234354452936380e-18
4.843963925086486322e-06 -3.969773846931914840e-06 -4.600242754936220767e-18
4.378722152253988753e-06 -3.977622277956398519e-06 6.351400213502801940e-18
3.960464553670606236e-06 -3.984653420338145883e-06 2.076938373999838045e-18
3.583399572036627401e-06 -3.990950313311765786e-06 -8.973816925055496273e-19
3.242541154906131151e-06 -3.996587310505126310e-06 2.977828296070576316e-18
2.933574158141272203e-06 -4.001630894719499842e-06 1.828380651728194296e-18
2.652745417417584628e-06 -4.006140437323572199e-06 1.056226749997283524e-18
2.396774876383539477e-06 -4.010168896536183702e-06 4.865473386673065758e-18
2.162782540733598768e-06 -4.013763453441435345e-06 -2.808744383851659181e-18
1.948228002288804328e-06 -4.016966086283932055e-06 -9.099697625382021310e-19
1.750860016545841003e-06 -4.019814086148407471e-06 5.764620853283289200e-18
1.568674187438917622e-06 -4.022340517836532201e-06 7.499543087905409810e-19
1.399877201463395338e-06 -4.024574628919166536e-06 5.961956858084438275e-19
1.242856407405318331e-06 -4.026542212381886213e-06 -1.028973648470025221e-18
1.096153750490547196e-06 -4.028265925875698230e-06 3.863733108135816988e-18
9.584432839222778444e-07 -4.029765571354066217e-06 5.509212302507842676e-18
8.285116139296333504e-07 -4.031058339418536769e-06 -6.500195675290766621e-19
7.052407499097412824e-07 -4.032159020212375844e-06 -6.326471554122794768e-18
5.875929392634704485e-07 -4.033080184466698729e-06 -6.884759134306993161e-18
4.745971069405885423e-07 -4.033832336956256801e-06 6.438412515697510434e-19
3.653366026507010034e-07 -4.034424044265288439e-06 3.679145934978628124e-18
2.589379908685129905e-07 -4.034862038569201741e-06 3.234462479410805695e-18
1.545606494318674251e-07 -4.035151299202302357e-06 1.582308270247787481e-18
5.138697780140977223e-08 -4.035295112779027411e-06 -8.767057704568696546e-20
-5.138697762446797768e-08 -4.035295112839966350e-06 -3.243320737444323231e-18
-1.545606496920759465e-07 -4.035151299201636589e-06 5.102574099392426995e-18
-2.589379906881017490e-07 -4.034862038568420777e-06 -1.927248468299236498e-18
-3.653366030843818724e-07 -4.034424044248030990e-06 -4.228918489886680041e-18
-4.745971069509968832e-07 -4.033832336961566003e-06 -2.009738445459855168e-18
-5.875929389893841392e-07 -4.033080184489906584e-06 5.634603217673548226e-18
-7.052407492609547024e-07 -4.032159020178894326e-06 -8.038583281593123343e-18
-8.285116143910697950e-07 -4.031058339440195402e-06 -1.601075958496105375e-18
-9.584432843698365012e-07 -4.029765571338132680e-06 5.015560124907993054e-18
-1.096153750504424984e-06 -4.028265925870599091e-06 -3.376101149569444326e-18
-1.242856406936942992e-06 -4.026542212411689067e-06 2.077515479689454867e-18
-1.399877200932569954e-06 -4.024574628913468545e-06 -2.139011710769518070e-18
-1.568674187917701301e-06 -4.022340517841110414e-06 1.448561378883514782e-18
-1.750860017291772097e-06 -4.019814086159210529e-06 -1.767505893829810956e-19
-1.948228001882879035e-06 -4.016966086255293024e-06 5.495761753965006978e-19
-2.162782540629515360e-06 -4.013763453408301957e-06 -4.045203808338816910e-19
-2.396774875786794601e-06 -4.010168896581773556e-06 -2.724088769005534018e-18
-2.652745417868612732e-06 -4.006140437309171792e-06 -5.928910558957360143e-19
-2.933574158658219799e-06 -4.001630894721032125e-06 2.081118303088448806e-18
-3.242541154885314469e-06 -3.996587310501364636e-06 -6.506413496143665655e-19
-3.583399571665396577e-06 -3.990950313314832892e-06 -4.174335687125979411e-18
-3.960464553070391913e-06 -3.984653420362183831e-06 1.764879247324073900e-20
-4.378722152569708426e-06 -3.977622277952846063e-06 -7.142076844227028588e-18
-4.843963925488942168e-06 -3.969773846881406265e-06 1.963810415774625175e-19
-5.362954645510287222e-06 -3.961015544766475367e-06 4.112246532787601440e-18
-5.943643169106088697e-06 -3.951244367015904813e-06 5.342643492113779803e-18
-6.595430154091030950e-06 -3.940346024045530853e-06 1.744880828050912940e-18
-7.329511521506071325e-06 -3.928194152255377785e-06 6.371725990177456240e-19
-8.159324091150388369e-06 -3.914649685670737750e-06 -3.776913860680891392e-19
-9.101130961246262085e-06 -3.899560534847882618e-06 -1.784344611283462792e-18
-1.017480077509028136e-05 -3.882761740870070583e-06 -6.894708903310343661e-18
-1.140486046108044049e-05 -3.864076502262050479e-06 -3.420546538256598503e-18
-1.282194045982079644e-05 -3.843318208777426418e-06 -5.922847849039713232e-18
-1.446479445010862008e-05 -3.820295037813247529e-06 -1.712363539046900286e-19
-1.638317800119193368e-05 -3.794815254420336002e-06 -6.695259203893890768e-19
-1.864204305421571228e-05 -3.766703010916301171e-06 9.089249913592765929e-18
-2.132780320486526993e-05 -3.735801086987691453e-06 -3.787703541871925747e-18
-2.455794650968803894e-05 -3.702040620431358570e-06 4.227476308465461947e-18
-2.849635051668450436e-05 -3.665349600745125368e-06 3.260477600496122962e-18
-3.337802092855460256e-05 -3.626106801904664115e-06 -3.319412294531067159e-18
-3.955430132209641902e-05 -3.584049777932857238e-06 1.760710770496038390e-18
-4.755897697508032484e-05 -3.541948674322498990e-06 -1.008157031635145343e-18
-5.832602229998568033e-05 -3.495293566817089458e-06 2.092751317253412859e-18
-7.313632464672759070e-05 -3.463883672626657895e-06 9.699602802917849740e-19
-9.655380278372413527e-05 -3.400367622908988488e-06 3.803577558255247515e-18
-1.271665144810044112e-04 -3.461278519994856617e-06 6.326194030519352222e-18
-2.441576812590960655e-04 -3.225681356941665174e-06 -7.362318054468878153e-19
-3.002706293137973048e-04 -3.964865821572121987e-06 -5.721778048673509610e-18
-4.145344363367869239e-03 -2.190676412531300603e-06 -1.416029425346312189e-18
-2.796642524388980380e-02 -8.918697079714516272e-06 -4.787195526340751561e-19
-2.797598996831801577e-02 -1.776528706669361098e-09 -5.561095095996860605e-19
-4.141724128604688804e-03 -3.846168463906696620e-10 5.273789633824266139e-18
-2.996495717119372626e-04 -7.804147189175445556e-10 5.089887539145905189e-18
-2.427898701146541383e-04 -6.136619543601268387e-10 -4.487047707220272904e-18
-1.260167322146149571e-04 -6.812444842238415829e-10 3.451529387824136368e-18
-9.542676798655197468e-05 -6.753241194618568187e-10 -6.024470885192635980e-18
-7.209108266860789205e-05 -7.072759489907201388e-10 -1.908729331769598374e-17
-5.735877645103235056e-05 -7.341958458134922282e-10 -6.275428797768409739e-18
-4.667495400910090519e-05 -7.713880477937640943e-10 5.109121212172263826e-18
-3.875351125302156641e-05 -8.131450405304077097e-10 7.334313114254660882e-18
-3.265921051543232978e-05 -8.617926769905466616e-10 -3.270804487624292800e-18
-2.785688181829518162e-05 -9.169307655976082684e-10 -2.942989119506040405e-18
-2.399435794635598751e-05 -9.793191387188595448e-10 2.276926643874853721e-17
-2.083610594143942008e-05 -1.049431062098663849e-09 1.518851817609805099e-18
-1.821797009940104295e-05 -1.127956093123610653e-09 -8.195624292805631741e-20
-1.602236531818637677e-05 -1.215595813619868887e-09 1.592251203978165931e-18
-1.416291389490925701e-05 -1.313108990227464821e-09 1.254669862032989311e-18
-1.257479463092139871e-05 -1.421254564092061533e-09 7.840624563267143105e-18
-1.120844811700397181e-05 -1.540750417841716922e-09 -1.320566805656368037e-17
-1.002535984723912366e-05 -1.672194099879358041e-09 3.525467567299797584e-19
-8.995164549864542725e-06 -1.815948188956967974e-09 5.928175407256087207e-18
-8.093613750398409579e-06 -1.971965050219714721e-09 -2.532310464014607849e-19
-7.301121112131964130e-06 -2.139524834175170856e-09 -1.521285375492842006e-17
-6.601702777147416823e-06 -2.316842089460876390e-09 -1.791247974320370242e-18
-5.982193127248430775e-06 -2.500478624820235464e-09 -7.376543804031902016e-18
-5.431655873786023214e-06 -2.684464563322267634e-09 -1.000681816366877789e-17
-4.940935957528647116e-06 -2.858982801083977644e-09 -3.885975363342381726e-18
-4.502314490954090198e-06 -3.008392989432488826e-09 2.111420191046817637e-17
-4.109240058076252256e-06 -3.108254664157447365e-09 5.893259828816134654e-18
-3.756117507497380714e-06 -3.120822234288262484e-09 8.468950995582737350e-18
-3.438140498263769773e-06 -2.988196544353290236e-09 1.254255114236654786e-17
-3.151158007554805129e-06 -2.621858834737148639e-09 8.011805472972450197e-18
-2.891567822349561112e-06 -1.886600343622685411e-09 1.002349282523136490e-17
-2.656232147839332480e-06 -5.757241812191746412e-10 -1.740002790216375574e-17
-2.442412579004016315e-06 1.627361662352505389e-09 1.260681208560888654e-18
-2.247723466852757923e-06 5.208771908568428731e-09 5.441364953795199143e-18
-2.070105051356352366e-06 1.091669150267779905e-08 -1.246664115254227475e-17
-1.907820587052078132e-06 1.990439104557466694e-08 -3.183086069894580289e-18
-1.759485488712214662e-06 3.394880282402531378e-08 -2.302566270051333637e-17
-1.624141687577018711e-06 5.577729066901621850e-08 5.610033766690488201e-18
-1.501395709844338677e-06 8.953646183719102649e-08 -9.038294933339681973e-19
-1.391641793219156042e-06 1.414143540715100273e-07 3.904282927906027214e-18
-1.296381962948706112e-06 2.203412422661792883e-07 2.402416511160859608e-18
-1.218611444159939383e-06 3.384707743001554832e-07 -6.052309377091581871e-20
-1.163120219450919368e-06 5.106930568347285732e-07 6.689914776073121963e-18
-1.136325674454957690e-06 7.517946369984487350e-07 1.298597758882219218e-17
-1.144937005270046937e-06 1.069645043503786733e-06 -5.362589751724540331e-18
-1.192699638951494334e-06 1.454604687248686091e-06 -1.280587249840157455e-17
-1.275476657038726591e-06 1.870921235482045398e-06 -9.516870743184906434e-19
-1.377472611373969924e-06 2.261878473081113193e-06 -1.332930222625274730e-17
-1.473355140790139073e-06 2.574696255492337650e-06 -1.205755016451005565e-17
-1.537747639474007499e-06 2.789156813474456032e-06 -1.004006583593102091e-17
-1.555911024072459403e-06 2.923021230692182559e-06 2.996870780468439293e-17
-1.527424537971916463e-06 3.011444160184721131e-06 1.539663887695799155e-17
-1.461933142814231257e-06 3.083938692152567984e-06 4.390954526980126721e-18
-1.372400894143754879e-06 3.155708839315111188e-06 -3.912215943370510351e-18
-1.270438727524192402e-06 3.230640499369382690e-06 7.951791956568959711e-18
-1.164564581577348656e-06 3.307155141076250414e-06 -1.567590599473602215e-17
-1.060281715564714844e-06 3.382304488195996621e-06 -1.044073611425221903e-17
-9.608054401255561316e-07 3.453613052839293793e-06 2.274425449135540630e-18
-8.678143836905738429e-07 3.519549591783745966e-06 5.405543893739481907e-18
-7.820240424775970478e-07 3.579423142124469660e-06 -1.171268660111107607e-17
-7.035729972688919975e-07 3.633130700220796899e-06 2.741249519669157564e-17
-6.322677352753325319e-07 3.680924990233965327e-06 7.337827345009440368e-18
-5.677332984808936001e-07 3.723245587066528162e-06 -6.533391319966151638e-18
-5.095046624048471529e-07 3.760609793852635534e-06 -9.742302060447751790e-18
-4.570815895395263784e-07 3.793547746821967503e-06 1.126933721846946046e-17
-4.099611525670843193e-07 3.822566842876632767e-06 -2.252373516385400554e-17
-3.676565552800103998e-07 3.848134354214254813e-06 -5.583732810368689714e-18
-3.297075225096313122e-07 3.870670760056824768e-06 1.987697305283161944e-18
-2.956854936939090628e-07 3.890549073846540701e-06 -2.047634592341502915e-18
-2.651956077862061001e-07 3.908097301135186629e-06 -1.902421313510403091e-17
-2.378767572294715471e-07 3.923602345167427436e-06 1.510985410105109837e-18
-2.134004832635150173e-07 3.937314407111868318e-06 2.575776854150537818e-17
-1.914691990338723837e-07 3.949451363430154578e-06 1.887248790925667834e-17
-1.718140969775294735e-07 3.960202860591348009e-06 -2.454964505115492600e-18
-1.541928919129853526e-07 3.969734014456761896e-06 -8.575252236616586413e-18
-1.383875833128878075e-07 3.978188681399666781e-06 7.883766909585998798e-18
-1.242022701075651270e-07 3.985692314082008546e-06 -9.643766867586749801e-18
-1.114610702346308102e-07 3.992354433943536548e-06 1.295658865282337415e-17
-1.000061770270455064e-07 3.998270759339943784e-06 -2.393724452140136481e-18
-8.969605881994913155e-08 4.003525034579258564e-06 -7.448039986466462245e-18
-8.040380509652389485e-08 4.008190596807934110e-06 6.475957269716377825e-18
-7.201561836103764769e-08 4.012331719060150428e-06 5.941534645102179386e-18
-6.442942871234813573e-08 4.016004760579656486e-06 -2.148432427668142194e-18
-5.755364314991018304e-08 4.019259153104789150e-06 -2.679661228794813861e-17
-5.130599765174048699e-08 4.022138245443005566e-06 -1.589637994850969147e-17
-4.561253034648937721e-08 4.024680029320206469e-06 -2.546309714381767348e-17
-4.040664666055127086e-08 4.026917760518216859e-06 2.912784387616681841e-17
-3.562826184078105030e-08 4.028880492523580334e-06 1.134282605233717460e-17
-3.122302777089358550e-08 4.030593533176138113e-06 -2.703786228222160795e-17
-2.714161980582607825e-08 4.032078835773271088e-06 1.933558707547987154e-17
-2.333909571508585579e-08 4.033355332281604958e-06 1.754359784774195111e-17
-1.977430706331939625e-08 4.034439216361453339e-06 1.369946990524491021e-18
-1.640934566699003838e-08 4.035344182343954356e-06 1.689838075845756797e-17
-1.320903109808257980e-08 4.036081624324851146e-06 -7.325457303979736176e-18
-1.014044212141462786e-08 4.036660800669532038e-06 -6.801063499512158928e-18
-7.172472303584864761e-09 4.037088966012635040e-06 -1.076869369880762952e-17
-4.275397338243669410e-09 4.037371473702984669e-06 -2.204457613067338216e-17
-1.420470931851047780e-09 4.037511851719909176e-06 -3.680121222885536622e-18
1.420470137347695783e-09 4.037511851708123559e-06 9.307146624492304181e-18
4.275397695596705461e-09 4.037371473743552464e-06 1.000711475404008315e-17
7.172473004413149056e-09 4.037088965979360198e-06 9.156485767015448721e-18
1.014044274591507921e-08 4.036660800729290213e-06 1.038014665250514049e-17
1.320903031398756866e-08 4.036081624316564623e-06 3.445020142424184185e-18
1.640934541718985784e-08 4.035344182276357739e-06 8.952569538394311596e-18
1.977430879804287223e-08 4.034439216409657984e-06 -1.021473538922075039e-17
2.333909434118486281e-08 4.033355332266488808e-06 -1.123689967868896520e-17
2.714161808498039008e-08 4.032078835799153027e-06 5.864297452760537002e-18
3.122302861743864177e-08 4.030593533168188708e-06 -8.493570140235154487e-18
3.562826302039301396e-08 4.028880492504943915e-06 4.817519407654157959e-18
4.040664763199641740e-08 4.026917760509775328e-06 1.975084304966295582e-18
4.561252880258548359e-08 4.024680029361530666e-06 -1.201675754612558981e-17
5.130599615987829765e-08 4.022138245428527232e-06 1.395650715799968045e-17
5.755364411094698873e-08 4.019259153091529696e-06 1.160132649932436703e-17
6.442943006890189395e-08 4.016004760601658167e-06 -2.269874509828665963e-17
7.201561916594934054e-08 4.012331719065933122e-06 -1.096019300508093445e-17
8.040380317445028346e-08 4.008190596819008219e-06 3.374753677208370526e-18
8.969605733155638916e-08 4.003525034542801419e-06 -1.333023891757331798e-18
1.000061783107408786e-07 3.998270759355267457e-06 1.338265507953736075e-17
1.114610712199537446e-07 3.992354433894554327e-06 -9.112007700478473400e-18
1.242022715612633998e-07 3.985692314111389578e-06 9.075472667357849761e-18
1.383875816336754827e-07 3.978188681401144854e-06 1.759355594092192488e-17
1.541928900707090211e-07 3.969734014457545401e-06 -6.743947631171739619e-18
1.718140978761162341e-07 3.960202860645943518e-06 -2.937756724684207672e-17
1.914692006436957694e-07 3.949451363376412878e-06 -2.565178146464575631e-18
2.134004838984238095e-07 3.937314407113813106e-06 -2.464554710938925297e-18
2.378767556508731840e-07 3.923602345185404016e-06 4.430661110555072971e-18
2.651956060722993058e-07 3.908097301085315023e-06 2.332897575717638200e-18
2.956854946445375276e-07 3.890549073874445355e-06 -1.032033139084500966e-17
3.297075239876157138e-07 3.870670760047677659e-06 3.283046239985056911e-17
3.676565561994138420e-07 3.848134354219313294e-06 2.731476929395107916e-17
4.099611509364442519e-07 3.822566842886342306e-06 -1.691830014680083641e-17
4.570815881344003628e-07 3.793547746844310962e-06 -1.480983656867329488e-17
5.095046631889421640e-07 3.760609793837043351e-06 -2.441961884921427063e-17
5.677332996015249655e-07 3.723245587043487172e-06 1.983600116565083932e-17
6.322677362675943602e-07 3.680924990241910920e-06 2.066092973367106892e-17
7.035729959782577314e-07 3.633130700216044621e-06 8.299712030008317505e-18
7.820240404306233462e-07 3.579423142152074041e-06 -1.083323409527516947e-17
8.678143850991693053e-07 3.519549591772584190e-06 -2.741912223207909810e-17
9.608054410727151495e-07 3.453613052811140535e-06 1.745975505852782669e-18
1.060281717032290905e-06 3.382304488250685303e-06 3.076520366452776477e-17
1.164564579832216840e-06 3.307155141058635093e-06 -1.528605908763283605e-17
1.270438725442524230e-06 3.230640499348573208e-06 3.199393517591746668e-18
1.372400895163772283e-06 3.155708839344061927e-06 3.460644163467197485e-18
1.461933144309562893e-06 3.083938692120811025e-06 8.067291168972089191e-18
1.527424538499272400e-06 3.011444160218840889e-06 -7.270006975420188391e-18
1.555911021720174370e-06 2.923021230696765855e-06 -2.785866525112051213e-19
1.537747639814013301e-06 2.789156813453339924e-06 -1.758925755504896425e-18
1.473355141223819942e-06 2.574696255497484222e-06 -1.791738357849998727e-17
1.377472612477254055e-06 2.261878473063974329e-06 2.245771762919406488e-17
1.275476657531388058e-06 1.870921235505396614e-06 -1.646436967900413066e-17
1.192699636932276208e-06 1.454604687224718447e-06 -3.844574127640360646e-18
1.144937005721075041e-06 1.069645043495295016e-06 1.293406825151279032e-17
1.136325674878230219e-06 7.517946370488006086e-07 -1.940404767104650071e-17
1.163120220193381016e-06 5.106930567804251850e-07 3.009411523502408261e-18
1.218611444590150805e-06 3.384707743362865735e-07 2.166365334072932231e-17
1.296381960527032140e-06 2.203412422203424709e-07 -6.122541803142958797e-18
1.391641793788145343e-06 1.414143541002009390e-07 1.208754543944250553e-17
1.501395710559044749e-06 8.953646184684603742e-08 -2.701939711139763032e-17
1.624141687660285438e-06 5.577729065734293981e-08 5.116625845262710735e-19
1.759485489218753917e-06 3.394880284961486733e-08 9.247246724009833754e-18
1.907820585643482669e-06 1.990439102313687005e-08 -2.703713801700977236e-18
2.070105051758808212e-06 1.091669154156185235e-08 -1.707109153697690576e-18
2.247723467133783126e-06 5.208771850583623656e-09 -1.383803523458019442e-18
2.442412579770764092e-06 1.627361669457100114e-09 -7.007102742472664659e-18
2.656232148488119060e-06 -5.757241878185406822e-10 2.016187926496485651e-17
2.891567819966051056e-06 -1.886600286781930681e-09 6.517872099566209726e-18
3.151158007749094159e-06 -2.621858880726961329e-09 -2.068315694184202367e-17
3.438140499103375936e-06 -2.988196507614321410e-09 -7.582369987272864637e-18
3.756117508160045082e-06 -3.120822288822771492e-09 8.469620997422206457e-18
4.109240058450952526e-06 -3.108254626561797357e-09 9.963090302717308934e-18
4.502314488230574341e-06 -3.008392970699971386e-09 1.031914550577289121e-17
4.940935959089898244e-06 -2.858982797127777914e-09 7.050456024537476344e-18
5.431655874400115325e-06 -2.684464601400607308e-09 -3.894475157951647126e-18
5.982193126981283360e-06 -2.500478649746879855e-09 1.232524011573458019e-17
6.601702777660894972e-06 -2.316842078514662996e-09 8.073246854324305764e-18
7.301121110608876918e-06 -2.139524800600505363e-09 -1.826899138560713292e-17
8.093613751088829522e-06 -1.971965101303391649e-09 -1.659959640470981045e-17
8.995164550586187691e-06 -1.815948133125320651e-09 1.030267595285171198e-17
1.002535984649319256e-05 -1.672194145599377502e-09 -2.019650814802893950e-17
1.120844811836746446e-05 -1.540750391378951812e-09 -5.418931326584040586e-19
1.257479462835400796e-05 -1.421254548260549219e-09 -1.021936173172701194e-17
1.416291389580090487e-05 -1.313108990662541971e-09 -5.503157505587124372e-18
1.602236532038600614e-05 -1.215595818546477206e-09 2.322973222591895215e-17
1.821797009749631657e-05 -1.127956075703471503e-09 1.240566000270837948e-17
2.083610594186269260e-05 -1.049431070159249405e-09 -1.488745286999913418e-17
2.399435794408349976e-05 -9.793190991787560708e-10 7.606315895700942627e-18
2.785688182083828623e-05 -9.169308220158060547e-10 -8.993986325994524950e-18
3.265921051661888064e-05 -8.617926984593329005e-10 2.639408542694242731e-18
3.875351125000314756e-05 -8.131450268118455523e-10 8.210879760132852298e-18
4.667495400976356956e-05 -7.713880407618876449e-10 8.186881406882032636e-18
5.735877645174011774e-05 -7.341958438395778976e-10 -9.672886337344239947e-18
7.209108266879177274e-05 -7.072759564015511878e-10 6.995925481657870526e-18
9.542676798707239172e-05 -6.753241024332545124e-10 -6.331976453671013902e-18
1.260167322130641143e-04 -6.812445118726765715e-10 -6.647102924417326854e-18
2.427898701152023109e-04 -6.136619465283497798e-10 5.241576696844649472e-18
2.996495717122495128e-04 -7.804146784207936751e-10 -2.461083820269661550e-18
4.141724128604716559e-03 -3.846168934575167976e-10 -1.229218895202006451e-17
2.797598996831787699e-02 -1.776528697446604152e-09 1.075855226759044080e-17
