2.797619598151578069e-02 -5.324284622638049073e-07 -7.565663502766071264e-18
4.141578911600208440e-03 -9.745688246630687665e-08 -4.564054075510649815e-18
2.995870020042548654e-04 -2.139460943002126689e-07 -3.279628770127427087e-18
2.426552194543588059e-04 -1.554769011256880374e-07 4.918456319015804946e-18
1.258524090119277072e-04 -1.689185616219355043e-07 8.958084369328589144e-18
9.521779326188486992e-05 -1.592407035164154980e-07 7.062658021272385301e-18
7.183795532558073793e-05 -1.602274754636350231e-07 2.559401243406044390e-18
5.705789456508444935e-05 -1.587735588776026584e-07 -1.620787922598465159e-20
4.632354855565665175e-05 -1.592105847401591559e-07 -6.962017264476522120e-19
3.834839582598364993e-05 -1.596884633008708730e-07 -7.432663014763835459e-18
3.219703118013950149e-05 -1.606669116344415874e-07 -1.612839235346354886e-18
2.733401397856868864e-05 -1.618329676344320484e-07 2.720720820910684790e-18
2.340687964496115936e-05 -1.631839397366255421e-07 7.117651341439917997e-18
2.017975114331285735e-05 -1.646328091186787238e-07 6.858223419328665170e-18
1.748808168186566370e-05 -1.661408373221707777e-07 -8.545916884132692156e-19
1.521384322229063502e-05 -1.676665526765186550e-07 -4.791136414347021118e-18
1.327015842846751559e-05 -1.691804564593154708e-07 -5.374941816116543122e-18
1.159164410352922503e-05 -1.706576185528164328e-07 -4.914052192377146461e-18
1.012810991043652797e-05 -1.720785220201106020e-07 -4.082859478170298781e-18
8.840333873317424151e-06 -1.734274333359134054e-07 -1.488551514297498112e-19
7.697157893268857798e-06 -1.746919033225234175e-07 5.819406135125623978e-18
6.673445009725692545e-06 -1.758620830795222854e-07 1.572297056501629340e-17
5.748612711631295724e-06 -1.769302601549636456e-07 3.096558695899180204e-18
4.905559206836579422e-06 -1.778904424324960572e-07 7.336217010322964946e-18
4.129862592603533722e-06 -1.787380256967449570e-07 -2.186014057526491927e-18
3.409172392276893504e-06 -1.794695150623783841e-07 -6.818146390281333744e-18
2.732738289771413642e-06 -1.800822978225354338e-07 -7.782170839377219604e-18
2.091037463434336496e-06 -1.805744581465031957e-07 -9.407897000956240156e-18
1.475472881935779856e-06 -1.809446306443442540e-07 -5.037340278740272913e-18
8.781223038052676788e-07 -1.811918864547332729e-07 -3.207654072125759413e-18
2.915226114466595853e-07 -1.813156513311923557e-07 8.806695239230297504e-18
-2.915226117207458945e-07 -1.813156512956742260e-07 1.002003473079152991e-17
-8.781223038954732996e-07 -1.811918864525817033e-07 1.732064235729319349e-18
-1.475472881387607238e-06 -1.809446306329121680e-07 3.767218192970407323e-18
-2.091037463607808844e-06 -1.805744581536524184e-07 -3.923186425423199774e-19
-2.732738289601410742e-06 -1.800822978288211064e-07 -7.689323013549748316e-18
-3.409172392339343549e-06 -1.794695150653566049e-07 -6.656531589416221124e-18
-4.129862592849864456e-06 -1.787380256960449901e-07 -9.693081338235577496e-18
-4.905559206656168181e-06 -1.778904424058066314e-07 -7.106068449411775574e-18
-5.748612711686806875e-06 -1.769302601523159530e-07 6.120447614371586363e-18
-6.673445009545281303e-06 -1.758620830956916944e-07 7.226809527026722747e-18
-7.697157893598455258e-06 -1.746919033367774997e-07 7.811042548606567101e-18
-8.840333873182115720e-06 -1.734274333320013573e-07 2.506036317993235690e-18
-1.012810991035326125e-05 -1.720785220128728114e-07 -4.667385919153136575e-18
-1.159164410358126673e-05 -1.706576185704306153e-07 -6.161108711996874205e-18
-1.327015842838077941e-05 -1.691804564570656983e-07 -1.253858448482349439e-17
-1.521384322244676013e-05 -1.676665526894772533e-07 -7.368783101401095432e-18
-1.748808168170606914e-05 -1.661408372942352605e-07 -9.671380465357259918e-19
-2.017975114350020749e-05 -1.646328091409995772e-07 7.322638782914491532e-18
-2.340687964503748719e-05 -1.631839397306301370e-07 1.166713404462468012e-17
-2.733401397824603007e-05 -1.618329676279052360e-07 6.787824972367521685e-18
-3.219703118034419886e-05 -1.606669116500356758e-07 4.390283655310867244e-18
-3.834839582615365283e-05 -1.596884632726996689e-07 -4.143403600814156932e-19
-4.632354855541379046e-05 -1.592105847689899339e-07 -9.261571117198287102e-18
-5.705789456523710501e-05 -1.587735588608632227e-07 -2.939659199841593310e-18
-7.183795532557032959e-05 -1.602274754736450996e-07 2.734864278745553770e-18
-9.521779326109730546e-05 -1.592407035044611102e-07 2.868521887834377601e-18
-1.258524090126944550e-04 -1.689185616183778071e-07 6.841083823263579542e-18
-2.426552194548237118e-04 -1.554769011528692188e-07 -1.469531840297389593e-19
-2.995870020038107762e-04 -2.139460942939057145e-07 -1.200781770355362978e-19
-4.141578911600121704e-03 -9.745688244139918462e-08 -3.259711059365079635e-18
-2.797619598151579109e-02 -5.324284622797872544e-07 -3.595224472314085594e-18
-2.797604749261186144e-02 -4.473817223696194619e-10 5.804625635682446922e-18
-4.141698314107614132e-03 -9.025438175682532207e-11 6.690884430905577885e-18
-2.996436471222364839e-04 -1.865299090791666585e-10 -5.986909649708684532e-18
-2.427764549505807834e-04 -1.406803512257838352e-10 2.898328020844031275e-18
-1.260032126416468778e-04 -1.534967494286863432e-10 -1.281097439824896563e-17
-9.541143283958372634e-05 -1.474869004024290742e-10 7.754490135295177383e-19
-7.207440382877780549e-05 -1.504816282343262213e-10 -5.330064091581854325e-18
-5.734067803684489428e-05 -1.516608914448172535e-10 4.640722847258286172e-18
-4.665546624409155907e-05 -1.547466155283939017e-10 5.428449869230307215e-18
-3.873262416282524656e-05 -1.582152303934988616e-10 1.602372374483547024e-17
-3.263691066934457097e-05 -1.625318709550446538e-10 4.179114643762741122e-18
-2.783314649298582188e-05 -1.674738378494120765e-10 -6.504330745005359671e-18
-2.396915832754420439e-05 -1.730938576883566130e-10 -1.189464259128569581e-18
-2.080940799834354871e-05 -1.793611812310370428e-10 -2.151519757735477418e-17
-1.818973580934579726e-05 -1.862863085985489238e-10 7.451924182898054374e-19
-1.599255375158217807e-05 -1.938720378328792971e-10 8.735998940672882922e-18
-1.413148235564903876e-05 -2.021281152725605435e-10 1.598882344061425301e-18
-1.254169987123174290e-05 -2.110631462619481308e-10 -2.594948563640802491e-18
-1.117364769282619408e-05 -2.206853184948938251e-10 -7.297979363306277086e-18
-9.988813667465706869e-06 -2.309989278662864918e-10 1.059043929959070080e-17
-8.956836669404832918e-06 -2.420027540105312674e-10 1.186821469649751040e-17
-8.053474477225791572e-06 -2.536869536570767847e-10 1.396469788087915480e-18
-7.259149488670485484e-06 -2.660295560715983629e-10 -1.679883498483687947e-17
-6.557889512912029595e-06 -2.789923242542487034e-10 -4.215536389389155120e-18
-5.936544056117654122e-06 -2.925152086825350685e-10 6.495866804457229083e-19
-5.384196015242870281e-06 -3.065098198444830488e-10 -6.537823291486035345e-18
-4.891714244333739137e-06 -3.208507960310902583e-10 5.030543556936276065e-18
-4.451409216524315760e-06 -3.353653217828766457e-10 2.646059874165533328e-18
-4.056765029021580649e-06 -3.498200072876832302e-10 1.025173431121658515e-18
-3.702228807418717071e-06 -3.639036718348077456e-10 -1.194691363004249487e-17
-3.383043591438650299e-06 -3.772069290015350533e-10 -5.280196756455737472e-18
-3.095114606121301959e-06 -3.891949490190096020e-10 1.428357624491267729e-17
-2.834901439690423741e-06 -3.991750684671110967e-10 2.109586692939063299e-17
-2.599330387206139070e-06 -4.062540939853352421e-10 5.095853164063341183e-18
-2.385722776363646824e-06 -4.092864346306997158e-10 -9.207987262207266118e-18
-2.191735932837585166e-06 -4.068075025407297058e-10 1.200717795846048321e-17
-2.015314299778220297e-06 -3.969511340283404536e-10 2.945251757709629396e-18
-1.854648756838966905e-06 -3.773455254643580667e-10 -1.605827488752600419e-17
-1.708142546918284266e-06 -3.449831856115360783e-10 -2.229913621257098584e-17
-1.574382671256507882e-06 -2.960578580882490053e-10 1.650267075125690430e-17
-1.452115748326598954e-06 -2.257623338214765046e-10 5.911285342833287071e-18
-1.340227558630641136e-06 -1.280358712617166944e-10 -2.542307808427614279e-18
-1.237725719492599463e-06 4.747257946123985269e-12 1.413858708028077023e-17
-1.143724933191925253e-06 1.821611649946492155e-10 5.965011484075824205e-18
-1.057434473601681635e-06 4.161965920188800535e-10 3.397028466986938851e-18
-9.781475411134443743e-07 7.218266963154604057e-10 1.595021241967427312e-18
-9.052322610982044271e-07 1.117682352282076472e-09 -1.428246493942710992e-17
-8.381241398958128030e-07 1.626844148476460096e-09 3.082213719239756716e-18
-7.763197499496832243e-07 2.277749386123865036e-09 3.381320634585096040e-18
-7.193715821016133383e-07 3.105196824072911490e-09 -5.948074865926727263e-18
-6.668838872410376428e-07 4.151404413687627372e-09 2.929842637267944746e-18
-6.185093922514428577e-07 5.467035987950681846e-09 -7.161754633765876980e-18
-5.739468066333353047e-07 7.112051792753796316e-09 -7.851477510837563306e-18
-5.329388686782510209e-07 9.156155165733178792e-09 5.142151845633577047e-18
-4.952707650281162888e-07 1.167850347298480441e-08 -1.016670217852463450e-17
-4.607685493603075333e-07 1.476622675262900828e-08 -1.138957774971828068e-19
-4.292970982727739582e-07 1.851118269171541208e-08 2.862898978315940989e-18
-4.007570345958277880e-07 2.300430116347011145e-08 8.904138125209687100e-18
-3.750798364676732888e-07 2.832692163413383393e-08 -1.147587247716702301e-17
-3.522202905101301518e-07 3.453879246137731342e-08 -1.337146298599165113e-17
-3.321455362623182417e-07 4.166299957218832213e-08 6.503798599396673560e-19
-3.148202018452006534e-07 4.966910982887768734e-08 5.908008596161565186e-18
-3.001878422642656474e-07 5.845718561337717633e-08 -2.287347225227957008e-18
-2.881499384689567567e-07 6.784677792102982200e-08 -3.181895361332305867e-18
-2.785450353391671907e-07 7.757592767598652105e-08 -1.121640106282632402e-17
-2.711320224307867122e-07 8.731476809683314088e-08 2.555489753302216426e-18
-2.655822033056920439e-07 9.669582851114758326e-08 1.382934245200398085e-17
-2.614843401735345019e-07 1.053585881831514444e-07 1.808537634824553420e-17
-2.583647190496085599e-07 1.130004101413520354e-07 -1.055116766402799230e-17
-2.557207708087094744e-07 1.194220032977322992e-07 -5.472412037475738420e-18
-2.530630255313803811e-07 1.245553449115378378e-07 3.215387932959395462e-18
-2.499574550257621652e-07 1.284664452302297556e-07 1.808650686085805852e-17
-2.460600178784411174e-07 1.313329304274264171e-07 6.172697593556763234e-18
-2.411373630113733402e-07 1.334038805037894248e-07 3.680805577145338843e-18
-2.350714813845189433e-07 1.349535144212962043e-07 -4.180564775517640185e-19
-2.278500158096885553e-07 1.362399282397542221e-07 -1.548387294369754638e-17
-2.195465560496379087e-07 1.374762092614960612e-07 2.332482833695531308e-18
-2.102961916931878061e-07 1.388162077726974154e-07 1.494492482319373607e-18
-2.002709586397533048e-07 1.403531376566503878e-07 -1.223307543547280387e-17
-1.896583625357606273e-07 1.421269994912807860e-07 2.261237734866698484e-18
-1.786446207803493724e-07 1.441364924591979474e-07 -1.648225110388603069e-17
-1.674029281827082993e-07 1.463519081730974524e-07 -3.564136458545614487e-17
-1.560862577590360623e-07 1.487267533948518295e-07 -1.426763974891933116e-18
-1.448237990295253574e-07 1.512070133807400454e-07 5.836104361489202462e-18
-1.337200381326675291e-07 1.537378097906460089e-07 1.615359304102805675e-17
-1.228556209022235723e-07 1.562677026456649305e-07 1.773821629352241783e-17
-1.122892656080232143e-07 1.587511068668492340e-07 1.739234645596426732e-17
-1.020602310060347850e-07 1.611493291834895031e-07 1.181579890766067911e-17
-9.219095852344705300e-08 1.634306783043581015e-07 -4.151507845660647568e-17
-8.268964954774582488e-08 1.655700096377546368e-07 4.080353313086230000e-18
-7.355266806383098377e-08 1.675479631310053820e-07 3.187717226364208153e-18
-6.476667248692113965e-08 1.693500791637610220e-07 3.796447953653692800e-18
-5.631048378626490880e-08 1.709659037338679849e-07 2.045853168166169054e-18
-4.815667661861589011e-08 1.723881508111411533e-07 -2.208480719679725580e-17
-4.027289891156415891e-08 1.736119591629423152e-07 1.698628069492119855e-17
-3.262297297232374937e-08 1.746342555476474836e-07 1.860393582884306595e-17
-2.516780569367105258e-08 1.754532279589987442e-07 -3.001060309876605062e-17
-1.786613443993667616e-08 1.760679033594993423e-07 1.342060288882901209e-17
-1.067513413777199105e-08 1.764778235852285565e-07 1.255228718632108727e-17
-3.550934050272624987e-09 1.766828095561631731e-07 7.490758158027684861e-19
3.550933342505446788e-09 1.766828096108734547e-07 -4.181109747483840607e-18
1.067513471716963203e-08 1.764778235614543004e-07 -1.550975677601556609e-17
1.786613501586487018e-08 1.760679033642405828e-07 5.493967414053035724e-18
2.516780620367975452e-08 1.754532279489481160e-07 1.156412641415160352e-17
3.262297224027044251e-08 1.746342555708796386e-07 9.526848363668512399e-19
4.027289838767766916e-08 1.736119591559064625e-07 -1.692321123399812959e-17
4.815667795782241356e-08 1.723881508196452847e-07 -2.091453304206206191e-17
5.631048263093907380e-08 1.709659036836642627e-07 1.760933830719645178e-17
6.476667088403664785e-08 1.693500792063503415e-07 1.626986854499489497e-17
7.355266901792889556e-08 1.675479631411692215e-07 1.846450422776959048e-17
8.268965090776903004e-08 1.655700095819020519e-07 3.856040264078839987e-18
9.219095943244215441e-08 1.634306783947352993e-07 -8.688243735986717577e-18
1.020602295349892774e-07 1.611493291056430989e-07 -1.754070695928419763e-17
1.122892638906469731e-07 1.587511068961540329e-07 -2.505965926956062377e-17
1.228556219465271049e-07 1.562677026516599650e-07 1.002700135796487209e-17
1.337200394094240075e-07 1.537378097874957875e-07 2.866686265948105424e-17
1.448238000634205491e-07 1.512070134306676083e-07 2.334081026990354445e-17
1.560862559236986247e-07 1.487267533755944295e-07 1.231370615364979383e-19
1.674029266388044057e-07 1.463519081682601532e-07 -7.258501264412678344e-18
1.786446219079196318e-07 1.441364924049491399e-07 -4.994830570103778495e-17
1.896583634898585391e-07 1.421269995431508602e-07 -1.338415553843919758e-17
2.002709599997765100e-07 1.403531376124465441e-07 1.601171326244065943e-17
2.102961899376476484e-07 1.388162078284243483e-07 2.906592319278178013e-17
2.195465543218533266e-07 1.374762092208572203e-07 3.914431058276976143e-18
2.278500169615449433e-07 1.362399282935986243e-07 -2.264228463053549867e-18
2.350714825398447783e-07 1.349535144268270118e-07 8.562991753421082117e-19
2.411373641320047057e-07 1.334038804329787410e-07 -9.511510130925563808e-18
2.460600161541259823e-07 1.313329304754137982e-07 -7.100683844166588308e-19
2.499574533569581813e-07 1.284664452019657484e-07 1.017700983964475129e-17
2.530630263432309679e-07 1.245553449126205577e-07 -9.902316133731171914e-18
2.557207725573107382e-07 1.194220032831806438e-07 6.110247321944301459e-18
2.583647197781924199e-07 1.130004101455764534e-07 1.729304743854194179e-17
2.614843386053444796e-07 1.053585882196995396e-07 -1.871719661422414730e-17
2.655822017687270442e-07 9.669582850223110565e-08 5.869234446365039335e-18
2.711320233571290483e-07 8.731476804451877140e-08 1.091768203141413722e-17
2.785450364042874050e-07 7.757592770733037969e-08 -1.499211838684866983e-17
2.881499395895881221e-07 6.784677793315392073e-08 4.202551072036931594e-18
3.001878408591396319e-07 5.845718558772854223e-08 3.898773897027875212e-18
3.148201994304655749e-07 4.966910983536359067e-08 -2.729652174497155186e-18
3.321455378721416274e-07 4.166299959123487704e-08 1.344426783027937770e-17
3.522202915787198130e-07 3.453879244462131427e-08 -4.773029250472903390e-17
3.750798379179021147e-07 2.832692161953029108e-08 1.196187976254496507e-17
4.007570327188569870e-07 2.300430117441536531e-08 8.503429754001439420e-18
4.292970964651920962e-07 1.851118270839272318e-08 2.425647986002093804e-17
4.607685503699165963e-07 1.476622677980266564e-08 -2.893080921122331637e-17
4.952707664991617964e-07 1.167850343749229751e-08 2.121399528920971899e-17
5.329388690529512917e-07 9.156155156841371019e-09 -3.282395815392209231e-17
5.739468044926865353e-07 7.112051745482422777e-09 2.622669971826706607e-17
6.185093923520568193e-07 5.467036081509322223e-09 -1.141747513530796872e-17
6.668838879869687375e-07 4.151404363685207853e-09 -1.156863666730440964e-17
7.193715831077529543e-07 3.105196846657933298e-09 2.938823203212500635e-17
7.763197500988694433e-07 2.277749391537649649e-09 -1.235940701323134550e-17
8.381241380223114490e-07 1.626844131177982670e-09 -2.051580698293054561e-17
9.052322616706631742e-07 1.117682354957330774e-09 -6.614053002577269383e-19
9.781475414985529859e-07 7.218267064746743134e-10 5.265438324502013538e-17
1.057434474288632131e-06 4.161965726940880597e-10 -5.742553434962929033e-17
1.143724933597850546e-06 1.821611783430017266e-10 -3.253964737818177220e-17
1.237725716973780976e-06 4.747220240981733836e-12 2.612172466659123594e-17
1.340227559178813754e-06 -1.280358611100400564e-10 2.931903396338799290e-17
1.452115749134980094e-06 -2.257622868774017903e-10 -1.653213422959350177e-17
1.574382671711005433e-06 -2.960579051523542439e-10 2.539406385854253656e-17
1.708142547098695507e-06 -3.449831680949840646e-10 1.307720235121173938e-17
1.854648755791193926e-06 -3.773455302504714131e-10 -2.254038417277082654e-17
2.015314299854548130e-06 -3.969511518874279590e-10 2.053876384168374482e-17
2.191735933326777186e-06 -4.068074897852539357e-10 -9.920671495063920860e-18
2.385722776759163777e-06 -4.092864417000333849e-10 -1.218171940848148939e-17
2.599330387854925650e-06 -4.062541085062956808e-10 -1.025378444786571037e-17
2.834901437327730367e-06 -3.991750151845631066e-10 4.503477299200873987e-18
3.095114606693760706e-06 -3.891949716035466820e-10 3.064397793432776065e-17
3.383043591979884024e-06 -3.772068699108490567e-10 1.039256107089314253e-17
3.702228808126484250e-06 -3.639037134099178015e-10 -2.037664785582142186e-18
4.056765029101377928e-06 -3.498200394934508366e-10 -4.452683487200503406e-17
4.451409214078355658e-06 -3.353653211443312631e-10 -5.336614693747464279e-19
4.891714246061523719e-06 -3.208508147657682944e-10 3.335857283380107417e-18
5.384196015652265022e-06 -3.065097477972469100e-10 5.558096856160333243e-19
5.936544056034387395e-06 -2.925152050137905285e-10 1.203554872061088770e-17
6.557889513158360328e-06 -2.789923531486088314e-10 6.448379851342429600e-18
7.259149487393729006e-06 -2.660295459553945383e-10 -4.512691993541717418e-18
8.053474477850292024e-06 -2.536869291808487813e-10 3.070922057586127723e-18
8.956836670178519588e-06 -2.420027858751439466e-10 -7.759215133317589942e-18
9.988813666851614759e-06 -2.309989246965791882e-10 -1.461039583251104181e-18
1.117364769384968093e-05 -2.206853512270146533e-10 7.299235785871133456e-19
1.254169986845271589e-05 -2.110631496210653191e-10 -1.585743543116455562e-17
1.413148235673844511e-05 -2.021281137692089975e-10 2.484438083973117754e-17
1.599255375408711877e-05 -1.938720310262275849e-10 -1.829029574920528947e-17
1.818973580717045402e-05 -1.862863069678822873e-10 -3.580353284344068631e-19
2.080940799904784644e-05 -1.793611756817135102e-10 1.092733848083272851e-17
2.396915832544865843e-05 -1.730938090971510593e-10 -1.508708154659385462e-18
2.783314649548382369e-05 -1.674738828181447464e-10 2.892206224497240447e-18
3.263691067026397441e-05 -1.625318386554338204e-10 -4.737279276744316717e-18
3.873262415949457749e-05 -1.582152297135042857e-10 1.160982824911731869e-17
4.665546624516361818e-05 -1.547466192109351940e-10 -1.970389432944131965e-17
5.734067803748674197e-05 -1.516609240622548664e-10 3.707972880828525551e-18
7.207440382897209452e-05 -1.504816368737804215e-10 2.492963588775555597e-17
9.541143284006944891e-05 -1.474868891266292866e-10 -2.481937687355798707e-17
1.260032126400821573e-04 -1.534967485534125193e-10 1.400364361429420577e-17
2.427764549510769143e-04 -1.406803187573089394e-10 -9.272808088013269375e-19
2.996436471225001619e-04 -1.865300002042930621e-10 6.020324632086797387e-19
4.141698314107666173e-03 -9.025430675041030572e-11 -1.454354987643610028e-17
2.797604749261183368e-02 -4.473817379276641594e-10 9.067833047369926081e-18
