1.311587530744803864e-04 -1.617160646164112763e-06 -0.000000000000000000e+00
1.315234474272040455e-04 -1.617160647640684526e-06 -0.000000000000000000e+00
1.590899794814447171e-04 -1.617160648962928579e-06 -0.000000000000000000e+00
4.385282569475443097e-05 -1.617160650144121953e-06 -0.000000000000000000e+00
1.020252246133749371e-05 -1.617160651195938668e-06 -0.000000000000000000e+00
3.141317723510172516e-06 -1.617160652128611093e-06 -0.000000000000000000e+00
1.170610146824535777e-06 -1.617160652951088767e-06 -0.000000000000000000e+00
5.006667309179732726e-07 -1.617160653671158675e-06 -0.000000000000000000e+00
2.374979029254752809e-07 -1.617160654295554941e-06 -0.000000000000000000e+00
1.219989806429322718e-07 -1.617160654830056025e-06 -0.000000000000000000e+00
6.661253203760337789e-08 -1.617160655279556081e-06 -0.000000000000000000e+00
3.799772251408722306e-08 -1.617160655648139503e-06 -0.000000000000000000e+00
2.217111633038552638e-08 -1.617160655939129202e-06 -0.000000000000000000e+00
1.276246862469790832e-08 -1.617160656155133615e-06 -0.000000000000000000e+00
6.628161609603335389e-09 -1.617160656298079742e-06 -0.000000000000000000e+00
2.055072060270757403e-09 -1.617160656369237074e-06 -0.000000000000000000e+00
-2.055072060653809856e-09 -1.617160656369236863e-06 -0.000000000000000000e+00
-6.628161609191672413e-09 -1.617160656298079530e-06 -0.000000000000000000e+00
-1.276246862401606665e-08 -1.617160656155135097e-06 -0.000000000000000000e+00
-2.217111633093752717e-08 -1.617160655939130473e-06 -0.000000000000000000e+00
-3.799772251435112676e-08 -1.617160655648140562e-06 -0.000000000000000000e+00
-6.661253203832495731e-08 -1.617160655279556504e-06 -0.000000000000000000e+00
-1.219989806422468104e-07 -1.617160654830055601e-06 -0.000000000000000000e+00
-2.374979029249435824e-07 -1.617160654295554941e-06 -0.000000000000000000e+00
-5.006667309178291711e-07 -1.617160653671158675e-06 -0.000000000000000000e+00
-1.170610146823692768e-06 -1.617160652951088767e-06 -0.000000000000000000e+00
-3.141317723512075376e-06 -1.617160652128610881e-06 -0.000000000000000000e+00
-1.020252246133676187e-05 -1.617160651195937821e-06 -0.000000000000000000e+00
-4.385282569475730410e-05 -1.617160650144122377e-06 -0.000000000000000000e+00
-1.590899794814439581e-04 -1.617160648962928579e-06 -0.000000000000000000e+00
-1.315234474272041268e-04 -1.617160647640684314e-06 -0.000000000000000000e+00
-1.311587530744782451e-04 -1.617160646164112340e-06 -0.000000000000000000e+00
-1.311588470387093351e-04 2.013669198871388602e-14 -0.000000000000000000e+00
-1.315235614783902653e-04 2.195033897673840668e-14 -0.000000000000000000e+00
-1.590901187932721177e-04 2.395094504933401218e-14 -0.000000000000000000e+00
-4.385299702384862620e-05 2.616029092558771041e-14 -0.000000000000000000e+00
-1.020273471318235750e-05 2.860299560985782315e-14 -0.000000000000000000e+00
-3.141582752324443081e-06 3.130692657976155802e-14 -0.000000000000000000e+00
-1.170943900239424968e-06 3.430367524466179303e-14 -0.000000000000000000e+00
-5.010909101946283864e-07 3.762910903981021503e-14 -0.000000000000000000e+00
-2.380424058721677980e-07 4.132401367526874447e-14 -0.000000000000000000e+00
-1.227055526238935290e-07 4.543484165496001602e-14 -0.000000000000000000e+00
-6.754031560101036072e-08 5.001458631766231555e-14 -0.000000000000000000e+00
-3.923184963405158000e-08 5.512380444978414013e-14 -0.000000000000000000e+00
-2.383628136334444029e-08 6.083181512991462414e-14 -0.000000000000000000e+00
-1.504484744559529159e-08 6.721810807492347452e-14 -0.000000000000000000e+00
-9.811679290428890786e-09 7.437400160077921955e-14 -0.000000000000000000e+00
-6.583049394542158243e-09 8.240459868118704615e-14 -0.000000000000000000e+00
-4.528054559140474080e-09 9.143109985141321339e-14 -0.000000000000000000e+00
-3.183750279531560897e-09 1.015935443263305695e-13 -0.000000000000000000e+00
-2.282769494250537857e-09 1.130540662657871768e-13 -0.000000000000000000e+00
-1.665718404318793337e-09 1.260007723680367375e-13 -0.000000000000000000e+00
-1.234849747086673247e-09 1.406523708453995901e-13 -0.000000000000000000e+00
-9.286841144564109927e-10 1.572637115373029045e-13 -0.000000000000000000e+00
-7.076613707948423142e-10 1.761324339823201062e-13 -0.000000000000000000e+00
-5.457945341435527782e-10 1.976069666780367589e-13 -0.000000000000000000e+00
-4.256891834202656594e-10 2.220961790514104770e-13 -0.000000000000000000e+00
-3.355007785127431035e-10 2.500810611364230405e-13 -0.000000000000000000e+00
-2.670362647953314751e-10 2.821288988875988906e-13 -0.000000000000000000e+00
-2.145459054122754572e-10 3.189105310239932489e-13 -0.000000000000000000e+00
-1.739407956391519605e-10 3.612214235983662459e-13 -0.000000000000000000e+00
-1.422773742876877252e-10 4.100074907161318393e-13 -0.000000000000000000e+00
-1.174127749014938695e-10 4.663968366552347351e-13 -0.000000000000000000e+00
-9.777107411048181146e-11 5.317389128574186563e-13 -0.000000000000000000e+00
-8.218256683448725620e-11 6.076529952448778872e-13 -0.000000000000000000e+00
-6.977213104604356533e-11 6.960884230020953943e-13 -0.000000000000000000e+00
-5.988054985211266781e-11 7.993997396087298155e-13 -0.000000000000000000e+00
-5.200885383994560579e-11 9.204407949197847642e-13 -0.000000000000000000e+00
-4.577830756448041342e-11 1.062683077365651158e-12 -0.000000000000000000e+00
-4.090168369761266140e-11 1.230365148805191085e-12 -0.000000000000000000e+00
-3.716241523356228704e-11 1.428682189779441356e-12 -0.000000000000000000e+00
-3.439956884363799270e-11 1.664027521228179508e-12 -0.000000000000000000e+00
-3.249706331770388690e-11 1.944301815917166658e-12 -0.000000000000000000e+00
-3.137614766189672160e-11 2.279310920259492571e-12 -0.000000000000000000e+00
-3.099029579851413536e-11 2.681280297097149220e-12 -0.000000000000000000e+00
-3.132227441512370109e-11 3.165523811352041942e-12 -0.000000000000000000e+00
-3.238285930797123099e-11 3.751317966107216965e-12 -0.000000000000000000e+00
-3.421131796975851160e-11 4.463051266968907048e-12 -0.000000000000000000e+00
-3.687754668663643376e-11 5.331744329589290663e-12 -0.000000000000000000e+00
-4.048601849212595741e-11 6.397072824982703059e-12 -0.000000000000000000e+00
-4.518185427184255247e-11 7.710077037668119316e-12 -0.000000000000000000e+00
-5.115959357185961825e-11 9.336815578102035202e-12 -0.000000000000000000e+00
-5.867528970239098123e-11 1.136332690456213820e-11 -0.000000000000000000e+00
-6.806312106243672421e-11 1.390241619198866274e-11 -0.000000000000000000e+00
-7.975781598013698671e-11 1.710301011474277574e-11 -0.000000000000000000e+00
-9.432522178766456578e-11 2.116315404649978308e-11 -0.000000000000000000e+00
-1.125037933201370802e-10 2.634822022777208329e-11 -0.000000000000000000e+00
-1.352616015546221128e-10 3.301663764200177297e-11 -0.000000000000000000e+00
-1.638745888735654997e-10 4.165658005734178676e-11 -0.000000000000000000e+00
-2.000351618020820979e-10 5.293877309677424722e-11 -0.000000000000000000e+00
-2.460038067281346427e-10 6.779324971826187759e-11 -0.000000000000000000e+00
-3.048224908595778812e-10 8.752205634419491581e-11 -0.000000000000000000e+00
-3.806177011845309770e-10 1.139665070063525160e-10 -0.000000000000000000e+00
-4.790339268748367660e-10 1.497581196120167842e-10 -0.000000000000000000e+00
-6.078594359101262247e-10 1.986993865238030664e-10 -0.000000000000000000e+00
-7.779369442308532853e-10 2.663483165022851613e-10 -0.000000000000000000e+00
-1.004500235048297740e-09 3.609265297721667630e-10 -0.000000000000000000e+00
-1.309150779373362227e-09 4.947470942722674424e-10 -0.000000000000000000e+00
-1.722801691507937608e-09 6.864868011082752870e-10 -0.000000000000000000e+00
-2.290087516027415078e-09 9.648453878442117841e-10 -0.000000000000000000e+00
-3.075995583347292522e-09 1.374505381397635525e-09 -0.000000000000000000e+00
-4.175847771879548327e-09 1.985939896766388278e-09 -0.000000000000000000e+00
-5.730272279980861653e-09 2.911693610611100415e-09 -0.000000000000000000e+00
-7.947425173821326604e-09 4.333573000959748385e-09 -0.000000000000000000e+00
-1.113525853195273120e-08 6.548142934751961247e-09 -0.000000000000000000e+00
-1.574647546930649578e-08 1.004251498890093711e-08 -0.000000000000000000e+00
-2.243638672906310568e-08 1.561878163631654651e-08 -0.000000000000000000e+00
-3.212571829687967668e-08 2.459216529007882968e-08 -0.000000000000000000e+00
-4.604010034288888913e-08 3.908872110008630696e-08 -0.000000000000000000e+00
-6.565697580170534777e-08 6.244547117133196374e-08 -0.000000000000000000e+00
-9.242750099060684330e-08 9.963147488628102566e-08 -0.000000000000000000e+00
-1.270908111189443226e-07 1.574105808626183445e-07 -0.000000000000000000e+00
-1.684841291424741511e-07 2.436572979402526699e-07 -0.000000000000000000e+00
-2.121829472525804416e-07 3.650604408087912320e-07 -0.000000000000000000e+00
-2.500938787087700356e-07 5.230553705502525207e-07 -0.000000000000000000e+00
-2.724853362545523487e-07 7.097327180810036163e-07 -0.000000000000000000e+00
-2.724729666989461934e-07 9.073966619854549095e-07 -0.000000000000000000e+00
-2.500561913565069599e-07 1.094072484694470627e-06 -0.000000000000000000e+00
-2.121181641081468174e-07 1.252064248266971822e-06 -0.000000000000000000e+00
-1.683891426620161747e-07 1.373462337833207806e-06 -0.000000000000000000e+00
-1.269609522952018669e-07 1.459701712090148490e-06 -0.000000000000000000e+00
-9.225618128323370637e-08 1.517470580715359010e-06 -0.000000000000000000e+00
-6.543516416614597843e-08 1.554642573104778471e-06 -0.000000000000000000e+00
-4.575557673942357883e-08 1.577980274933192067e-06 -0.000000000000000000e+00
-3.176201647265245315e-08 1.592450934577796427e-06 -0.000000000000000000e+00
-2.197129747308352223e-08 1.601388966138642382e-06 -0.000000000000000000e+00
-1.514991941147497118e-08 1.606916640480328277e-06 -0.000000000000000000e+00
-1.036624443498953821e-08 1.610343636019779238e-06 -0.000000000000000000e+00
-6.949668748164586791e-09 1.612463834254607210e-06 -0.000000000000000000e+00
-4.425835919120130167e-09 1.613752041580378823e-06 -0.000000000000000000e+00
-2.455834378752811253e-09 1.614486151641102099e-06 -0.000000000000000000e+00
-7.868308437771261694e-10 1.614819274731169445e-06 -0.000000000000000000e+00
7.868308514006947338e-10 1.614819274731168810e-06 -0.000000000000000000e+00
2.455834375401825664e-09 1.614486151641102522e-06 -0.000000000000000000e+00
4.425835911158360434e-09 1.613752041580378611e-06 -0.000000000000000000e+00
6.949668746402290903e-09 1.612463834254606999e-06 -0.000000000000000000e+00
1.036624443288345696e-08 1.610343636019779238e-06 -0.000000000000000000e+00
1.514991941008671727e-08 1.606916640480327430e-06 -0.000000000000000000e+00
2.197129747806531342e-08 1.601388966138642594e-06 -0.000000000000000000e+00
3.176201648178425580e-08 1.592450934577795580e-06 -0.000000000000000000e+00
4.575557674887668490e-08 1.577980274933191220e-06 -0.000000000000000000e+00
6.543516415953155109e-08 1.554642573104777624e-06 -0.000000000000000000e+00
9.225618126722809238e-08 1.517470580715357528e-06 -0.000000000000000000e+00
1.269609522878138073e-07 1.459701712090147431e-06 -0.000000000000000000e+00
1.683891426764145702e-07 1.373462337833202724e-06 -0.000000000000000000e+00
2.121181641225588713e-07 1.252064248266965257e-06 -0.000000000000000000e+00
2.500561913492569402e-07 1.094072484694466815e-06 -0.000000000000000000e+00
2.724729666840658363e-07 9.073966619854506743e-07 -0.000000000000000000e+00
2.724853362501355484e-07 7.097327180809996988e-07 -0.000000000000000000e+00
2.500938787239657008e-07 5.230553705502444739e-07 -0.000000000000000000e+00
2.121829472679072116e-07 3.650604408087851969e-07 -0.000000000000000000e+00
1.684841291341336294e-07 2.436572979402509229e-07 -0.000000000000000000e+00
1.270908111021694704e-07 1.574105808626168092e-07 -0.000000000000000000e+00
9.242750098179249934e-08 9.963147488628023157e-08 -0.000000000000000000e+00
6.565697581882883348e-08 6.244547117133074613e-08 -0.000000000000000000e+00
4.604010035545766693e-08 3.908872110008553933e-08 -0.000000000000000000e+00
3.212571829202732933e-08 2.459216529007858152e-08 -0.000000000000000000e+00
2.243638671334081430e-08 1.561878163631642078e-08 -0.000000000000000000e+00
1.574647546249956697e-08 1.004251498890084777e-08 -0.000000000000000000e+00
1.113525854860771174e-08 6.548142934751846269e-09 -0.000000000000000000e+00
7.947425186151206368e-09 4.333573000959680557e-09 -0.000000000000000000e+00
5.730272274963140216e-09 2.911693610611076013e-09 -0.000000000000000000e+00
4.175847753609132027e-09 1.985939896766377524e-09 -0.000000000000000000e+00
3.075995578258513376e-09 1.374505381397626426e-09 -0.000000000000000000e+00
2.290087526985027436e-09 9.648453878441981357e-10 -0.000000000000000000e+00
1.722801706595103590e-09 6.864868011082661880e-10 -0.000000000000000000e+00
1.309150774076040095e-09 4.947470942722643404e-10 -0.000000000000000000e+00
1.004500218431331112e-09 3.609265297721644366e-10 -0.000000000000000000e+00
7.779369430445986353e-10 2.663483165022836621e-10 -0.000000000000000000e+00
6.078594465297236323e-10 1.986993865238008692e-10 -0.000000000000000000e+00
4.790339458450158109e-10 1.497581196120149230e-10 -0.000000000000000000e+00
3.806176887401702946e-10 1.139665070063520249e-10 -0.000000000000000000e+00
3.048224762497241677e-10 8.752205634419441175e-11 -0.000000000000000000e+00
2.460037947068481509e-10 6.779324971826168372e-11 -0.000000000000000000e+00
2.000351801515470341e-10 5.293877309677367207e-11 -0.000000000000000000e+00
1.638746037175283613e-10 4.165658005734136024e-11 -0.000000000000000000e+00
1.352615964812628800e-10 3.301663764200163080e-11 -0.000000000000000000e+00
1.125037876789948710e-10 2.634822022777195081e-11 -0.000000000000000000e+00
9.432521088876511360e-11 2.116315404649968615e-11 -0.000000000000000000e+00
7.975783429353085115e-11 1.710301011474261418e-11 -0.000000000000000000e+00
6.806312173001076962e-11 1.390241619198861105e-11 -0.000000000000000000e+00
5.867528412346595027e-11 1.136332690456209135e-11 -0.000000000000000000e+00
5.115958037478653107e-11 9.336815578102006121e-12 -0.000000000000000000e+00
4.518185582097090049e-11 7.710077037668093467e-12 -0.000000000000000000e+00
4.048602835402984013e-11 6.397072824982658630e-12 -0.000000000000000000e+00
3.687755153931194417e-11 5.331744329589268045e-12 -0.000000000000000000e+00
3.421130786415248627e-11 4.463051266968891700e-12 -0.000000000000000000e+00
3.238285359801116210e-11 3.751317966107204040e-12 -0.000000000000000000e+00
3.132227559529838616e-11 3.165523811352029825e-12 -0.000000000000000000e+00
3.099030970298338407e-11 2.681280297097128621e-12 -0.000000000000000000e+00
3.137614853063439699e-11 2.279310920259484897e-12 -0.000000000000000000e+00
3.249706095166864525e-11 1.944301815917160599e-12 -0.000000000000000000e+00
3.439955885067540694e-11 1.664027521228174258e-12 -0.000000000000000000e+00
3.716241682764017884e-11 1.428682189779437519e-12 -0.000000000000000000e+00
4.090169039153240632e-11 1.230365148805185229e-12 -0.000000000000000000e+00
4.577830911802100098e-11 1.062683077365648330e-12 -0.000000000000000000e+00
5.200884387785605651e-11 9.204407949197819370e-13 -0.000000000000000000e+00
5.988054742202694432e-11 7.993997396087269882e-13 -0.000000000000000000e+00
6.977213186914460065e-11 6.960884230020932738e-13 -0.000000000000000000e+00
8.218258021730972760e-11 6.076529952448739492e-13 -0.000000000000000000e+00
9.777107556453173866e-11 5.317389128574170408e-13 -0.000000000000000000e+00
1.174127658450048796e-10 4.663968366552334225e-13 -0.000000000000000000e+00
1.422773720826175657e-10 4.100074907161306276e-13 -0.000000000000000000e+00
1.739407956372629385e-10 3.612214235983650847e-13 -0.000000000000000000e+00
2.145459187965908862e-10 3.189105310239914314e-13 -0.000000000000000000e+00
2.670362584211528448e-10 2.821288988875984867e-13 -0.000000000000000000e+00
3.355007761238573852e-10 2.500810611364222832e-13 -0.000000000000000000e+00
4.256891720044718087e-10 2.220961790514098964e-13 -0.000000000000000000e+00
5.457945426448349356e-10 1.976069666780363045e-13 -0.000000000000000000e+00
7.076613711684266506e-10 1.761324339823194499e-13 -0.000000000000000000e+00
9.286841174142259529e-10 1.572637115373025006e-13 -0.000000000000000000e+00
1.234849737062712675e-09 1.406523708453993376e-13 -0.000000000000000000e+00
1.665718407589310796e-09 1.260007723680363084e-13 -0.000000000000000000e+00
2.282769502747042219e-09 1.130540662657868612e-13 -0.000000000000000000e+00
3.183750281371077403e-09 1.015935443263300267e-13 -0.000000000000000000e+00
4.528054558149339653e-09 9.143109985141294833e-14 -0.000000000000000000e+00
6.583049379054730730e-09 8.240459868118698304e-14 -0.000000000000000000e+00
9.811679301617853567e-09 7.437400160077884089e-14 -0.000000000000000000e+00
1.504484744554981982e-08 6.721810807492331043e-14 -0.000000000000000000e+00
2.383628137440031798e-08 6.083181512991435908e-14 -0.000000000000000000e+00
3.923184961783594155e-08 5.512380444978407702e-14 -0.000000000000000000e+00
6.754031560556631272e-08 5.001458631766220195e-14 -0.000000000000000000e+00
1.227055526241475594e-07 4.543484165495982038e-14 -0.000000000000000000e+00
2.380424058806428126e-07 4.132401367526865612e-14 -0.000000000000000000e+00
5.010909101916721355e-07 3.762910903981013299e-14 -0.000000000000000000e+00
1.170943900229435061e-06 3.430367524466171099e-14 -0.000000000000000000e+00
3.141582752325960117e-06 3.130692657976150122e-14 -0.000000000000000000e+00
1.020273471318895588e-05 2.860299560985773480e-14 -0.000000000000000000e+00
4.385299702384870752e-05 2.616029092558765677e-14 -0.000000000000000000e+00
1.590901187932736898e-04 2.395094504933398379e-14 -0.000000000000000000e+00
1.315235614783847088e-04 2.195033897673837197e-14 -0.000000000000000000e+00
1.311588470387100940e-04 2.013669198871386077e-14 -0.000000000000000000e+00
