1.311588465630085304e-04 -1.617160570240259479e-06 -0.000000000000000000e+00
1.315235607946121173e-04 -1.617160579664832553e-06 -0.000000000000000000e+00
1.590901178942982970e-04 -1.617160588056442595e-06 -0.000000000000000000e+00
4.385299589986513800e-05 -1.617160595538953774e-06 -0.000000000000000000e+00
1.020273335151664025e-05 -1.617160602219841019e-06 -0.000000000000000000e+00
3.141581137176593869e-06 -1.617160608192540110e-06 -0.000000000000000000e+00
1.170942012399823289e-06 -1.617160613538419997e-06 -0.000000000000000000e+00
5.010887266490160531e-07 -1.617160618328459500e-06 -0.000000000000000000e+00
2.380398992914491713e-07 -1.617160622624678583e-06 -0.000000000000000000e+00
1.227026908076296337e-07 -1.617160626481346223e-06 -0.000000000000000000e+00
6.753706076126436016e-08 -1.617160629946020356e-06 -0.000000000000000000e+00
3.922815754896469285e-08 -1.617160633060431331e-06 -0.000000000000000000e+00
2.383210037696940263e-08 -1.617160635861237250e-06 -0.000000000000000000e+00
1.504011716245017446e-08 -1.617160638380680636e-06 -0.000000000000000000e+00
9.806329134375729647e-09 -1.617160640647138150e-06 -0.000000000000000000e+00
6.576996740547720837e-09 -1.617160642685610182e-06 -0.000000000000000000e+00
4.521202601707379844e-09 -1.617160644518127847e-06 -0.000000000000000000e+00
3.175985286901950337e-09 -1.617160646164112551e-06 -0.000000000000000000e+00
2.273957573253101176e-09 -1.617160647640684314e-06 -0.000000000000000000e+00
1.655701457152475482e-09 -1.617160648962928155e-06 -0.000000000000000000e+00
1.223440553174637957e-09 -1.617160650144121953e-06 -0.000000000000000000e+00
9.156602424967981024e-10 -1.617160651195938668e-06 -0.000000000000000000e+00
6.927575586748429917e-10 -1.617160652128610881e-06 -0.000000000000000000e+00
5.286932907160046799e-10 -1.617160652951088767e-06 -0.000000000000000000e+00
4.060088864555884038e-10 -1.617160653671158252e-06 -0.000000000000000000e+00
3.127808250497798158e-10 -1.617160654295555153e-06 -0.000000000000000000e+00
2.407180775061675510e-10 -1.617160654830055601e-06 -0.000000000000000000e+00
1.839488816282478522e-10 -1.617160655279556081e-06 -0.000000000000000000e+00
1.382313287804423631e-10 -1.617160655648139927e-06 -0.000000000000000000e+00
1.004289833361795491e-10 -1.617160655939129202e-06 -0.000000000000000000e+00
6.815420028491878158e-11 -1.617160656155133615e-06 -0.000000000000000000e+00
3.951832923005821960e-11 -1.617160656298080166e-06 -0.000000000000000000e+00
1.294935743189371938e-11 -1.617160656369236863e-06 -0.000000000000000000e+00
-1.294935921490050158e-11 -1.617160656369237074e-06 -0.000000000000000000e+00
-3.951832814593769242e-11 -1.617160656298079530e-06 -0.000000000000000000e+00
-6.815419971067622262e-11 -1.617160656155134038e-06 -0.000000000000000000e+00
-1.004289808682812931e-10 -1.617160655939130896e-06 -0.000000000000000000e+00
-1.382313306562336602e-10 -1.617160655648141197e-06 -0.000000000000000000e+00
-1.839488826960355560e-10 -1.617160655279556928e-06 -0.000000000000000000e+00
-2.407180790999856177e-10 -1.617160654830055601e-06 -0.000000000000000000e+00
-3.127808241155452816e-10 -1.617160654295555153e-06 -0.000000000000000000e+00
-4.060088844244380862e-10 -1.617160653671158675e-06 -0.000000000000000000e+00
-5.286932899916809780e-10 -1.617160652951088767e-06 -0.000000000000000000e+00
-6.927575595178882046e-10 -1.617160652128611093e-06 -0.000000000000000000e+00
-9.156602435054776510e-10 -1.617160651195937821e-06 -0.000000000000000000e+00
-1.223440556535981916e-09 -1.617160650144122377e-06 -0.000000000000000000e+00
-1.655701455139009097e-09 -1.617160648962928579e-06 -0.000000000000000000e+00
-2.273957572512470539e-09 -1.617160647640684314e-06 -0.000000000000000000e+00
-3.175985284442952066e-09 -1.617160646164112340e-06 -0.000000000000000000e+00
-4.521202600405147751e-09 -1.617160644518127212e-06 -0.000000000000000000e+00
-6.576996743928070511e-09 -1.617160642685609759e-06 -0.000000000000000000e+00
-9.806329135523586676e-09 -1.617160640647138574e-06 -0.000000000000000000e+00
-1.504011716286889990e-08 -1.617160638380679577e-06 -0.000000000000000000e+00
-2.383210037235346350e-08 -1.617160635861237250e-06 -0.000000000000000000e+00
-3.922815755116229336e-08 -1.617160633060430907e-06 -0.000000000000000000e+00
-6.753706076208190577e-08 -1.617160629946020568e-06 -0.000000000000000000e+00
-1.227026908109610143e-07 -1.617160626481345588e-06 -0.000000000000000000e+00
-2.380398992889601915e-07 -1.617160622624677524e-06 -0.000000000000000000e+00
-5.010887266453342126e-07 -1.617160618328459288e-06 -0.000000000000000000e+00
-1.170942012399876652e-06 -1.617160613538419150e-06 -0.000000000000000000e+00
-3.141581137180495302e-06 -1.617160608192540110e-06 -0.000000000000000000e+00
-1.020273335151782609e-05 -1.617160602219840595e-06 -0.000000000000000000e+00
-4.385299589986203447e-05 -1.617160595538952715e-06 -0.000000000000000000e+00
-1.590901178942972670e-04 -1.617160588056443442e-06 -0.000000000000000000e+00
-1.315235607946112770e-04 -1.617160579664832129e-06 -0.000000000000000000e+00
-1.311588465630105361e-04 -1.617160570240260538e-06 -0.000000000000000000e+00
-1.311588478109757547e-04 1.078271539591959876e-13 -0.000000000000000000e+00
-1.315235623273057399e-04 1.197635878319443765e-13 -0.000000000000000000e+00
-1.590901197277143657e-04 1.332276944107364498e-13 -0.000000000000000000e+00
-4.385299805387459849e-05 1.484422601654034762e-13 -0.000000000000000000e+00
-1.020273585020527757e-05 1.656666606172483026e-13 -0.000000000000000000e+00
-3.141584009320853151e-06 1.852035627328341719e-13 -0.000000000000000000e+00
-1.170945291991383195e-06 2.074069857520409455e-13 -0.000000000000000000e+00
-5.010924535741281433e-07 2.326920230286712812e-13 -0.000000000000000000e+00
-2.380441201758365712e-07 2.615466011030725468e-13 -0.000000000000000000e+00
-1.227074599672316463e-07 2.945457453536490645e-13 -0.000000000000000000e+00
-6.754244138509676167e-08 3.323689397695990897e-13 -0.000000000000000000e+00
-3.923422309834879111e-08 3.758213189570065547e-13 -0.000000000000000000e+00
-2.383893624307043962e-08 4.258596230375456527e-13 -0.000000000000000000e+00
-1.504782275487521300e-08 4.836240932998561801e-13 -0.000000000000000000e+00
-9.815020259070886961e-09 5.504778051248746650e-13 -0.000000000000000000e+00
-6.586808590727100082e-09 6.280553472127931088e-13 -0.000000000000000000e+00
-4.532293239920154560e-09 7.183232924452568751e-13 -0.000000000000000000e+00
-3.188540019972498229e-09 8.236556060986130579e-13 -0.000000000000000000e+00
-2.288194159874610232e-09 9.469280560109086278e-13 -0.000000000000000000e+00
-1.671876546213113344e-09 1.091636900626563676e-12 -0.000000000000000000e+00
-1.241857521940900938e-09 1.262048735551788858e-12 -0.000000000000000000e+00
-9.366788563455450095e-10 1.463390515963495880e-12 -0.000000000000000000e+00
-7.168059773637681600e-10 1.702091632322795500e-12 -0.000000000000000000e+00
-5.562828737232251687e-10 1.986093766187269281e-12 -0.000000000000000000e+00
-4.377527879170584909e-10 2.325249462951953741e-12 -0.000000000000000000e+00
-3.494171631936848744e-10 2.731837451372402034e-12 -0.000000000000000000e+00
-2.831393146911519198e-10 3.221232454869676686e-12 -0.000000000000000000e+00
-2.332389019105813751e-10 3.812780629884762630e-12 -0.000000000000000000e+00
-1.957128303845677768e-10 4.530950342456275579e-12 -0.000000000000000000e+00
-1.677241337888680282e-10 5.406853938076524671e-12 -0.000000000000000000e+00
-1.472629936403603005e-10 6.480272648012214435e-12 -0.000000000000000000e+00
-1.329203804100421970e-10 7.802368465952191358e-12 -0.000000000000000000e+00
-1.237370280239073752e-10 9.439340607909862089e-12 -0.000000000000000000e+00
-1.191045981497896515e-10 1.147739029758230738e-11 -0.000000000000000000e+00
-1.187040013871992288e-10 1.402951152098132448e-11 -0.000000000000000000e+00
-1.224724611163115562e-10 1.724485044749440230e-11 -0.000000000000000000e+00
-1.305940765168529609e-10 2.132170818052058906e-11 -0.000000000000000000e+00
-1.435125307604681898e-10 2.652575558519413603e-11 -0.000000000000000000e+00
-1.619667965126649814e-10 3.321577117759405962e-11 -0.000000000000000000e+00
-1.870538790418041698e-10 4.188033883435218092e-11 -0.000000000000000000e+00
-2.203258052454854198e-10 5.319066656061516155e-11 -0.000000000000000000e+00
-2.639326364888236591e-10 6.807735616635151210e-11 -0.000000000000000000e+00
-3.208293492046342708e-10 8.784312667659366041e-11 -0.000000000000000000e+00
-3.950739133764565555e-10 1.143300895785265151e-10 -0.000000000000000000e+00
-4.922570457658717257e-10 1.501707109400862874e-10 -0.000000000000000000e+00
-6.201251683139723353e-10 1.991686137685730983e-10 -0.000000000000000000e+00
-7.894890615031761636e-10 2.668831591526452039e-10 -0.000000000000000000e+00
-1.015558810964003347e-09 3.615375898548998973e-10 -0.000000000000000000e+00
-1.319919275758701746e-09 4.954469268575525925e-10 -0.000000000000000000e+00
-1.733473201909408510e-09 6.872903200223789478e-10 -0.000000000000000000e+00
-2.300850519512783806e-09 9.657703655612452903e-10 -0.000000000000000000e+00
-3.087039552926691549e-09 1.375573067353211943e-09 -0.000000000000000000e+00
-4.187368657963382497e-09 1.987175785211031039e-09 -0.000000000000000000e+00
-5.742478301521040888e-09 2.913128398131451684e-09 -0.000000000000000000e+00
-7.960542942031855191e-09 4.335243785665445110e-09 -0.000000000000000000e+00
-1.114954013329863985e-08 6.550094724842902611e-09 -0.000000000000000000e+00
-1.576220656656885908e-08 1.004480260925493499e-08 -0.000000000000000000e+00
-2.245389619061413421e-08 1.562147214975440231e-08 -0.000000000000000000e+00
-3.214538972218678510e-08 2.459534108769198005e-08 -0.000000000000000000e+00
-4.606238612531854085e-08 3.909248386612937986e-08 -0.000000000000000000e+00
-6.568241469043615460e-08 6.244994699786983093e-08 -0.000000000000000000e+00
-9.245674000442249318e-08 9.963682090840505326e-08 -0.000000000000000000e+00
-1.271246332127509733e-07 1.574169939171594274e-07 -0.000000000000000000e+00
-1.685234882342062276e-07 2.436650259347167026e-07 -0.000000000000000000e+00
-2.122290131482281270e-07 3.650697977447969481e-07 -0.000000000000000000e+00
-2.501480949992350480e-07 5.230667565094490476e-07 -0.000000000000000000e+00
-2.725494955644513838e-07 7.097466459989834237e-07 -0.000000000000000000e+00
-2.725493088780270142e-07 9.074137937818396191e-07 -0.000000000000000000e+00
-2.501475326022480958e-07 1.094093680401878362e-06 -0.000000000000000000e+00
-2.122280680435253916e-07 1.252090633370181407e-06 -0.000000000000000000e+00
-1.685221486086396926e-07 1.373495396340673566e-06 -0.000000000000000000e+00
-1.271228822069091469e-07 1.459743416296550600e-06 -0.000000000000000000e+00
-9.245455536649968507e-08 1.517523573774953980e-06 -0.000000000000000000e+00
-6.567976829041401607e-08 1.554710428364765257e-06 -0.000000000000000000e+00
-4.605924339831486488e-08 1.578067867978807332e-06 -0.000000000000000000e+00
-3.214170892950629253e-08 1.592564982538474761e-06 -0.000000000000000000e+00
-2.244962754880980828e-08 1.601538817939051777e-06 -0.000000000000000000e+00
-1.575729109328603824e-08 1.607115447872672696e-06 -0.000000000000000000e+00
-1.114390833925595299e-08 1.610610109171440758e-06 -0.000000000000000000e+00
-7.954113204326405379e-09 1.612824905447625642e-06 -0.000000000000000000e+00
-5.735154916114778972e-09 1.614246956768323272e-06 -0.000000000000000000e+00
-4.179039522610634546e-09 1.615172834308129556e-06 -0.000000000000000000e+00
-3.077573270171124272e-09 1.615784349008307415e-06 -0.000000000000000000e+00
-2.290092968004791243e-09 1.616194048398782994e-06 -0.000000000000000000e+00
-1.721243329629441583e-09 1.616472406985519195e-06 -0.000000000000000000e+00
-1.306004020168610384e-09 1.616664107295432857e-06 -0.000000000000000000e+00
-9.997068782949963090e-10 1.616797847675123849e-06 -0.000000000000000000e+00
-7.714033216215718345e-10 1.616892302062432212e-06 -0.000000000000000000e+00
-5.994532479402273565e-10 1.616959779062061932e-06 -0.000000000000000000e+00
-4.685797672043698857e-10 1.617008493986581769e-06 -0.000000000000000000e+00
-3.678909537027136954e-10 1.617043996354567644e-06 -0.000000000000000000e+00
-2.895414008073780603e-10 1.617070077519023596e-06 -0.000000000000000000e+00
-2.278190373370488815e-10 1.617089354578835498e-06 -0.000000000000000000e+00
-1.785164815215466291e-10 1.617103650305796311e-06 -0.000000000000000000e+00
-1.384938190735589156e-10 1.617114242956038823e-06 -0.000000000000000000e+00
-1.053709779047340251e-10 1.617122032023591380e-06 -0.000000000000000000e+00
-7.730830461338164924e-11 1.617127648938939060e-06 -0.000000000000000000e+00
-5.284709171106475088e-11 1.617131531126876083e-06 -0.000000000000000000e+00
-3.079088332359029972e-11 1.617133971168854358e-06 -0.000000000000000000e+00
-1.011383022884745095e-11 1.617135148535932319e-06 -0.000000000000000000e+00
1.011383786850937953e-11 1.617135148535931896e-06 -0.000000000000000000e+00
3.079088000259566869e-11 1.617133971168854358e-06 -0.000000000000000000e+00
5.284708373884090255e-11 1.617131531126876083e-06 -0.000000000000000000e+00
7.730830287753960535e-11 1.617127648938938636e-06 -0.000000000000000000e+00
1.053709757969353683e-10 1.617122032023591168e-06 -0.000000000000000000e+00
1.384938176946815081e-10 1.617114242956038823e-06 -0.000000000000000000e+00
1.785164865310743762e-10 1.617103650305796099e-06 -0.000000000000000000e+00
2.278190464560930434e-10 1.617089354578835498e-06 -0.000000000000000000e+00
2.895414102618701718e-10 1.617070077519023384e-06 -0.000000000000000000e+00
3.678909470903224549e-10 1.617043996354567855e-06 -0.000000000000000000e+00
4.685797512068521420e-10 1.617008493986580498e-06 -0.000000000000000000e+00
5.994532405383727680e-10 1.616959779062061509e-06 -0.000000000000000000e+00
7.714033359885654235e-10 1.616892302062432212e-06 -0.000000000000000000e+00
9.997068927203212272e-10 1.616797847675123637e-06 -0.000000000000000000e+00
1.306004012890578633e-09 1.616664107295432857e-06 -0.000000000000000000e+00
1.721243314746978402e-09 1.616472406985518772e-06 -0.000000000000000000e+00
2.290092963599910551e-09 1.616194048398782994e-06 -0.000000000000000000e+00
3.077573285424124664e-09 1.615784349008307415e-06 -0.000000000000000000e+00
4.179039537920517667e-09 1.615172834308129768e-06 -0.000000000000000000e+00
5.735154907760799070e-09 1.614246956768323484e-06 -0.000000000000000000e+00
7.954113187570763576e-09 1.612824905447625219e-06 -0.000000000000000000e+00
1.114390833041320695e-08 1.610610109171441182e-06 -0.000000000000000000e+00
1.575729111041846412e-08 1.607115447872672696e-06 -0.000000000000000000e+00
2.244962756135131558e-08 1.601538817939051566e-06 -0.000000000000000000e+00
3.214170892464292052e-08 1.592564982538475184e-06 -0.000000000000000000e+00
4.605924338255218392e-08 1.578067867978806485e-06 -0.000000000000000000e+00
6.567976828362130152e-08 1.554710428364764833e-06 -0.000000000000000000e+00
9.245455538310724831e-08 1.517523573774951863e-06 -0.000000000000000000e+00
1.271228822192787131e-07 1.459743416296548059e-06 -0.000000000000000000e+00
1.685221486036408483e-07 1.373495396340671237e-06 -0.000000000000000000e+00
2.122280680252941456e-07 1.252090633370179501e-06 -0.000000000000000000e+00
2.501475325971781272e-07 1.094093680401874551e-06 -0.000000000000000000e+00
2.725493088889887852e-07 9.074137937818316781e-07 -0.000000000000000000e+00
2.725494955795279350e-07 7.097466459989750593e-07 -0.000000000000000000e+00
2.501480949938939759e-07 5.230667565094451301e-07 -0.000000000000000000e+00
2.122290131316262283e-07 3.650697977447936659e-07 -0.000000000000000000e+00
1.685234882329687125e-07 2.436650259347143203e-07 -0.000000000000000000e+00
1.271246332233897336e-07 1.574169939171564099e-07 -0.000000000000000000e+00
9.245674002336905850e-08 9.963682090840279009e-08 -0.000000000000000000e+00
6.568241467798871427e-08 6.244994699786931477e-08 -0.000000000000000000e+00
4.606238611073770246e-08 3.909248386612898281e-08 -0.000000000000000000e+00
3.214538971019119714e-08 2.459534108769178815e-08 -0.000000000000000000e+00
2.245389620897608797e-08 1.562147214975406151e-08 -0.000000000000000000e+00
1.576220658139867222e-08 1.004480260925472985e-08 -0.000000000000000000e+00
1.114954012824521978e-08 6.550094724842833955e-09 -0.000000000000000000e+00
7.960542936436502780e-09 4.335243785665407060e-09 -0.000000000000000000e+00
5.742478290633267803e-09 2.913128398131425628e-09 -0.000000000000000000e+00
4.187368676292325961e-09 1.987175785210995471e-09 -0.000000000000000000e+00
3.087039553576877017e-09 1.375573067353199742e-09 -0.000000000000000000e+00
2.300850513924798679e-09 9.657703655612368117e-10 -0.000000000000000000e+00
1.733473188700659477e-09 6.872903200223753289e-10 -0.000000000000000000e+00
1.319919277323718159e-09 4.954469268575490770e-10 -0.000000000000000000e+00
1.015558820844848231e-09 3.615375898548953478e-10 -0.000000000000000000e+00
7.894890663955819085e-10 2.668831591526434461e-10 -0.000000000000000000e+00
6.201251582230588342e-10 1.991686137685718317e-10 -0.000000000000000000e+00
4.922570401199187116e-10 1.501707109400853568e-10 -0.000000000000000000e+00
3.950739145322209145e-10 1.143300895785258042e-10 -0.000000000000000000e+00
3.208293631306253567e-10 8.784312667659254889e-11 -0.000000000000000000e+00
2.639326373319639978e-10 6.807735616635112436e-11 -0.000000000000000000e+00
2.203258028253463622e-10 5.319066656061487721e-11 -0.000000000000000000e+00
1.870538690925896027e-10 4.188033883435196120e-11 -0.000000000000000000e+00
1.619667981059554360e-10 3.321577117759390452e-11 -0.000000000000000000e+00
1.435125374453898834e-10 2.652575558519392600e-11 -0.000000000000000000e+00
1.305940781293682303e-10 2.132170818052048566e-11 -0.000000000000000000e+00
1.224724511575042272e-10 1.724485044749432152e-11 -0.000000000000000000e+00
1.187039989725189688e-10 1.402951152098125986e-11 -0.000000000000000000e+00
1.191045990245597225e-10 1.147739029758225568e-11 -0.000000000000000000e+00
1.237370413832445346e-10 9.439340607909771616e-12 -0.000000000000000000e+00
1.329203818851970688e-10 7.802368465952157431e-12 -0.000000000000000000e+00
1.472629845256460156e-10 6.480272648012186970e-12 -0.000000000000000000e+00
1.677241315951130790e-10 5.406853938076504477e-12 -0.000000000000000000e+00
1.957128303528874315e-10 4.530950342456258615e-12 -0.000000000000000000e+00
2.332389153199852955e-10 3.812780629884733549e-12 -0.000000000000000000e+00
2.831393083380258633e-10 3.221232454869670224e-12 -0.000000000000000000e+00
3.494171607845923744e-10 2.731837451372391936e-12 -0.000000000000000000e+00
4.377527765108622101e-10 2.325249462951945663e-12 -0.000000000000000000e+00
5.562828821831753857e-10 1.986093766187262819e-12 -0.000000000000000000e+00
7.168059777443835315e-10 1.702091632322787018e-12 -0.000000000000000000e+00
9.366788593526964335e-10 1.463390515963491437e-12 -0.000000000000000000e+00
1.241857511917287782e-09 1.262048735551785223e-12 -0.000000000000000000e+00
1.671876549498781444e-09 1.091636900626558627e-12 -0.000000000000000000e+00
2.288194168341358426e-09 9.469280560109055985e-13 -0.000000000000000000e+00
3.188540021826734001e-09 8.236556060986077062e-13 -0.000000000000000000e+00
4.532293238872232529e-09 7.183232924452545527e-13 -0.000000000000000000e+00
6.586808575250779123e-09 6.280553472127922000e-13 -0.000000000000000000e+00
9.815020270236285020e-09 5.504778051248712319e-13 -0.000000000000000000e+00
1.504782275482726961e-08 4.836240932998547665e-13 -0.000000000000000000e+00
2.383893625411401217e-08 4.258596230375431283e-13 -0.000000000000000000e+00
3.923422308218454374e-08 3.758213189570059489e-13 -0.000000000000000000e+00
6.754244138968194953e-08 3.323689397695982314e-13 -0.000000000000000000e+00
1.227074599675255932e-07 2.945457453536473984e-13 -0.000000000000000000e+00
2.380441201843165622e-07 2.615466011030719409e-13 -0.000000000000000000e+00
5.010924535712126559e-07 2.326920230286708268e-13 -0.000000000000000000e+00
1.170945291981342466e-06 2.074069857520403396e-13 -0.000000000000000000e+00
3.141584009322350282e-06 1.852035627328337175e-13 -0.000000000000000000e+00
1.020273585021187595e-05 1.656666606172476463e-13 -0.000000000000000000e+00
4.385299805387466625e-05 1.484422601654030975e-13 -0.000000000000000000e+00
1.590901197277158835e-04 1.332276944107362226e-13 -0.000000000000000000e+00
1.315235623273001021e-04 1.197635878319440231e-13 -0.000000000000000000e+00
1.311588478109765679e-04 1.078271539591956720e-13 -0.000000000000000000e+00
