1.311588495834785264e-04 -2.217139522634704243e-09 -0.000000000000000000e+00
1.315235637397070231e-04 -2.217266806997258888e-09 -0.000000000000000000e+00
1.590901207953234202e-04 -2.217379045930410513e-09 -0.000000000000000000e+00
4.385299878770759611e-05 -2.217478165053384657e-09 -0.000000000000000000e+00
1.020273625718529976e-05 -2.217565826247296275e-09 -0.000000000000000000e+00
3.141584092272371086e-06 -2.217643465859337087e-09 -0.000000000000000000e+00
1.170945049711965629e-06 -2.217712327111174307e-09 -0.000000000000000000e+00
5.010918806900317239e-07 -2.217773487623243252e-09 -0.000000000000000000e+00
2.380432069872527821e-07 -2.217827882819429451e-09 -0.000000000000000000e+00
1.227061921784994836e-07 -2.217876325853568360e-09 -0.000000000000000000e+00
6.754079975525726611e-08 -2.217919524596250230e-09 -0.000000000000000000e+00
3.923218297036905931e-08 -2.217958096134325547e-09 -0.000000000000000000e+00
2.383646695905008212e-08 -2.217992579163506187e-09 -0.000000000000000000e+00
1.504488687446002640e-08 -2.218023444594168338e-09 -0.000000000000000000e+00
9.811572658590838810e-09 -2.218051104640018512e-09 -0.000000000000000000e+00
6.582795323440924826e-09 -2.218075920616980245e-09 -0.000000000000000000e+00
4.527650163065679481e-09 -2.218098209644241727e-09 -0.000000000000000000e+00
3.183191101694862868e-09 -2.218118250409621544e-09 -0.000000000000000000e+00
2.282049416674380623e-09 -2.218136288136456554e-09 -0.000000000000000000e+00
1.664829547690070212e-09 -2.218152538868206384e-09 -0.000000000000000000e+00
1.233782317299135202e-09 -2.218167193169283060e-09 -0.000000000000000000e+00
9.274262579193298001e-10 -2.218180419325767249e-09 -0.000000000000000000e+00
7.061988980175259654e-10 -2.218192366117073769e-09 -0.000000000000000000e+00
5.441107241618407561e-10 -2.218203165219075877e-09 -0.000000000000000000e+00
4.237644039234982284e-10 -2.218212933290216722e-09 -0.000000000000000000e+00
3.333121834550987824e-10 -2.218221773784584199e-09 -0.000000000000000000e+00
2.645572738315472325e-10 -2.218229778529477549e-09 -0.000000000000000000e+00
2.117457264920389204e-10 -2.218237029099581838e-09 -0.000000000000000000e+00
1.707837412155327767e-10 -2.218243598015224264e-09 -0.000000000000000000e+00
1.387221517071246213e-10 -2.218249549788270433e-09 -0.000000000000000000e+00
1.134115699255561884e-10 -2.218254941835852044e-09 -0.000000000000000000e+00
9.326845387780376574e-11 -2.218259825279292670e-09 -0.000000000000000000e+00
7.711422730949762310e-11 -2.218264245643143202e-09 -0.000000000000000000e+00
6.406331240963403906e-11 -2.218268243467157368e-09 -0.000000000000000000e+00
5.344424758694991521e-11 -2.218271854842263817e-09 -0.000000000000000000e+00
4.474352630498397844e-11 -2.218275111880072187e-09 -0.000000000000000000e+00
3.756520220693749471e-11 -2.218278043124091882e-09 -0.000000000000000000e+00
3.160152931516843755e-11 -2.218280673909790556e-09 -0.000000000000000000e+00
2.661144711780525737e-11 -2.218283026679550165e-09 -0.000000000000000000e+00
2.240464765057766380e-11 -2.218285121257828183e-09 -0.000000000000000000e+00
1.882968152429948856e-11 -2.218286975091030467e-09 -0.000000000000000000e+00
1.576501950324634617e-11 -2.218288603456005439e-09 -0.000000000000000000e+00
1.311224482768363223e-11 -2.218290019640517940e-09 -0.000000000000000000e+00
1.079085162076762572e-11 -2.218291235098539151e-09 -0.000000000000000000e+00
8.734201765093964377e-12 -2.218292259582814700e-09 -0.000000000000000000e+00
6.886350482925004905e-12 -2.218293101256755310e-09 -0.000000000000000000e+00
5.199560459083280371e-12 -2.218293766787367235e-09 -0.000000000000000000e+00
3.632222622712810010e-12 -2.218294261420658457e-09 -0.000000000000000000e+00
2.147219340983581317e-12 -2.218294589040635278e-09 -0.000000000000000000e+00
7.104441301386654914e-13 -2.218294752212800021e-09 -0.000000000000000000e+00
-7.104459394020548095e-13 -2.218294752212800021e-09 -0.000000000000000000e+00
-2.147218332796388163e-12 -2.218294589040634451e-09 -0.000000000000000000e+00
-3.632222506597456731e-12 -2.218294261420658457e-09 -0.000000000000000000e+00
-5.199553081226319486e-12 -2.218293766787368062e-09 -0.000000000000000000e+00
-6.886356012308727683e-12 -2.218293101256754896e-09 -0.000000000000000000e+00
-8.734202504048370059e-12 -2.218292259582814700e-09 -0.000000000000000000e+00
-1.079085711570957778e-11 -2.218291235098539565e-09 -0.000000000000000000e+00
-1.311224198905325557e-11 -2.218290019640517940e-09 -0.000000000000000000e+00
-1.576501404803204686e-11 -2.218288603456005853e-09 -0.000000000000000000e+00
-1.882968158187542417e-11 -2.218286975091030054e-09 -0.000000000000000000e+00
-2.240465216237294204e-11 -2.218285121257828597e-09 -0.000000000000000000e+00
-2.661145178496255793e-11 -2.218283026679550579e-09 -0.000000000000000000e+00
-3.160152546894826461e-11 -2.218280673909790970e-09 -0.000000000000000000e+00
-3.756519570954752690e-11 -2.218278043124092709e-09 -0.000000000000000000e+00
-4.474352612851958027e-11 -2.218275111880071774e-09 -0.000000000000000000e+00
-5.344425272411101041e-11 -2.218271854842264230e-09 -0.000000000000000000e+00
-6.406331817266577049e-11 -2.218268243467157368e-09 -0.000000000000000000e+00
-7.711422378256075262e-11 -2.218264245643143616e-09 -0.000000000000000000e+00
-9.326844772522751948e-11 -2.218259825279292670e-09 -0.000000000000000000e+00
-1.134115678369694734e-10 -2.218254941835851630e-09 -0.000000000000000000e+00
-1.387221550766078302e-10 -2.218249549788270847e-09 -0.000000000000000000e+00
-1.707837467835852552e-10 -2.218243598015224678e-09 -0.000000000000000000e+00
-2.117457246650969554e-10 -2.218237029099581838e-09 -0.000000000000000000e+00
-2.645572712486953637e-10 -2.218229778529478376e-09 -0.000000000000000000e+00
-3.333121839115678052e-10 -2.218221773784585026e-09 -0.000000000000000000e+00
-4.237644045748523994e-10 -2.218212933290217136e-09 -0.000000000000000000e+00
-5.441107278505726681e-10 -2.218203165219075877e-09 -0.000000000000000000e+00
-7.061988918302592377e-10 -2.218192366117073769e-09 -0.000000000000000000e+00
-9.274262558051020629e-10 -2.218180419325767249e-09 -0.000000000000000000e+00
-1.233782317878796079e-09 -2.218167193169283060e-09 -0.000000000000000000e+00
-1.664829556313224198e-09 -2.218152538868206384e-09 -0.000000000000000000e+00
-2.282049418985713506e-09 -2.218136288136456968e-09 -0.000000000000000000e+00
-3.183191096394016946e-09 -2.218118250409621544e-09 -0.000000000000000000e+00
-4.527650155059987284e-09 -2.218098209644241727e-09 -0.000000000000000000e+00
-6.582795323996873743e-09 -2.218075920616979831e-09 -0.000000000000000000e+00
-9.811572666599199491e-09 -2.218051104640018512e-09 -0.000000000000000000e+00
-1.504488687983945655e-08 -2.218023444594168338e-09 -0.000000000000000000e+00
-2.383646695605459311e-08 -2.217992579163505359e-09 -0.000000000000000000e+00
-3.923218296191848953e-08 -2.217958096134325547e-09 -0.000000000000000000e+00
-6.754079975474968162e-08 -2.217919524596250230e-09 -0.000000000000000000e+00
-1.227061921829656765e-07 -2.217876325853568774e-09 -0.000000000000000000e+00
-2.380432069924025571e-07 -2.217827882819429865e-09 -0.000000000000000000e+00
-5.010918806860985264e-07 -2.217773487623243252e-09 -0.000000000000000000e+00
-1.170945049712027674e-06 -2.217712327111175134e-09 -0.000000000000000000e+00
-3.141584092270248421e-06 -2.217643465859337087e-09 -0.000000000000000000e+00
-1.020273625718694300e-05 -2.217565826247296275e-09 -0.000000000000000000e+00
-4.385299878770647125e-05 -2.217478165053383830e-09 -0.000000000000000000e+00
-1.590901207953222276e-04 -2.217379045930409686e-09 -0.000000000000000000e+00
-1.315235637397062099e-04 -2.217266806997258061e-09 -0.000000000000000000e+00
-1.311588495834805322e-04 -2.217139522634703830e-09 -0.000000000000000000e+00
-1.311588499659726930e-04 1.330316097127316945e-12 -0.000000000000000000e+00
-1.315235647102454242e-04 1.494751739156458318e-12 -0.000000000000000000e+00
-1.590901223655039835e-04 1.682080398972524414e-12 -0.000000000000000000e+00
-4.385300097686647091e-05 1.895823337444628378e-12 -0.000000000000000000e+00
-1.020273909265989847e-05 2.140089818242809965e-12 -0.000000000000000000e+00
-3.141587609932289743e-06 2.419681867373387802e-12 -0.000000000000000000e+00
-1.170949294482227894e-06 2.740218562991473510e-12 -0.000000000000000000e+00
-5.010969073680376789e-07 3.108283570627015789e-12 -0.000000000000000000e+00
-2.380490811562504132e-07 3.531600331806150529e-12 -0.000000000000000000e+00
-1.227129913306343500e-07 4.019240123320460878e-12 -0.000000000000000000e+00
-6.754861459695177108e-08 4.581869143069987515e-12 -0.000000000000000000e+00
-3.924111895930360921e-08 5.232041857606577871e-12 -0.000000000000000000e+00
-2.384664607106927510e-08 5.984549073382672729e-12 -0.000000000000000000e+00
-1.505644968643079229e-08 6.856830568294795098e-12 -0.000000000000000000e+00
-9.824680667778708951e-09 7.869463630736598468e-12 -0.000000000000000000e+00
-6.597633615746262671e-09 9.046740470229114803e-12 -0.000000000000000000e+00
-4.544430406170207280e-09 1.041734912988293292e-11 -0.000000000000000000e+00
-3.202154918951743113e-09 1.201517415038939402e-11 -0.000000000000000000e+00
-2.303472139956468098e-09 1.388023465670957333e-11 -0.000000000000000000e+00
-1.689024335988334009e-09 1.605977853517579940e-11 -0.000000000000000000e+00
-1.261104672018037425e-09 1.860955161206593225e-11 -0.000000000000000000e+00
-9.582788389116250383e-10 2.159525977467359938e-11 -0.000000000000000000e+00
-7.410367165177137841e-10 2.509423916591738506e-11 -0.000000000000000000e+00
-5.834463947884200775e-10 2.919734410525484741e-11 -0.000000000000000000e+00
-4.681735641213446684e-10 3.401105318127040262e-11 -0.000000000000000000e+00
-3.834385922239812628e-10 3.965977971566886299e-11 -0.000000000000000000e+00
-3.211175765330072903e-10 4.628835197214229646e-11 -0.000000000000000000e+00
-2.755332132927028656e-10 5.406459937059224059e-11 -0.000000000000000000e+00
-2.426708185562093699e-10 6.318194185441369674e-11 -0.000000000000000000e+00
-2.196606842543333793e-10 7.386182901092553719e-11 -0.000000000000000000e+00
-2.044304697067401859e-10 8.635581286415172034e-11 -0.000000000000000000e+00
-1.954675493312716942e-10 1.009469641565623387e-10 -0.000000000000000000e+00
-1.916533276040925022e-10 1.179502594378629049e-10 -0.000000000000000000e+00
-1.921455136499349792e-10 1.377114818236637546e-10 -0.000000000000000000e+00
-1.962922269318204921e-10 1.606041028890544681e-10 -0.000000000000000000e+00
-2.035681202282891327e-10 1.870235633588932590e-10 -0.000000000000000000e+00
-2.135254240015210622e-10 2.173783683846041056e-10 -0.000000000000000000e+00
-2.257560326289006517e-10 2.520774863535716641e-10 -0.000000000000000000e+00
-2.398619230188128187e-10 2.915137171210010692e-10 -0.000000000000000000e+00
-2.554327679598663974e-10 3.360430009111215410e-10 -0.000000000000000000e+00
-2.720302635529689921e-10 3.859600847477909719e-10 -0.000000000000000000e+00
-2.891793571171988142e-10 4.414715375156285443e-10 -0.000000000000000000e+00
-3.063666194398627945e-10 5.026677620415973830e-10 -0.000000000000000000e+00
-3.230463013970916096e-10 5.694963069424622652e-10 -0.000000000000000000e+00
-3.386537834512644357e-10 6.417393084482000988e-10 -0.000000000000000000e+00
-3.526259841874270388e-10 7.189981466803194005e-10 -0.000000000000000000e+00
-3.644271140969853533e-10 8.006882435590245845e-10 -0.000000000000000000e+00
-3.735774511657884234e-10 8.860462711819331336e-10 -0.000000000000000000e+00
-3.796821279461622405e-10 9.741508809643943488e-10 -0.000000000000000000e+00
-3.824566586615101522e-10 1.063956522633099443e-09 -0.000000000000000000e+00
-3.817458843857686831e-10 1.154338229579702439e-09 -0.000000000000000000e+00
-3.775339367941736614e-10 1.244143708076242583e-09 -0.000000000000000000e+00
-3.699436064328689315e-10 1.332247990238728839e-09 -0.000000000000000000e+00
-3.592252987864673222e-10 1.417605523228345235e-09 -0.000000000000000000e+00
-3.457367038479253747e-10 1.499294954576437563e-09 -0.000000000000000000e+00
-3.299159762496237607e-10 1.576552951134616566e-09 -0.000000000000000000e+00
-3.122511649732273186e-10 1.648794928156079884e-09 -0.000000000000000000e+00
-2.932494151578504371e-10 1.715622257598923866e-09 -0.000000000000000000e+00
-2.734086977360552490e-10 1.776817065940379170e-09 -0.000000000000000000e+00
-2.531942284122766575e-10 1.832326890343240684e-09 -0.000000000000000000e+00
-2.330210197112678325e-10 1.882242120346708452e-09 -0.000000000000000000e+00
-2.132426132643622010e-10 1.926769309558551888e-09 -0.000000000000000000e+00
-1.941458891396809703e-10 1.966203187556221063e-09 -0.000000000000000000e+00
-1.759508321623631330e-10 2.000899674739489276e-09 -0.000000000000000000e+00
-1.588143922908789875e-10 2.031251548521178980e-09 -0.000000000000000000e+00
-1.428369217425811494e-10 2.057667751953210926e-09 -0.000000000000000000e+00
-1.280702557041795812e-10 2.080556761643494285e-09 -0.000000000000000000e+00
-1.145262765242426832e-10 2.100313986205282417e-09 -0.000000000000000000e+00
-1.021853413511082399e-10 2.117312861122731753e-09 -0.000000000000000000e+00
-9.100418196325794866e-11 2.131899128971701280e-09 -0.000000000000000000e+00
-8.092277657584112745e-11 2.144387720777346343e-09 -0.000000000000000000e+00
-7.187025418091454356e-11 2.155061656160812157e-09 -0.000000000000000000e+00
-6.376957082495132250e-11 2.164172429728991077e-09 -0.000000000000000000e+00
-5.654124516297201040e-11 2.171941426557336545e-09 -0.000000000000000000e+00
-5.010615191017819934e-11 2.178561994068916680e-09 -0.000000000000000000e+00
-4.438761418917747959e-11 2.184201880108947198e-09 -0.000000000000000000e+00
-3.931279315093566037e-11 2.189005821113821508e-09 -0.000000000000000000e+00
-3.481354215073554283e-11 2.193098126951157380e-09 -0.000000000000000000e+00
-3.082686060788947634e-11 2.196585159551094157e-09 -0.000000000000000000e+00
-2.729508410977263608e-11 2.199557641557217583e-09 -0.000000000000000000e+00
-2.416588089430943938e-11 2.202092760333030446e-09 -0.000000000000000000e+00
-2.139208020800639301e-11 2.204256053479747810e-09 -0.000000000000000000e+00
-1.893136643236170944e-11 2.206103076259232153e-09 -0.000000000000000000e+00
-1.674588520152888817e-11 2.207680860514358768e-09 -0.000000000000000000e+00
-1.480191350751217592e-11 2.209029180146750773e-09 -0.000000000000000000e+00
-1.306947085508243652e-11 2.210181641009281713e-09 -0.000000000000000000e+00
-1.152198260891210534e-11 2.211166614025874311e-09 -0.000000000000000000e+00
-1.013587329184542652e-11 2.212008030090123611e-09 -0.000000000000000000e+00
-8.890198831575244505e-12 2.212726054276719034e-09 -0.000000000000000000e+00
-7.766343211569445682e-12 2.213337655453180542e-09 -0.000000000000000000e+00
-6.747750546809464730e-12 2.213857085730248471e-09 -0.000000000000000000e+00
-5.819682280046398492e-12 2.214296282487623753e-09 -0.000000000000000000e+00
-4.968910711631970969e-12 2.214665204052617023e-09 -0.000000000000000000e+00
-4.183515819831498402e-12 2.214972108548183403e-09 -0.000000000000000000e+00
-3.452688682699287631e-12 2.215223783991964137e-09 -0.000000000000000000e+00
-2.766540209004518671e-12 2.215425736429053558e-09 -0.000000000000000000e+00
-2.115972127948463821e-12 2.215582341715939441e-09 -0.000000000000000000e+00
-1.492465539054817076e-12 2.215696965531437626e-09 -0.000000000000000000e+00
-8.879628255735500932e-13 2.215772055258102111e-09 -0.000000000000000000e+00
-2.947371791382589414e-13 2.215809206537577486e-09 -0.000000000000000000e+00
2.947448191244782737e-13 2.215809206537576658e-09 -0.000000000000000000e+00
8.879594829894349016e-13 2.215772055258102524e-09 -0.000000000000000000e+00
1.492457535732290672e-12 2.215696965531437626e-09 -0.000000000000000000e+00
2.115970366485329662e-12 2.215582341715939027e-09 -0.000000000000000000e+00
2.766538104380551177e-12 2.215425736429053558e-09 -0.000000000000000000e+00
3.452687326271288929e-12 2.215223783991963724e-09 -0.000000000000000000e+00
4.183520799310624514e-12 2.214972108548183403e-09 -0.000000000000000000e+00
4.968919828937454937e-12 2.214665204052617023e-09 -0.000000000000000000e+00
5.819691702540311633e-12 2.214296282487623753e-09 -0.000000000000000000e+00
6.747743970415558205e-12 2.213857085730248885e-09 -0.000000000000000000e+00
7.766327261621112645e-12 2.213337655453180542e-09 -0.000000000000000000e+00
8.890191426500018655e-12 2.212726054276719034e-09 -0.000000000000000000e+00
1.013588767750316345e-11 2.212008030090123611e-09 -0.000000000000000000e+00
1.152199699361331129e-11 2.211166614025873898e-09 -0.000000000000000000e+00
1.306946360345985132e-11 2.210181641009281713e-09 -0.000000000000000000e+00
1.480189857586815004e-11 2.209029180146750773e-09 -0.000000000000000000e+00
1.674588076930240071e-11 2.207680860514358768e-09 -0.000000000000000000e+00
1.893138166850876135e-11 2.206103076259232153e-09 -0.000000000000000000e+00
2.139209554555010713e-11 2.204256053479746983e-09 -0.000000000000000000e+00
2.416587251241988842e-11 2.202092760333030032e-09 -0.000000000000000000e+00
2.729506734371010531e-11 2.199557641557217170e-09 -0.000000000000000000e+00
3.082685175646840886e-11 2.196585159551093744e-09 -0.000000000000000000e+00
3.481355925241447408e-11 2.193098126951156552e-09 -0.000000000000000000e+00
3.931280568263655354e-11 2.189005821113820681e-09 -0.000000000000000000e+00
4.438760934402622375e-11 2.184201880108946371e-09 -0.000000000000000000e+00
5.010613618084486973e-11 2.178561994068915853e-09 -0.000000000000000000e+00
5.654123837986227203e-11 2.171941426557335305e-09 -0.000000000000000000e+00
6.376958747387626712e-11 2.164172429728990250e-09 -0.000000000000000000e+00
7.187026655312633569e-11 2.155061656160810916e-09 -0.000000000000000000e+00
8.092277156662057459e-11 2.144387720777344689e-09 -0.000000000000000000e+00
9.100416374929781129e-11 2.131899128971700039e-09 -0.000000000000000000e+00
1.021853362633092124e-10 2.117312861122729685e-09 -0.000000000000000000e+00
1.145262875081658721e-10 2.100313986205279935e-09 -0.000000000000000000e+00
1.280702707630603803e-10 2.080556761643493044e-09 -0.000000000000000000e+00
1.428369164214712935e-10 2.057667751953209271e-09 -0.000000000000000000e+00
1.588143756866685704e-10 2.031251548521177739e-09 -0.000000000000000000e+00
1.759508309395113502e-10 2.000899674739487621e-09 -0.000000000000000000e+00
1.941458997702001605e-10 1.966203187556217755e-09 -0.000000000000000000e+00
2.132426321767116275e-10 1.926769309558548993e-09 -0.000000000000000000e+00
2.330210072883396583e-10 1.882242120346706797e-09 -0.000000000000000000e+00
2.531942137944204369e-10 1.832326890343238617e-09 -0.000000000000000000e+00
2.734086857147542815e-10 1.776817065940378343e-09 -0.000000000000000000e+00
2.932494335253731914e-10 1.715622257598920557e-09 -0.000000000000000000e+00
3.122511797769585191e-10 1.648794928156076782e-09 -0.000000000000000000e+00
3.299159711715465740e-10 1.576552951134615532e-09 -0.000000000000000000e+00
3.457366982103114269e-10 1.499294954576434668e-09 -0.000000000000000000e+00
3.592252878648656008e-10 1.417605523228343167e-09 -0.000000000000000000e+00
3.699436247377958269e-10 1.332247990238724496e-09 -0.000000000000000000e+00
3.775339374538530950e-10 1.244143708076240515e-09 -0.000000000000000000e+00
3.817458788140300034e-10 1.154338229579700578e-09 -0.000000000000000000e+00
3.824566455032723870e-10 1.063956522633097789e-09 -0.000000000000000000e+00
3.796821295454600685e-10 9.741508809643918673e-10 -0.000000000000000000e+00
3.735774610072820510e-10 8.860462711819297215e-10 -0.000000000000000000e+00
3.644271189415962404e-10 8.006882435590227233e-10 -0.000000000000000000e+00
3.526259740894828126e-10 7.189981466803176428e-10 -0.000000000000000000e+00
3.386537777762227883e-10 6.417393084481983410e-10 -0.000000000000000000e+00
3.230463025895945752e-10 5.694963069424608177e-10 -0.000000000000000000e+00
3.063666334333194549e-10 5.026677620415944878e-10 -0.000000000000000000e+00
2.891793579695374013e-10 4.414715375156269934e-10 -0.000000000000000000e+00
2.720302611230484462e-10 3.859600847477897311e-10 -0.000000000000000000e+00
2.554327580088468189e-10 3.360430009111203519e-10 -0.000000000000000000e+00
2.398619246111451655e-10 2.915137171209999318e-10 -0.000000000000000000e+00
2.257560392888745781e-10 2.520774863535702165e-10 -0.000000000000000000e+00
2.135254255920266841e-10 2.173783683846034077e-10 -0.000000000000000000e+00
2.035681103019270328e-10 1.870235633588926386e-10 -0.000000000000000000e+00
1.962922245425082071e-10 1.606041028890539253e-10 -0.000000000000000000e+00
1.921455145199272032e-10 1.377114818236632893e-10 -0.000000000000000000e+00
1.916533410020002405e-10 1.179502594378620260e-10 -0.000000000000000000e+00
1.954675507781592971e-10 1.009469641565619638e-10 -0.000000000000000000e+00
2.044304606607770176e-10 8.635581286415139723e-11 -0.000000000000000000e+00
2.196606820428080832e-10 7.386182901092526577e-11 -0.000000000000000000e+00
2.426708185626280330e-10 6.318194185441347702e-11 -0.000000000000000000e+00
2.755332266920626937e-10 5.406459937059183346e-11 -0.000000000000000000e+00
3.211175701831258497e-10 4.628835197214221891e-11 -0.000000000000000000e+00
3.834385898204594107e-10 3.965977971566872082e-11 -0.000000000000000000e+00
4.681735526997534707e-10 3.401105318127026691e-11 -0.000000000000000000e+00
5.834464032763604321e-10 2.919734410525473109e-11 -0.000000000000000000e+00
7.410367168558931359e-10 2.509423916591724935e-11 -0.000000000000000000e+00
9.582788418854675535e-10 2.159525977467352829e-11 -0.000000000000000000e+00
1.261104662024646139e-09 1.860955161206585794e-11 -0.000000000000000000e+00
1.689024339260631561e-09 1.605977853517571216e-11 -0.000000000000000000e+00
2.303472148488778627e-09 1.388023465670952971e-11 -0.000000000000000000e+00
3.202154920777657875e-09 1.201517415038931001e-11 -0.000000000000000000e+00
4.544430405178980209e-09 1.041734912988289737e-11 -0.000000000000000000e+00
6.597633600275295225e-09 9.046740470229105109e-12 -0.000000000000000000e+00
9.824680678971923440e-09 7.869463630736546769e-12 -0.000000000000000000e+00
1.505644968636676520e-08 6.856830568294773288e-12 -0.000000000000000000e+00
2.384664608215723416e-08 5.984549073382635571e-12 -0.000000000000000000e+00
3.924111894310917306e-08 5.232041857606570601e-12 -0.000000000000000000e+00
6.754861460150027183e-08 4.581869143069973783e-12 -0.000000000000000000e+00
1.227129913309549520e-07 4.019240123320438260e-12 -0.000000000000000000e+00
2.380490811647142046e-07 3.531600331806140028e-12 -0.000000000000000000e+00
5.010969073651412497e-07 3.108283570627006903e-12 -0.000000000000000000e+00
1.170949294472211094e-06 2.740218562991466240e-12 -0.000000000000000000e+00
3.141587609933827531e-06 2.419681867373382148e-12 -0.000000000000000000e+00
1.020273909266651041e-05 2.140089818242801483e-12 -0.000000000000000000e+00
4.385300097686656577e-05 1.895823337444621512e-12 -0.000000000000000000e+00
1.590901223655055827e-04 1.682080398972519568e-12 -0.000000000000000000e+00
1.315235647102399219e-04 1.494751739156453876e-12 -0.000000000000000000e+00
1.311588499659733977e-04 1.330316097127313512e-12 -0.000000000000000000e+00
