2.794519244730407637e-02 -1.701440578565133113e-04 9.202650511387244002e-18
4.137875112446277176e-03 -7.107884711799485045e-05 5.324145767000847344e-18
2.933713530805237557e-04 -9.447866076078858567e-05 1.181872535920538061e-19
2.285780733385922581e-04 -8.900708828030430098e-05 -3.408834085518332540e-18
1.061919680960567158e-04 -9.192695550662445243e-05 -3.005827903221984884e-18
6.815878467324523737e-05 -9.221337178886697904e-05 -4.648504398056136608e-18
3.656388094929255428e-05 -9.291584538724002992e-05 -7.822842347651719681e-19
1.173906721303047407e-05 -9.314357963682483798e-05 -7.591839415398605187e-19
-1.173906721287434896e-05 -9.314357963685087238e-05 -7.601166169047071523e-18
-3.656388094940357658e-05 -9.291584538721606905e-05 -4.666798337445515776e-18
-6.815878467337013746e-05 -9.221337178888633205e-05 1.065178193017282155e-17
-1.061919680960705936e-04 -9.192695550659151979e-05 6.995223623032230169e-18
-2.285780733386373609e-04 -8.900708828032407411e-05 -4.634717240905305952e-18
-2.933713530803849778e-04 -9.447866076079685272e-05 -1.193273392894698091e-17
-4.137875112446304932e-03 -7.107884711801044941e-05 8.551787653994221547e-18
-2.794519244730406943e-02 -1.701440578564849052e-04 5.396860636056618130e-19
-2.797605431687021776e-02 -1.942418089152901364e-12 3.782982232622327578e-18
-4.141695310861424201e-03 -4.130411753938812507e-13 -9.913155346520793753e-18
-2.996430085391924014e-04 -7.113953264031185489e-13 -6.123045126417158773e-19
-2.427749780834660698e-04 -5.487791096496926269e-13 -5.083161530970959899e-20
-1.260017645972229261e-04 -5.658203630306290055e-13 2.051085173085955129e-17
-9.540982168004460973e-05 -5.420201704439613289e-13 -4.710728439832551708e-18
-7.207269022695486638e-05 -5.435128733224502700e-13 5.748297288011565342e-18
-5.733885977777034015e-05 -5.463149096582338597e-13 -3.780175507555886686e-18
-4.665355344098121027e-05 -5.567217096102976967e-13 -2.728247530071339739e-18
-3.873062261238249815e-05 -5.720183807709552863e-13 -3.789647787333845014e-18
-3.263482608258094775e-05 -5.928171029212503662e-13 -2.040463458065013002e-18
-2.783098387773227933e-05 -6.189004882131031942e-13 -6.526663629320067656e-18
-2.396692238978634371e-05 -6.505079056044005012e-13 8.398746818978975673e-18
-2.080710326552576150e-05 -6.879579166253159541e-13 -1.787711401007508911e-17
-1.818736679140217638e-05 -7.317430175142456771e-13 1.431261705083348626e-18
-1.599012507305999642e-05 -7.823055716439279180e-13 -1.568108399570705035e-18
-1.412899888188212660e-05 -8.404716902841058831e-13 3.897494114986856259e-18
-1.253916683592246062e-05 -9.068705235137911560e-13 1.019246140542182190e-17
-1.117107081996873696e-05 -9.826083455224627081e-13 -7.393707229878433329e-18
-9.986199298140513436e-06 -1.068664137998335099e-12 -1.173594280998064875e-18
-8.954191893856960904e-06 -1.166310404357804293e-12 1.136068696543666201e-17
-8.050807272542981341e-06 -1.276988317775507965e-12 -2.464868475397150384e-18
-7.256468865134840796e-06 -1.402389217529649495e-12 1.051025471116421930e-17
-6.555205669986352568e-06 -1.544438977703655629e-12 -1.107298550879846736e-17
-5.933868551216692211e-06 -1.705208340054724714e-12 -1.951647959134500000e-18
-5.381541941115730587e-06 -1.887400708752237932e-12 -4.273966544005395273e-18
-4.889096425233357968e-06 -2.093715211184853661e-12 -1.326702985149302222e-18
-4.448844413321162428e-06 -2.327595307757103905e-12 1.104373179565656704e-17
-4.054272163184213795e-06 -2.592766314805316380e-12 -1.141052407270572250e-18
-3.699829198872128799e-06 -2.893691767047561702e-12 3.742954084670434062e-18
-3.380761208936905460e-06 -3.235340604502988863e-12 2.100988482483071331e-18
-3.092976333742697426e-06 -3.623641836471632288e-12 -4.943718609870591243e-18
-2.832937352655051644e-06 -4.065239809336662667e-12 -2.043287175461674492e-17
-2.597574036901362238e-06 -4.567934308117953725e-12 -7.514955879789945933e-18
-2.384211475886521825e-06 -5.140747841125423012e-12 1.049757694991215270e-17
-2.190511040878889704e-06 -5.794040426843774741e-12 4.549946910492992981e-18
-2.014421487287615387e-06 -6.540011586471723850e-12 -5.256531143866827407e-18
-1.854138244591907458e-06 -7.392643706940055848e-12 -7.263670499207612974e-18
-1.708069295881103900e-06 -8.368371686591460015e-12 6.322609171378809083e-18
-1.574806502653569584e-06 -9.486215106298683441e-12 7.819527391434317084e-18
-1.453101352563712645e-06 -1.076848473463769667e-11 -1.359491281901721056e-18
-1.341844364559363623e-06 -1.224117164347970740e-11 -4.914629316672355881e-19
-1.240047557405504763e-06 -1.393483038722555954e-11 1.383991777257659053e-18
-1.146829430684337403e-06 -1.588514487833291657e-11 6.261556556526042633e-18
-1.061402099003516675e-06 -1.813419145945800325e-11 1.278781250476828815e-17
-9.830601847941877747e-07 -2.073129106147533084e-11 9.127632982632826518e-18
-9.111712350462486398e-07 -2.373474369122265729e-11 -2.292792962126782732e-17
-8.451674382119189755e-07 -2.721330586779372380e-11 -9.915919318906400707e-18
-7.845383981491815817e-07 -3.124826005224976729e-11 6.107731072752143609e-18
-7.288248870668256885e-07 -3.593583545936248807e-11 3.060431643466076762e-18
-6.776133747131429796e-07 -4.139018427369664375e-11 -4.030320255747148072e-18
-6.305312509127802834e-07 -4.774699209390452737e-11 -7.362126362306489568e-18
-5.872426841330158354e-07 -5.516744818194111781e-11 -1.475329759372676469e-17
-5.474449634342015703e-07 -6.384364937518373117e-11 1.399642737669237708e-17
-5.108653396770912458e-07 -7.400453040596542719e-11 -2.634016496445271466e-18
-4.772582607275033251e-07 -8.592325436227329105e-11 1.307384144571425742e-17
-4.464029506809352732e-07 -9.992576766907127152e-11 -1.100295390328559451e-17
-4.181013554920010034e-07 -1.164010963344273568e-10 6.957928178276242112e-18
-3.921763662914634629e-07 -1.358134688675187271e-10 6.183025870684102349e-18
-3.684703191661475863e-07 -1.587153749016141247e-10 7.208566109178538744e-18
-3.468437625893383558e-07 -1.857635593649789498e-10 1.971476920693239700e-18
-3.271744684757438293e-07 -2.177345008433069320e-10 -5.366242692991977838e-18
-3.093567051484780173e-07 -2.555407096824583780e-10 -1.533736199761299916e-17
-2.933007716525437569e-07 -3.002436700661576993e-10 -1.695161837042164860e-17
-2.789327819587017476e-07 -3.530591450894999448e-10 -4.099094377123580686e-18
-2.661947617055293591e-07 -4.153461057072437013e-10 1.154725110471982553e-17
-2.550450702298867611e-07 -4.885634931410283855e-10 3.027241405610034105e-18
-2.454592183086246049e-07 -5.741677243686593523e-10 9.718111878338895482e-19
-2.374311548029861552e-07 -6.734022188310888825e-10 7.080176131487209006e-18
-2.309751198845133580e-07 -7.868943750937821270e-10 1.428442183463697802e-18
-2.261282402923892043e-07 -9.139095476158711513e-10 -2.063086503004914504e-17
-2.229540451911815602e-07 -1.050993356584540627e-09 -4.092035087799376855e-18
-2.215472571405474600e-07 -1.189520206004744264e-09 -1.575785699772866852e-17
-2.220402548006039645e-07 -1.311262989008151468e-09 2.199185151865786604e-17
-2.246118692185439247e-07 -1.380345558531683033e-09 2.656665413747772034e-17
-2.294995029780699802e-07 -1.328478174066723739e-09 2.705026142994496191e-17
-2.370161011032434484e-07 -1.027496908728496949e-09 5.955297104112476493e-18
-2.475744960532544336e-07 -2.373969505083296664e-10 1.064100255877916637e-17
-2.617233854605716115e-07 1.494072089964715779e-09 -2.158268309959728130e-18
-2.802025678705355460e-07 5.030175749747334357e-09 -6.675880892336739822e-18
-3.040319850079742370e-07 1.204983223423460489e-08 -2.213512123221991742e-18
-3.346639122492334195e-07 2.589782405495547926e-08 -1.703178514278175478e-17
-3.742618194385594066e-07 5.343534491111943905e-08 4.972006898156923781e-18
-4.262525081649704006e-07 1.092270221326971639e-07 2.772795607473111912e-18
-4.965139540173690857e-07 2.254090980098278736e-07 -5.034443839357164956e-18
-5.961433762989576390e-07 4.759157134920955458e-07 -1.544687667267594883e-17
-7.483917418074637062e-07 1.037969697687787718e-06 4.690118124323625729e-18
-1.006738138555063333e-06 2.349964027885027461e-06 -5.470051302454003379e-18
-1.501369153934090095e-06 5.495971956769017719e-06 1.380338259427103380e-17
-2.534956700002422014e-06 1.293399478777269480e-05 -5.186529129195672989e-18
-4.642439290696714904e-06 2.861983291263772003e-05 3.614685130728097235e-18
-7.884499502883168809e-06 5.275588999917500362e-05 -6.166276710769653928e-18
-1.015764627184181923e-05 7.291946995567779146e-05 -7.681417129024682759e-19
-9.730552077945320288e-06 8.121220649714170009e-05 2.053077474697870413e-17
-7.947450538246803031e-06 8.478573749048500408e-05 -1.216297637640427226e-17
-6.040510733676396349e-06 8.744304257741518176e-05 -2.917248998481322702e-18
-4.369324594473422696e-06 8.948464150639295466e-05 1.263886157976475921e-17
-2.952694172279196616e-06 9.092056579408208097e-05 -8.625431038196069408e-18
-1.708355206249401181e-06 9.181420284314603306e-05 -2.503988259005189163e-18
-5.594465616910737626e-07 9.224032799401432484e-05 1.365631425099940806e-17
5.594465607890175551e-07 9.224032799399643550e-05 1.672718314775832725e-17
1.708355206714307073e-06 9.181420284317334140e-05 -2.032992059377174324e-17
2.952694173174313930e-06 9.092056579408163374e-05 -8.028459312621902125e-18
4.369324594695467301e-06 8.948464150640905506e-05 -2.619626338509757267e-17
6.040510733093529261e-06 8.744304257741824463e-05 -4.371894399194926402e-18
7.947450537903327783e-06 8.478573749043827497e-05 -1.133813653011150606e-17
9.730552079572490909e-06 8.121220649714934372e-05 3.621797896426196212e-17
1.015764627062057390e-05 7.291946995572265032e-05 3.991153924816466765e-17
7.884499500943747963e-06 5.275588999913867608e-05 3.633973093402320794e-18
4.642439291845101845e-06 2.861983291260993735e-05 -3.663611844017827989e-17
2.534956701178564531e-06 1.293399478783629511e-05 -3.452218126320488428e-17
1.501369154940229711e-06 5.495971956725614904e-06 -4.273240832810465002e-18
1.006738137191570681e-06 2.349964027892990841e-06 5.397859808099787857e-18
7.483917401109041467e-07 1.037969697695727170e-06 -1.590300067347451571e-17
5.961433772114221874e-07 4.759157134676709273e-07 -4.585358909086511126e-18
4.965139553878006318e-07 2.254090980496925263e-07 1.517610392628938712e-17
4.262525089802904343e-07 1.092270221338615166e-07 4.087590129458186665e-17
3.742618176275080977e-07 5.343534489324286164e-08 1.896349215537581893e-17
3.346639106047155643e-07 2.589782409442525584e-08 -1.619941011232943413e-18
3.040319861633000720e-07 1.204983220186418202e-08 -1.163515475724698285e-17
2.802025692409670921e-07 5.030175743818341954e-09 -3.054493474246972437e-17
2.617233866124279995e-07 1.494072071788923978e-09 -1.707687839819518995e-17
2.475744942942448290e-07 -2.373969339810625042e-10 1.485713048733840559e-17
2.370160991672920492e-07 -1.027496902243837698e-09 2.469718054082061144e-17
2.294995041784986256e-07 -1.328478200237553649e-09 -7.348050022555396010e-18
2.246118705230559787e-07 -1.380345538236005994e-09 -2.655803786345973742e-20
2.220402560045020568e-07 -1.311262974679338468e-09 1.109177476218849358e-19
2.215472552080655078e-07 -1.189520219749693483e-09 -3.420800049621804891e-19
2.229540437478916282e-07 -1.050993361242275543e-09 -1.777783145501095472e-17
2.261282411458731545e-07 -9.139095137165835895e-10 -4.486080464438859752e-18
2.309751212757615857e-07 -7.868944254647834010e-10 3.367148880263771496e-17
2.374311555627950376e-07 -6.734022038127348153e-10 -1.285428037944646648e-17
2.454592168237013095e-07 -5.741677135545169228e-10 -5.600852583719967518e-18
2.550450688455774273e-07 -4.885635159967036897e-10 8.762037932884897474e-18
2.661947625832994380e-07 -4.153460688645728961e-10 8.020818485501516884e-18
2.789327829370857881e-07 -3.530591912681133007e-10 -2.517735964495624230e-17
2.933007726864389486e-07 -3.002436619141628953e-10 3.162607967075978513e-17
3.093567037260047670e-07 -2.555406761261008730e-10 -6.185468080770500656e-18
3.271744663767284234e-07 -2.177344932045189682e-10 -1.410532884999985962e-17
3.468437640534449695e-07 -1.857635758751193374e-10 1.915447790901093352e-17
3.684703202416761414e-07 -1.587153951434549415e-10 -2.614442369284583148e-17
3.921763679359813182e-07 -1.358134568435162911e-10 -8.212988746513342498e-18
4.181013535178856877e-07 -1.164011384301814339e-10 2.691973489293508920e-17
4.464029486651865941e-07 -9.992574028838300848e-11 -3.867037988585659184e-17
4.772582617232346003e-07 -8.592324460429078410e-11 1.295555307982421452e-18
5.108653414395702974e-07 -7.400450932044939600e-11 2.334802761749811142e-17
5.474449637672684776e-07 -6.384368224798585451e-11 -1.984282464015979056e-17
5.872426816870557342e-07 -5.516741493121009875e-11 -2.319371249984530098e-18
6.305312513534000463e-07 -4.774697537882621393e-11 8.625671222092286757e-18
6.776133753688684536e-07 -4.139021677884490216e-11 1.014266566424767352e-17
7.288248877884706545e-07 -3.593581211563583659e-11 -1.659852098518602774e-17
7.845383986071485793e-07 -3.124827963158570830e-11 1.835149677837983902e-17
8.451674360678007591e-07 -2.721330835564043549e-11 1.407390549306743788e-17
9.111712356082990460e-07 -2.373474715660184518e-11 -2.996019572543484253e-17
9.830601851897047272e-07 -2.073127452881433070e-11 4.182573924874012184e-17
1.061402099680058830e-06 -1.813419072761802130e-11 -3.457757613853448842e-17
1.146829431399043475e-06 -1.588513907150257917e-11 3.141212152146083816e-18
1.240047554959544662e-06 -1.393484495971816137e-11 1.627279936126977301e-17
1.341844365020800067e-06 -1.224120068707779697e-11 1.430195138549083498e-17
1.453101353521280004e-06 -1.076843669148226054e-11 5.676244058312571128e-18
1.574806502663977925e-06 -9.486266783611963437e-12 -3.971125257929224758e-17
1.708069296293968087e-06 -8.368337650722963247e-12 1.175981078441601697e-17
1.854138243384539919e-06 -7.392673722748334777e-12 -1.001815652461300877e-17
2.014421487363943220e-06 -6.539970546244310794e-12 1.649974658804588550e-17
2.190511041229303846e-06 -5.794052578987473627e-12 7.510562057658337359e-18
2.384211476778169692e-06 -5.140742187235068161e-12 -1.660524990476249491e-17
2.597574037324634766e-06 -4.567916752601364614e-12 -1.635920615996506349e-18
2.832937350292358269e-06 -4.065265174432802643e-12 -1.071901714754487897e-17
3.092976334179847742e-06 -3.623656249675368956e-12 5.216380585955716082e-18
3.380761209571814252e-06 -3.235317686394922516e-12 1.183644353858079487e-17
3.699829199649284917e-06 -2.893717223387526432e-12 -8.765952829156705785e-18
4.054272163680344709e-06 -2.592765774763483347e-12 -5.734058426326400756e-18
4.448844410410296435e-06 -2.327592366095740321e-12 1.970059193585598089e-17
4.889096426985428678e-06 -2.093753346611344311e-12 2.770682543471211219e-17
5.381541941618800395e-06 -1.887343894695582490e-12 9.178465290027023947e-18
5.933868551043219863e-06 -1.705258377770234553e-12 -2.058082690290958344e-17
6.555205670381869520e-06 -1.544421091686755504e-12 -3.517046805747874710e-17
7.256468863705428651e-06 -1.402384698300893287e-12 1.695848538248569714e-17
8.050807273438098655e-06 -1.276983306703039882e-12 -3.365204866094988489e-18
8.954191894200436153e-06 -1.166274678374169794e-12 1.598854008310594768e-17
9.986199297474379621e-06 -1.068708774422826142e-12 6.165265535605036405e-18
1.117107082113794059e-05 -9.825924835564895134e-13 -1.615981997207816537e-17
1.253916683332037540e-05 -9.068951416094895491e-13 -9.880046403455064975e-18
1.412899888305479967e-05 -8.404603526668460826e-13 1.696612917467496874e-17
1.599012507540534256e-05 -7.822477680731787987e-13 -1.948361444486127582e-17
1.818736678919907757e-05 -7.317749036629922565e-13 1.537122972176246123e-19
2.080710326636883711e-05 -6.879602603285244511e-13 -6.859128455499960283e-18
2.396692238712180845e-05 -6.504690306188626065e-13 6.102970054279443319e-19
2.783098388050436744e-05 -6.189257954860855634e-13 2.056661397266237866e-18
3.263482608354198455e-05 -5.928062732110103297e-13 6.430745809773799237e-18
3.873062260927040423e-05 -5.720309086825082180e-13 1.092269037934439060e-17
4.665355344200122767e-05 -5.567152955871406595e-13 1.754102712669455273e-18
5.733885977837402392e-05 -5.463074819206236374e-13 -2.028568447809053977e-17
7.207269022718038043e-05 -5.435425409052971751e-13 1.358916181560960450e-17
9.540982168053380175e-05 -5.420359527613765393e-13 -3.792481126807569813e-18
1.260017645956165722e-04 -5.658254127593388941e-13 3.941932456526948755e-18
2.427749780838893423e-04 -5.487773810085451644e-13 -1.264868328171242144e-18
2.996430085396260823e-04 -7.113786042432379702e-13 -8.313808133580318052e-18
4.141695310861299301e-03 -4.130421099981773262e-13 1.423309407102028758e-18
2.797605431687019001e-02 -1.942415229734480708e-12 3.456768850570002697e-18
