1.311522646050675600e-04 -2.526810758745004179e-08 -0.000000000000000000e+00
1.315137503213460019e-04 -2.526810854915733692e-08 -0.000000000000000000e+00
1.590750743796352134e-04 -2.526810935865136883e-08 -0.000000000000000000e+00
4.382916109198744305e-05 -2.526811002292723007e-08 -0.000000000000000000e+00
1.016350313206259754e-05 -2.526811054768636227e-08 -0.000000000000000000e+00
3.074042626736640797e-06 -2.526811093740759773e-08 -0.000000000000000000e+00
1.048238460910883079e-06 -2.526811119540271616e-08 -0.000000000000000000e+00
2.630485419698172198e-07 -2.526811132385723461e-08 -0.000000000000000000e+00
-2.630485419700708003e-07 -2.526811132385723130e-08 -0.000000000000000000e+00
-1.048238460911529153e-06 -2.526811119540272278e-08 -0.000000000000000000e+00
-3.074042626736362124e-06 -2.526811093740759773e-08 -0.000000000000000000e+00
-1.016350313206139645e-05 -2.526811054768636558e-08 -0.000000000000000000e+00
-4.382916109198713812e-05 -2.526811002292723669e-08 -0.000000000000000000e+00
-1.590750743796350778e-04 -2.526810935865137876e-08 -0.000000000000000000e+00
-1.315137503213460561e-04 -2.526810854915735016e-08 -0.000000000000000000e+00
-1.311522646050684816e-04 -2.526810758745006164e-08 -0.000000000000000000e+00
-1.311588469001384041e-04 1.474078483821960365e-14 -0.000000000000000000e+00
-1.315235613285545822e-04 1.596803649967926855e-14 -0.000000000000000000e+00
-1.590901186311072940e-04 1.731124235285710551e-14 -0.000000000000000000e+00
-4.385299684817545662e-05 1.878268113871295760e-14 -0.000000000000000000e+00
-1.020273452269259452e-05 2.039607415340308142e-14 -0.000000000000000000e+00
-3.141582545565123672e-06 2.216677170173590022e-14 -0.000000000000000000e+00
-1.170943675594644888e-06 2.411196587654545224e-14 -0.000000000000000000e+00
-5.010906658650147943e-07 2.625093369973905831e-14 -0.000000000000000000e+00
-2.380421398514843002e-07 2.860531532895247476e-14 -0.000000000000000000e+00
-1.227052626719510088e-07 3.119943282084256665e-14 -0.000000000000000000e+00
-6.753999921303996075e-08 3.406065587071625328e-14 -0.000000000000000000e+00
-3.923150400562812785e-08 3.721982204570273093e-14 -0.000000000000000000e+00
-2.383590334960770194e-08 4.071172032787166151e-14 -0.000000000000000000e+00
-1.504443351476147458e-08 4.457564832426641731e-14 -0.000000000000000000e+00
-9.811225470137514357e-09 4.885605533075409559e-14 -0.000000000000000000e+00
-6.582551209715702980e-09 5.360328561406257072e-14 -0.000000000000000000e+00
-4.527506960199431503e-09 5.887443887203906980e-14 -0.000000000000000000e+00
-3.183147559098285039e-09 6.473436793196183392e-14 -0.000000000000000000e+00
-2.282105190554015763e-09 7.125683745547377064e-14 -0.000000000000000000e+00
-1.664985188391721352e-09 7.852587186438088166e-14 -0.000000000000000000e+00
-1.234039291434353466e-09 8.663732604086070951e-14 -0.000000000000000000e+00
-9.277869394649514298e-10 9.570071878076068771e-14 -0.000000000000000000e+00
-7.066666646056541879e-10 1.058413767258590513e-13 -0.000000000000000000e+00
-5.446899411791096183e-10 1.172029458612329879e-13 -0.000000000000000000e+00
-4.244605552841361180e-10 1.299503389964691216e-13 -0.000000000000000000e+00
-3.341318801951941133e-10 1.442732013988059151e-13 -0.000000000000000000e+00
-2.655084268013007730e-10 1.603899934635517388e-13 -0.000000000000000000e+00
-2.128376111888297814e-10 1.785528096771878869e-13 -0.000000000000000000e+00
-1.720271908950995525e-10 1.990530780046018825e-13 -0.000000000000000000e+00
-1.401296815773321320e-10 2.222283142791774869e-13 -0.000000000000000000e+00
-1.149975935070270937e-10 2.484701435260563817e-13 -0.000000000000000000e+00
-9.504954013257646650e-11 2.782338460772810488e-13 -0.000000000000000000e+00
-7.910934247847274459e-11 3.120497429457670070e-13 -0.000000000000000000e+00
-6.629418515827329761e-11 3.505368048642602897e-13 -0.000000000000000000e+00
-5.593568078542649031e-11 3.944189560159980595e-13 -0.000000000000000000e+00
-4.752389524856372927e-11 4.445446510297379801e-13 -0.000000000000000000e+00
-4.066694127206904657e-11 5.019104376735903736e-13 -0.000000000000000000e+00
-3.506176405958678596e-11 5.676893847222985509e-13 -0.000000000000000000e+00
-3.047268405174167652e-11 6.432654634510184465e-13 -0.000000000000000000e+00
-2.671560652212419221e-11 7.302752333344906685e-13 -0.000000000000000000e+00
-2.364627960321357877e-11 8.306585121830811431e-13 -0.000000000000000000e+00
-2.115155831151271332e-11 9.467201266195769277e-13 -0.000000000000000000e+00
-1.914275875338451529e-11 1.081205364334503374e-12 -0.000000000000000000e+00
-1.755076225049218450e-11 1.237392415765924558e-12 -0.000000000000000000e+00
-1.632221518246788183e-11 1.419205939650298457e-12 -0.000000000000000000e+00
-1.541677280225156458e-11 1.631356966117442059e-12 -0.000000000000000000e+00
-1.480504433536822730e-11 1.879515730113560277e-12 -0.000000000000000000e+00
-1.446708840983388399e-11 2.170525794911543573e-12 -0.000000000000000000e+00
-1.439135078295686206e-11 2.512670095282734059e-12 -0.000000000000000000e+00
-1.457405130766347015e-11 2.916002453090034047e-12 -0.000000000000000000e+00
-1.501885930644502387e-11 3.392761892018508482e-12 -0.000000000000000000e+00
-1.573696714482829648e-11 3.957891962107423770e-12 -0.000000000000000000e+00
-1.674735247034249932e-11 4.629693619443362040e-12 -0.000000000000000000e+00
-1.807744834474842349e-11 5.430648440048711483e-12 -0.000000000000000000e+00
-1.976402039673043843e-11 6.388459669357091231e-12 -0.000000000000000000e+00
-2.185461831688484794e-11 7.537372595176108151e-12 -0.000000000000000000e+00
-2.440926989669572182e-11 8.919854001219373771e-12 -0.000000000000000000e+00
-2.750276379175502676e-11 1.058873434495704204e-11 -0.000000000000000000e+00
-3.122749313412062717e-11 1.260994755100197361e-11 -0.000000000000000000e+00
-3.569698950169047349e-11 1.506604418485040063e-11 -0.000000000000000000e+00
-4.105048514026257233e-11 1.806070719399260857e-11 -0.000000000000000000e+00
-4.745836619212007441e-11 2.172456910628781795e-11 -0.000000000000000000e+00
-5.512900778436854534e-11 2.622272025735673364e-11 -0.000000000000000000e+00
-6.431702018792274567e-11 3.176441507473699418e-11 -0.000000000000000000e+00
-7.533351253385134067e-11 3.861563461365094726e-11 -0.000000000000000000e+00
-8.855842354934097478e-11 4.711535634536320434e-11 -0.000000000000000000e+00
-1.044554823802973560e-10 5.769662502285827213e-11 -0.000000000000000000e+00
-1.235899348587043208e-10 7.091381886419169522e-11 -0.000000000000000000e+00
-1.466494130871020888e-10 8.747786757378697088e-11 -0.000000000000000000e+00
-1.744681614744347243e-10 1.083015992768632600e-10 -0.000000000000000000e+00
-2.080542028247707807e-10 1.345578529839204812e-10 -0.000000000000000000e+00
-2.486188752508556200e-10 1.677534439453449329e-10 -0.000000000000000000e+00
-2.976068282836009132e-10 2.098224150502525765e-10 -0.000000000000000000e+00
-3.567236495645970029e-10 2.632420746470454474e-10 -0.000000000000000000e+00
-4.279559107163638647e-10 3.311748192062368338e-10 -0.000000000000000000e+00
-5.135757896654886368e-10 4.176372127728286276e-10 -0.000000000000000000e+00
-6.161184180673424721e-10 5.276945782371575496e-10 -0.000000000000000000e+00
-7.383157227991066602e-10 6.676735531255842755e-10 -0.000000000000000000e+00
-8.829656546553327425e-10 8.453756113128774080e-10 -0.000000000000000000e+00
-1.052711736836619670e-09 1.070260446370480491e-09 -0.000000000000000000e+00
-1.249706915389416809e-09 1.353548920657371488e-09 -0.000000000000000000e+00
-1.475141286162587225e-09 1.708172077802896693e-09 -0.000000000000000000e+00
-1.728629958236226234e-09 2.148469432975457864e-09 -0.000000000000000000e+00
-2.007489576342537224e-09 2.689524718092462332e-09 -0.000000000000000000e+00
-2.305981977436418868e-09 3.346033979107890074e-09 -0.000000000000000000e+00
-2.614666089226882447e-09 4.130646560755718390e-09 -0.000000000000000000e+00
-2.920059747768187989e-09 5.051818973401077369e-09 -0.000000000000000000e+00
-3.204842043239598128e-09 6.111376316803400009e-09 -0.000000000000000000e+00
-3.448789067835620956e-09 7.302159869618759880e-09 -0.000000000000000000e+00
-3.630504117604001847e-09 8.606291458265283508e-09 -0.000000000000000000e+00
-3.729785088326542118e-09 9.994619792846359157e-09 -0.000000000000000000e+00
-3.730226552672553958e-09 1.142775858562807829e-08 -0.000000000000000000e+00
-3.621484838174416360e-09 1.285877430538424969e-08 -0.000000000000000000e+00
-3.400643161442387476e-09 1.423712688702121139e-08 -0.000000000000000000e+00
-3.072335199376892994e-09 1.551308338383301777e-08 -0.000000000000000000e+00
-2.647651926089665955e-09 1.664168388326251436e-08 -0.000000000000000000e+00
-2.142219879385154949e-09 1.758551269804648853e-08 -0.000000000000000000e+00
-1.574049932481774954e-09 1.831594354653872334e-08 -0.000000000000000000e+00
-9.617432348786961008e-10 1.881301073798597624e-08 -0.000000000000000000e+00
-3.234356605974311703e-10 1.906442823516526303e-08 -0.000000000000000000e+00
3.234356682368186333e-10 1.906442823516525641e-08 -0.000000000000000000e+00
9.617432315724560196e-10 1.881301073798595970e-08 -0.000000000000000000e+00
1.574049924496646261e-09 1.831594354653871342e-08 -0.000000000000000000e+00
2.142219877664436055e-09 1.758551269804646868e-08 -0.000000000000000000e+00
2.647651924026359042e-09 1.664168388326247797e-08 -0.000000000000000000e+00
3.072335198019092148e-09 1.551308338383296814e-08 -0.000000000000000000e+00
3.400643166448998222e-09 1.423712688702117169e-08 -0.000000000000000000e+00
3.621484847312630898e-09 1.285877430538418682e-08 -0.000000000000000000e+00
3.730226562126116629e-09 1.142775858562800549e-08 -0.000000000000000000e+00
3.729785081738421597e-09 9.994619792846327724e-09 -0.000000000000000000e+00
3.630504101610319119e-09 8.606291458265250420e-09 -0.000000000000000000e+00
3.448789060458314710e-09 7.302159869618728447e-09 -0.000000000000000000e+00
3.204842057634025575e-09 6.111376316803347897e-09 -0.000000000000000000e+00
2.920059762184451351e-09 5.051818973401031047e-09 -0.000000000000000000e+00
2.614666081955949560e-09 4.130646560755697710e-09 -0.000000000000000000e+00
2.305981962535665068e-09 3.346033979107872289e-09 -0.000000000000000000e+00
2.007489571928309806e-09 2.689524718092447443e-09 -0.000000000000000000e+00
1.728629973482114113e-09 2.148469432975433462e-09 -0.000000000000000000e+00
1.475141301521036602e-09 1.708172077802878495e-09 -0.000000000000000000e+00
1.249706907023046362e-09 1.353548920657365077e-09 -0.000000000000000000e+00
1.052711720067144512e-09 1.070260446370473874e-09 -0.000000000000000000e+00
8.829656458066984206e-10 8.453756113128732721e-10 -0.000000000000000000e+00
7.383157398933402680e-10 6.676735531255768308e-10 -0.000000000000000000e+00
6.161184306044425605e-10 5.276945782371516559e-10 -0.000000000000000000e+00
5.135757848312495088e-10 4.176372127728264046e-10 -0.000000000000000000e+00
4.279558949607289316e-10 3.311748192062350243e-10 -0.000000000000000000e+00
3.567236427529847403e-10 2.632420746470439481e-10 -0.000000000000000000e+00
2.976068449318856846e-10 2.098224150502503276e-10 -0.000000000000000000e+00
2.486188875864177017e-10 1.677534439453432526e-10 -0.000000000000000000e+00
2.080541978349050909e-10 1.345578529839197575e-10 -0.000000000000000000e+00
1.744681432282036863e-10 1.083015992768627688e-10 -0.000000000000000000e+00
1.466494080059568116e-10 8.747786757378651851e-11 -0.000000000000000000e+00
1.235899457992749480e-10 7.091381886419106191e-11 -0.000000000000000000e+00
1.044554974439625677e-10 5.769662502285777453e-11 -0.000000000000000000e+00
8.855841824033451612e-11 4.711535634536299755e-11 -0.000000000000000000e+00
7.533349593150956338e-11 3.861563461365077277e-11 -0.000000000000000000e+00
6.431701897118946279e-11 3.176441507473683909e-11 -0.000000000000000000e+00
5.512901842336532227e-11 2.622272025735652685e-11 -0.000000000000000000e+00
4.745838508424822425e-11 2.172456910628762408e-11 -0.000000000000000000e+00
4.105047268307348836e-11 1.806070719399254394e-11 -0.000000000000000000e+00
3.569697488904103173e-11 1.506604418485033601e-11 -0.000000000000000000e+00
3.122748111692374856e-11 1.260994755100193484e-11 -0.000000000000000000e+00
2.750278213727814686e-11 1.058873434495694834e-11 -0.000000000000000000e+00
2.440928470183534279e-11 8.919854001219302685e-12 -0.000000000000000000e+00
2.185461323469818595e-11 7.537372595176077455e-12 -0.000000000000000000e+00
1.976401480239793102e-11 6.388459669357066189e-12 -0.000000000000000000e+00
1.807743747455125322e-11 5.430648440048688057e-12 -0.000000000000000000e+00
1.674737076555492097e-11 4.629693619443326497e-12 -0.000000000000000000e+00
1.573696779759908856e-11 3.957891962107407614e-12 -0.000000000000000000e+00
1.501885368496317890e-11 3.392761892018495153e-12 -0.000000000000000000e+00
1.457403813290851722e-11 2.916002453090026777e-12 -0.000000000000000000e+00
1.439135239666504712e-11 2.512670095282724770e-12 -0.000000000000000000e+00
1.446709828372085759e-11 2.170525794911529840e-12 -0.000000000000000000e+00
1.480504919586616827e-11 1.879515730113554219e-12 -0.000000000000000000e+00
1.541676272539380723e-11 1.631356966117436202e-12 -0.000000000000000000e+00
1.632220949290692695e-11 1.419205939650294015e-12 -0.000000000000000000e+00
1.755076341360047917e-11 1.237392415765920317e-12 -0.000000000000000000e+00
1.914277270016943548e-11 1.081205364334496306e-12 -0.000000000000000000e+00
2.115155914601358672e-11 9.467201266195738985e-13 -0.000000000000000000e+00
2.364627719760920578e-11 8.306585121830788207e-13 -0.000000000000000000e+00
2.671559655905757137e-11 7.302752333344882451e-13 -0.000000000000000000e+00
3.047268563644017382e-11 6.432654634510167299e-13 -0.000000000000000000e+00
3.506177075404005591e-11 5.676893847222958246e-13 -0.000000000000000000e+00
4.066694286846915747e-11 5.019104376735888590e-13 -0.000000000000000000e+00
4.752388529722090405e-11 4.445446510297367180e-13 -0.000000000000000000e+00
5.593567837730404706e-11 3.944189560159967973e-13 -0.000000000000000000e+00
6.629418603155109596e-11 3.505368048642592295e-13 -0.000000000000000000e+00
7.910935589291211403e-11 3.120497429457650885e-13 -0.000000000000000000e+00
9.504954156128841689e-11 2.782338460772802915e-13 -0.000000000000000000e+00
1.149975844655396316e-10 2.484701435260556748e-13 -0.000000000000000000e+00
1.401296793841692373e-10 2.222283142791768306e-13 -0.000000000000000000e+00
1.720271909114986667e-10 1.990530780046012767e-13 -0.000000000000000000e+00
2.128376246056012962e-10 1.785528096771869276e-13 -0.000000000000000000e+00
2.655084203874265206e-10 1.603899934635514106e-13 -0.000000000000000000e+00
3.341318777769517550e-10 1.442732013988055112e-13 -0.000000000000000000e+00
4.244605438592016114e-10 1.299503389964687430e-13 -0.000000000000000000e+00
5.446899496014330436e-10 1.172029458612327102e-13 -0.000000000000000000e+00
7.066666649796306078e-10 1.058413767258587105e-13 -0.000000000000000000e+00
9.277869424316345933e-10 9.570071878076044789e-14 -0.000000000000000000e+00
1.234039281428309626e-09 8.663732604086050756e-14 -0.000000000000000000e+00
1.664985191675930304e-09 7.852587186438062922e-14 -0.000000000000000000e+00
2.282105199047428951e-09 7.125683745547360656e-14 -0.000000000000000000e+00
3.183147560929665811e-09 6.473436793196154362e-14 -0.000000000000000000e+00
4.527506959199876377e-09 5.887443887203893096e-14 -0.000000000000000000e+00
6.582551194247514034e-09 5.360328561406251392e-14 -0.000000000000000000e+00
9.811225481330515433e-09 4.885605533075388102e-14 -0.000000000000000000e+00
1.504443351472557825e-08 4.457564832426631002e-14 -0.000000000000000000e+00
2.383590336067697003e-08 4.071172032787148480e-14 -0.000000000000000000e+00
3.923150398942085385e-08 3.721982204570269307e-14 -0.000000000000000000e+00
6.753999921760107435e-08 3.406065587071617755e-14 -0.000000000000000000e+00
1.227052626722013335e-07 3.119943282084242781e-14 -0.000000000000000000e+00
2.380421398599402566e-07 2.860531532895241165e-14 -0.000000000000000000e+00
5.010906658620932717e-07 2.625093369973900151e-14 -0.000000000000000000e+00
1.170943675584595265e-06 2.411196587654539544e-14 -0.000000000000000000e+00
3.141582545566620803e-06 2.216677170173585605e-14 -0.000000000000000000e+00
1.020273452269918274e-05 2.039607415340300569e-14 -0.000000000000000000e+00
4.385299684817553116e-05 1.878268113871291027e-14 -0.000000000000000000e+00
1.590901186311088661e-04 1.731124235285707396e-14 -0.000000000000000000e+00
1.315235613285490528e-04 1.596803649967923700e-14 -0.000000000000000000e+00
1.311588469001391359e-04 1.474078483821957210e-14 -0.000000000000000000e+00
