1.311588140403682420e-04 -2.526808329670686835e-08 -0.000000000000000000e+00
1.315235226311294893e-04 -2.526808689612730043e-08 -0.000000000000000000e+00
1.590900728683226190e-04 -2.526809013963759724e-08 -0.000000000000000000e+00
4.385294248619036900e-05 -2.526809305956422196e-08 -0.000000000000000000e+00
1.020266963311483058e-05 -2.526809568450771850e-08 -0.000000000000000000e+00
3.141504687719329252e-06 -2.526809803975571619e-08 -0.000000000000000000e+00
1.170849738417818359e-06 -2.526810014764155224e-08 -0.000000000000000000e+00
5.009766536615320554e-07 -2.526810202785574828e-08 -0.000000000000000000e+00
2.379028791629683390e-07 -2.526810369771598226e-08 -0.000000000000000000e+00
1.225339972153658755e-07 -2.526810517240104487e-08 -0.000000000000000000e+00
6.732782397339484327e-08 -2.526810646515280073e-08 -0.000000000000000000e+00
3.896656535589746727e-08 -2.526810758745004509e-08 -0.000000000000000000e+00
2.350225441305305166e-08 -2.526810854915734023e-08 -0.000000000000000000e+00
1.462037387507345781e-08 -2.526810935865136883e-08 -0.000000000000000000e+00
9.266858359300547368e-09 -2.526811002292723338e-08 -0.000000000000000000e+00
5.876132445741506299e-09 -2.526811054768636227e-08 -0.000000000000000000e+00
3.599895398828876168e-09 -2.526811093740759773e-08 -0.000000000000000000e+00
1.949212828710384609e-09 -2.526811119540271616e-08 -0.000000000000000000e+00
6.171547450767940281e-10 -2.526811132385722799e-08 -0.000000000000000000e+00
-6.171547451062389696e-10 -2.526811132385722799e-08 -0.000000000000000000e+00
-1.949212828612535347e-09 -2.526811119540272278e-08 -0.000000000000000000e+00
-3.599895399377490061e-09 -2.526811093740759773e-08 -0.000000000000000000e+00
-5.876132445537422644e-09 -2.526811054768636227e-08 -0.000000000000000000e+00
-9.266858359265473256e-09 -2.526811002292724000e-08 -0.000000000000000000e+00
-1.462037387479618687e-08 -2.526810935865137545e-08 -0.000000000000000000e+00
-2.350225441248640647e-08 -2.526810854915735016e-08 -0.000000000000000000e+00
-3.896656535690420563e-08 -2.526810758745005833e-08 -0.000000000000000000e+00
-6.732782397254701623e-08 -2.526810646515280734e-08 -0.000000000000000000e+00
-1.225339972175953721e-07 -2.526810517240105149e-08 -0.000000000000000000e+00
-2.379028791614632674e-07 -2.526810369771598887e-08 -0.000000000000000000e+00
-5.009766536613350143e-07 -2.526810202785575159e-08 -0.000000000000000000e+00
-1.170849738417063441e-06 -2.526810014764155886e-08 -0.000000000000000000e+00
-3.141504687719972150e-06 -2.526809803975570957e-08 -0.000000000000000000e+00
-1.020266963311675673e-05 -2.526809568450772512e-08 -0.000000000000000000e+00
-4.385294248618975914e-05 -2.526809305956422858e-08 -0.000000000000000000e+00
-1.590900728683228901e-04 -2.526809013963760386e-08 -0.000000000000000000e+00
-1.315235226311265077e-04 -2.526808689612730374e-08 -0.000000000000000000e+00
-1.311588140403698141e-04 -2.526808329670686504e-08 -0.000000000000000000e+00
-1.311588470800881278e-04 4.883199541769724789e-14 -0.000000000000000000e+00
-1.315235615228636692e-04 5.322964567354466114e-14 -0.000000000000000000e+00
-1.590901188411031060e-04 5.807957548326073229e-14 -0.000000000000000000e+00
-4.385299707532502747e-05 6.343421005254073654e-14 -0.000000000000000000e+00
-1.020273476861923071e-05 6.935274979793442722e-14 -0.000000000000000000e+00
-3.141582812066981282e-06 7.590213777222929136e-14 -0.000000000000000000e+00
-1.170943964665968546e-06 8.315817853832922943e-14 -0.000000000000000000e+00
-5.010909797200635027e-07 9.120683431154898897e-14 -0.000000000000000000e+00
-2.380424809518008932e-07 1.001457289559786965e-13 -0.000000000000000000e+00
-1.227056337573847065e-07 1.100858961336611790e-13 -0.000000000000000000e+00
-6.754040333713445294e-08 1.211538147676083626e-13 -0.000000000000000000e+00
-3.923194457567749761e-08 1.334937832389428647e-13 -0.000000000000000000e+00
-2.383638417294244161e-08 1.472706936994068632e-13 -0.000000000000000000e+00
-1.504495885137724018e-08 1.626732799188426643e-13 -0.000000000000000000e+00
-9.811800092840043320e-09 1.799179266671560375e-13 -0.000000000000000000e+00
-6.583180473660611941e-09 1.992531463264454461e-13 -0.000000000000000000e+00
-4.528196882479686777e-09 2.209648499548109397e-13 -0.000000000000000000e+00
-3.183904910436665637e-09 2.453825662661345230e-13 -0.000000000000000000e+00
-2.282937601203265348e-09 2.728867940564414156e-13 -0.000000000000000000e+00
-1.665901270388892221e-09 3.039177128802659173e-13 -0.000000000000000000e+00
-1.235048780207258513e-09 3.389855249925874784e-13 -0.000000000000000000e+00
-9.289008580409623812e-10 3.786827608998087423e-13 -0.000000000000000000e+00
-7.078975142576422094e-10 4.236989540470791946e-13 -0.000000000000000000e+00
-5.460519234561800743e-10 4.748381806678922269e-13 -0.000000000000000000e+00
-4.259698309287357435e-10 5.330400730119785934e-13 -0.000000000000000000e+00
-3.358068715157582900e-10 5.994050536012551340e-13 -0.000000000000000000e+00
-2.673701716882198063e-10 6.752247119023651566e-13 -0.000000000000000000e+00
-2.149101785550398166e-10 7.620184618517427740e-13 -0.000000000000000000e+00
-1.743381682782317808e-10 8.615778905342186890e-13 -0.000000000000000000e+00
-1.427107501824692681e-10 9.760205497490650169e-13 -0.000000000000000000e+00
-1.178852063176001624e-10 1.107855372148020838e-12 -0.000000000000000000e+00
-9.828572373392356941e-11 1.260062436507543186e-12 -0.000000000000000000e+00
-8.274264764512941686e-11 1.436190494019001361e-12 -0.000000000000000000e+00
-7.038081515994111539e-11 1.640476540039887468e-12 -0.000000000000000000e+00
-6.054083462470066207e-11 1.877992826474141443e-12 -0.000000000000000000e+00
-5.272336964361944373e-11 2.154828127664875986e-12 -0.000000000000000000e+00
-4.654904525092921457e-11 2.478311887083282773e-12 -0.000000000000000000e+00
-4.172961261053062658e-11 2.857292200311827192e-12 -0.000000000000000000e+00
-3.804695135914679512e-11 3.302481585091417257e-12 -0.000000000000000000e+00
-3.533783843737665710e-11 3.826888352358519644e-12 -0.000000000000000000e+00
-3.348288705358696011e-11 4.446356386795137492e-12 -0.000000000000000000e+00
-3.239864201280304711e-11 5.180242617713855960e-12 -0.000000000000000000e+00
-3.203195018764464185e-11 6.052269866337020998e-12 -0.000000000000000000e+00
-3.235630857700261504e-11 7.091603692336803228e-12 -0.000000000000000000e+00
-3.336958984510894980e-11 8.334216117778346705e-12 -0.000000000000000000e+00
-3.509315856195740734e-11 9.824617713512943333e-12 -0.000000000000000000e+00
-3.757211680252569242e-11 1.161806384524064477e-11 -0.000000000000000000e+00
-4.087662750519923753e-11 1.378337266146867338e-11 -0.000000000000000000e+00
-4.510432928160772907e-11 1.640653396008866858e-11 -0.000000000000000000e+00
-5.038399653230603136e-11 1.959534235730658665e-11 -0.000000000000000000e+00
-5.688046197141269952e-11 2.348535898690065537e-11 -0.000000000000000000e+00
-6.480112173924329308e-11 2.824759804602509403e-11 -0.000000000000000000e+00
-7.440405955177715440e-11 3.409845376042154324e-11 -0.000000000000000000e+00
-8.600828925463528268e-11 4.131253682049930117e-11 -0.000000000000000000e+00
-1.000062224061630539e-10 5.023928512077728104e-11 -0.000000000000000000e+00
-1.168790462863524989e-10 6.132446029721207253e-11 -0.000000000000000000e+00
-1.372149763656600627e-10 7.513794693670781905e-11 -0.000000000000000000e+00
-1.617309453309244765e-10 9.240964004797496942e-11 -0.000000000000000000e+00
-1.912977374146327156e-10 1.140756352971231233e-10 -0.000000000000000000e+00
-2.269684040076428665e-10 1.413374069333110535e-10 -0.000000000000000000e+00
-2.700094314420705171e-10 1.757371232582583812e-10 -0.000000000000000000e+00
-3.219327412156554909e-10 2.192526138077500059e-10 -0.000000000000000000e+00
-3.845258218037967857e-10 2.744155938412567480e-10 -0.000000000000000000e+00
-4.598747673092260687e-10 3.444562814300325217e-10 -0.000000000000000000e+00
-5.503727057976837519e-10 4.334760573481938503e-10 -0.000000000000000000e+00
-6.587017791747757511e-10 5.466466551310109934e-10 -0.000000000000000000e+00
-7.877728094879063032e-10 6.904286368791514674e-10 -0.000000000000000000e+00
-9.406015515512067533e-10 8.727925508467215430e-10 -0.000000000000000000e+00
-1.120096807027202158e-09 1.103412180004285013e-09 -0.000000000000000000e+00
-1.328734816389514811e-09 1.393780252113531040e-09 -0.000000000000000000e+00
-1.568099687785215697e-09 1.757173970507903110e-09 -0.000000000000000000e+00
-1.838286706612291617e-09 2.208374687333023606e-09 -0.000000000000000000e+00
-2.137197155753288843e-09 2.763031308063057711e-09 -0.000000000000000000e+00
-2.459803515635881208e-09 3.436564103425756549e-09 -0.000000000000000000e+00
-2.797526316734304281e-09 4.242551670257917594e-09 -0.000000000000000000e+00
-3.137924155434825126e-09 5.190643710239094447e-09 -0.000000000000000000e+00
-3.464926752100930959e-09 6.284197437608579121e-09 -0.000000000000000000e+00
-3.759802246678230509e-09 7.518019721534501980e-09 -0.000000000000000000e+00
-4.002916791026962554e-09 8.876749160144443064e-09 -0.000000000000000000e+00
-4.176124227090495461e-09 1.033444638065692908e-08 -0.000000000000000000e+00
-4.265375478227263992e-09 1.185580399453620320e-08 -0.000000000000000000e+00
-4.262964426245747749e-09 1.339903250084591974e-08 -0.000000000000000000e+00
-4.168831009734448261e-09 1.492001815130519398e-08 -0.000000000000000000e+00
-3.990559063423999861e-09 1.637695608067851267e-08 -0.000000000000000000e+00
-3.742068930783788862e-09 1.773450732892182394e-08 -0.000000000000000000e+00
-3.441367011746699186e-09 1.896668300260902880e-08 -0.000000000000000000e+00
-3.107931394686223251e-09 2.005805147286179383e-08 -0.000000000000000000e+00
-2.760316415422907764e-09 2.100332471812500173e-08 -0.000000000000000000e+00
-2.414386373166943419e-09 2.180573497412202023e-08 -0.000000000000000000e+00
-2.082340405113967407e-09 2.247476961833365137e-08 -0.000000000000000000e+00
-1.772470149839029234e-09 2.302379799316914915e-08 -0.000000000000000000e+00
-1.489458693272291451e-09 2.346797162216415197e-08 -0.000000000000000000e+00
-1.234990321316929718e-09 2.382259477930966270e-08 -0.000000000000000000e+00
-1.008469457576316144e-09 2.410200697977411577e-08 -0.000000000000000000e+00
-8.077069300269829097e-10 2.431891872511322968e-08 -0.000000000000000000e+00
-6.294946090177413507e-10 2.448409540010432075e-08 -0.000000000000000000e+00
-4.700394516863318515e-10 2.460627670064353589e-08 -0.000000000000000000e+00
-3.252603211258422898e-10 2.469223323348997733e-08 -0.000000000000000000e+00
-1.909684975087714904e-10 2.474688450020614772e-08 -0.000000000000000000e+00
-6.295905915234334091e-11 2.477342512389352333e-08 -0.000000000000000000e+00
6.295906678242658586e-11 2.477342512389351671e-08 -0.000000000000000000e+00
1.909684941858908100e-10 2.474688450020614772e-08 -0.000000000000000000e+00
3.252603131379739745e-10 2.469223323348997733e-08 -0.000000000000000000e+00
4.700394499598382023e-10 2.460627670064352928e-08 -0.000000000000000000e+00
6.294946069175558317e-10 2.448409540010431413e-08 -0.000000000000000000e+00
8.077069286718172548e-10 2.431891872511321644e-08 -0.000000000000000000e+00
1.008469462568436341e-09 2.410200697977411246e-08 -0.000000000000000000e+00
1.234990330443288276e-09 2.382259477930964946e-08 -0.000000000000000000e+00
1.489458702743052654e-09 2.346797162216413873e-08 -0.000000000000000000e+00
1.772470143250699850e-09 2.302379799316913922e-08 -0.000000000000000000e+00
2.082340389115137134e-09 2.247476961833363483e-08 -0.000000000000000000e+00
2.414386365748957257e-09 2.180573497412200699e-08 -0.000000000000000000e+00
2.760316429801340847e-09 2.100332471812495872e-08 -0.000000000000000000e+00
3.107931409091210073e-09 2.005805147286174751e-08 -0.000000000000000000e+00
3.441367004494295144e-09 1.896668300260900233e-08 -0.000000000000000000e+00
3.742068915848305884e-09 1.773450732892179086e-08 -0.000000000000000000e+00
3.990559059011255991e-09 1.637695608067847958e-08 -0.000000000000000000e+00
4.168831024995059542e-09 1.492001815130512119e-08 -0.000000000000000000e+00
4.262964441604171483e-09 1.339903250084584033e-08 -0.000000000000000000e+00
4.265375469899963147e-09 1.185580399453616846e-08 -0.000000000000000000e+00
4.176124210302364485e-09 1.033444638065688938e-08 -0.000000000000000000e+00
4.002916782178542885e-09 8.876749160144413286e-09 -0.000000000000000000e+00
3.759802263818680042e-09 7.518019721534437460e-09 -0.000000000000000000e+00
3.464926764691284935e-09 6.284197437608524527e-09 -0.000000000000000000e+00
3.137924150595218836e-09 5.190643710239067977e-09 -0.000000000000000000e+00
2.797526300980057668e-09 4.242551670257899396e-09 -0.000000000000000000e+00
2.459803508864953359e-09 3.436564103425739178e-09 -0.000000000000000000e+00
2.137197172389521334e-09 2.763031308063027933e-09 -0.000000000000000000e+00
1.838286718963446053e-09 2.208374687333000858e-09 -0.000000000000000000e+00
1.568099682773584378e-09 1.757173970507894217e-09 -0.000000000000000000e+00
1.328734798169782763e-09 1.393780252113525664e-09 -0.000000000000000000e+00
1.120096801912684667e-09 1.103412180004278395e-09 -0.000000000000000000e+00
9.406015624882942780e-10 8.727925508467126508e-10 -0.000000000000000000e+00
7.877728245669801837e-10 6.904286368791446431e-10 -0.000000000000000000e+00
6.587017738385324967e-10 5.466466551310083051e-10 -0.000000000000000000e+00
5.503726891493974812e-10 4.334760573481913687e-10 -0.000000000000000000e+00
4.598747660948708008e-10 3.444562814300306606e-10 -0.000000000000000000e+00
3.845258324399431306e-10 2.744155938412541630e-10 -0.000000000000000000e+00
3.219327601057133046e-10 2.192526138077475502e-10 -0.000000000000000000e+00
2.700094189494443113e-10 1.757371232582576574e-10 -0.000000000000000000e+00
2.269683894020906215e-10 1.413374069333103297e-10 -0.000000000000000000e+00
1.912977253690436573e-10 1.140756352971227097e-10 -0.000000000000000000e+00
1.617309636609663072e-10 9.240964004797400007e-11 -0.000000000000000000e+00
1.372149911989281252e-10 7.513794693670703064e-11 -0.000000000000000000e+00
1.168790411848826186e-10 6.132446029721180111e-11 -0.000000000000000000e+00
1.000062167873460747e-10 5.023928512077703547e-11 -0.000000000000000000e+00
8.600827836273295130e-11 4.131253682049912668e-11 -0.000000000000000000e+00
7.440407785545993137e-11 3.409845376042122658e-11 -0.000000000000000000e+00
6.480112240069617611e-11 2.824759804602497125e-11 -0.000000000000000000e+00
5.688045636893616277e-11 2.348535898690055197e-11 -0.000000000000000000e+00
5.038398334447503316e-11 1.959534235730652203e-11 -0.000000000000000000e+00
4.510433089060430790e-11 1.640653396008859427e-11 -0.000000000000000000e+00
4.087663738777727827e-11 1.378337266146857968e-11 -0.000000000000000000e+00
3.757212169904876756e-11 1.161806384524059953e-11 -0.000000000000000000e+00
3.509314847981229214e-11 9.824617713512907790e-12 -0.000000000000000000e+00
3.336958414527026289e-11 8.334216117778309546e-12 -0.000000000000000000e+00
3.235630970038391289e-11 7.091603692336776570e-12 -0.000000000000000000e+00
3.203196414506108180e-11 6.052269866336974954e-12 -0.000000000000000000e+00
3.239864287536932828e-11 5.180242617713837381e-12 -0.000000000000000000e+00
3.348288463831345645e-11 4.446356386795118913e-12 -0.000000000000000000e+00
3.533782847048845861e-11 3.826888352358505104e-12 -0.000000000000000000e+00
3.804695291609337641e-11 3.302481585091405140e-12 -0.000000000000000000e+00
4.172961930065195813e-11 2.857292200311811844e-12 -0.000000000000000000e+00
4.654904684913259213e-11 2.478311887083273887e-12 -0.000000000000000000e+00
5.272335967825591359e-11 2.154828127664867908e-12 -0.000000000000000000e+00
6.054083223233602888e-11 1.877992826474135789e-12 -0.000000000000000000e+00
7.038081597898069390e-11 1.640476540039882823e-12 -0.000000000000000000e+00
8.274266103821595890e-11 1.436190494018992274e-12 -0.000000000000000000e+00
9.828572521004644937e-11 1.260062436507539753e-12 -0.000000000000000000e+00
1.178851972327421862e-10 1.107855372148017606e-12 -0.000000000000000000e+00
1.427107479911404396e-10 9.760205497490617857e-13 -0.000000000000000000e+00
1.743381682598686297e-10 8.615778905342162657e-13 -0.000000000000000000e+00
2.149101919223790179e-10 7.620184618517379273e-13 -0.000000000000000000e+00
2.673701653259418235e-10 6.752247119023645507e-13 -0.000000000000000000e+00
3.358068690945244848e-10 5.994050536012537204e-13 -0.000000000000000000e+00
4.259698195074355583e-10 5.330400730119771798e-13 -0.000000000000000000e+00
5.460519319224830384e-10 4.748381806678910153e-13 -0.000000000000000000e+00
7.078975146272246460e-10 4.236989540470773771e-13 -0.000000000000000000e+00
9.289008610171217258e-10 3.786827608998075307e-13 -0.000000000000000000e+00
1.235048770212226102e-09 3.389855249925865696e-13 -0.000000000000000000e+00
1.665901273668230735e-09 3.039177128802645542e-13 -0.000000000000000000e+00
2.282937609696043262e-09 2.728867940564405068e-13 -0.000000000000000000e+00
3.183904912274796202e-09 2.453825662661331094e-13 -0.000000000000000000e+00
4.528196881467915847e-09 2.209648499548103338e-13 -0.000000000000000000e+00
6.583180458217237586e-09 1.992531463264451432e-13 -0.000000000000000000e+00
9.811800104006563036e-09 1.799179266671551540e-13 -0.000000000000000000e+00
1.504495885134250521e-08 1.626732799188422604e-13 -0.000000000000000000e+00
2.383638418399329666e-08 1.472706936994061563e-13 -0.000000000000000000e+00
3.923194455946862220e-08 1.334937832389426880e-13 -0.000000000000000000e+00
6.754040334168452865e-08 1.211538147676080849e-13 -0.000000000000000000e+00
1.227056337576734124e-07 1.100858961336606742e-13 -0.000000000000000000e+00
2.380424809602734726e-07 1.001457289559784693e-13 -0.000000000000000000e+00
5.010909797171678146e-07 9.120683431154876177e-14 -0.000000000000000000e+00
1.170943964655939464e-06 8.315817853832904010e-14 -0.000000000000000000e+00
3.141582812068502553e-06 7.590213777222912727e-14 -0.000000000000000000e+00
1.020273476862583418e-05 6.935274979793422527e-14 -0.000000000000000000e+00
4.385299707532508846e-05 6.343421005254059771e-14 -0.000000000000000000e+00
1.590901188411046781e-04 5.807957548326063132e-14 -0.000000000000000000e+00
1.315235615228580856e-04 5.322964567354453493e-14 -0.000000000000000000e+00
1.311588470800888868e-04 4.883199541769713430e-14 -0.000000000000000000e+00
