1.311588465949362786e-04 -1.034903595050496719e-04 -0.000000000000000000e+00
1.315235608230018428e-04 -1.034903595099778044e-04 -0.000000000000000000e+00
1.590901179195796148e-04 -1.034903595143604207e-04 -0.000000000000000000e+00
4.385299592241021416e-05 -1.034903595182636569e-04 -0.000000000000000000e+00
1.020273337164839248e-05 -1.034903595217447997e-04 -0.000000000000000000e+00
3.141581155175765324e-06 -1.034903595248533835e-04 -0.000000000000000000e+00
1.170942028511024797e-06 -1.034903595276327764e-04 -0.000000000000000000e+00
5.010887410855921314e-07 -1.034903595301208442e-04 -0.000000000000000000e+00
2.380399122397619181e-07 -1.034903595323503434e-04 -0.000000000000000000e+00
1.227027024306604169e-07 -1.034903595343499374e-04 -0.000000000000000000e+00
6.753707120199195751e-08 -1.034903595361446715e-04 -0.000000000000000000e+00
3.922816693283971970e-08 -1.034903595377565549e-04 -0.000000000000000000e+00
2.383210881422490211e-08 -1.034903595392051574e-04 -0.000000000000000000e+00
1.504012474987948664e-08 -1.034903595405073113e-04 -0.000000000000000000e+00
9.806335957161338304e-09 -1.034903595416779108e-04 -0.000000000000000000e+00
6.577002873784099528e-09 -1.034903595427299258e-04 -0.000000000000000000e+00
4.521208111624544260e-09 -1.034903595436749706e-04 -0.000000000000000000e+00
3.175990231784514270e-09 -1.034903595445234808e-04 -0.000000000000000000e+00
2.273962004453631915e-09 -1.034903595452842519e-04 -0.000000000000000000e+00
1.655705419790128284e-09 -1.034903595459652121e-04 -0.000000000000000000e+00
1.223444086953213273e-09 -1.034903595465730836e-04 -0.000000000000000000e+00
9.156633824089286995e-10 -1.034903595471141141e-04 -0.000000000000000000e+00
6.927603353290987053e-10 -1.034903595475937109e-04 -0.000000000000000000e+00
5.286957306743227513e-10 -1.034903595480166311e-04 -0.000000000000000000e+00
4.060110127311061352e-10 -1.034903595483867777e-04 -0.000000000000000000e+00
3.127826575714178732e-10 -1.034903595487074982e-04 -0.000000000000000000e+00
2.407196332907444840e-10 -1.034903595489819505e-04 -0.000000000000000000e+00
1.839501749464804575e-10 -1.034903595492127229e-04 -0.000000000000000000e+00
1.382323714421798937e-10 -1.034903595494019162e-04 -0.000000000000000000e+00
1.004297847637155295e-10 -1.034903595495511837e-04 -0.000000000000000000e+00
6.815476769476190572e-11 -1.034903595496621247e-04 -0.000000000000000000e+00
3.951866770494802596e-11 -1.034903595497355794e-04 -0.000000000000000000e+00
1.294946986054470020e-11 -1.034903595497721170e-04 -0.000000000000000000e+00
-1.294947170851421036e-11 -1.034903595497720357e-04 -0.000000000000000000e+00
-3.951866657496275720e-11 -1.034903595497354168e-04 -0.000000000000000000e+00
-6.815476702660942842e-11 -1.034903595496621247e-04 -0.000000000000000000e+00
-1.004297822506094361e-10 -1.034903595495514141e-04 -0.000000000000000000e+00
-1.382323733261121990e-10 -1.034903595494021059e-04 -0.000000000000000000e+00
-1.839501760583301080e-10 -1.034903595492128855e-04 -0.000000000000000000e+00
-2.407196349336828618e-10 -1.034903595489821267e-04 -0.000000000000000000e+00
-3.127826567636014554e-10 -1.034903595487075118e-04 -0.000000000000000000e+00
-4.060110108203726870e-10 -1.034903595483864795e-04 -0.000000000000000000e+00
-5.286957298567976112e-10 -1.034903595480163600e-04 -0.000000000000000000e+00
-6.927603359646149525e-10 -1.034903595475936838e-04 -0.000000000000000000e+00
-9.156633833545919747e-10 -1.034903595471143580e-04 -0.000000000000000000e+00
-1.223444090460143087e-09 -1.034903595465732598e-04 -0.000000000000000000e+00
-1.655705417884371568e-09 -1.034903595459650495e-04 -0.000000000000000000e+00
-2.273962003652728349e-09 -1.034903595452840215e-04 -0.000000000000000000e+00
-3.175990229195115525e-09 -1.034903595445234672e-04 -0.000000000000000000e+00
-4.521208110252268167e-09 -1.034903595436752416e-04 -0.000000000000000000e+00
-6.577002877322933699e-09 -1.034903595427300342e-04 -0.000000000000000000e+00
-9.806335958449061648e-09 -1.034903595416776669e-04 -0.000000000000000000e+00
-1.504012475024996429e-08 -1.034903595405070403e-04 -0.000000000000000000e+00
-2.383210880945091854e-08 -1.034903595392051303e-04 -0.000000000000000000e+00
-3.922816693500058016e-08 -1.034903595377567988e-04 -0.000000000000000000e+00
-6.753707120292361434e-08 -1.034903595361448070e-04 -0.000000000000000000e+00
-1.227027024341515691e-07 -1.034903595343497748e-04 -0.000000000000000000e+00
-2.380399122372071608e-07 -1.034903595323500723e-04 -0.000000000000000000e+00
-5.010887410817563427e-07 -1.034903595301208307e-04 -0.000000000000000000e+00
-1.170942028511046396e-06 -1.034903595276330339e-04 -0.000000000000000000e+00
-3.141581155179812447e-06 -1.034903595248535055e-04 -0.000000000000000000e+00
-1.020273337164971216e-05 -1.034903595217445422e-04 -0.000000000000000000e+00
-4.385299592240705642e-05 -1.034903595182633723e-04 -0.000000000000000000e+00
-1.590901179195784222e-04 -1.034903595143603936e-04 -0.000000000000000000e+00
-1.315235608230008670e-04 -1.034903595099780755e-04 -0.000000000000000000e+00
-1.311588465949383928e-04 -1.034903595050498481e-04 -0.000000000000000000e+00
-1.311588478469301756e-04 5.591808070629076648e-14 -0.000000000000000000e+00
-1.315235623678541151e-04 6.217661999382499502e-14 -0.000000000000000000e+00
-1.590901197735261358e-04 6.924639487035351913e-14 -0.000000000000000000e+00
-4.385299810572912204e-05 7.724743880013629566e-14 -0.000000000000000000e+00
-1.020273590901191551e-05 8.631982435105273184e-14 -0.000000000000000000e+00
-3.141584076143335723e-06 9.662740197430185406e-14 -0.000000000000000000e+00
-1.170945368077052383e-06 1.083623122079970667e-13 -0.000000000000000000e+00
-5.010925403892455187e-07 1.217504475241574171e-13 -0.000000000000000000e+00
-2.380442194486420493e-07 1.370580840119801241e-13 -0.000000000000000000e+00
-1.227075737402307504e-07 1.545999590235953029e-13 -0.000000000000000000e+00
-6.754257207883687085e-08 1.747491423324283110e-13 -0.000000000000000000e+00
-3.923437358985503919e-08 1.979491399268097710e-13 -0.000000000000000000e+00
-2.383910996195244922e-08 2.247287874556688944e-13 -0.000000000000000000e+00
-1.504802380239755104e-08 2.557206427789901403e-13 -0.000000000000000000e+00
-9.815253554996138938e-09 2.916837850519644201e-13 -0.000000000000000000e+00
-6.587080056588312819e-09 3.335321860797623358e-13 -0.000000000000000000e+00
-4.532610027194970215e-09 3.823701583156365008e-13 -0.000000000000000000e+00
-3.188910796542656096e-09 4.395368300163458956e-13 -0.000000000000000000e+00
-2.288629470166465654e-09 5.066621888629727528e-13 -0.000000000000000000e+00
-1.672389267079508263e-09 5.857380218701804565e-13 -0.000000000000000000e+00
-1.242463440916503183e-09 6.792081322735790812e-13 -0.000000000000000000e+00
-9.373974102025855595e-10 7.900836316023456981e-13 -0.000000000000000000e+00
-7.176611987892759528e-10 9.220910250097914151e-13 -0.000000000000000000e+00
-5.573046116653147404e-10 1.079863424341436766e-12 -0.000000000000000000e+00
-4.389782890248173379e-10 1.269188812166656602e-12 -0.000000000000000000e+00
-3.508931322327850529e-10 1.497334235657063875e-12 -0.000000000000000000e+00
-2.849246151481543211e-10 1.773471700574140375e-12 -0.000000000000000000e+00
-2.354081166644891166e-10 2.109241189266973188e-12 -0.000000000000000000e+00
-1.983609862851610176e-10 2.519499853517589828e-12 -0.000000000000000000e+00
-1.709730119350982579e-10 3.023325823161418439e-12 -0.000000000000000000e+00
-1.512696153595523309e-10 3.645372894041307021e-12 -0.000000000000000000e+00
-1.378885026540708416e-10 4.417712633088893859e-12 -0.000000000000000000e+00
-1.299328318358597760e-10 5.382359275731819859e-12 -0.000000000000000000e+00
-1.268782715072399690e-10 6.594759582267387748e-12 -0.000000000000000000e+00
-1.285196772349221893e-10 8.128659153816428920e-12 -0.000000000000000000e+00
-1.349501099848918906e-10 1.008295150994453983e-11 -0.000000000000000000e+00
-1.465686673416863169e-10 1.259141296285019109e-11 -0.000000000000000000e+00
-1.641183889974317254e-10 1.583668372962491348e-11 -0.000000000000000000e+00
-1.887591232909920264e-10 2.007056971844701704e-11 -0.000000000000000000e+00
-2.221856912699016776e-10 2.564386885388599476e-11 -0.000000000000000000e+00
-2.668085130327283785e-10 3.305073772568141273e-11 -0.000000000000000000e+00
-3.260244242338619473e-10 4.299556492772858917e-11 -0.000000000000000000e+00
-4.046214411399062713e-10 5.649519917417613837e-11 -0.000000000000000000e+00
-5.093875387259700485e-10 7.503759472852572837e-11 -0.000000000000000000e+00
-6.500354941209746557e-10 1.008320104330060958e-10 -0.000000000000000000e+00
-8.406272053763294177e-10 1.372104795654645012e-10 -0.000000000000000000e+00
-1.101801160157417700e-09 1.892840932008337097e-10 -0.000000000000000000e+00
-1.464316384990768758e-09 2.650375186075771608e-10 -0.000000000000000000e+00
-1.974797894554208044e-09 3.771942526184879755e-10 -0.000000000000000000e+00
-2.705243068983837035e-09 5.464705021852716227e-10 -0.000000000000000000e+00
-3.769101092348406951e-09 8.073970885696460949e-10 -0.000000000000000000e+00
-5.349125567862084321e-09 1.219026558348374734e-09 -0.000000000000000000e+00
-7.746874764034123716e-09 1.885222554735111681e-09 -0.000000000000000000e+00
-1.147315038745559544e-08 2.994379415625479375e-09 -0.000000000000000000e+00
-1.741820415524060832e-08 4.899985154635680891e-09 -0.000000000000000000e+00
-2.718234481010541958e-08 8.290446854033902879e-09 -0.000000000000000000e+00
-4.373977910856230598e-08 1.456233445665570849e-08 -0.000000000000000000e+00
-7.281775501813007381e-08 2.667828898613778159e-08 -0.000000000000000000e+00
-1.258588183048502188e-07 5.123446931227346747e-08 -0.000000000000000000e+00
-2.265721937451000867e-07 1.036894888880063989e-07 -0.000000000000000000e+00
-4.256893610740532917e-07 2.222117564413026500e-07 -0.000000000000000000e+00
-8.339310468110154515e-07 5.057130839288643835e-07 -0.000000000000000000e+00
-1.690507875971890510e-06 1.219527285587610168e-06 -0.000000000000000000e+00
-3.471917167849729764e-06 3.075162175998683520e-06 -0.000000000000000000e+00
-6.899059188836963755e-06 7.835081921677216095e-06 -0.000000000000000000e+00
-1.219810067489076256e-05 1.887475208361751332e-05 -0.000000000000000000e+00
-1.705138692237558851e-05 3.909677890705455023e-05 -0.000000000000000000e+00
-1.705138673108562842e-05 6.439358053022102720e-05 -0.000000000000000000e+00
-1.219810009859030095e-05 8.461560735213493624e-05 -0.000000000000000000e+00
-6.899058220246770555e-06 9.565527751099879117e-05 -0.000000000000000000e+00
-3.471915794676609990e-06 1.004151972519841759e-04 -0.000000000000000000e+00
-1.690506080664771133e-06 1.022708321359871189e-04 -0.000000000000000000e+00
-8.339288061935869053e-07 1.029846463293879340e-04 -0.000000000000000000e+00
-4.256866458307572635e-07 1.032681476465917042e-04 -0.000000000000000000e+00
-2.265689678271556861e-07 1.033866699016123072e-04 -0.000000000000000000e+00
-1.258550381441674857e-07 1.034391249061293681e-04 -0.000000000000000000e+00
-7.281336859685977089e-08 1.034636810685304252e-04 -0.000000000000000000e+00
-4.373472473031117738e-08 1.034757970018537092e-04 -0.000000000000000000e+00
-2.717654969866201500e-08 1.034820688644653552e-04 -0.000000000000000000e+00
-1.741158271165976089e-08 1.034854592967783472e-04 -0.000000000000000000e+00
-1.146560209772719433e-08 1.034873648679957145e-04 -0.000000000000000000e+00
-7.738281700990279127e-09 1.034884739843026490e-04 -0.000000000000000000e+00
-5.339349267557425015e-09 1.034891401326233445e-04 -0.000000000000000000e+00
-3.757978840345891866e-09 1.034895517059696035e-04 -0.000000000000000000e+00
-2.692583334472113485e-09 1.034898125663662009e-04 -0.000000000000000000e+00
-1.960374796096707781e-09 1.034899817643780169e-04 -0.000000000000000000e+00
-1.447862892130447563e-09 1.034900938283914000e-04 -0.000000000000000000e+00
-1.083000750669227077e-09 1.034901694716100582e-04 -0.000000000000000000e+00
-8.191035124956546934e-10 1.034902214138110191e-04 -0.000000000000000000e+00
-6.253395255054992613e-10 1.034902576350345358e-04 -0.000000000000000000e+00
-4.809817546816899285e-10 1.034902832405889151e-04 -0.000000000000000000e+00
-3.718598551641384533e-10 1.034903015552450354e-04 -0.000000000000000000e+00
-2.881275331215206986e-10 1.034903147790936060e-04 -0.000000000000000000e+00
-2.228316790702223229e-10 1.034903243884521893e-04 -0.000000000000000000e+00
-1.709788918075590872e-10 1.034903313853152663e-04 -0.000000000000000000e+00
-1.289155681239233718e-10 1.034903364549956596e-04 -0.000000000000000000e+00
-9.390841831916153232e-11 1.034903400669981617e-04 -0.000000000000000000e+00
-6.385418125156428211e-11 1.034903425400505777e-04 -0.000000000000000000e+00
-3.707309873330417491e-11 1.034903440839456622e-04 -0.000000000000000000e+00
-1.215595580444230061e-11 1.034903448258776501e-04 -0.000000000000000000e+00
1.215596346083312990e-11 1.034903448258776365e-04 -0.000000000000000000e+00
3.707309542011812887e-11 1.034903440839456351e-04 -0.000000000000000000e+00
6.385417323839168473e-11 1.034903425400505777e-04 -0.000000000000000000e+00
9.390841660028001264e-11 1.034903400669981888e-04 -0.000000000000000000e+00
1.289155660119291774e-10 1.034903364549957002e-04 -0.000000000000000000e+00
1.709788904532224741e-10 1.034903313853152934e-04 -0.000000000000000000e+00
2.228316840509701042e-10 1.034903243884521893e-04 -0.000000000000000000e+00
2.881275422650526637e-10 1.034903147790935788e-04 -0.000000000000000000e+00
3.718598645899720137e-10 1.034903015552450354e-04 -0.000000000000000000e+00
4.809817480631149959e-10 1.034902832405889422e-04 -0.000000000000000000e+00
6.253395094852952623e-10 1.034902576350345900e-04 -0.000000000000000000e+00
8.191035051483017947e-10 1.034902214138110326e-04 -0.000000000000000000e+00
1.083000765060916557e-09 1.034901694716100040e-04 -0.000000000000000000e+00
1.447862906545161822e-09 1.034900938283913729e-04 -0.000000000000000000e+00
1.960374788817448493e-09 1.034899817643779763e-04 -0.000000000000000000e+00
2.692583319520884297e-09 1.034898125663661738e-04 -0.000000000000000000e+00
3.757978835901171674e-09 1.034895517059696577e-04 -0.000000000000000000e+00
5.339349282828953425e-09 1.034891401326233716e-04 -0.000000000000000000e+00
7.738281716374283421e-09 1.034884739843026490e-04 -0.000000000000000000e+00
1.146560208938374444e-08 1.034873648679957280e-04 -0.000000000000000000e+00
1.741158269488236093e-08 1.034854592967783472e-04 -0.000000000000000000e+00
2.717654968981400809e-08 1.034820688644653823e-04 -0.000000000000000000e+00
4.373472474745605067e-08 1.034757970018537092e-04 -0.000000000000000000e+00
7.281336860942894573e-08 1.034636810685303845e-04 -0.000000000000000000e+00
1.258550381392957757e-07 1.034391249061293274e-04 -0.000000000000000000e+00
2.265689678113520895e-07 1.033866699016123072e-04 -0.000000000000000000e+00
4.256866458239747531e-07 1.032681476465917856e-04 -0.000000000000000000e+00
8.339288062102798071e-07 1.029846463293879611e-04 -0.000000000000000000e+00
1.690506080677186519e-06 1.022708321359870511e-04 -0.000000000000000000e+00
3.471915794671624778e-06 1.004151972519841217e-04 -0.000000000000000000e+00
6.899058220228563582e-06 9.565527751099870985e-05 -0.000000000000000000e+00
1.219810009858535935e-05 8.461560735213471940e-05 -0.000000000000000000e+00
1.705138673109674827e-05 6.439358053022007852e-05 -0.000000000000000000e+00
1.705138692239055727e-05 3.909677890705352701e-05 -0.000000000000000000e+00
1.219810067488531614e-05 1.887475208361713385e-05 -0.000000000000000000e+00
6.899059188820262806e-06 7.835081921677043300e-06 -0.000000000000000000e+00
3.471917167848463450e-06 3.075162175998613640e-06 -0.000000000000000000e+00
1.690507875982476304e-06 1.219527285587561676e-06 -0.000000000000000000e+00
8.339310468299120154e-07 5.057130839288429959e-07 -0.000000000000000000e+00
4.256893610615908960e-07 2.222117564412994471e-07 -0.000000000000000000e+00
2.265721937304947241e-07 1.036894888880045857e-07 -0.000000000000000000e+00
1.258588182928717964e-07 5.123446931227287190e-08 -0.000000000000000000e+00
7.281775503648406017e-08 2.667828898613694779e-08 -0.000000000000000000e+00
4.373977912336476259e-08 1.456233445665529490e-08 -0.000000000000000000e+00
2.718234480503332012e-08 8.290446854033793691e-09 -0.000000000000000000e+00
1.741820414962699672e-08 4.899985154635621334e-09 -0.000000000000000000e+00
1.147315037654488795e-08 2.994379415625444220e-09 -0.000000000000000000e+00
7.746874782335144044e-09 1.885222554735069081e-09 -0.000000000000000000e+00
5.349125568506149480e-09 1.219026558348361706e-09 -0.000000000000000000e+00
3.769101086789172554e-09 8.073970885696385469e-10 -0.000000000000000000e+00
2.705243055808074931e-09 5.464705021852681072e-10 -0.000000000000000000e+00
1.974797896132804902e-09 3.771942526184849253e-10 -0.000000000000000000e+00
1.464316394861049099e-09 2.650375186075734384e-10 -0.000000000000000000e+00
1.101801165060100234e-09 1.892840932008323139e-10 -0.000000000000000000e+00
8.406271952829266199e-10 1.372104795654635964e-10 -0.000000000000000000e+00
6.500354884480608270e-10 1.008320104330053979e-10 -0.000000000000000000e+00
5.093875399015634778e-10 7.503759472852521138e-11 -0.000000000000000000e+00
4.046214551155817539e-10 5.649519917417540166e-11 -0.000000000000000000e+00
3.260244251055367601e-10 4.299556492772835653e-11 -0.000000000000000000e+00
2.668085106228595179e-10 3.305073772568123179e-11 -0.000000000000000000e+00
2.221856812790898261e-10 2.564386885388585905e-11 -0.000000000000000000e+00
1.887591248690226272e-10 2.007056971844690718e-11 -0.000000000000000000e+00
1.641183956736713313e-10 1.583668372962478423e-11 -0.000000000000000000e+00
1.465686689447254052e-10 1.259141296285012162e-11 -0.000000000000000000e+00
1.349501000415428872e-10 1.008295150994448652e-11 -0.000000000000000000e+00
1.285196747887958311e-10 8.128659153816390146e-12 -0.000000000000000000e+00
1.268782723353768799e-10 6.594759582267359475e-12 -0.000000000000000000e+00
1.299328451954186199e-10 5.382359275731768161e-12 -0.000000000000000000e+00
1.378885041007094890e-10 4.417712633088875280e-12 -0.000000000000000000e+00
1.512696062949974511e-10 3.645372894041294096e-12 -0.000000000000000000e+00
1.709730097599619552e-10 3.023325823161404706e-12 -0.000000000000000000e+00
1.983609862643717457e-10 2.519499853517579731e-12 -0.000000000000000000e+00
2.354081300534914027e-10 2.109241189266954609e-12 -0.000000000000000000e+00
2.849246087597812715e-10 1.773471700574137144e-12 -0.000000000000000000e+00
3.508931298078197842e-10 1.497334235657058624e-12 -0.000000000000000000e+00
4.389782776127563465e-10 1.269188812166651755e-12 -0.000000000000000000e+00
5.573046201125454012e-10 1.079863424341433131e-12 -0.000000000000000000e+00
7.176611991751306864e-10 9.220910250097867703e-13 -0.000000000000000000e+00
9.373974131899375884e-10 7.900836316023428708e-13 -0.000000000000000000e+00
1.242463430883575973e-09 6.792081322735768598e-13 -0.000000000000000000e+00
1.672389270323043091e-09 5.857380218701773263e-13 -0.000000000000000000e+00
2.288629478660444634e-09 5.066621888629709353e-13 -0.000000000000000000e+00
3.188910798367500486e-09 4.395368300163430683e-13 -0.000000000000000000e+00
4.532610026190291532e-09 3.823701583156353901e-13 -0.000000000000000000e+00
6.587080041108977614e-09 3.335321860797620328e-13 -0.000000000000000000e+00
9.815253566203465128e-09 2.916837850519626026e-13 -0.000000000000000000e+00
1.504802380233924142e-08 2.557206427789894335e-13 -0.000000000000000000e+00
2.383910997301596014e-08 2.247287874556673797e-13 -0.000000000000000000e+00
3.923437357365951777e-08 1.979491399268094428e-13 -0.000000000000000000e+00
6.754257208343365249e-08 1.747491423324278061e-13 -0.000000000000000000e+00
1.227075737405277678e-07 1.545999590235943436e-13 -0.000000000000000000e+00
2.380442194571302458e-07 1.370580840119797202e-13 -0.000000000000000000e+00
5.010925403863705830e-07 1.217504475241571141e-13 -0.000000000000000000e+00
1.170945368067008689e-06 1.083623122079967890e-13 -0.000000000000000000e+00
3.141584076144875205e-06 9.662740197430162687e-14 -0.000000000000000000e+00
1.020273590901851559e-05 8.631982435105240368e-14 -0.000000000000000000e+00
4.385299810572921013e-05 7.724743880013610633e-14 -0.000000000000000000e+00
1.590901197735276537e-04 6.924639487035336767e-14 -0.000000000000000000e+00
1.315235623678485044e-04 6.217661999382485618e-14 -0.000000000000000000e+00
1.311588478469308803e-04 5.591808070629064027e-14 -0.000000000000000000e+00
