2.814765469475543833e-02 -9.486328811600520173e-10 2.768268200605494672e-18
4.050428195183843061e-03 -1.229348780372171763e-10 -1.219944280120995943e-18
2.630352184245024483e-04 -3.240686628744698708e-10 -2.582371468026987449e-18
1.702449431204046404e-04 -2.147742312273272671e-10 -3.423251578627963624e-19
3.284055191863158307e-05 -2.320834954192457106e-10 1.742930481379539918e-19
-3.284055191838525234e-05 -2.320834773141992295e-10 -1.515151336607460244e-18
-1.702449431206717878e-04 -2.147742290647231125e-10 1.454272797239235725e-19
-2.630352184244504066e-04 -3.240686610963815029e-10 2.145440122067830612e-18
-4.050428195183870816e-03 -1.229348726652738924e-10 1.917014203482393387e-18
-2.814765469475544873e-02 -9.486328905385443252e-10 -1.490635937107119409e-18
-2.797605595227670855e-02 -5.211922190804280313e-12 2.759275205935335099e-18
-4.141694575675290008e-03 -9.548292551584629413e-13 5.408199088116306178e-18
-2.996428388418251321e-04 -1.859806898987600155e-12 4.618082185944597634e-18
-2.427745906796001385e-04 -1.311985633613076133e-12 -5.837764515748852480e-18
-1.260013705463303157e-04 -1.351421075305148186e-12 -2.349839411956120664e-18
-9.540937093847901007e-05 -1.220538268269593026e-12 -1.236275738606526025e-17
-7.207219561078739845e-05 -1.173904945781194402e-12 -4.119189060422910027e-18
-5.733831820911583499e-05 -1.112727173734707528e-12 -1.725602295030664485e-18
-4.665296484223507845e-05 -1.067414373337163701e-12 7.122330846328507183e-18
-3.872998563583460174e-05 -1.023970054884261760e-12 -1.278420685105487491e-17
-3.263413915711305124e-05 -9.851503626485042695e-13 4.349583542820101706e-19
-2.783024501521597083e-05 -9.483026326722833577e-13 -8.514748825523210691e-18
-2.396612924970148439e-05 -9.129370274786190837e-13 8.172128564613605122e-18
-2.080625315461007152e-05 -8.781820635941513168e-13 -6.535193329668371987e-18
-1.818645666253407289e-05 -8.433576686849583000e-13 1.274245769994396680e-17
-1.598915152085933489e-05 -8.078326163091817615e-13 -5.437076686968487111e-18
-1.412795813322473282e-05 -7.709233999683450486e-13 2.244438055118409202e-17
-1.253805473275249049e-05 -7.320741649750812152e-13 -6.942468091242806259e-18
-1.116988280219083363e-05 -6.907604043514635897e-13 1.990673415158282242e-17
-9.984930380846357423e-06 -6.462368921817680525e-13 -8.425479080385639423e-18
-8.952836640863798268e-06 -5.979722570510174063e-13 1.119899060861913424e-17
-8.049359766667402161e-06 -5.452594635281149545e-13 5.278638672761551531e-18
-7.254922673512187448e-06 -4.873684819139989450e-13 -3.136568089374088081e-18
-6.553553806725592734e-06 -4.235479600136657077e-13 -8.703214554384201659e-19
-5.932103434233559902e-06 -3.530364676372910787e-13 1.151292978422580766e-17
-5.379655345298661739e-06 -2.749004257090329404e-13 -1.583771983238001795e-17
-4.887079429440749356e-06 -1.882352446732627041e-13 -1.083020074497632304e-17
-4.446687342812838395e-06 -9.197001849695045758e-14 -2.263234538445870507e-18
-4.051964525821766250e-06 1.492069049865017674e-14 -4.592406405012927359e-18
-3.697359613068912365e-06 1.337851106067313882e-13 -2.124199676824898390e-18
-3.378117326355289940e-06 2.657308944966418073e-13 -7.803944697027976201e-18
-3.090144751617673879e-06 4.123327707309290451e-13 -3.388626250532258196e-18
-2.829903520434884356e-06 5.750868592232822627e-13 3.768461805256359345e-18
-2.594322147258382172e-06 7.555264666246566481e-13 -3.364066699719325675e-18
-2.380724350495994068e-06 9.555934845178365450e-13 -1.569189843012732366e-17
-2.186769999221876981e-06 1.177170404763730876e-12 2.071272756787230462e-17
-2.010406202204023662e-06 1.422231583121110408e-12 -6.921110307935102848e-18
-1.849826585256786338e-06 1.693115462526819721e-12 -6.593603809372801949e-18
-1.703437148021375025e-06 1.992129859278508588e-12 5.830744841467833611e-18
-1.569827572361209844e-06 2.321887417404870876e-12 8.144539561070825666e-18
-1.447746947571409981e-06 2.685016821136698981e-12 6.725986898203741412e-18
-1.336083147725902753e-06 3.084390503155540791e-12 6.768411052340068413e-18
-1.233845273694578193e-06 3.523166075324704719e-12 -7.374038482687142324e-18
-1.140148602401386269e-06 4.004392252833610335e-12 -1.279638002663821777e-17
-1.054201680481675618e-06 4.531449845648814657e-12 -1.815082543064618380e-18
-9.752951803283782528e-07 5.107907979678088283e-12 -1.422801006947555908e-18
-9.027922642859675939e-07 5.737288677528837065e-12 -6.556812242816008048e-18
-8.361202490959895872e-07 6.423273038072497932e-12 -3.598463145755887459e-18
-7.747633186984403952e-07 7.169700423734378400e-12 2.451594672765427819e-17
-7.182562003736625567e-07 7.980294712327905650e-12 3.531061722282836902e-18
-6.661786171036077064e-07 8.858859371352108175e-12 5.275269977269494530e-18
-6.181504097479972870e-07 9.809125395531326779e-12 -4.350575136813261191e-18
-5.738272868226201862e-07 1.083455352688829878e-11 6.797623084457913205e-18
-5.328970373932873095e-07 1.193855007995696736e-11 -1.090360974854403293e-17
-4.950762225279514706e-07 1.312415135833407362e-11 -3.720896041069886377e-18
-4.601072333687561411e-07 1.439380562575476064e-11 1.000076559177241138e-17
-4.277556693438322455e-07 1.574978834401707325e-11 -2.441989986072376967e-17
-3.978080348326917814e-07 1.719325780050261010e-11 5.011502171971147759e-18
-3.700696837999339905e-07 1.872485197850491416e-11 8.160492834639751441e-18
-3.443629747745813319e-07 2.034419114760230575e-11 7.127058705635600640e-18
-3.205256371291431705e-07 2.204955443447828905e-11 2.114126407992376230e-17
-2.984092977095786914e-07 2.383817907377213599e-11 -4.961615374174353691e-18
-2.778781733082935634e-07 2.570546076605700330e-11 2.328313557970368570e-18
-2.588079007388721653e-07 2.764533190828454946e-11 -6.619398301170391769e-18
-2.410844694086811124e-07 2.964970250408703660e-11 -8.306477094036853036e-18
-2.246032751278270734e-07 3.170850306580721450e-11 -1.028160637552724164e-17
-2.092682582673088820e-07 3.380932889769854550e-11 -9.922995149441353462e-18
-1.949911348046728943e-07 3.593761511220211977e-11 -1.658858541190047771e-18
-1.816907037668902269e-07 3.807623957229198262e-11 -9.373517285376169834e-18
-1.692922096570292911e-07 4.020574144983423260e-11 8.939104115543199580e-18
-1.577267781799340796e-07 4.230433094682456297e-11 1.908734956573445865e-17
-1.469308875089170296e-07 4.434783981636538802e-11 8.626963452732995798e-18
-1.368459080670902939e-07 4.631024302401784592e-11 -5.169804062607241235e-18
-1.274176797891324320e-07 4.816372744051105873e-11 -3.421759219730072805e-19
-1.185961168159721524e-07 4.987924575534668132e-11 2.170594123046380391e-18
-1.103348621529776086e-07 5.142730798630557963e-11 -2.370227433579555340e-18
-1.025909548736658738e-07 5.277816143243520196e-11 -2.879729657926289356e-18
-9.532454598587536410e-08 5.390322609481286720e-11 4.252329986047089844e-18
-8.849863496543375341e-08 5.477556519474569975e-11 -6.794404736966046680e-18
-8.207881840860409284e-08 5.537110941086890685e-11 1.557417023764413269e-17
-7.603307038139828222e-08 5.566978613672333215e-11 7.505624989829106644e-18
-7.033153177210538232e-08 5.565638845953879400e-11 -1.552483436941324622e-17
-6.494632741674277732e-08 5.532202212365012464e-11 -8.397067111280023140e-18
-5.985139838599051743e-08 5.466466986039374520e-11 2.941824354917288255e-17
-5.502233793586164268e-08 5.369043128683598702e-11 1.623730968282966655e-17
-5.043624983283589991e-08 5.241392654134068220e-11 -6.326081466609417202e-18
-4.607160426425838118e-08 5.085880319788603652e-11 1.237869860552941636e-17
-4.190812171248059492e-08 4.905781128467197782e-11 -9.385424738780425012e-18
-3.792665839025266550e-08 4.705232902933074080e-11 -5.620629359084010240e-18
-3.410909435105913268e-08 4.489203261602163866e-11 -1.917813101146746446e-17
-3.043823357251618233e-08 4.263335237674727651e-11 -2.382054467459949120e-17
-2.689770121563905825e-08 4.033818510801124645e-11 -2.066835642880766120e-17
-2.347185957748965102e-08 3.807219861835518957e-11 -7.153413414548019448e-18
-2.014572597283659228e-08 3.590219678488573162e-11 3.334216103654378751e-18
-1.690488362141029377e-08 3.389434414220547781e-11 9.492850520179120558e-18
-1.373539622318009634e-08 3.211117945017458699e-11 2.014940019140794513e-17
-1.062373850696518573e-08 3.060939444675193561e-11 2.088940283530336667e-17
-7.556719652801469067e-09 2.943768508944146796e-11 1.274652640128717492e-17
-4.521402391377549179e-09 2.863424956131525041e-11 -1.164518817954798678e-18
-1.505033202231498279e-09 2.822578261179588715e-11 -2.253959871301269421e-17
1.505032369564229811e-09 2.822578868245851499e-11 -1.373576149433753952e-17
4.521403064450257858e-09 2.863426062566071250e-11 -1.577974291000544282e-18
7.556720117707360629e-09 2.943766436870029959e-11 6.641991388945645584e-18
1.062373893023771387e-08 3.060940581012642031e-11 1.311285783226165636e-17
1.373539565766024317e-08 3.211117833359030978e-11 7.796635920219564553e-18
1.690488305589044060e-08 3.389435165973434728e-11 1.593750673124016922e-18
2.014572786715462804e-08 3.590218477192651868e-11 -1.287538472059580699e-17
2.347185824522202147e-08 3.807217376878200850e-11 -1.731489433994758012e-17
2.689769934907659810e-08 4.033821936281824379e-11 -1.966729106425605478e-17
3.043823459947248011e-08 4.263331333001381767e-11 -5.337499286903679172e-18
3.410909569026565613e-08 4.489202853067699231e-11 2.222201640695375735e-17
3.792665944496453889e-08 4.705236192418880800e-11 2.282858652030279606e-17
4.190811999163490675e-08 4.905780810945585809e-11 2.086807684832583198e-17
4.607160277239619184e-08 5.085880120399446692e-11 -7.076155610808042223e-18
5.043625083203662207e-08 5.241389827096704100e-11 -9.686102541080035595e-18
5.502233925078203747e-08 5.369043643656428217e-11 -9.979266290498234967e-18
5.985139921865778589e-08 5.466466679011406817e-11 2.450427350201172522e-18
6.494632553630252936e-08 5.532204497453470894e-11 -1.059730508163884887e-18
7.033153031146821554e-08 5.565640892224934549e-11 -6.268564094675313869e-18
7.603307150896854161e-08 5.566975260850702858e-11 -1.289255232480680072e-17
8.207881952576601137e-08 5.537114901991178449e-11 2.666700325422455688e-17
8.849863612075958841e-08 5.477554093041241804e-11 -1.784658878189537584e-17
9.532454441074644791e-08 5.390322931796642987e-11 5.933921081194571225e-19
1.025909532013924430e-07 5.277818500983365565e-11 6.764189948799308102e-18
1.103348630029921118e-07 5.142728880498175581e-11 6.948325590503334719e-18
1.185961183459982582e-07 4.987927208916911978e-11 2.033903930151273332e-17
1.274176804830218224e-07 4.816366298516856729e-11 -2.996631106333823044e-17
1.368459064364502265e-07 4.631028958851959132e-11 -1.658227444578196216e-17
1.469308860482798629e-07 4.434786054329645231e-11 2.907634707595490840e-17
1.577267790126013480e-07 4.230428566923200981e-11 2.301071906156493791e-17
1.692922110829719884e-07 4.020577373088321060e-11 6.475908852866999352e-20
1.816907044885351930e-07 3.807620148239158064e-11 -4.346286761097493967e-17
1.949911334446496891e-07 3.593759359225990400e-11 -1.448974025694758583e-17
2.092682568934078891e-07 3.380937219808882849e-11 2.227380850998955111e-17
2.246032759639637888e-07 3.170848110009519528e-11 -1.538285482230346704e-17
2.410844703766568120e-07 2.964971270852422670e-11 -1.816797142391699264e-18
2.588079018629729777e-07 2.764532193209849191e-11 2.678467680611011760e-17
2.778781717921452454e-07 2.570546207882510226e-11 -7.593612182052008245e-18
2.984092957562800574e-07 2.383820375545475580e-11 -1.804962548318316695e-17
3.205256383746746263e-07 2.204952988422629660e-11 1.126234772509063681e-17
3.443629759992961059e-07 2.034417878839962512e-11 -4.711027287057409699e-18
3.700696853473073311e-07 1.872488950023447613e-11 1.144915781853592356e-17
3.978080331881739262e-07 1.719327513261802046e-11 -3.382032431360311336e-17
4.277556670574667042e-07 1.574974698750264824e-11 1.469311687657395400e-20
4.601072345900014682e-07 1.439384026265139156e-11 4.044581322708141000e-17
4.950762239191996983e-07 1.312412400677201611e-11 8.130839655618891101e-18
5.328970377228847699e-07 1.193857212314745965e-11 -3.207584531574427475e-17
5.738272843731906381e-07 1.083453991977592060e-11 8.656290458643481648e-18
6.181504104418866774e-07 9.809148330717564385e-12 2.319076866706412035e-17
6.661786174991246590e-07 8.858820385622631439e-12 9.984817846768409779e-18
7.182562014179660892e-07 7.980312242320092127e-12 -2.993401536019948372e-17
7.747633190384461965e-07 7.169669413986644447e-12 1.025820910450396947e-17
8.361202469935047343e-07 6.423292906073392546e-12 1.885372581416484383e-17
9.027922648376096593e-07 5.737273137380954697e-12 -8.804181675783410378e-18
9.752951808002230383e-07 5.107895020070660720e-12 -5.178622301383542681e-18
1.054201681137401092e-06 4.531528589298059795e-12 -8.412557015494949592e-18
1.140148602783025433e-06 4.004374202773908817e-12 -3.133789642697642677e-20
1.233845271373518182e-06 3.523121953807879453e-12 -2.299561392765870058e-20
1.336083148152644728e-06 3.084429551000446030e-12 -1.626247181287679387e-17
1.447746948414485590e-06 2.684981937892608316e-12 -3.701665330332662407e-18
1.569827572798360160e-06 2.321925702337051726e-12 1.428322237773081541e-17
1.703437148219133501e-06 1.992123805584621826e-12 5.120648218709481163e-18
1.849826583893293686e-06 1.693135186142924823e-12 1.977001929323787509e-17
2.010406202557907251e-06 1.422221755456339969e-12 1.477032900673164785e-17
2.186769999475146609e-06 1.177129360458214002e-12 -1.694647797231347195e-17
2.380724351200291800e-06 9.556275574483674528e-13 -2.657578336554970386e-17
2.594322147823902025e-06 7.555834346091744688e-13 -8.006321195054416941e-18
2.829903518120763239e-06 5.750273616336554516e-13 -4.702191728595641468e-19
3.090144752301154929e-06 4.122875170856617515e-13 6.822448604278748269e-18
3.378117326733459658e-06 2.658027897005382559e-13 2.099075282390467927e-17
3.697359613863415717e-06 1.337153106083325316e-13 -1.407863121399324720e-17
4.051964525887685742e-06 1.496546130514577575e-14 -1.135710411078897888e-17
4.446687340321775483e-06 -9.203091201284280703e-14 8.664516553025694734e-18
4.887079431130370022e-06 -1.881959619592565619e-13 4.209558366592044626e-17
5.379655345683770351e-06 -2.749014800132274743e-13 -2.285652567646045375e-18
5.932103434101720918e-06 -3.530735835079454633e-13 -3.199451218908818463e-17
6.553553807107231899e-06 -4.235252441757772804e-13 5.867049913827183493e-18
7.254922672284003227e-06 -4.873572305567845516e-13 8.552649530127295879e-18
8.049359767239860908e-06 -5.452444697014262929e-13 -9.917021433300499273e-18
8.952836641505645954e-06 -5.979995556477051005e-13 7.750924690596854801e-19
9.984930380207979184e-06 -6.462404875119607566e-13 -8.457150887712049619e-18
1.116988280325942329e-05 -6.907093592582905166e-13 3.849426963582866106e-18
1.253805472996305514e-05 -7.321134551660569248e-13 2.363188701798005054e-17
1.412795813433495584e-05 -7.709196918669198375e-13 -1.485096869245228421e-17
1.598915152341631729e-05 -8.078473850735062065e-13 -1.806943412745583034e-17
1.818645666035526021e-05 -8.433419437426038728e-13 7.781113194833631310e-18
2.080625315519640806e-05 -8.781659699751005098e-13 -5.537549946326137675e-18
2.396612924757818286e-05 -9.129643569340711670e-13 -5.604633530751948224e-18
2.783024501764805314e-05 -9.482876148039714707e-13 1.686382551077516419e-18
3.263413915824409095e-05 -9.851573273064282325e-13 -1.299889302951203505e-17
3.872998563270169115e-05 -1.023940843947375936e-12 3.000091025911474731e-17
4.665296484317182912e-05 -1.067456347785615983e-12 -1.285001096597041199e-17
5.733831820953216862e-05 -1.112707301136627413e-12 -1.763451581318163795e-18
7.207219561107189310e-05 -1.173891366633193257e-12 -1.876351950204474525e-17
9.540937093922147172e-05 -1.220512208750126621e-12 3.170464213636092558e-17
1.260013705443804866e-04 -1.351384242150204493e-12 -1.242883857657770186e-17
2.427745906803044362e-04 -1.312062462010603289e-12 3.462022309286129576e-18
2.996428388420402378e-04 -1.859833290442338835e-12 -2.019380050499148821e-18
4.141694575675314294e-03 -9.547896072320849131e-13 8.253705485662073112e-18
2.797605595227671896e-02 -5.211932596823039862e-12 -4.145103286194201695e-18
