1.306577563282930237e-04 -1.617160655939129414e-06 -0.000000000000000000e+00
1.303526177196690102e-04 -1.617160656155133403e-06 -0.000000000000000000e+00
1.559485361253879995e-04 -1.617160656298079530e-06 -0.000000000000000000e+00
3.365026233873404712e-05 -1.617160656369236651e-06 -0.000000000000000000e+00
-3.365026233873350502e-05 -1.617160656369237286e-06 -0.000000000000000000e+00
-1.559485361253879995e-04 -1.617160656298079742e-06 -0.000000000000000000e+00
-1.303526177196690102e-04 -1.617160656155134462e-06 -0.000000000000000000e+00
-1.306577563282935116e-04 -1.617160655939130473e-06 -0.000000000000000000e+00
-1.311588468586800038e-04 3.793223979765479353e-15 -0.000000000000000000e+00
-1.315235612841532235e-04 4.111688937954806076e-15 -0.000000000000000000e+00
-1.590901185835231785e-04 4.460540532944938853e-15 -0.000000000000000000e+00
-4.385299679714661401e-05 4.843033503905705059e-15 -0.000000000000000000e+00
-1.020273446793284791e-05 5.262810059521636333e-15 -0.000000000000000000e+00
-3.141582486761374109e-06 5.723950727035673830e-15 -0.000000000000000000e+00
-1.170943612404135832e-06 6.231032507061441994e-15 -0.000000000000000000e+00
-5.010905979122320816e-07 6.789195476647666936e-15 -0.000000000000000000e+00
-2.380420667246424662e-07 7.404219176566529838e-15 -0.000000000000000000e+00
-1.227051839190167334e-07 8.082610347619507045e-15 -0.000000000000000000e+00
-6.753991433753459623e-08 8.831703851839388169e-15 -0.000000000000000000e+00
-3.923141246154368164e-08 9.659778936203861249e-15 -0.000000000000000000e+00
-2.383580453612206551e-08 1.057619337902957307e-14 -0.000000000000000000e+00
-1.504432676999566493e-08 1.159153851494179713e-14 -0.000000000000000000e+00
-9.811110064218712429e-09 1.271781867825323149e-14 -0.000000000000000000e+00
-6.582426337088776109e-09 1.396865925508663764e-14 -0.000000000000000000e+00
-4.527371730997623146e-09 1.535954831408595356e-14 -0.000000000000000000e+00
-3.183000989168884008e-09 1.690811772157825383e-14 -0.000000000000000000e+00
-2.281946190440254214e-09 1.863447077336882410e-14 -0.000000000000000000e+00
-1.664812550859467694e-09 2.056156473357450893e-14 -0.000000000000000000e+00
-1.233851677318588860e-09 2.271565831238171378e-14 -0.000000000000000000e+00
-9.275828616663527982e-10 2.512683610290106535e-14 -0.000000000000000000e+00
-7.064444701701034382e-10 2.782962441120248866e-14 -0.000000000000000000e+00
-5.444477905056869365e-10 3.086371585119300902e-14 -0.000000000000000000e+00
-4.241963991016254342e-10 3.427482365949655647e-14 -0.000000000000000000e+00
-3.338434330016755241e-10 3.811569106777093833e-14 -0.000000000000000000e+00
-2.651931368221906374e-10 4.244728644262592959e-14 -0.000000000000000000e+00
-2.124926262618381922e-10 4.734022150750305611e-14 -0.000000000000000000e+00
-1.716493192195954089e-10 5.287643810048032650e-14 -0.000000000000000000e+00
-1.397153475214703155e-10 5.915121898145182962e-14 -0.000000000000000000e+00
-1.145427867241597055e-10 6.627559066927014243e-14 -0.000000000000000000e+00
-9.454975750944196111e-11 7.437920178510936633e-14 -0.000000000000000000e+00
-7.855952190978525903e-11 8.361377969525050917e-14 -0.000000000000000000e+00
-6.568862955447838200e-11 9.415729240033426995e-14 -0.000000000000000000e+00
-5.526797104699165743e-11 1.062189729144857892e-13 -0.000000000000000000e+00
-4.678679072829294990e-11 1.200454015007554147e-13 -0.000000000000000000e+00
-3.985226551308082985e-11 1.359278892595189835e-13 -0.000000000000000000e+00
-3.416027365481951240e-11 1.542114675371282726e-13 -0.000000000000000000e+00
-2.947391841444174265e-11 1.753058651288736118e-13 -0.000000000000000000e+00
-2.560771551754301010e-11 1.996989541326034755e-13 -0.000000000000000000e+00
-2.241582571784621427e-11 2.279732719295333435e-13 -0.000000000000000000e+00
-1.978329007307787646e-11 2.608263895264490619e-13 -0.000000000000000000e+00
-1.761935152617426620e-11 2.990961065247539492e-13 -0.000000000000000000e+00
-1.585252136779315132e-11 3.437917251155860995e-13 -0.000000000000000000e+00
-1.442673807364208334e-11 3.961330095724957021e-13 -0.000000000000000000e+00
-1.329856400932802542e-11 4.575989003806151228e-13 -0.000000000000000000e+00
-1.243507990402758875e-11 5.299886593993844404e-13 -0.000000000000000000e+00
-1.181232462990740665e-11 6.154989231508789765e-13 -0.000000000000000000e+00
-1.141417484606164648e-11 7.168212020813724713e-13 -0.000000000000000000e+00
-1.123167224448484155e-11 8.372657758106348903e-13 -0.000000000000000000e+00
-1.126264239139928652e-11 9.809198238975767800e-13 -0.000000000000000000e+00
-1.151171932800171622e-11 1.152850173104337084e-12 -0.000000000000000000e+00
-1.199057638117506919e-11 1.359364478984674145e-12 -0.000000000000000000e+00
-1.271859631795231682e-11 1.608349333360298822e-12 -0.000000000000000000e+00
-1.372379999741451951e-11 1.909710181899612897e-12 -0.000000000000000000e+00
-1.504443411836913311e-11 2.275946732283455690e-12 -0.000000000000000000e+00
-1.673093292278361938e-11 2.722909712401077188e-12 -0.000000000000000000e+00
-1.884867013041935009e-11 3.270801809231493546e-12 -0.000000000000000000e+00
-2.148157918138547018e-11 3.945509426252477351e-12 -0.000000000000000000e+00
-2.473692487947594171e-11 4.780385525262010097e-12 -0.000000000000000000e+00
-2.875179392943165089e-11 5.818651659851438564e-12 -0.000000000000000000e+00
-3.370150478843114250e-11 7.116655876824045263e-12 -0.000000000000000000e+00
-3.981092872056429077e-11 8.748322198134267960e-12 -0.000000000000000000e+00
-4.736949191094438248e-11 1.081127158242174308e-11 -0.000000000000000000e+00
-5.675156445799510241e-11 1.343530592833075391e-11 -0.000000000000000000e+00
-6.844391852025529624e-11 1.679426007193122012e-11 -0.000000000000000000e+00
-8.308325093062723938e-11 2.112269487109741632e-11 -0.000000000000000000e+00
-1.015075339016481525e-10 2.673961021851985731e-11 -0.000000000000000000e+00
-1.248270000678874338e-10 3.408243090893304445e-11 -0.000000000000000000e+00
-1.545231136611518220e-10 4.375616898620910707e-11 -0.000000000000000000e+00
-1.925873415911611560e-10 5.660522867882881707e-11 -0.000000000000000000e+00
-2.417175777119666159e-10 7.381933910633946683e-11 -0.000000000000000000e+00
-3.055981123311790828e-10 9.709147016353955860e-11 -0.000000000000000000e+00
-3.893023595525285903e-10 1.288557919550426906e-10 -0.000000000000000000e+00
-4.998767944558582865e-10 1.726502624025548920e-10 -0.000000000000000000e+00
-6.471947603817935073e-10 2.336754705853994904e-10 -0.000000000000000000e+00
-8.452146368956880557e-10 3.196660827244007264e-10 -0.000000000000000000e+00
-1.113847923466961764e-09 4.422659200758751952e-10 -0.000000000000000000e+00
-1.481751569536551321e-09 6.192235400494094722e-10 -0.000000000000000000e+00
-1.990524542553713582e-09 8.779388304231625739e-10 -0.000000000000000000e+00
-2.701036589845335341e-09 1.261255695593366224e-09 -0.000000000000000000e+00
-3.702976772954985125e-09 1.837019042930206458e-09 -0.000000000000000000e+00
-5.129199997893025427e-09 2.713975143911201964e-09 -0.000000000000000000e+00
-7.177038314870180520e-09 4.068377534630543343e-09 -0.000000000000000000e+00
-1.013923346064602770e-08 6.188575769458728702e-09 -0.000000000000000000e+00
-1.444691626809708973e-08 9.549376243962059644e-09 -0.000000000000000000e+00
-2.072452078609444679e-08 1.493420454539038527e-08 -0.000000000000000000e+00
-2.984818370600307899e-08 2.362959584896697868e-08 -0.000000000000000000e+00
-4.297860413153855556e-08 3.771693862840073328e-08 -0.000000000000000000e+00
-6.149797341223195048e-08 6.046280207637432703e-08 -0.000000000000000000e+00
-8.671690779515735575e-08 9.672372678509659957e-08 -0.000000000000000000e+00
-1.191664974158571247e-07 1.530817882471858853e-07 -0.000000000000000000e+00
-1.573761533257422611e-07 2.371149736571614568e-07 -0.000000000000000000e+00
-1.964688425251885843e-07 3.550250424757648915e-07 -0.000000000000000000e+00
-2.276960945604765393e-07 5.074453372361327020e-07 -0.000000000000000000e+00
-2.404058875775402326e-07 6.851513640625084793e-07 -0.000000000000000000e+00
-2.264886143120070876e-07 8.683213761912986302e-07 -0.000000000000000000e+00
-1.844667414067775080e-07 1.031643807783209634e-06 -0.000000000000000000e+00
-1.197729043078864367e-07 1.152453896075559175e-06 -0.000000000000000000e+00
-4.139906449891018760e-08 1.216078496580806275e-06 -0.000000000000000000e+00
4.139906450654967701e-08 1.216078496580805428e-06 -0.000000000000000000e+00
1.197729043045941255e-07 1.152453896075557057e-06 -0.000000000000000000e+00
1.844667413987795052e-07 1.031643807783206035e-06 -0.000000000000000000e+00
2.264886143102473502e-07 8.683213761912940774e-07 -0.000000000000000000e+00
2.404058875754650019e-07 6.851513640625018089e-07 -0.000000000000000000e+00
2.276960945591366391e-07 5.074453372361264551e-07 -0.000000000000000000e+00
1.964688425301882493e-07 3.550250424757617681e-07 -0.000000000000000000e+00
1.573761533348832289e-07 2.371149736571569040e-07 -0.000000000000000000e+00
1.191664974253139299e-07 1.530817882471827354e-07 -0.000000000000000000e+00
8.671690778858443301e-08 9.672372678509556725e-08 -0.000000000000000000e+00
6.149797339622744823e-08 6.046280207637367852e-08 -0.000000000000000000e+00
4.297860412411546321e-08 3.771693862840033623e-08 -0.000000000000000000e+00
2.984818372038490434e-08 2.362959584896646914e-08 -0.000000000000000000e+00
2.072452080052099614e-08 1.493420454539007094e-08 -0.000000000000000000e+00
1.444691626083483604e-08 9.549376243961955419e-09 -0.000000000000000000e+00
1.013923344574061853e-08 6.188575769458669145e-09 -0.000000000000000000e+00
7.177038310450872144e-09 4.068377534630502811e-09 -0.000000000000000000e+00
5.129200013124096433e-09 2.713975143911149438e-09 -0.000000000000000000e+00
3.702976788277648186e-09 1.837019042930173784e-09 -0.000000000000000000e+00
2.701036581490565481e-09 1.261255695593356504e-09 -0.000000000000000000e+00
1.990524525820554548e-09 8.779388304231548191e-10 -0.000000000000000000e+00
1.481751560723223756e-09 6.192235400494052329e-10 -0.000000000000000000e+00
1.113847940582461668e-09 4.422659200758683193e-10 -0.000000000000000000e+00
8.452146494277618845e-10 3.196660827243959701e-10 -0.000000000000000000e+00
6.471947555245322886e-10 2.336754705853978360e-10 -0.000000000000000000e+00
4.998767786986863485e-10 1.726502624025537804e-10 -0.000000000000000000e+00
3.893023527435642362e-10 1.288557919550418376e-10 -0.000000000000000000e+00
3.055981289627639566e-10 9.709147016353831783e-11 -0.000000000000000000e+00
2.417175900329724384e-10 7.381933910633858795e-11 -0.000000000000000000e+00
1.925873366015540377e-10 5.660522867882845518e-11 -0.000000000000000000e+00
1.545230954152094959e-10 4.375616898620888089e-11 -0.000000000000000000e+00
1.248269950003807881e-10 3.408243090893283120e-11 -0.000000000000000000e+00
1.015075448419946654e-10 2.673961021851957297e-11 -0.000000000000000000e+00
8.308326600749508087e-11 2.112269487109721599e-11 -0.000000000000000000e+00
6.844391321130838166e-11 1.679426007193112965e-11 -0.000000000000000000e+00
5.675154784221078714e-11 1.343530592833067959e-11 -0.000000000000000000e+00
4.736949069440003929e-11 1.081127158242168815e-11 -0.000000000000000000e+00
3.981093933678152823e-11 8.748322198134190412e-12 -0.000000000000000000e+00
3.370152369420817312e-11 7.116655876823975793e-12 -0.000000000000000000e+00
2.875178146345873922e-11 5.818651659851417561e-12 -0.000000000000000000e+00
2.473691026965049779e-11 4.780385525261986671e-12 -0.000000000000000000e+00
2.148156714559685105e-11 3.945509426252466042e-12 -0.000000000000000000e+00
1.884868845990177405e-11 3.270801809231463658e-12 -0.000000000000000000e+00
1.673094772615406257e-11 2.722909712401052146e-12 -0.000000000000000000e+00
1.504442904306230352e-11 2.275946732283445189e-12 -0.000000000000000000e+00
1.372379433931631627e-11 1.909710181899604011e-12 -0.000000000000000000e+00
1.271858539185097365e-11 1.608349333360291754e-12 -0.000000000000000000e+00
1.199059470052793469e-11 1.359364478984662634e-12 -0.000000000000000000e+00
1.151171995832613521e-11 1.152850173104332843e-12 -0.000000000000000000e+00
1.126263678516403460e-11 9.809198238975727410e-13 -0.000000000000000000e+00
1.123165907197981989e-11 8.372657758106322650e-13 -0.000000000000000000e+00
1.141417640000336010e-11 7.168212020813694421e-13 -0.000000000000000000e+00
1.181233451057956510e-11 6.154989231508747356e-13 -0.000000000000000000e+00
1.243508477361127996e-11 5.299886593993822189e-13 -0.000000000000000000e+00
1.329855391033657247e-11 4.575989003806135073e-13 -0.000000000000000000e+00
1.442673235507185106e-11 3.961330095724942380e-13 -0.000000000000000000e+00
1.585252257231671844e-11 3.437917251155849383e-13 -0.000000000000000000e+00
1.761936547024561392e-11 2.990961065247519298e-13 -0.000000000000000000e+00
1.978329096132252896e-11 2.608263895264481532e-13 -0.000000000000000000e+00
2.241582333920998751e-11 2.279732719295325862e-13 -0.000000000000000000e+00
2.560770559508679882e-11 1.996989541326028191e-13 -0.000000000000000000e+00
2.947391999911604492e-11 1.753058651288730312e-13 -0.000000000000000000e+00
3.416028034900560301e-11 1.542114675371275153e-13 -0.000000000000000000e+00
3.985226708239822031e-11 1.359278892595185544e-13 -0.000000000000000000e+00
4.678678079053987496e-11 1.200454015007550613e-13 -0.000000000000000000e+00
5.526796865248377988e-11 1.062189729144854737e-13 -0.000000000000000000e+00
6.568863040078823123e-11 9.415729240033399228e-14 -0.000000000000000000e+00
7.855953533596066700e-11 8.361377969525005479e-14 -0.000000000000000000e+00
9.454975896585538889e-11 7.437920178510912652e-14 -0.000000000000000000e+00
1.145427776573003393e-10 6.627559066926997834e-14 -0.000000000000000000e+00
1.397153453328949645e-10 5.915121898145166554e-14 -0.000000000000000000e+00
1.716493192283530286e-10 5.287643810048018766e-14 -0.000000000000000000e+00
2.124926396721196479e-10 4.734022150750280367e-14 -0.000000000000000000e+00
2.651931304794009781e-10 4.244728644262586017e-14 -0.000000000000000000e+00
3.338434306545971682e-10 3.811569106777083105e-14 -0.000000000000000000e+00
4.241963877174557323e-10 3.427482365949647443e-14 -0.000000000000000000e+00
5.444477990341490081e-10 3.086371585119293329e-14 -0.000000000000000000e+00
7.064444705923872059e-10 2.782962441120239085e-14 -0.000000000000000000e+00
9.275828647262095859e-10 2.512683610290099909e-14 -0.000000000000000000e+00
1.233851667306615790e-09 2.271565831238166329e-14 -0.000000000000000000e+00
1.664812554125888955e-09 2.056156473357443951e-14 -0.000000000000000000e+00
2.281946198891951030e-09 1.863447077336877992e-14 -0.000000000000000000e+00
3.183000990991397403e-09 1.690811772157817179e-14 -0.000000000000000000e+00
4.527371729982377231e-09 1.535954831408591885e-14 -0.000000000000000000e+00
6.582426321614001977e-09 1.396865925508662344e-14 -0.000000000000000000e+00
9.811110075356878048e-09 1.271781867825317154e-14 -0.000000000000000000e+00
1.504432676989262139e-08 1.159153851494177505e-14 -0.000000000000000000e+00
2.383580454717393303e-08 1.057619337902952573e-14 -0.000000000000000000e+00
3.923141244531417965e-08 9.659778936203851783e-15 -0.000000000000000000e+00
6.753991434209123644e-08 8.831703851839370814e-15 -0.000000000000000000e+00
1.227051839192705786e-07 8.082610347619470758e-15 -0.000000000000000000e+00
2.380420667331132722e-07 7.404219176566517216e-15 -0.000000000000000000e+00
5.010905979093110885e-07 6.789195476647654314e-15 -0.000000000000000000e+00
1.170943612394100186e-06 6.231032507061428583e-15 -0.000000000000000000e+00
3.141582486762871240e-06 5.723950727035663574e-15 -0.000000000000000000e+00
1.020273446793942258e-05 5.262810059521621344e-15 -0.000000000000000000e+00
4.385299679714670210e-05 4.843033503905695593e-15 -0.000000000000000000e+00
1.590901185835247506e-04 4.460540532944930175e-15 -0.000000000000000000e+00
1.315235612841476670e-04 4.111688937954798187e-15 -0.000000000000000000e+00
1.311588468586807627e-04 3.793223979765472253e-15 -0.000000000000000000e+00
