1.311588458795312213e-04 -1.617160588056442807e-06 -0.000000000000000000e+00
1.315235600620333518e-04 -1.617160595538953774e-06 -0.000000000000000000e+00
1.590901171024843627e-04 -1.617160602219841019e-06 -0.000000000000000000e+00
4.385299503750819921e-05 -1.617160608192540110e-06 -0.000000000000000000e+00
1.020273240586564255e-05 -1.617160613538419997e-06 -0.000000000000000000e+00
3.141580093740025810e-06 -1.617160618328459500e-06 -0.000000000000000000e+00
1.170940854560946143e-06 -1.617160622624678371e-06 -0.000000000000000000e+00
5.010874352582425665e-07 -1.617160626481346011e-06 -0.000000000000000000e+00
2.380384521356533081e-07 -1.617160629946020356e-06 -0.000000000000000000e+00
1.227010619886919989e-07 -1.617160633060431754e-06 -0.000000000000000000e+00
6.753521993809063276e-08 -1.617160635861237462e-06 -0.000000000000000000e+00
3.922606901389254023e-08 -1.617160638380680424e-06 -0.000000000000000000e+00
2.382972192551822874e-08 -1.617160640647138150e-06 -0.000000000000000000e+00
1.503739870487074778e-08 -1.617160642685610182e-06 -0.000000000000000000e+00
9.803210982760592794e-09 -1.617160644518127847e-06 -0.000000000000000000e+00
6.573407470621259013e-09 -1.617160646164112763e-06 -0.000000000000000000e+00
4.517056396838503914e-09 -1.617160647640684737e-06 -0.000000000000000000e+00
3.171178605967365075e-09 -1.617160648962928579e-06 -0.000000000000000000e+00
2.268364951945890835e-09 -1.617160650144122377e-06 -0.000000000000000000e+00
1.649170195508703404e-09 -1.617160651195938668e-06 -0.000000000000000000e+00
1.215783951466932160e-09 -1.617160652128611305e-06 -0.000000000000000000e+00
9.066489473333321875e-10 -1.617160652951088767e-06 -0.000000000000000000e+00
6.821084254095341738e-10 -1.617160653671158252e-06 -0.000000000000000000e+00
5.160549610035318596e-10 -1.617160654295554518e-06 -0.000000000000000000e+00
3.909429927709523557e-10 -1.617160654830056025e-06 -0.000000000000000000e+00
2.947373418303457591e-10 -1.617160655279556081e-06 -0.000000000000000000e+00
2.190027591592416411e-10 -1.617160655648139292e-06 -0.000000000000000000e+00
1.576799422876616714e-10 -1.617160655939129202e-06 -0.000000000000000000e+00
1.062813563204852100e-10 -1.617160656155133615e-06 -0.000000000000000000e+00
6.134641785800638314e-11 -1.617160656298079954e-06 -0.000000000000000000e+00
2.005626941455514900e-11 -1.617160656369236863e-06 -0.000000000000000000e+00
-2.005626754203132197e-11 -1.617160656369236863e-06 -0.000000000000000000e+00
-6.134641680237147472e-11 -1.617160656298079319e-06 -0.000000000000000000e+00
-1.062813601175149940e-10 -1.617160656155134038e-06 -0.000000000000000000e+00
-1.576799427460768951e-10 -1.617160655939130473e-06 -0.000000000000000000e+00
-2.190027600610179441e-10 -1.617160655648140774e-06 -0.000000000000000000e+00
-2.947373391714065604e-10 -1.617160655279556504e-06 -0.000000000000000000e+00
-3.909429921670423695e-10 -1.617160654830055601e-06 -0.000000000000000000e+00
-5.160549617451837545e-10 -1.617160654295555365e-06 -0.000000000000000000e+00
-6.821084247330209943e-10 -1.617160653671158675e-06 -0.000000000000000000e+00
-9.066489484398900534e-10 -1.617160652951088767e-06 -0.000000000000000000e+00
-1.215783950787919034e-09 -1.617160652128610458e-06 -0.000000000000000000e+00
-1.649170195819509694e-09 -1.617160651195937821e-06 -0.000000000000000000e+00
-2.268364952926142047e-09 -1.617160650144122377e-06 -0.000000000000000000e+00
-3.171178605137858431e-09 -1.617160648962928579e-06 -0.000000000000000000e+00
-4.517056398296405608e-09 -1.617160647640684314e-06 -0.000000000000000000e+00
-6.573407469535520766e-09 -1.617160646164112340e-06 -0.000000000000000000e+00
-9.803210983551463486e-09 -1.617160644518127000e-06 -0.000000000000000000e+00
-1.503739870349036862e-08 -1.617160642685609970e-06 -0.000000000000000000e+00
-2.382972192632111010e-08 -1.617160640647138574e-06 -0.000000000000000000e+00
-3.922606901273102645e-08 -1.617160638380679789e-06 -0.000000000000000000e+00
-6.753521993893242469e-08 -1.617160635861237250e-06 -0.000000000000000000e+00
-1.227010619880460039e-07 -1.617160633060430907e-06 -0.000000000000000000e+00
-2.380384521333145178e-07 -1.617160629946020356e-06 -0.000000000000000000e+00
-5.010874352611101965e-07 -1.617160626481346858e-06 -0.000000000000000000e+00
-1.170940854563394491e-06 -1.617160622624677947e-06 -0.000000000000000000e+00
-3.141580093739325737e-06 -1.617160618328459076e-06 -0.000000000000000000e+00
-1.020273240586268472e-05 -1.617160613538419997e-06 -0.000000000000000000e+00
-4.385299503750513634e-05 -1.617160608192540110e-06 -0.000000000000000000e+00
-1.590901171024828177e-04 -1.617160602219840595e-06 -0.000000000000000000e+00
-1.315235600620366044e-04 -1.617160595538952504e-06 -0.000000000000000000e+00
-1.311588458795334439e-04 -1.617160588056442595e-06 -0.000000000000000000e+00
-1.311588476464732827e-04 8.760547861779742624e-14 -0.000000000000000000e+00
-1.315235621450955631e-04 9.702370051077500606e-14 -0.000000000000000000e+00
-1.590901195255846573e-04 1.076115142980998080e-13 -0.000000000000000000e+00
-4.385299782929798847e-05 1.195343096704202152e-13 -0.000000000000000000e+00
-1.020273560028838436e-05 1.329838000442247059e-13 -0.000000000000000000e+00
-3.141583730744652686e-06 1.481826934237806668e-13 -0.000000000000000000e+00
-1.170944980940537114e-06 1.653902798850926426e-13 -0.000000000000000000e+00
-5.010921056535433136e-07 1.849091332871889046e-13 -0.000000000000000000e+00
-2.380437303110832630e-07 2.070931713448118539e-13 -0.000000000000000000e+00
-1.227070222864184359e-07 2.323573766323647344e-13 -0.000000000000000000e+00
-6.754194907741204556e-08 2.611895547290756367e-13 -0.000000000000000000e+00
-3.923366824494652874e-08 2.941645988415620879e-13 -0.000000000000000000e+00
-2.383830961343247764e-08 3.319618484340755489e-13 -0.000000000000000000e+00
-1.504711356233003492e-08 3.753862799649398328e-13 -0.000000000000000000e+00
-9.814215864189526920e-09 4.253944603731122226e-13 -0.000000000000000000e+00
-6.585894142812375751e-09 4.831264411575211951e-13 -0.000000000000000000e+00
-4.531251239939451397e-09 5.499450895508299285e-13 -0.000000000000000000e+00
-3.187349787940266358e-09 6.274847657930443795e-13 -0.000000000000000000e+00
-2.286831181782636605e-09 7.177117918132965498e-13 -0.000000000000000000e+00
-1.670311671841640695e-09 8.229998570070131842e-13 -0.000000000000000000e+00
-1.240055974300275425e-09 9.462244256785372165e-13 -0.000000000000000000e+00
-9.345990053109236181e-10 1.090881422036114432e-12 -0.000000000000000000e+00
-7.143978139859936362e-10 1.261237073330150458e-12 -0.000000000000000000e+00
-5.534861049321857044e-10 1.462517928429270823e-12 -0.000000000000000000e+00
-4.344944468556890931e-10 1.701152929230485944e-12 -0.000000000000000000e+00
-3.456085980741114419e-10 1.985083261634841098e-12 -0.000000000000000000e+00
-2.786723777541267621e-10 2.324160922846594605e-12 -0.000000000000000000e+00
-2.279811021790130002e-10 2.730664034767193879e-12 -0.000000000000000000e+00
-1.895011380286200769e-10 3.219966648389379732e-12 -0.000000000000000000e+00
-1.603570198140802114e-10 3.811414174350664633e-12 -0.000000000000000000e+00
-1.384901474192639565e-10 4.529474150695517993e-12 -0.000000000000000000e+00
-1.224293536683195860e-10 5.405258002757411407e-12 -0.000000000000000000e+00
-1.111357855793641835e-10 6.478545938182433066e-12 -0.000000000000000000e+00
-1.038985849130754945e-10 7.800498810765124227e-12 -0.000000000000000000e+00
-1.002658126147950295e-10 9.437314565803746957e-12 -0.000000000000000000e+00
-1.000014719880988230e-10 1.147519300892169161e-11 -0.000000000000000000e+00
-1.030623445474837185e-10 1.402712654187314380e-11 -0.000000000000000000e+00
-1.095917986835388869e-10 1.724225956214851471e-11 -0.000000000000000000e+00
-1.199292825104509641e-10 2.131889118912281742e-11 -0.000000000000000000e+00
-1.346364324073761329e-10 2.652269006379517822e-11 -0.000000000000000000e+00
-1.545424667914163784e-10 3.321243220597519341e-11 -0.000000000000000000e+00
-1.808139493185590853e-10 4.187669868719110734e-11 -0.000000000000000000e+00
-2.150568343492449601e-10 5.318669435653648371e-11 -0.000000000000000000e+00
-2.594632708568167771e-10 6.807301746857380995e-11 -0.000000000000000000e+00
-3.170212694730277150e-10 8.783838303786445839e-11 -0.000000000000000000e+00
-3.918148492848804502e-10 1.143248980218360133e-10 -0.000000000000000000e+00
-4.894554486856113307e-10 1.501650233652291267e-10 -0.000000000000000000e+00
-6.177060295911445025e-10 1.991623762729719951e-10 -0.000000000000000000e+00
-7.873905937352137230e-10 2.668763112528594036e-10 -0.000000000000000000e+00
-1.013729862167125286e-09 3.615300635929099657e-10 -0.000000000000000000e+00
-1.318317287398346551e-09 4.954386457731556472e-10 -0.000000000000000000e+00
-1.732062615410703115e-09 6.872811979696689516e-10 -0.000000000000000000e+00
-2.299601477155076661e-09 9.657603053433115904e-10 -0.000000000000000000e+00
-3.085926835623168071e-09 1.375561959144428272e-09 -0.000000000000000000e+00
-4.186370795385686417e-09 1.987163504730681358e-09 -0.000000000000000000e+00
-5.741576917634604111e-09 2.913114804525857886e-09 -0.000000000000000000e+00
-7.959722245084765193e-09 4.335228719047333003e-09 -0.000000000000000000e+00
-1.114878640762718842e-08 6.550078003427288008e-09 -0.000000000000000000e+00
-1.576150779208676448e-08 1.004478402601933567e-08 -0.000000000000000000e+00
-2.245324165569044449e-08 1.562145146853620816e-08 -0.000000000000000000e+00
-3.214476980960075819e-08 2.459531803861914208e-08 -0.000000000000000000e+00
-4.606179212381037477e-08 3.909245814025913092e-08 -0.000000000000000000e+00
-6.568183856936584607e-08 6.244991824088399446e-08 -0.000000000000000000e+00
-9.245617417891548726e-08 9.963678871318411869e-08 -0.000000000000000000e+00
-1.271240703651620808e-07 1.574169578150124173e-07 -0.000000000000000000e+00
-1.685229212052509435e-07 2.436649853849975216e-07 -0.000000000000000000e+00
-2.122284348187356136e-07 3.650697521225845401e-07 -0.000000000000000000e+00
-2.501474981612193044e-07 5.230667050908903905e-07 -0.000000000000000000e+00
-2.725488726827838089e-07 7.097465879438342746e-07 -0.000000000000000000e+00
-2.725486519536577910e-07 9.074137281125822404e-07 -0.000000000000000000e+00
-2.501468330381648690e-07 1.094093605978693022e-06 -0.000000000000000000e+00
-2.122273165028447023e-07 1.252090548860855744e-06 -0.000000000000000000e+00
-1.685213348111610470e-07 1.373495300184352441e-06 -0.000000000000000000e+00
-1.271219946375423994e-07 1.459743306659937076e-06 -0.000000000000000000e+00
-9.245358100050441210e-08 1.517523448499184693e-06 -0.000000000000000000e+00
-6.567869232300453626e-08 1.554710284900823087e-06 -0.000000000000000000e+00
-4.605804893895847831e-08 1.578067703308738878e-06 -0.000000000000000000e+00
-3.214037654743985817e-08 1.592564793078981042e-06 -0.000000000000000000e+00
-2.244813471137100554e-08 1.601538599423094843e-06 -0.000000000000000000e+00
-1.575561153384524538e-08 1.607115195203605539e-06 -0.000000000000000000e+00
-1.114201135568391294e-08 1.610609816242608780e-06 -0.000000000000000000e+00
-7.951962805069643122e-09 1.612824564918460481e-06 -0.000000000000000000e+00
-5.732708716879362118e-09 1.614246559785357253e-06 -0.000000000000000000e+00
-4.176247334103101447e-09 1.615172370155995250e-06 -0.000000000000000000e+00
-3.074375445334783736e-09 1.615783804671364205e-06 -0.000000000000000000e+00
-2.286418408128583894e-09 1.616193408008123995e-06 -0.000000000000000000e+00
-1.717007001636375758e-09 1.616471651118311949e-06 -0.000000000000000000e+00
-1.301103820538634623e-09 1.616663212083088509e-06 -0.000000000000000000e+00
-9.940196466125090054e-10 1.616796783662734038e-06 -0.000000000000000000e+00
-7.647799120139454593e-10 1.616891032742909946e-06 -0.000000000000000000e+00
-5.917123667036718457e-10 1.616958258982535695e-06 -0.000000000000000000e+00
-4.595001634837723809e-10 1.617006666289212386e-06 -0.000000000000000000e+00
-3.572013745024807341e-10 1.617041789565147593e-06 -0.000000000000000000e+00
-2.769077381231751060e-10 1.617067401329120537e-06 -0.000000000000000000e+00
-2.128278729871515426e-10 1.617086094272835773e-06 -0.000000000000000000e+00
-1.606537676134561342e-10 1.617099659351504567e-06 -0.000000000000000000e+00
-1.171171779413920997e-10 1.617109333089582014e-06 -0.000000000000000000e+00
-7.967339603438053783e-11 1.617115959891296477e-06 -0.000000000000000000e+00
-4.627032463467200453e-11 1.617120097973355734e-06 -0.000000000000000000e+00
-1.517354179627337384e-11 1.617122086775239296e-06 -0.000000000000000000e+00
1.517354940120694513e-11 1.617122086775239296e-06 -0.000000000000000000e+00
4.627032131142743577e-11 1.617120097973355946e-06 -0.000000000000000000e+00
7.967338808776620126e-11 1.617115959891296477e-06 -0.000000000000000000e+00
1.171171762140402247e-10 1.617109333089581803e-06 -0.000000000000000000e+00
1.606537654971738354e-10 1.617099659351504567e-06 -0.000000000000000000e+00
2.128278716392470859e-10 1.617086094272835985e-06 -0.000000000000000000e+00
2.769077431210024350e-10 1.617067401329120749e-06 -0.000000000000000000e+00
3.572013836399842068e-10 1.617041789565147381e-06 -0.000000000000000000e+00
4.595001729384179861e-10 1.617006666289212175e-06 -0.000000000000000000e+00
5.917123601013328142e-10 1.616958258982536118e-06 -0.000000000000000000e+00
7.647798960404606212e-10 1.616891032742909099e-06 -0.000000000000000000e+00
9.940196391945178809e-10 1.616796783662734250e-06 -0.000000000000000000e+00
1.301103834892898109e-09 1.616663212083088509e-06 -0.000000000000000000e+00
1.717007016059125870e-09 1.616471651118311314e-06 -0.000000000000000000e+00
2.286418400867861724e-09 1.616193408008123572e-06 -0.000000000000000000e+00
3.074375430438244008e-09 1.615783804671363782e-06 -0.000000000000000000e+00
4.176247329719874690e-09 1.615172370155995038e-06 -0.000000000000000000e+00
5.732708732111171797e-09 1.614246559785356618e-06 -0.000000000000000000e+00
7.951962820380316201e-09 1.612824564918460692e-06 -0.000000000000000000e+00
1.114201134729675151e-08 1.610609816242609415e-06 -0.000000000000000000e+00
1.575561151708552723e-08 1.607115195203605539e-06 -0.000000000000000000e+00
2.244813470252999989e-08 1.601538599423094843e-06 -0.000000000000000000e+00
3.214037656456393945e-08 1.592564793078981042e-06 -0.000000000000000000e+00
4.605804895150807213e-08 1.578067703308738454e-06 -0.000000000000000000e+00
6.567869231814248774e-08 1.554710284900822664e-06 -0.000000000000000000e+00
9.245358098474930811e-08 1.517523448499183422e-06 -0.000000000000000000e+00
1.271219946307406984e-07 1.459743306659936017e-06 -0.000000000000000000e+00
1.685213348278121265e-07 1.373495300184347782e-06 -0.000000000000000000e+00
2.122273165152041836e-07 1.252090548860851085e-06 -0.000000000000000000e+00
2.501468330331830447e-07 1.094093605978689634e-06 -0.000000000000000000e+00
2.725486519354131248e-07 9.074137281125793817e-07 -0.000000000000000000e+00
2.725488726776836117e-07 7.097465879438300394e-07 -0.000000000000000000e+00
2.501474981721972749e-07 5.230667050908829789e-07 -0.000000000000000000e+00
2.122284348337973947e-07 3.650697521225787697e-07 -0.000000000000000000e+00
1.685229211999512701e-07 2.436649853849950335e-07 -0.000000000000000000e+00
1.271240703484835256e-07 1.574169578150107497e-07 -0.000000000000000000e+00
9.245617417770162287e-08 9.963678871318300696e-08 -0.000000000000000000e+00
6.568183857998590545e-08 6.244991824088272391e-08 -0.000000000000000000e+00
4.606179214273173424e-08 3.909245814025825080e-08 -0.000000000000000000e+00
3.214476979711568446e-08 2.459531803861894356e-08 -0.000000000000000000e+00
2.245324164109694031e-08 1.562145146853604272e-08 -0.000000000000000000e+00
1.576150778011844702e-08 1.004478402601926122e-08 -0.000000000000000000e+00
1.114878642598229478e-08 6.550078003427157314e-09 -0.000000000000000000e+00
7.959722259900129138e-09 4.335228719047245322e-09 -0.000000000000000000e+00
5.741576912569797073e-09 2.913114804525829762e-09 -0.000000000000000000e+00
4.186370789778035485e-09 1.987163504730663987e-09 -0.000000000000000000e+00
3.085926824719736044e-09 1.375561959144416692e-09 -0.000000000000000000e+00
2.299601495458503671e-09 9.657603053432946332e-10 -0.000000000000000000e+00
1.732062616100302498e-09 6.872811979696637817e-10 -0.000000000000000000e+00
1.318317281796342987e-09 4.954386457731521317e-10 -0.000000000000000000e+00
1.013729848965344423e-09 3.615300635929081562e-10 -0.000000000000000000e+00
7.873905952861577260e-10 2.668763112528576975e-10 -0.000000000000000000e+00
6.177060394447182758e-10 1.991623762729696945e-10 -0.000000000000000000e+00
4.894554535432530526e-10 1.501650233652281961e-10 -0.000000000000000000e+00
3.918148391651169055e-10 1.143248980218353025e-10 -0.000000000000000000e+00
3.170212637768815882e-10 8.783838303786391556e-11 -0.000000000000000000e+00
2.594632720300595658e-10 6.807301746857342221e-11 -0.000000000000000000e+00
2.150568482694256709e-10 5.318669435653586332e-11 -0.000000000000000000e+00
1.808139501426910720e-10 4.187669868719088762e-11 -0.000000000000000000e+00
1.545424644133676825e-10 3.321243220597503832e-11 -0.000000000000000000e+00
1.346364224807469053e-10 2.652269006379504251e-11 -0.000000000000000000e+00
1.199292840856111448e-10 2.131889118912271725e-11 -0.000000000000000000e+00
1.095918053939493239e-10 1.724225956214838870e-11 -0.000000000000000000e+00
1.030623461052594837e-10 1.402712654187308079e-11 -0.000000000000000000e+00
1.000014620124567013e-10 1.147519300892163992e-11 -0.000000000000000000e+00
1.002658102180877498e-10 9.437314565803706568e-12 -0.000000000000000000e+00
1.038985857589153888e-10 7.800498810765091915e-12 -0.000000000000000000e+00
1.111357989675600460e-10 6.478545938182376521e-12 -0.000000000000000000e+00
1.224293551019202126e-10 5.405258002757388789e-12 -0.000000000000000000e+00
1.384901383424858288e-10 4.529474150695500222e-12 -0.000000000000000000e+00
1.603570176249382416e-10 3.811414174350652516e-12 -0.000000000000000000e+00
1.895011379810963277e-10 3.219966648389366807e-12 -0.000000000000000000e+00
2.279811155938125163e-10 2.730664034767173685e-12 -0.000000000000000000e+00
2.786723713825686399e-10 2.324160922846590567e-12 -0.000000000000000000e+00
3.456085956580123086e-10 1.985083261634834636e-12 -0.000000000000000000e+00
4.344944354413103417e-10 1.701152929230480289e-12 -0.000000000000000000e+00
5.534861133910237770e-10 1.462517928429266986e-12 -0.000000000000000000e+00
7.143978143512414395e-10 1.261237073330144803e-12 -0.000000000000000000e+00
9.345990083019400571e-10 1.090881422036111605e-12 -0.000000000000000000e+00
1.240055964304977075e-09 9.462244256785345912e-13 -0.000000000000000000e+00
1.670311675077465786e-09 8.229998570070091453e-13 -0.000000000000000000e+00
2.286831190296582071e-09 7.177117918132944293e-13 -0.000000000000000000e+00
3.187349789756506002e-09 6.274847657930405424e-13 -0.000000000000000000e+00
4.531251238934557647e-09 5.499450895508282119e-13 -0.000000000000000000e+00
6.585894127306523617e-09 4.831264411575205893e-13 -0.000000000000000000e+00
9.814215875405794932e-09 4.253944603731098498e-13 -0.000000000000000000e+00
1.504711356224090455e-08 3.753862799649387726e-13 -0.000000000000000000e+00
2.383830962449521101e-08 3.319618484340736809e-13 -0.000000000000000000e+00
3.923366822871613339e-08 2.941645988415617850e-13 -0.000000000000000000e+00
6.754194908197268271e-08 2.611895547290750308e-13 -0.000000000000000000e+00
1.227070222867127798e-07 2.323573766323634217e-13 -0.000000000000000000e+00
2.380437303195369694e-07 2.070931713448113742e-13 -0.000000000000000000e+00
5.010921056506365083e-07 1.849091332871884502e-13 -0.000000000000000000e+00
1.170944980930515444e-06 1.653902798850922387e-13 -0.000000000000000000e+00
3.141583730746140923e-06 1.481826934237803639e-13 -0.000000000000000000e+00
1.020273560029497427e-05 1.329838000442242010e-13 -0.000000000000000000e+00
4.385299782929804945e-05 1.195343096704198618e-13 -0.000000000000000000e+00
1.590901195255862023e-04 1.076115142980995935e-13 -0.000000000000000000e+00
1.315235621450900607e-04 9.702370051077474101e-14 -0.000000000000000000e+00
1.311588476464740146e-04 8.760547861779719904e-14 -0.000000000000000000e+00
