2.539968741718186742e-23 -1.616448469719889018e-07 -0.000000000000000000e+00
-1.311588468196890037e-04 7.676171811812451043e-16 -0.000000000000000000e+00
-1.315235612423105006e-04 8.311678869036337187e-16 -0.000000000000000000e+00
-1.590901185385879045e-04 9.006874072854082601e-16 -0.000000000000000000e+00
-4.385299674885494820e-05 9.768038990372101593e-16 -0.000000000000000000e+00
-1.020273441599526770e-05 1.060218853515804462e-15 -0.000000000000000000e+00
-3.141582430859986753e-06 1.151716516053361966e-15 -0.000000000000000000e+00
-1.170943552189554217e-06 1.252174627144258587e-15 -0.000000000000000000e+00
-5.010905330000442808e-07 1.362576686970537811e-15 -0.000000000000000000e+00
-2.380419966914825930e-07 1.484025977933292809e-15 -0.000000000000000000e+00
-1.227051082981002828e-07 1.617761618923728655e-15 -0.000000000000000000e+00
-6.753983261372535251e-08 1.765176971131316836e-15 -0.000000000000000000e+00
-3.923132406567821980e-08 1.927840769590472765e-15 -0.000000000000000000e+00
-2.383570883857764804e-08 2.107521419029801783e-15 -0.000000000000000000e+00
-1.504422307362889533e-08 2.306214968863045494e-15 -0.000000000000000000e+00
-9.810997596079592576e-09 2.526177372712041907e-15 -0.000000000000000000e+00
-6.582304239314426271e-09 2.769961745542353144e-15 -0.000000000000000000e+00
-4.527239050089193933e-09 3.040461459801146547e-15 -0.000000000000000000e+00
-3.182856664286632243e-09 3.340960075104097834e-15 -0.000000000000000000e+00
-2.281789039567696491e-09 3.675189279184930572e-15 -0.000000000000000000e+00
-1.664641255433430708e-09 4.047396237300390328e-15 -0.000000000000000000e+00
-1.233664764384764657e-09 4.462422010794261522e-15 -0.000000000000000000e+00
-9.273786834828487976e-10 4.925793022538981330e-15 -0.000000000000000000e+00
-7.062211810024636494e-10 5.443827929140687828e-15 -0.000000000000000000e+00
-5.442033198470749285e-10 6.023762721473137187e-15 -0.000000000000000000e+00
-4.239284207069285032e-10 6.673897434039783031e-15 -0.000000000000000000e+00
-3.335493295471812368e-10 7.403768521821002050e-15 -0.000000000000000000e+00
-2.648699587839049274e-10 8.224351787923723709e-15 -0.000000000000000000e+00
-2.121370444529948416e-10 9.148301750458036755e-15 -0.000000000000000000e+00
-1.712575697967772506e-10 1.019023456497077733e-14 -0.000000000000000000e+00
-1.392831680652001621e-10 1.136706312244947937e-14 -0.000000000000000000e+00
-1.140653417699129525e-10 1.269839478880608029e-14 -0.000000000000000000e+00
-9.402155185213574604e-11 1.420700452341325272e-14 -0.000000000000000000e+00
-7.797429909722796929e-11 1.591939891704632263e-14 -0.000000000000000000e+00
-6.503925300257195421e-11 1.786649015669558918e-14 -0.000000000000000000e+00
-5.454628459265476776e-11 2.008440322509960763e-14 -0.000000000000000000e+00
-4.598345425623746643e-11 2.261544499135303255e-14 -0.000000000000000000e+00
-3.895656121530168381e-11 2.550927051964350938e-14 -0.000000000000000000e+00
-3.315987690622535654e-11 2.882429026674539616e-14 -0.000000000000000000e+00
-2.835462583692065645e-11 3.262937230542998669e-14 -0.000000000000000000e+00
-2.435312187081743737e-11 3.700590687999289080e-14 -0.000000000000000000e+00
-2.100693880489303249e-11 4.205031722025690144e-14 -0.000000000000000000e+00
-1.819807005244137658e-11 4.787712158196696881e-14 -0.000000000000000000e+00
-1.583215870723626720e-11 5.462267820625970819e-14 -0.000000000000000000e+00
-1.383345250584172722e-11 6.244977894547438571e-14 -0.000000000000000000e+00
-1.214082514308367401e-11 7.155330084340770317e-14 -0.000000000000000000e+00
-1.070480522740246528e-11 8.216718081941512393e-14 -0.000000000000000000e+00
-9.485263028421027611e-12 9.457305052637632584e-14 -0.000000000000000000e+00
-8.449593779270600524e-12 1.091109613832186681e-13 -0.000000000000000000e+00
-7.571278302136443393e-12 1.261927503040219065e-13 -0.000000000000000000e+00
-6.828812986938553550e-12 1.463187535390035823e-13 -0.000000000000000000e+00
-6.204830728606662104e-12 1.700987810723789481e-13 -0.000000000000000000e+00
-5.685500483951178114e-12 1.982785330133910409e-13 -0.000000000000000000e+00
-5.259968211150397104e-12 2.317729937448048195e-13 -0.000000000000000000e+00
-4.920026077315595740e-12 2.717088082500950824e-13 -0.000000000000000000e+00
-4.659766084064054312e-12 3.194782675174834976e-13 -0.000000000000000000e+00
-4.475536103478740683e-12 3.768083602383874843e-13 -0.000000000000000000e+00
-4.365802883439133980e-12 4.458494604027759041e-13 -0.000000000000000000e+00
-4.331191794358485318e-12 5.292897172677714037e-13 -0.000000000000000000e+00
-4.374582284586170094e-12 6.305032375000266978e-13 -0.000000000000000000e+00
-4.501274677687521661e-12 7.537428966979014926e-13 -0.000000000000000000e+00
-4.719430251245530396e-12 9.043923653286893027e-13 -0.000000000000000000e+00
-5.040484298842166462e-12 1.089297070459795995e-12 -0.000000000000000000e+00
-5.479834658833180594e-12 1.317200886893628334e-12 -0.000000000000000000e+00
-6.057614936722438609e-12 1.599325134702620604e-12 -0.000000000000000000e+00
-6.799920340414825911e-12 1.950140057191412560e-12 -0.000000000000000000e+00
-7.740279791505663406e-12 2.388397937813621230e-12 -0.000000000000000000e+00
-8.921693692568005389e-12 2.938523641161846544e-12 -0.000000000000000000e+00
-1.039917851869631593e-11 3.632495871922479542e-12 -0.000000000000000000e+00
-1.224311855508174210e-11 4.512405505195403472e-12 -0.000000000000000000e+00
-1.454379336378076245e-11 5.633952691722107739e-12 -0.000000000000000000e+00
-1.741722175952566025e-11 7.071251822743983653e-12 -0.000000000000000000e+00
-2.101297820774284408e-11 8.923466925798346002e-12 -0.000000000000000000e+00
-2.552434408052826836e-11 1.132401995520657691e-11 -0.000000000000000000e+00
-3.120182085168666217e-11 1.445342990311162898e-11 -0.000000000000000000e+00
-3.837093983991535364e-11 1.855729328932228723e-11 -0.000000000000000000e+00
-4.745583046709968321e-11 2.397156505046082945e-11 -0.000000000000000000e+00
-5.901011875175376252e-11 3.115822435916709643e-11 -0.000000000000000000e+00
-7.375729188563637351e-11 4.075572170781039334e-11 -0.000000000000000000e+00
-9.264299392583393849e-11 5.365044180273163470e-11 -0.000000000000000000e+00
-1.169018942382896925e-10 7.107794646851002458e-11 -0.000000000000000000e+00
-1.481413892388649315e-10 9.476614478878835225e-11 -0.000000000000000000e+00
-1.884429874792958695e-10 1.271368561417511055e-10 -0.000000000000000000e+00
-2.404788229400323317e-10 1.715873117500394587e-10 -0.000000000000000000e+00
-3.076336422400158871e-10 2.328781881286250235e-10 -0.000000000000000000e+00
-3.941093119078788728e-10 3.176576742839527574e-10 -0.000000000000000000e+00
-5.049652619855340915e-10 4.351472092775922775e-10 -0.000000000000000000e+00
-6.460108371249462638e-10 5.979948260782366569e-10 -0.000000000000000000e+00
-8.234100174184549619e-10 8.232505543085204521e-10 -0.000000000000000000e+00
-1.042788992637616057e-09 1.133310333190817687e-09 -0.000000000000000000e+00
-1.307570721605773014e-09 1.556478998246985986e-09 -0.000000000000000000e+00
-1.616250399923764347e-09 2.126495284820590765e-09 -0.000000000000000000e+00
-1.958476892582838008e-09 2.879965603825141828e-09 -0.000000000000000000e+00
-2.310276811722966411e-09 3.850316061550570967e-09 -0.000000000000000000e+00
-2.629697142124112345e-09 5.056966470635856170e-09 -0.000000000000000000e+00
-2.855478814792589778e-09 6.489582740459292909e-09 -0.000000000000000000e+00
-2.912482492092760730e-09 8.090088632369451860e-09 -0.000000000000000000e+00
-2.727072904556102819e-09 9.739406613184912507e-09 -0.000000000000000000e+00
-2.251925418354071846e-09 1.125948838544742003e-08 -0.000000000000000000e+00
-1.492798266735425214e-09 1.243984738349464010e-08 -0.000000000000000000e+00
-5.235272778521848339e-10 1.308804413956474879e-08 -0.000000000000000000e+00
5.235272854628363526e-10 1.308804413956473390e-08 -0.000000000000000000e+00
1.492798263439656206e-09 1.243984738349461032e-08 -0.000000000000000000e+00
2.251925410403393778e-09 1.125948838544738529e-08 -0.000000000000000000e+00
2.727072902832548762e-09 9.739406613184859568e-09 -0.000000000000000000e+00
2.912482490027579013e-09 8.090088632369388994e-09 -0.000000000000000000e+00
2.855478813453603983e-09 6.489582740459238315e-09 -0.000000000000000000e+00
2.629697147103693310e-09 5.056966470635824738e-09 -0.000000000000000000e+00
2.310276820840143678e-09 3.850316061550519682e-09 -0.000000000000000000e+00
1.958476902027678886e-09 2.879965603825098401e-09 -0.000000000000000000e+00
1.616250393361723797e-09 2.126495284820577116e-09 -0.000000000000000000e+00
1.307570705595505729e-09 1.556478998246974406e-09 -0.000000000000000000e+00
1.042788985231138046e-09 1.133310333190809415e-09 -0.000000000000000000e+00
8.234100317898208209e-10 8.232505543085087682e-10 -0.000000000000000000e+00
6.460108515283815015e-10 5.979948260782279715e-10 -0.000000000000000000e+00
5.049652547233881372e-10 4.351472092775887103e-10 -0.000000000000000000e+00
3.941092970147929341e-10 3.176576742839504827e-10 -0.000000000000000000e+00
3.076336378081351417e-10 2.328781881286233175e-10 -0.000000000000000000e+00
2.404788381847355331e-10 1.715873117500368480e-10 -0.000000000000000000e+00
1.884430028028047747e-10 1.271368561417493994e-10 -0.000000000000000000e+00
1.481413808617813064e-10 9.476614478878775772e-11 -0.000000000000000000e+00
1.169018774674047344e-10 7.107794646850959806e-11 -0.000000000000000000e+00
9.264298509786243326e-11 5.365044180273127927e-11 -0.000000000000000000e+00
7.375730898723921707e-11 4.075572170780986343e-11 -0.000000000000000000e+00
5.901013129983572048e-11 3.115822435916671516e-11 -0.000000000000000000e+00
4.745582563043360732e-11 2.397156505046067112e-11 -0.000000000000000000e+00
3.837092412320313934e-11 1.855729328932219030e-11 -0.000000000000000000e+00
3.120181406478707304e-11 1.445342990311155789e-11 -0.000000000000000000e+00
2.552436074122973812e-11 1.132401995520644120e-11 -0.000000000000000000e+00
2.101299058667960167e-11 8.923466925798245835e-12 -0.000000000000000000e+00
1.741721679193871997e-11 7.071251822743941648e-12 -0.000000000000000000e+00
1.454377509483955827e-11 5.633952691722078659e-12 -0.000000000000000000e+00
1.224311345486831686e-11 4.512405505195376815e-12 -0.000000000000000000e+00
1.039918947164985141e-11 3.632495871922443999e-12 -0.000000000000000000e+00
8.921708766500171580e-12 2.938523641161816655e-12 -0.000000000000000000e+00
7.740274435818061745e-12 2.388397937813607497e-12 -0.000000000000000000e+00
6.799903720306007169e-12 1.950140057191402462e-12 -0.000000000000000000e+00
6.057613672131925079e-12 1.599325134702612122e-12 -0.000000000000000000e+00
5.479845257526707442e-12 1.317200886893616823e-12 -0.000000000000000000e+00
5.040503180916360858e-12 1.089297070459785292e-12 -0.000000000000000000e+00
4.719417722036309606e-12 9.043923653286860715e-13 -0.000000000000000000e+00
4.501260058190210267e-12 7.537428966978978575e-13 -0.000000000000000000e+00
4.374570292694375747e-12 6.305032375000250822e-13 -0.000000000000000000e+00
4.331210152311412602e-12 5.292897172677670618e-13 -0.000000000000000000e+00
4.365817690415933584e-12 4.458494604027719156e-13 -0.000000000000000000e+00
4.475531027600577289e-12 3.768083602383862221e-13 -0.000000000000000000e+00
4.659760434679370029e-12 3.194782675174821344e-13 -0.000000000000000000e+00
4.920015169268291773e-12 2.717088082500938707e-13 -0.000000000000000000e+00
5.259986533727556894e-12 2.317729937448029010e-13 -0.000000000000000000e+00
5.685501121754907652e-12 1.982785330133902584e-13 -0.000000000000000000e+00
6.204825126475875541e-12 1.700987810723782918e-13 -0.000000000000000000e+00
6.828799787752818002e-12 1.463187535390031279e-13 -0.000000000000000000e+00
7.571279867096393406e-12 1.261927503040214016e-13 -0.000000000000000000e+00
8.449603635184829652e-12 1.091109613832179487e-13 -0.000000000000000000e+00
9.485267910279846467e-12 9.457305052637598506e-14 -0.000000000000000000e+00
1.070479514205122064e-11 8.216718081941483363e-14 -0.000000000000000000e+00
1.214081944103637932e-11 7.155330084340742550e-14 -0.000000000000000000e+00
1.383345367273271237e-11 6.244977894547415852e-14 -0.000000000000000000e+00
1.583217266077386985e-11 5.462267820625937371e-14 -0.000000000000000000e+00
1.819807089427153549e-11 4.787712158196681104e-14 -0.000000000000000000e+00
2.100693638258353054e-11 4.205031722025676891e-14 -0.000000000000000000e+00
2.435311193045030045e-11 3.700590687999276458e-14 -0.000000000000000000e+00
2.835462739772604498e-11 3.262937230542986678e-14 -0.000000000000000000e+00
3.315988358246328222e-11 2.882429026674530780e-14 -0.000000000000000000e+00
3.895656281373500465e-11 2.550927051964346521e-14 -0.000000000000000000e+00
4.598344429351263598e-11 2.261544499135293158e-14 -0.000000000000000000e+00
5.454628217871559044e-11 2.008440322509958870e-14 -0.000000000000000000e+00
6.503925387887723361e-11 1.786649015669553554e-14 -0.000000000000000000e+00
7.797431251238326355e-11 1.591939891704622797e-14 -0.000000000000000000e+00
9.402155335576216164e-11 1.420700452341321328e-14 -0.000000000000000000e+00
1.140653327544948112e-10 1.269839478880604084e-14 -0.000000000000000000e+00
1.392831659183850243e-10 1.136706312244945254e-14 -0.000000000000000000e+00
1.712575698343679048e-10 1.019023456497074893e-14 -0.000000000000000000e+00
2.121370578539932628e-10 9.148301750457986267e-15 -0.000000000000000000e+00
2.648699524162998497e-10 8.224351787923711087e-15 -0.000000000000000000e+00
3.335493271510655463e-10 7.403768521820981540e-15 -0.000000000000000000e+00
4.239284092928322339e-10 6.673897434039766465e-15 -0.000000000000000000e+00
5.442033283052450528e-10 6.023762721473120621e-15 -0.000000000000000000e+00
7.062211813827134071e-10 5.443827929140668107e-15 -0.000000000000000000e+00
9.273786865028437516e-10 4.925793022538975019e-15 -0.000000000000000000e+00
1.233664754360860333e-09 4.462422010794248900e-15 -0.000000000000000000e+00
1.664641258720278367e-09 4.047396237300376917e-15 -0.000000000000000000e+00
2.281789048088084039e-09 3.675189279184921106e-15 -0.000000000000000000e+00
3.182856666119143770e-09 3.340960075104081662e-15 -0.000000000000000000e+00
4.527239049104648827e-09 3.040461459801139447e-15 -0.000000000000000000e+00
6.582304223848963712e-09 2.769961745542348805e-15 -0.000000000000000000e+00
9.810997607254724897e-09 2.526177372712029679e-15 -0.000000000000000000e+00
1.504422307356456715e-08 2.306214968863043522e-15 -0.000000000000000000e+00
2.383570884963210960e-08 2.107521419029792317e-15 -0.000000000000000000e+00
3.923132404943183671e-08 1.927840769590470793e-15 -0.000000000000000000e+00
6.753983261828238976e-08 1.765176971131311906e-15 -0.000000000000000000e+00
1.227051082983682099e-07 1.617761618923724119e-15 -0.000000000000000000e+00
2.380419966998995594e-07 1.484025977933289851e-15 -0.000000000000000000e+00
5.010905329971443577e-07 1.362576686970535050e-15 -0.000000000000000000e+00
1.170943552179517723e-06 1.252174627144255431e-15 -0.000000000000000000e+00
3.141582430861498283e-06 1.151716516053359797e-15 -0.000000000000000000e+00
1.020273441600185761e-05 1.060218853515799729e-15 -0.000000000000000000e+00
4.385299674885505662e-05 9.768038990372095676e-16 -0.000000000000000000e+00
1.590901185385895037e-04 9.006874072854064851e-16 -0.000000000000000000e+00
1.315235612423049441e-04 8.311678869036318451e-16 -0.000000000000000000e+00
1.311588468196897626e-04 7.676171811812427377e-16 -0.000000000000000000e+00
