2.798347375844607507e-02 -2.095402239036841888e-08 -2.478835683802832020e-18
4.138268714635275070e-03 -3.257119228337065979e-09 -3.773159106297043362e-18
2.987693111333664109e-04 -7.935070688856800776e-09 7.436151875790222880e-19
2.408328477713876647e-04 -5.354621557653807848e-09 4.809415452033686426e-18
1.239568925593369231e-04 -5.806336535682919489e-09 -2.640186189397706328e-18
9.301312949848775102e-05 -5.262436032368217032e-09 9.390780204454256050e-19
6.936776751439652222e-05 -5.184202116618318441e-09 1.615579311161497066e-18
5.429222383236328997e-05 -4.997917062553783013e-09 1.448162314868667084e-18
4.324342380964893429e-05 -4.898584466965928099e-09 3.120236462637940208e-18
3.492603728498175353e-05 -4.803315591470902403e-09 -1.600006787080405248e-18
2.840002716658282522e-05 -4.734357828113350564e-09 -3.009878333526568544e-18
2.312371365327178796e-05 -4.677845873589859570e-09 -4.349997366520267864e-18
1.873783652490620955e-05 -4.634389572721693159e-09 1.760828251787932808e-18
1.499863668437059760e-05 -4.600413046979554935e-09 -3.503006046514077717e-18
1.173237457494091807e-05 -4.574594999718639023e-09 5.461450276731671704e-18
8.810145994561646710e-06 -4.555406053809525377e-09 1.251207856873485308e-18
6.132061135352695480e-06 -4.541874880624022135e-09 -4.464064767156029742e-18
3.616993834606313518e-06 -4.533245037870127864e-09 3.305689990748859772e-18
1.195494370782868021e-06 -4.529047850305777990e-09 5.396418811219262172e-18
-1.195494370762051339e-06 -4.529047858524059740e-09 2.041433294780809521e-18
-3.616993834540394026e-06 -4.533245035414937519e-09 3.224126125498150451e-18
-6.132061135390859397e-06 -4.541874875906261204e-09 -7.079939920958141127e-18
-8.810145994544299475e-06 -4.555406042167193175e-09 -3.203105638077257756e-18
-1.173237457498255143e-05 -4.574594999052148998e-09 -3.413540813653773966e-18
-1.499863668461345889e-05 -4.600413058968305414e-09 -8.863085760876736232e-19
-1.873783652470845107e-05 -4.634389586567928990e-09 4.690661054089820084e-18
-2.312371365324750183e-05 -4.677845836442599357e-09 2.102987272550662069e-18
-2.840002716659670301e-05 -4.734357831589830205e-09 6.203067441715158604e-18
-3.492603728492971182e-05 -4.803315608789521677e-09 3.418287956089484658e-18
-4.324342380963852595e-05 -4.898584499963893195e-09 -2.007875349306423802e-18
-5.429222383223492043e-05 -4.997917006116914106e-09 -8.868495677105559570e-18
-6.936776751470877245e-05 -5.184202133635934961e-09 -1.507942933712495268e-18
-9.301312949861265111e-05 -5.262436033566017572e-09 -4.887303805294080876e-19
-1.239568925588581394e-04 -5.806336510635101410e-09 8.209930327699415878e-19
-2.408328477717484872e-04 -5.354621594954953434e-09 -2.796757032355903305e-18
-2.987693111330229356e-04 -7.935070687690954222e-09 -4.963802040076121843e-18
-4.138268714635812834e-03 -3.257119216776778513e-09 1.028369114265509467e-18
-2.798347375844576976e-02 -2.095402239790905029e-08 7.656659849976263197e-18
-2.797605513261347543e-02 -1.222676748923453031e-10 -1.897590122855970647e-18
-4.141694931529424362e-03 -2.324949385953098254e-11 -9.978989462597422378e-18
-2.996429106535761222e-04 -4.775246285741057691e-11 7.888483093106653282e-18
-2.427747577511858712e-04 -3.465744619020105584e-11 -5.005428797298247693e-18
-1.260015303142895948e-04 -3.689816433917969408e-11 1.430400849899716058e-17
-9.540954547326493951e-05 -3.430912056901058173e-11 6.931087606217930703e-18
-7.207237751079634269e-05 -3.397620225240329436e-11 -1.299206014142655310e-18
-5.733850741030874221e-05 -3.314923219824423096e-11 -2.319724582933173118e-17
-4.665315988416213200e-05 -3.273605948259439918e-11 -9.489421710975494285e-18
-3.873018557662769035e-05 -3.234642597697376202e-11 2.906122894993994425e-18
-3.263434308457477395e-05 -3.207834715790962188e-11 8.388223976796179180e-18
-2.783045211827636645e-05 -3.186390138481122272e-11 -8.542986349400659570e-18
-2.396633877303072646e-05 -3.170128975735748799e-11 6.181214638882098300e-18
-2.080646438546926436e-05 -3.156877851336098623e-11 -6.318870301022813666e-18
-1.818666891742481972e-05 -3.145387509366861385e-11 1.521678639220656559e-17
-1.598936413340842910e-05 -3.134189255440844667e-11 5.001881032907166617e-18
-1.412817044524339316e-05 -3.121889430858429433e-11 4.632954306938112288e-19
-1.253826608699215583e-05 -3.107051063615894011e-11 -4.495886078027732040e-18
-1.117009253604264729e-05 -3.088142545070097883e-11 8.329998293168477149e-19
-9.985137820727602032e-06 -3.063484767691476433e-11 -4.987180501163448324e-19
-8.953041098016395472e-06 -3.031283619544781722e-11 1.013138389442863091e-17
-8.049560532984167960e-06 -2.989513596601771912e-11 -5.435371813472916995e-18
-7.255119020686817688e-06 -2.935933208881003140e-11 -8.828391700324353874e-18
-6.553744982044223955e-06 -2.868024116460038732e-11 1.072348640580976104e-17
-5.932288660932122371e-06 -2.782951202038842384e-11 -1.560054760596049035e-18
-5.379833822222873652e-06 -2.677526069698089856e-11 -1.401887342348740939e-18
-4.887250330962850109e-06 -2.548129068417262030e-11 1.074859871358932083e-17
-4.446849821999193653e-06 -2.390694630235194218e-11 -2.288930266711663591e-18
-4.052117715831055067e-06 -2.200594067587988775e-11 9.449242676043716287e-18
-3.697502632630383923e-06 -1.972635243310045336e-11 -1.695893111559937683e-17
-3.378249285465595442e-06 -1.700918737179866385e-11 -1.338413936418792342e-17
-3.090264758354860364e-06 -1.378814573280935393e-11 9.495720534590548695e-18
-2.830010690749173996e-06 -9.988119025334101700e-12 1.862077026272379313e-17
-2.594415617097889371e-06 -5.524907571721925991e-12 -1.641944411419515098e-17
-2.380803288789395955e-06 -3.034880102994701734e-13 4.193293031901274053e-18
-2.186833625610756782e-06 5.782626729155686025e-12 -1.049920073297631654e-17
-2.010453806256667919e-06 1.285305685533268958e-11 9.499050996993721017e-19
-1.849857550063893630e-06 2.104139656135083653e-11 -1.977750971266890561e-19
-1.703450977802445365e-06 3.049701195337581479e-11 -1.039685364165444553e-18
-1.569823923276703059e-06 4.138612109670467924e-11 2.057797704185181034e-18
-1.447725663888260739e-06 5.389361126890484104e-11 1.601369802286916775e-18
-1.336044302718830679e-06 6.822402760233175417e-11 -4.075650250500830983e-18
-1.233789217156694429e-06 8.460328629640289945e-11 -6.381983374038961577e-21
-1.140076011461182981e-06 1.032798802454236213e-10 -9.655533082676833756e-18
-1.054113619215063524e-06 1.245261526980342319e-10 2.383951569451986221e-18
-9.751931646477529636e-07 1.486389599721413169e-10 2.261850408173573482e-17
-9.026783325989662377e-07 1.759400224990546994e-10 2.204454146996788106e-18
-8.359970410376504901e-07 2.067767859537128098e-10 -8.795777871145360268e-18
-7.746341589287553120e-07 2.415204967296065801e-10 1.120329645414444359e-17
-7.181251897095397574e-07 2.805661724770557200e-10 -5.035849557030981398e-18
-6.660507266900705936e-07 3.243290795084329203e-10 -7.155208242753876255e-18
-6.180315824388937784e-07 3.732415870808127156e-10 -2.871434289956257506e-17
-5.737245371353894008e-07 4.277477981827251584e-10 1.837938181946355094e-17
-5.328185562238074713e-07 4.882967203487169379e-10 9.910240752016340403e-18
-4.950314764044783100e-07 5.553329250000480655e-10 -7.070906406558822353e-18
-4.601070602537615795e-07 6.292860359867543230e-10 -7.350303955462421360e-18
-4.278123619493034990e-07 7.105558460491992741e-10 -5.237544800974810584e-18
-3.979354140475066526e-07 7.994968863746158345e-10 1.207785799399877607e-18
-3.702831458396449449e-07 8.963987321683766910e-10 -2.661692356828937339e-17
-3.446795173028815995e-07 1.001464010288983457e-09 1.445444743065064909e-17
-3.209638464556074933e-07 1.114784390680332339e-09 1.466417888652518642e-17
-2.989892972891927680e-07 1.236314053720859289e-09 -1.164622556053324577e-17
-2.786215196372288094e-07 1.365842117929864964e-09 -4.649861964201466185e-18
-2.597374228405224805e-07 1.502964958534478026e-09 3.648977578032388297e-17
-2.422240404781339507e-07 1.647059689003538490e-09 8.553021053727721211e-18
-2.259775119944906763e-07 1.797260223426981364e-09 -7.745643806180360671e-18
-2.109021417819045841e-07 1.952438966832536521e-09 1.706498772709641231e-18
-1.969095486525906935e-07 2.111194819989690426e-09 1.137439905427702823e-17
-1.839178923081219441e-07 2.271851673291790024e-09 -5.937126476832189768e-18
-1.718511573288450389e-07 2.432467811362755184e-09 -1.695623570434110504e-17
-1.606385204751259455e-07 2.590859766027266889e-09 2.764230172863783000e-18
-1.502137638616229953e-07 2.744641397686571638e-09 4.235868831138545106e-18
-1.405147772651216265e-07 2.891278358642066498e-09 3.036493426334737085e-17
-1.314831211754463602e-07 3.028158389508216391e-09 1.521127779322712299e-17
-1.230636433417753306e-07 3.152675132208433614e-09 -2.981597152193701993e-17
-1.152041766150357915e-07 3.262322669166202422e-09 -1.209372036788010171e-17
-1.078552860495074484e-07 3.354795685674593650e-09 -1.981269513766236654e-18
-1.009700929983925466e-07 3.428091246714252784e-09 -2.321930006444633155e-17
-9.450415657669131164e-08 3.480604439770757320e-09 -1.420950122013993641e-17
-8.841539303125478533e-08 3.511212444383744602e-09 8.951458376531993107e-18
-8.266405018830802476e-08 3.519341252955503459e-09 4.039895421721985125e-18
-7.721270457033968526e-08 3.505008717142694580e-09 -4.045342711292072845e-18
-7.202629403318949741e-08 3.468842588396795703e-09 1.445664066867914761e-17
-6.707215884083073121e-08 3.412069963661227963e-09 4.002108291038369192e-18
-6.232007814660489586e-08 3.336480320556123265e-09 1.828694377040312845e-19
-5.774230133620550376e-08 3.244363729023541848e-09 1.724670939828134444e-17
-5.331355418594641016e-08 3.138429101955502128e-09 6.021670834362059518e-18
-4.901103361348857490e-08 3.021708464590264343e-09 8.958972340835727707e-18
-4.481437119660536261e-08 2.897451861573310937e-09 -1.597015227709434508e-17
-4.070555790353092007e-08 2.769022165360766599e-09 -1.240523549222045064e-17
-3.666884521025259858e-08 2.639791739295043530e-09 -1.189344506477818356e-17
-3.269061110700022255e-08 2.513049403798863294e-09 -2.650828943616032873e-17
-2.875920921199814906e-08 2.391918295112343227e-09 -1.440241999742401090e-17
-2.486480190841411364e-08 2.279287874267371549e-09 1.938335622930359610e-17
-2.099916133688206621e-08 2.177760601167758498e-09 1.758155925931821065e-17
-1.715546315422811219e-08 2.089612200124053582e-09 5.980258845097909528e-18
-1.332808055587442198e-08 2.016763944804552182e-09 2.670155164805942158e-17
-9.512373139175522851e-09 1.960765055855830466e-09 1.089577919553342230e-17
-5.704459054428623332e-09 1.922782553190992562e-09 1.960534917604408003e-17
-1.901003642695853202e-09 1.903596269451945749e-09 -3.138604464344783196e-17
1.901002650434024943e-09 1.903596229877421635e-09 -1.604557948807885452e-17
5.704459599131794789e-09 1.922782572330525877e-09 -2.677195608195484462e-17
9.512373836534360194e-09 1.960765023475974428e-09 2.708039667294856655e-17
1.332808124282491846e-08 2.016763965359874598e-09 3.024469068246501553e-17
1.715546233543863153e-08 2.089612188202895339e-09 1.206719538051253435e-17
2.099916106973465091e-08 2.177760637269801562e-09 -1.645369779948081001e-17
2.486480341415409079e-08 2.279287867808953776e-09 -2.252270812713885424e-17
2.875920792483332988e-08 2.391918274879363169e-09 1.112497501716206535e-17
3.269060924043776240e-08 2.513049390475554503e-09 -1.940227121520038970e-17
3.666884653558133422e-08 2.639791746505500829e-09 -2.919734131726671457e-17
4.070555905885675507e-08 2.769022163919983409e-09 1.136339151566429645e-17
4.481437232070617505e-08 2.897451887044802654e-09 1.766144464984454312e-17
4.901103189611233368e-08 3.021708446035359124e-09 9.741891629021332663e-20
5.331355254142855493e-08 3.138429098919954420e-09 -1.686004342489319184e-17
5.774230232152843811e-08 3.244363713959934384e-09 1.678125075389690276e-17
6.232007935397243514e-08 3.336480324893156949e-09 1.983556084205147618e-17
6.707215996493154364e-08 3.412069968609839287e-09 5.798942057943311371e-18
7.202629217009648421e-08 3.468842586682361313e-09 -1.163040983087263989e-17
7.721270289806625442e-08 3.505008756876361626e-09 -2.400757108243936227e-17
8.266405163159795677e-08 3.519341226176484040e-09 5.481651638485265754e-18
8.841539410678334043e-08 3.511212488483555471e-09 -1.202652166909207099e-17
9.450415763487263199e-08 3.480604372705543984e-09 1.201176971200433581e-17
1.009700912948940932e-07 3.428091280223809237e-09 1.803119024621005082e-17
1.078552843460089949e-07 3.354795664332857391e-09 -8.569122615173438620e-18
1.152041775621948094e-07 3.262322657243141663e-09 -4.626230296826670426e-18
1.230636447850652626e-07 3.152675168938240588e-09 2.009962602715023053e-18
1.314831220428080982e-07 3.028158408725938127e-09 7.564177362635147884e-18
1.405147755859093017e-07 2.891278312888592544e-09 -3.142604655353389312e-18
1.502137621130217315e-07 2.744641410245555617e-09 -1.913169377908391570e-18
1.606385215714711823e-07 2.590859810470331243e-09 -1.337734140680188440e-17
1.718511586749904563e-07 2.432467782210921855e-09 1.650573829519954060e-17
1.839178932518115150e-07 2.271851621141534833e-09 -1.645683262009306003e-17
1.969095470774617773e-07 2.111194894517348400e-09 2.340085810355394872e-17
2.109021402067756679e-07 1.952438939642055958e-09 -1.394188709917877919e-17
2.259775131081831478e-07 1.797260265968509691e-09 -1.703177292812003109e-17
2.422240414461096503e-07 1.647059668994216902e-09 9.208706547801399478e-18
2.597374238674787783e-07 1.502964920629248230e-09 3.342671661122239872e-18
2.786215180620998932e-07 1.365842153321653737e-09 1.374744293893577679e-17
2.989892953011996646e-07 1.236314034440470764e-09 4.060168332349158184e-18
3.209638478399168271e-07 1.114784407145154603e-09 -8.389030666334676395e-18
3.446795183749407077e-07 1.001463972756316635e-09 -1.385090265974353706e-17
3.702831475986545495e-07 8.963987406367803837e-10 8.902519244368578193e-18
3.979354120907385717e-07 7.994969135329840051e-10 -2.799463180311049493e-18
4.278123598502880931e-07 7.105558609785532569e-10 9.665281839957917952e-18
4.601070613431679224e-07 6.292859789309301517e-10 1.690674271853172823e-17
4.950314781912434903e-07 5.553329950054107824e-10 -3.494698312291054833e-17
5.328185565360576970e-07 4.882966502307699765e-10 1.958998341149243737e-17
5.737245345749375502e-07 4.277478230520099501e-10 3.386704770996050457e-17
6.180315826574689364e-07 3.732416195750665917e-10 -3.506913262622917524e-17
6.660507274047766657e-07 3.243290408084194530e-10 -7.315432526642693080e-18
7.181251906011876240e-07 2.805661695308488955e-10 2.510492456753412706e-17
7.746341593485583932e-07 2.415205268104001325e-10 -2.255163667866863279e-17
8.359970390080240232e-07 2.067767542507241912e-10 -9.806362888245482168e-18
9.026783328834608877e-07 1.759400668230100080e-10 3.496332609217906763e-17
9.751931651057199613e-07 1.486388965916404153e-10 -2.419609989873199374e-17
1.054113620318347655e-06 1.245262195557985286e-10 1.154322536252505079e-17
1.140076011832413805e-06 1.032798594738753654e-10 -1.795223464179150000e-17
1.233789214717673222e-06 8.460328240778961671e-11 1.856158077938929157e-17
1.336044303353739471e-06 6.822400592134018733e-11 2.607955953197313493e-17
1.447725664655008515e-06 5.389357546792863739e-11 -4.470382409878076655e-17
1.569823923477930983e-06 4.138618651363656775e-11 7.475532358029516724e-18
1.703450978180615083e-06 3.049701230259988888e-11 6.403774861433099571e-18
1.849857548853056644e-06 2.104139700237831013e-11 -7.700584327034785796e-18
2.010453806586265380e-06 1.285303159571956482e-11 -7.970319623346753734e-18
2.186833625877904197e-06 5.782613977340190088e-12 8.807698769092421440e-18
2.380803289424304747e-06 -3.035018758404554287e-13 2.638844652378709386e-18
2.594415617757084291e-06 -5.524822799603705645e-12 5.780932221954851436e-18
2.830010688192191592e-06 -9.988158301940845972e-12 2.106044636717019145e-17
3.090264759066096989e-06 -1.378814401702541885e-11 -2.576227397010513379e-17
3.378249285861112394e-06 -1.700921994590069813e-11 -5.440799036091189213e-18
3.697502633237537140e-06 -1.972634507358169245e-11 -5.411017004109031743e-19
4.052117716056569119e-06 -2.200597504238594289e-11 -7.299596871389428157e-18
4.446849819414455673e-06 -2.390687014751968841e-11 1.335461880118541498e-17
4.887250332603898517e-06 -2.548134430056719004e-11 -4.130776492284446076e-18
5.379833822680840649e-06 -2.677526945938887937e-11 3.275952321596088177e-18
5.932288660970286287e-06 -2.782949840620736082e-11 -9.169917855063502338e-18
6.553744982477904824e-06 -2.868021621207868535e-11 1.432553125192131110e-17
7.255119019049238727e-06 -2.935931469745221699e-11 -1.098308946329594553e-17
8.049560533789079653e-06 -2.989515327423416260e-11 5.290191466778743921e-18
8.953041098741509884e-06 -3.031286426099344418e-11 1.410329930531132700e-18
9.985137819818606930e-06 -3.063482783116049162e-11 3.174577904325218384e-18
1.117009253731940377e-05 -3.088138769305736713e-11 5.975763327440562273e-18
1.253826608449068458e-05 -3.107054981681107897e-11 -5.776369307674238933e-18
1.412817044621136886e-05 -3.121891134034725772e-11 1.175927939255466439e-17
1.598936413577459192e-05 -3.134182577140307936e-11 -3.191002048472573357e-17
1.818666891527376261e-05 -3.145389106508942952e-11 7.998436672489866927e-18
2.080646438609029536e-05 -3.156881685260852151e-11 -1.154847693118044282e-18
2.396633877068191087e-05 -3.170128561069487340e-11 3.765064575924872022e-18
2.783045212080212383e-05 -3.186392392343977868e-11 -9.209961262559768354e-19
3.263434308592438882e-05 -3.207833551495129547e-11 4.781934751060398862e-18
3.873018557321028510e-05 -3.234642160087575075e-11 -8.329801711631702685e-19
4.665315988510929102e-05 -3.273607828338929183e-11 -1.529078153905280430e-19
5.733850741085344538e-05 -3.314916890815670359e-11 5.687374578494290501e-18
7.207237751097675393e-05 -3.397624633363599728e-11 8.825086984151414183e-18
9.540954547395882890e-05 -3.430911163508362483e-11 -1.164901880703119823e-17
1.260015303126624242e-04 -3.689812468814912855e-11 7.636270383940219548e-18
2.427747577517513911e-04 -3.465753607698633199e-11 -1.687085251270576756e-17
2.996429106538189835e-04 -4.775241010005170701e-11 1.364854665894762910e-17
4.141694931529479873e-03 -2.324948426830028057e-11 -9.398494396746592475e-18
2.797605513261341645e-02 -1.222676865702080923e-10 3.038758347918867022e-18
