1.311588477545962118e-04 -3.942503283642454583e-10 -0.000000000000000000e+00
1.315235620748192859e-04 -3.943011241074018293e-10 -0.000000000000000000e+00
1.590901192746558765e-04 -3.943468832878999837e-10 -0.000000000000000000e+00
4.385299739365751891e-05 -3.943881404492007485e-10 -0.000000000000000000e+00
1.020273497398215363e-05 -3.944253699237555620e-10 -0.000000000000000000e+00
3.141582905794041561e-06 -3.944589929041182714e-10 -0.000000000000000000e+00
1.170943947183441448e-06 -3.944893836590368811e-10 -0.000000000000000000e+00
5.010908505671310243e-07 -3.945168749989360751e-10 -0.000000000000000000e+00
2.380422386998387362e-07 -3.945417630826338748e-10 -0.000000000000000000e+00
1.227052760382358692e-07 -3.945643116460021504e-10 -0.000000000000000000e+00
6.753992675924100398e-08 -3.945847557234182309e-10 -0.000000000000000000e+00
3.923134471434687009e-08 -3.946033049241629969e-10 -0.000000000000000000e+00
2.383565550392019771e-08 -3.946201463182548425e-10 -0.000000000000000000e+00
1.504409461182304069e-08 -3.946354469794718156e-10 -0.000000000000000000e+00
9.810792235977414314e-09 -3.946493562273951996e-10 -0.000000000000000000e+00
6.582019498108464824e-09 -3.946620076051148644e-10 -0.000000000000000000e+00
4.526871761638787984e-09 -3.946735206246818956e-10 -0.000000000000000000e+00
3.182402858142733039e-09 -3.946840023084112387e-10 -0.000000000000000000e+00
2.281243912966207347e-09 -3.946935485506367781e-10 -0.000000000000000000e+00
1.663999052342119459e-09 -3.947022453214759529e-10 -0.000000000000000000e+00
1.232918712271948705e-09 -3.947101697314766562e-10 -0.000000000000000000e+00
9.265208899299490270e-10 -3.947173909736873406e-10 -0.000000000000000000e+00
7.052424539823597212e-10 -3.947239711576409854e-10 -0.000000000000000000e+00
5.430930566365475753e-10 -3.947299660479519023e-10 -0.000000000000000000e+00
4.226743652629990825e-10 -3.947354257186607337e-10 -0.000000000000000000e+00
3.321374226019722907e-10 -3.947403951330869245e-10 -0.000000000000000000e+00
2.632840043363466867e-10 -3.947449146577494710e-10 -0.000000000000000000e+00
2.103584615841580970e-10 -3.947490205178609560e-10 -0.000000000000000000e+00
1.692649750977128569e-10 -3.947527452009775742e-10 -0.000000000000000000e+00
1.370519988083720870e-10 -3.947561178145787646e-10 -0.000000000000000000e+00
1.115673295390293494e-10 -3.947591644026339350e-10 -0.000000000000000000e+00
9.122410421097868381e-11 -3.947619082255932770e-10 -0.000000000000000000e+00
7.483981018033690596e-11 -3.947643700076791486e-10 -0.000000000000000000e+00
6.152421006819938556e-11 -3.947665681548777891e-10 -0.000000000000000000e+00
5.060030994273235688e-11 -3.947685189465912763e-10 -0.000000000000000000e+00
4.154802301524451603e-11 -3.947702367035325475e-10 -0.000000000000000000e+00
3.396355494590069669e-11 -3.947717339341045726e-10 -0.000000000000000000e+00
2.752977382449180285e-11 -3.947730214612026444e-10 -0.000000000000000000e+00
2.199436087271888558e-11 -3.947741085311043311e-10 -0.000000000000000000e+00
1.715346351715878855e-11 -3.947750029058687560e-10 -0.000000000000000000e+00
1.283927796638639888e-11 -3.947757109404417730e-10 -0.000000000000000000e+00
8.910459210772332650e-12 -3.947762376454600163e-10 -0.000000000000000000e+00
5.244488904232508078e-12 -3.947765867365613086e-10 -0.000000000000000000e+00
1.731431992351045091e-12 -3.947767606708278086e-10 -0.000000000000000000e+00
-1.731433739457886791e-12 -3.947767606708278086e-10 -0.000000000000000000e+00
-5.244491230763640929e-12 -3.947765867365613086e-10 -0.000000000000000000e+00
-8.910455166548343506e-12 -3.947762376454600163e-10 -0.000000000000000000e+00
-1.283927783236088979e-11 -3.947757109404416696e-10 -0.000000000000000000e+00
-1.715346198689755789e-11 -3.947750029058687560e-10 -0.000000000000000000e+00
-2.199436222857758207e-11 -3.947741085311043311e-10 -0.000000000000000000e+00
-2.752977516717731205e-11 -3.947730214612026961e-10 -0.000000000000000000e+00
-3.396355402456530095e-11 -3.947717339341046760e-10 -0.000000000000000000e+00
-4.154802294875080762e-11 -3.947702367035326509e-10 -0.000000000000000000e+00
-5.060030614462902167e-11 -3.947685189465913280e-10 -0.000000000000000000e+00
-6.152421476513100379e-11 -3.947665681548778925e-10 -0.000000000000000000e+00
-7.483981120449248682e-11 -3.947643700076792003e-10 -0.000000000000000000e+00
-9.122410569484260428e-11 -3.947619082255933804e-10 -0.000000000000000000e+00
-1.115673265224136221e-10 -3.947591644026340384e-10 -0.000000000000000000e+00
-1.370519938278251038e-10 -3.947561178145786612e-10 -0.000000000000000000e+00
-1.692649776560500134e-10 -3.947527452009776259e-10 -0.000000000000000000e+00
-2.103584653121425725e-10 -3.947490205178608526e-10 -0.000000000000000000e+00
-2.632840092751319315e-10 -3.947449146577495227e-10 -0.000000000000000000e+00
-3.321374184970171049e-10 -3.947403951330869762e-10 -0.000000000000000000e+00
-4.226743604209884893e-10 -3.947354257186607337e-10 -0.000000000000000000e+00
-5.430930554230872652e-10 -3.947299660479520057e-10 -0.000000000000000000e+00
-7.052424565617790490e-10 -3.947239711576410371e-10 -0.000000000000000000e+00
-9.265208944586049926e-10 -3.947173909736873406e-10 -0.000000000000000000e+00
-1.232918710162553564e-09 -3.947101697314765011e-10 -0.000000000000000000e+00
-1.663999048107116437e-09 -3.947022453214758495e-10 -0.000000000000000000e+00
-2.281243909241468470e-09 -3.946935485506367781e-10 -0.000000000000000000e+00
-3.182402863876066207e-09 -3.946840023084112387e-10 -0.000000000000000000e+00
-4.526871764548794489e-09 -3.946735206246818439e-10 -0.000000000000000000e+00
-6.582019499981645927e-09 -3.946620076051147610e-10 -0.000000000000000000e+00
-9.810792229819100975e-09 -3.946493562273953030e-10 -0.000000000000000000e+00
-1.504409461271627994e-08 -3.946354469794718156e-10 -0.000000000000000000e+00
-2.383565550551555118e-08 -3.946201463182548425e-10 -0.000000000000000000e+00
-3.923134472005444279e-08 -3.946033049241629452e-10 -0.000000000000000000e+00
-6.753992675555625184e-08 -3.945847557234181792e-10 -0.000000000000000000e+00
-1.227052760322908626e-07 -3.945643116460019953e-10 -0.000000000000000000e+00
-2.380422386992880853e-07 -3.945417630826338231e-10 -0.000000000000000000e+00
-5.010908505687932206e-07 -3.945168749989360234e-10 -0.000000000000000000e+00
-1.170943947189522298e-06 -3.944893836590367777e-10 -0.000000000000000000e+00
-3.141582905790836388e-06 -3.944589929041181680e-10 -0.000000000000000000e+00
-1.020273497397971587e-05 -3.944253699237554586e-10 -0.000000000000000000e+00
-4.385299739365751891e-05 -3.943881404492006451e-10 -0.000000000000000000e+00
-1.590901192746582617e-04 -3.943468832878999837e-10 -0.000000000000000000e+00
-1.315235620748204785e-04 -3.943011241074017259e-10 -0.000000000000000000e+00
-1.311588477545946397e-04 -3.942503283642454066e-10 -0.000000000000000000e+00
-1.311588480528972549e-04 6.172441724182570149e-13 -0.000000000000000000e+00
-1.315235625783858753e-04 6.799903285294205377e-13 -0.000000000000000000e+00
-1.590901199870673973e-04 7.498155309795640172e-13 -0.000000000000000000e+00
-4.385299832022615518e-05 8.275874062969218281e-13 -0.000000000000000000e+00
-1.020273612179435238e-05 9.142866800518135725e-13 -0.000000000000000000e+00
-3.141584283779399454e-06 1.011022485249634231e-12 -0.000000000000000000e+00
-1.170945566196402796e-06 1.119049753455314384e-12 -0.000000000000000000e+00
-5.010927234659487216e-07 1.239788957931102741e-12 -0.000000000000000000e+00
-2.380443805346307711e-07 1.374848506800840986e-12 -0.000000000000000000e+00
-1.227077041386912170e-07 1.526050113944981950e-12 -0.000000000000000000e+00
-6.754266094325289453e-08 1.695457505205655499e-12 -0.000000000000000000e+00
-3.923440743039571772e-08 1.885408846420184738e-12 -0.000000000000000000e+00
-2.383907203912434170e-08 2.098553306240351178e-12 -0.000000000000000000e+00
-1.504789337948041766e-08 2.337892188508200585e-12 -0.000000000000000000e+00
-9.815004976043185650e-09 2.606825083318404601e-12 -0.000000000000000000e+00
-6.586681607527923365e-09 2.909201489107735596e-12 -0.000000000000000000e+00
-4.532022527044805166e-09 3.249378345431968466e-12 -0.000000000000000000e+00
-3.188085851139329438e-09 3.632283881526141774e-12 -0.000000000000000000e+00
-2.287507304352063204e-09 4.063488121850982189e-12 -0.000000000000000000e+00
-1.670896027745502268e-09 4.549280287506845185e-12 -0.000000000000000000e+00
-1.240507834597449931e-09 5.096753180734282055e-12 -0.000000000000000000e+00
-9.348665011939378341e-10 5.713894425898493972e-12 -0.000000000000000000e+00
-7.144151448068664411e-10 6.409684149676847616e-12 -0.000000000000000000e+00
-5.531700504691065113e-10 7.194198299290800878e-12 -0.000000000000000000e+00
-4.337400050552567144e-10 8.078716303061403542e-12 -0.000000000000000000e+00
-3.442835222188214576e-10 9.075831154610140863e-12 -0.000000000000000000e+00
-2.766103240015039127e-10 1.019955923418701136e-11 -0.000000000000000000e+00
-2.249730186416267049e-10 1.146544625475606884e-11 -0.000000000000000000e+00
-1.852844213565293116e-10 1.289066462980379180e-11 -0.000000000000000000e+00
-1.546018279351559255e-10 1.449409630783272114e-11 -0.000000000000000000e+00
-1.307820750628620838e-10 1.629639372385260630e-11 -0.000000000000000000e+00
-1.122474381118830354e-10 1.832001002074861116e-11 -0.000000000000000000e+00
-9.782448698375491271e-11 2.058918816084854642e-11 -0.000000000000000000e+00
-8.663195373215120739e-11 2.312989708262042861e-11 -0.000000000000000000e+00
-7.800147025810356149e-11 2.596970180224610973e-11 -0.000000000000000000e+00
-7.142122923701418302e-11 2.913755350260173059e-11 -0.000000000000000000e+00
-6.649518135030101799e-11 3.266348542552714506e-11 -0.000000000000000000e+00
-6.291339998330724047e-11 3.657820105839196540e-11 -0.000000000000000000e+00
-6.043018970282684576e-11 4.091254297774704356e-11 -0.000000000000000000e+00
-5.884786435522370910e-11 4.569683407372526621e-11 -0.000000000000000000e+00
-5.800459332292278270e-11 5.096008797991213538e-11 -0.000000000000000000e+00
-5.776529825274902778e-11 5.672909253285102283e-11 -0.000000000000000000e+00
-5.801470677349061091e-11 6.302737898687254695e-11 -0.000000000000000000e+00
-5.865224858029800357e-11 6.987410029743216509e-11 -0.000000000000000000e+00
-5.958816366045261864e-11 7.728285356512436868e-11 -0.000000000000000000e+00
-6.074078899146867722e-11 8.526049389257060197e-11 -0.000000000000000000e+00
-6.203469170693726195e-11 9.380599832137211487e-11 -0.000000000000000000e+00
-6.339949703924530880e-11 1.029094477987124233e-10 -0.000000000000000000e+00
-6.476928605911646690e-11 1.125512007432513098e-10 -0.000000000000000000e+00
-6.608253573992571363e-11 1.227013322510317578e-10 -0.000000000000000000e+00
-6.728238493572542934e-11 1.333194070977635315e-10 -0.000000000000000000e+00
-6.831726066461011313e-11 1.443546417856784360e-10 -0.000000000000000000e+00
-6.914155837115962534e-11 1.557464910524767537e-10 -0.000000000000000000e+00
-6.971648404513589096e-11 1.674256685283171204e-10 -0.000000000000000000e+00
-7.001073101198999699e-11 1.793155815545711015e-10 -0.000000000000000000e+00
-7.000122616114947942e-11 1.913341293171760459e-10 -0.000000000000000000e+00
-6.967347921893788213e-11 2.033957846291953588e-10 -0.000000000000000000e+00
-6.902174546585659574e-11 2.154138561915321316e-10 -0.000000000000000000e+00
-6.804884411621054464e-11 2.273028127811023106e-10 -0.000000000000000000e+00
-6.676563137271522548e-11 2.389805454648322674e-10 -0.000000000000000000e+00
-6.519033427387260756e-11 2.503704492881056934e-10 -0.000000000000000000e+00
-6.334746621286715380e-11 2.614032212652205370e-10 -0.000000000000000000e+00
-6.126665404744364798e-11 2.720182950043605983e-10 -0.000000000000000000e+00
-5.898121707149956401e-11 2.821648611170615335e-10 -0.000000000000000000e+00
-5.652687980731356852e-11 2.918024534222133061e-10 -0.000000000000000000e+00
-5.394040622142689097e-11 3.009011106260226925e-10 -0.000000000000000000e+00
-5.125843031672528290e-11 3.094411488899580732e-10 -0.000000000000000000e+00
-4.851632820222052525e-11 3.174126005283358129e-10 -0.000000000000000000e+00
-4.574727506049870487e-11 3.248143869842139494e-10 -0.000000000000000000e+00
-4.298161280497619281e-11 3.316533001153115672e-10 -0.000000000000000000e+00
-4.024632898845856586e-11 3.379428653491469050e-10 -0.000000000000000000e+00
-3.756483381225339089e-11 3.437021546448776592e-10 -0.000000000000000000e+00
-3.495677020982291640e-11 3.489546079150796657e-10 -0.000000000000000000e+00
-3.243805688195889947e-11 3.537269101436046186e-10 -0.000000000000000000e+00
-3.002102077998012700e-11 3.580479592732273061e-10 -0.000000000000000000e+00
-2.771469926113897307e-11 3.619479481551016956e-10 -0.000000000000000000e+00
-2.552514559281782382e-11 3.654575732614401119e-10 -0.000000000000000000e+00
-2.345574851549168129e-11 3.686073739577871932e-10 -0.000000000000000000e+00
-2.150756547878520718e-11 3.714271991277911028e-10 -0.000000000000000000e+00
-1.967968833975032706e-11 3.739457928377376466e-10 -0.000000000000000000e+00
-1.796961659847873284e-11 3.761904873620178685e-10 -0.000000000000000000e+00
-1.637358868681282936e-11 3.781869900129798555e-10 -0.000000000000000000e+00
-1.488684660729367008e-11 3.799592495367286242e-10 -0.000000000000000000e+00
-1.350383859588406029e-11 3.815293880554079262e-10 -0.000000000000000000e+00
-1.221848110821526995e-11 3.829176853849961029e-10 -0.000000000000000000e+00
-1.102433661902018163e-11 3.841426038029708078e-10 -0.000000000000000000e+00
-9.914806087729765975e-12 3.852208427944253429e-10 -0.000000000000000000e+00
-8.883206767114781083e-12 3.861674148252119641e-10 -0.000000000000000000e+00
-7.922840952359550809e-12 3.869957346739883020e-10 -0.000000000000000000e+00
-7.027081652200656793e-12 3.877177162338743384e-10 -0.000000000000000000e+00
-6.189447769965683042e-12 3.883438719288085835e-10 -0.000000000000000000e+00
-5.403662530681842904e-12 3.888834109608025379e-10 -0.000000000000000000e+00
-4.663609083001312439e-12 3.893443335086183759e-10 -0.000000000000000000e+00
-3.963354985482834573e-12 3.897335187426997095e-10 -0.000000000000000000e+00
-3.297153968792739964e-12 3.900568051186534550e-10 -0.000000000000000000e+00
-2.659426716948175284e-12 3.903190618788852396e-10 -0.000000000000000000e+00
-2.044782475796411263e-12 3.905242510471234107e-10 -0.000000000000000000e+00
-1.447940446018787229e-12 3.906754794615537242e-10 -0.000000000000000000e+00
-8.637300688264581008e-13 3.907750405762280248e-10 -0.000000000000000000e+00
-2.870686114812663542e-13 3.908244458831253718e-10 -0.000000000000000000e+00
2.870762435199343611e-13 3.908244458831253201e-10 -0.000000000000000000e+00
8.637267402878699123e-13 3.907750405762280765e-10 -0.000000000000000000e+00
1.447932450236839290e-12 3.906754794615538275e-10 -0.000000000000000000e+00
2.044780755322793066e-12 3.905242510471234107e-10 -0.000000000000000000e+00
2.659424622000566596e-12 3.903190618788854464e-10 -0.000000000000000000e+00
3.297152653552131509e-12 3.900568051186535067e-10 -0.000000000000000000e+00
3.963359981979960209e-12 3.897335187426996578e-10 -0.000000000000000000e+00
4.663618199340579981e-12 3.893443335086184793e-10 -0.000000000000000000e+00
5.403672014657747567e-12 3.888834109608025896e-10 -0.000000000000000000e+00
6.189441169754758677e-12 3.883438719288085835e-10 -0.000000000000000000e+00
7.027065657011751335e-12 3.877177162338743384e-10 -0.000000000000000000e+00
7.922833556366356110e-12 3.869957346739883020e-10 -0.000000000000000000e+00
8.883221148791963345e-12 3.861674148252119641e-10 -0.000000000000000000e+00
9.914820485602785972e-12 3.852208427944253429e-10 -0.000000000000000000e+00
1.102432933347781464e-11 3.841426038029708078e-10 -0.000000000000000000e+00
1.221846618803348904e-11 3.829176853849959995e-10 -0.000000000000000000e+00
1.350383418353886047e-11 3.815293880554078745e-10 -0.000000000000000000e+00
1.488686184675275639e-11 3.799592495367285725e-10 -0.000000000000000000e+00
1.637360401480694364e-11 3.781869900129798555e-10 -0.000000000000000000e+00
1.796960823021786459e-11 3.761904873620178685e-10 -0.000000000000000000e+00
1.967967154345889763e-11 3.739457928377375949e-10 -0.000000000000000000e+00
2.150755662961986124e-11 3.714271991277911545e-10 -0.000000000000000000e+00
2.345576565438463789e-11 3.686073739577869864e-10 -0.000000000000000000e+00
2.552515817054798673e-11 3.654575732614402153e-10 -0.000000000000000000e+00
2.771469441321994505e-11 3.619479481551017473e-10 -0.000000000000000000e+00
3.002100501023240701e-11 3.580479592732273061e-10 -0.000000000000000000e+00
3.243805011472891567e-11 3.537269101436046186e-10 -0.000000000000000000e+00
3.495678685170440517e-11 3.489546079150795106e-10 -0.000000000000000000e+00
3.756484613739536207e-11 3.437021546448776075e-10 -0.000000000000000000e+00
4.024632398196106572e-11 3.379428653491469567e-10 -0.000000000000000000e+00
4.298159455657552468e-11 3.316533001153115672e-10 -0.000000000000000000e+00
4.574726995859121374e-11 3.248143869842139494e-10 -0.000000000000000000e+00
4.851633915983275325e-11 3.174126005283357095e-10 -0.000000000000000000e+00
5.125844538144595125e-11 3.094411488899579698e-10 -0.000000000000000000e+00
5.394040090729683682e-11 3.009011106260226408e-10 -0.000000000000000000e+00
5.652686319282080531e-11 2.918024534222133061e-10 -0.000000000000000000e+00
5.898121586560581098e-11 2.821648611170615335e-10 -0.000000000000000000e+00
6.126666464780387186e-11 2.720182950043603398e-10 -0.000000000000000000e+00
6.334748514587748403e-11 2.614032212652201234e-10 -0.000000000000000000e+00
6.519032178913592118e-11 2.503704492881055900e-10 -0.000000000000000000e+00
6.676561674778217747e-11 2.389805454648320606e-10 -0.000000000000000000e+00
6.804883212721971713e-11 2.273028127811021296e-10 -0.000000000000000000e+00
6.902176382426389722e-11 2.154138561915315888e-10 -0.000000000000000000e+00
6.967349403573204818e-11 2.033957846291948419e-10 -0.000000000000000000e+00
7.000122109853083787e-11 1.913341293171757874e-10 -0.000000000000000000e+00
7.001072536234914036e-11 1.793155815545708947e-10 -0.000000000000000000e+00
6.971647313141413769e-11 1.674256685283168620e-10 -0.000000000000000000e+00
6.914157666844995054e-11 1.557464910524762368e-10 -0.000000000000000000e+00
6.831726129413219600e-11 1.443546417856782033e-10 -0.000000000000000000e+00
6.728237935545125387e-11 1.333194070977633247e-10 -0.000000000000000000e+00
6.608252255552502697e-11 1.227013322510316027e-10 -0.000000000000000000e+00
6.476928763369713005e-11 1.125512007432511676e-10 -0.000000000000000000e+00
6.339950687548221655e-11 1.029094477987120873e-10 -0.000000000000000000e+00
6.203469656791704533e-11 9.380599832137197270e-11 -0.000000000000000000e+00
6.074077889580080043e-11 8.526049389257047272e-11 -0.000000000000000000e+00
5.958815798218598784e-11 7.728285356512421358e-11 -0.000000000000000000e+00
5.865224975720534461e-11 6.987410029743202292e-11 -0.000000000000000000e+00
5.801472075317537980e-11 6.302737898687227553e-11 -0.000000000000000000e+00
5.776529913645206773e-11 5.672909253285092589e-11 -0.000000000000000000e+00
5.800459089452855310e-11 5.096008797991204490e-11 -0.000000000000000000e+00
5.884785437095281409e-11 4.569683407372517574e-11 -0.000000000000000000e+00
6.043019128131405030e-11 4.091254297774697894e-11 -0.000000000000000000e+00
6.291340663529886096e-11 3.657820105839183615e-11 -0.000000000000000000e+00
6.649518291485304679e-11 3.266348542552707397e-11 -0.000000000000000000e+00
7.142121928000683788e-11 2.913755350260166597e-11 -0.000000000000000000e+00
7.800146781319476142e-11 2.596970180224606449e-11 -0.000000000000000000e+00
8.663195462222078510e-11 2.312989708262038337e-11 -0.000000000000000000e+00
9.782450036781052947e-11 2.058918816084844948e-11 -0.000000000000000000e+00
1.122474395620537441e-10 1.832001002074856915e-11 -0.000000000000000000e+00
1.307820659566297088e-10 1.629639372385257722e-11 -0.000000000000000000e+00
1.546018257633020305e-10 1.449409630783268883e-11 -0.000000000000000000e+00
1.852844213350799496e-10 1.289066462980375949e-11 -0.000000000000000000e+00
2.249730320120115852e-10 1.146544625475601391e-11 -0.000000000000000000e+00
2.766103176133575105e-10 1.019955923418700813e-11 -0.000000000000000000e+00
3.442835198141911835e-10 9.075831154610121476e-12 -0.000000000000000000e+00
4.337399936240462850e-10 8.078716303061387386e-12 -0.000000000000000000e+00
5.531700589219569337e-10 7.194198299290787954e-12 -0.000000000000000000e+00
7.144151451720530331e-10 6.409684149676827421e-12 -0.000000000000000000e+00
9.348665041680462878e-10 5.713894425898481855e-12 -0.000000000000000000e+00
1.240507824573443037e-09 5.096753180734273977e-12 -0.000000000000000000e+00
1.670896030979206882e-09 4.549280287506831452e-12 -0.000000000000000000e+00
2.287507312845612464e-09 4.063488121850975726e-12 -0.000000000000000000e+00
3.188085852949460767e-09 3.632283881526126426e-12 -0.000000000000000000e+00
4.532022526036314835e-09 3.249378345431962811e-12 -0.000000000000000000e+00
6.586681592035492236e-09 2.909201489107735596e-12 -0.000000000000000000e+00
9.815004987228586591e-09 2.606825083318393696e-12 -0.000000000000000000e+00
1.504789337942476164e-08 2.337892188508197758e-12 -0.000000000000000000e+00
2.383907205020563368e-08 2.098553306240343100e-12 -0.000000000000000000e+00
3.923440741417396476e-08 1.885408846420183930e-12 -0.000000000000000000e+00
6.754266094777493874e-08 1.695457505205653075e-12 -0.000000000000000000e+00
1.227077041390284949e-07 1.526050113944975488e-12 -0.000000000000000000e+00
2.380443805430958066e-07 1.374848506800838764e-12 -0.000000000000000000e+00
5.010927234630497514e-07 1.239788957931100721e-12 -0.000000000000000000e+00
1.170945566186381337e-06 1.119049753455312769e-12 -0.000000000000000000e+00
3.141584283780899973e-06 1.011022485249633020e-12 -0.000000000000000000e+00
1.020273612180094060e-05 9.142866800518109471e-13 -0.000000000000000000e+00
4.385299832022626361e-05 8.275874062969205155e-13 -0.000000000000000000e+00
1.590901199870689423e-04 7.498155309795628055e-13 -0.000000000000000000e+00
1.315235625783803188e-04 6.799903285294193260e-13 -0.000000000000000000e+00
1.311588480528979867e-04 6.172441724182559042e-13 -0.000000000000000000e+00
