2.790874799895395539e-02 -1.745150314499649793e-04 2.475934956297341499e-18
4.156637167984360282e-03 -7.244025563162783570e-05 5.899159480969812170e-18
3.000774771925417139e-04 -9.702377280189846570e-05 -2.732872724389528377e-18
2.420062689958285551e-04 -9.131448303061986981e-05 -9.923685678279625576e-19
1.218655142328772811e-04 -9.460374518871465127e-05 1.047288354804635797e-17
8.804456519750231136e-05 -9.507724104379444653e-05 -1.130522931930668803e-17
6.140273519281494452e-05 -9.610375153858743665e-05 4.855447073873131919e-18
4.314701398247522413e-05 -9.668395036557383081e-05 -2.939443291291069420e-18
2.862970242871118454e-05 -9.715101534250286772e-05 2.159966634292658574e-18
1.640495353044321702e-05 -9.743346821264356982e-05 -2.576012771473244067e-18
5.346339812337813635e-06 -9.757489225904611907e-05 -1.260903071452912333e-18
-5.346339812226791333e-06 -9.757489225903771650e-05 -8.161563480274640791e-18
-1.640495353033566417e-05 -9.743346821265388329e-05 -9.201276995284455449e-18
-2.862970242882914573e-05 -9.715101534248419234e-05 -9.400240894327758687e-18
-4.314701398253420472e-05 -9.668395036559418671e-05 1.078754102247693424e-17
-6.140273519277678060e-05 -9.610375153857187835e-05 7.037200329089243849e-18
-8.804456519739822795e-05 -9.507724104380920523e-05 6.094717372248447964e-18
-1.218655142328772811e-04 -9.460374518869860507e-05 -3.788715874933715139e-19
-2.420062689961338664e-04 -9.131448303061401512e-05 2.834063942284124369e-18
-3.000774771923023221e-04 -9.702377280187909913e-05 -1.042448426840301468e-17
-4.156637167984481712e-03 -7.244025563165494075e-05 1.065352496095716423e-17
-2.790874799895393110e-02 -1.745150314499478218e-04 -4.145696463591894844e-18
-2.797605273270097059e-02 -8.532824961777713425e-12 -9.153113536350556248e-19
-4.141696021465756522e-03 -1.763109904605645614e-12 4.142784177947923594e-18
-2.996431712894882804e-04 -3.494606775177021444e-12 -2.503971529443185940e-18
-2.427753507537322442e-04 -2.672338853390235327e-12 -2.968656335405517866e-18
-1.260021428341404071e-04 -2.897606799356779004e-12 6.794030528781757255e-18
-9.541025370603598010e-05 -2.806211977033115781e-12 4.742518442884370635e-18
-7.207316347945455504e-05 -2.876318044030250132e-12 -2.148243213447475074e-18
-5.733937705076561087e-05 -2.924206407857204117e-12 1.280400579992985446e-17
-4.665411462108012830e-05 -3.011804706595094098e-12 2.094889469414405973e-18
-3.873122880180060457e-05 -3.114490959627166331e-12 5.383200509804167988e-18
-3.263547858673582214e-05 -3.240331393056817784e-12 -1.106259819324204303e-17
-2.783168439042874032e-05 -3.386722860254442501e-12 -4.854773068285111759e-18
-2.396767292526733040e-05 -3.555487495198773518e-12 -1.613570362219366694e-17
-2.080790616121666603e-05 -3.747657147876187704e-12 -4.843901866644274107e-18
-1.818822470154440873e-05 -3.964953990079450318e-12 -3.810238104204377790e-18
-1.599104097210410358e-05 -4.209474608964458075e-12 -1.689233104764678511e-17
-1.412997607268262623e-05 -4.483591195203966993e-12 9.832141237709160892e-18
-1.254020895890411991e-05 -4.790293959196995157e-12 2.999211938841181448e-18
-1.117218186857255047e-05 -5.132805949359838443e-12 3.849137956850392138e-18
-9.987383636819724408e-06 -5.514878126100854360e-12 4.430675039967501137e-18
-8.955454278234548093e-06 -5.941026799154226353e-12 4.410724128933905203e-19
-8.052152873749829354e-06 -6.416022057086273677e-12 -9.512064258763666634e-20
-7.257903298096141098e-06 -6.945640960169285771e-12 1.711259041905367766e-19
-6.556735023619669755e-06 -7.536213338456830837e-12 6.376309669845872557e-18
-5.935499422102946676e-06 -8.195034551982299029e-12 1.240093675015134245e-18
-5.383281473529677452e-06 -8.930465191002251272e-12 -1.214936052549600089e-17
-4.890952351923466557e-06 -9.751981428481720559e-12 -2.388253841249599805e-18
-4.450825102510214126e-06 -1.067031128112002494e-11 -5.321897476219981988e-19
-4.056386672071643495e-06 -1.169784617561874775e-11 4.847263890289061232e-19
-3.702087327712294540e-06 -1.284864031356933556e-11 -1.664826839400711902e-17
-3.383173564963648516e-06 -1.413879759230599864e-11 7.608509734765416755e-18
-3.095554401286865209e-06 -1.558680643344633665e-11 9.860843293617825070e-18
-2.835693566922287134e-06 -1.721378490325455039e-11 -6.544966721143467212e-18
-2.600521869462746327e-06 -1.904405429704127580e-11 1.413374076359975429e-18
-2.387365525911150366e-06 -2.110566268452528514e-11 1.839257481869487186e-17
-2.193887136851119246e-06 -2.343067703381399311e-11 -5.385186931848321767e-18
-2.018036799621841793e-06 -2.605645675743531001e-11 -5.831987020799100892e-18
-1.858011409047732876e-06 -2.902586478518764407e-11 -1.029495494130596137e-17
-1.712220551626508769e-06 -3.238870567576825122e-11 1.459244038805885850e-17
-1.579257841905629123e-06 -3.620273171791475312e-11 3.195944876152626245e-19
-1.457876689946180360e-06 -4.053494230188849318e-11 1.333918812727429801e-17
-1.346969722402363567e-06 -4.546336534704669028e-11 9.579429170165687898e-18
-1.245551272673756094e-06 -5.107895382557722904e-11 -4.152395703300524974e-18
-1.152742385317206963e-06 -5.748798348014061081e-11 1.263924300260405944e-17
-1.067757974163030532e-06 -6.481476824690510848e-11 2.802636351700697127e-19
-9.898957470909353074e-07 -7.320492540056700296e-11 3.466191145244836309e-19
-9.185266555342130879e-07 -8.282959553071884062e-11 -4.894375931405367372e-18
-8.530866457204244746e-07 -9.389003286044215637e-11 -8.725853793209114761e-18
-7.930694828767181903e-07 -1.066233906241232767e-10 -2.337180632268665873e-18
-7.380205433032971385e-07 -1.213096487696690931e-10 -2.154017242999418287e-18
-6.875314089264950024e-07 -1.382798800712479046e-10 2.938022178599686021e-18
-6.412351458741361032e-07 -1.579260682713039409e-10 -5.844371625798028011e-18
-5.988022422249994481e-07 -1.807130067993497902e-10 -6.206225752206379144e-19
-5.599370313871809834e-07 -2.071926203856552515e-10 -6.853669981505542790e-18
-5.243746327501797033e-07 -2.380205323709457781e-10 -9.284002221517301989e-18
-4.918782968398038857e-07 -2.739761725236842271e-10 2.356142099175010403e-17
-4.622371234976052623e-07 -3.159859861351309216e-10 -6.352290872303830695e-19
-4.352641532444356809e-07 -3.651502977614112598e-10 6.609815356475543049e-18
-4.107947801750000405e-07 -4.227734433476080036e-10 4.312517599421944769e-18
-3.886854582184351425e-07 -4.903966899802723852e-10 -7.027797407108241225e-18
-3.688127282325259770e-07 -5.698313923991435587e-10 3.353858669343620900e-18
-3.510725283574489541e-07 -6.631884343679130571e-10 3.920120963401493367e-18
-3.353798333459445669e-07 -7.728961613908780868e-10 -9.563395706534611191e-19
-3.216686277375535585e-07 -9.016898644153608757e-10 -1.169344455703322323e-17
-3.098922311296770093e-07 -1.052548306314474621e-09 -8.236334238178630135e-18
-3.000240597419989719e-07 -1.228524709138482609e-09 -8.040611518257056251e-18
-2.920588773637489144e-07 -1.432388184376825219e-09 -3.149594142920899619e-18
-2.860146683346387331e-07 -1.665917926918027250e-09 -3.551678914946724718e-18
-2.819352761945781438e-07 -1.928571828027482544e-09 -1.124599523272390891e-17
-2.798940368260727229e-07 -2.215026534774673440e-09 1.198341079379882498e-17
-2.799987523435798487e-07 -2.510665083841482578e-09 5.931370392767073034e-19
-2.823984993592654202e-07 -2.783301358938800018e-09 9.478606488856660701e-18
-2.872930832745201890e-07 -2.967906744519680018e-09 -8.236567226724380843e-19
-2.949463943045793624e-07 -2.938106074906389511e-09 6.282309657601368066e-18
-3.057057828548259693e-07 -2.452155494247093826e-09 -9.227689009031366321e-19
-3.200312308666852790e-07 -1.048548363804621154e-09 -9.877930845314096190e-18
-3.385412533189746664e-07 2.160471968291565537e-09 9.187467557774110710e-18
-3.620891792822933386e-07 8.908605232657411975e-09 -8.740438099386896846e-18
-3.918981372925955942e-07 2.265544271140132209e-08 -7.634696744745252246e-18
-4.298172943117961609e-07 5.049712110431329297e-08 -5.885084334339285634e-20
-4.788460521605586440e-07 1.074773434295135764e-07 -7.719467438269997223e-19
-5.442921188515692510e-07 2.267203543373571507e-07 1.157891692113647392e-17
-6.365216939571705090e-07 4.842336569483980845e-07 3.512642667181388197e-18
-7.779291043112646076e-07 1.061697885271866860e-06 9.391507013477194870e-18
-1.021214629651212569e-06 2.407228258177744594e-06 9.278847575523568794e-18
-1.496521588217197829e-06 5.626027757913241916e-06 -1.545163220456738997e-17
-2.509058279032139183e-06 1.321832828957217727e-05 1.133477813667725535e-18
-4.603116012854430172e-06 2.920426656990048858e-05 1.495288623810334831e-17
-7.863150681654967888e-06 5.380988131864500182e-05 4.038465085718045687e-18
-1.021401750835732036e-05 7.448678195850594016e-05 -6.336493787157904456e-18
-9.919647709893258947e-06 8.318718151304068352e-05 1.339310617292925912e-19
-8.306491865398696328e-06 8.706477489592632070e-05 -1.283023474877038396e-17
-6.598967148090800761e-06 8.998184552032391262e-05 -3.494784884036841887e-18
-5.155613985168006064e-06 9.228573154777480552e-05 -1.119775299220572807e-17
-3.998676593657685130e-06 9.402070427040510757e-05 -1.657211769602397675e-17
-3.052959361100893165e-06 9.527946417252115970e-05 -1.469747801266356460e-17
-2.252670332495571026e-06 9.616924599078422722e-05 4.150546804953518491e-19
-1.548965668431157017e-06 9.677295058429734016e-05 3.755631408664297553e-17
-9.066931705437042410e-07 9.714734389131457785e-05 3.432130998856283020e-17
-2.985730294738364599e-07 9.732655761004617282e-05 2.350112922212737529e-17
2.985730288528054555e-07 9.732655761007249183e-05 2.107296259830815963e-17
9.066931709669767692e-07 9.714734389133337521e-05 -2.047919277828271388e-17
1.548965668850960098e-06 9.677295058428293383e-05 -3.384781143740048757e-17
2.252670333071499220e-06 9.616924599076860116e-05 -3.433882288186509093e-17
3.052959360427820457e-06 9.527946417252278601e-05 2.443589544840061377e-18
3.998676593206657026e-06 9.402070427044545344e-05 1.179594361002753041e-18
5.155613986979057373e-06 9.228573154771520150e-05 -1.709129067195118865e-18
6.598967146571182996e-06 8.998184552037118383e-05 1.096780282801538926e-17
8.306491863698667322e-06 8.706477489590526008e-05 -6.800966145865833198e-19
9.919647710899398563e-06 8.318718151305569972e-05 7.323116879397508972e-18
1.021401750974509914e-05 7.448678195849685996e-05 -1.203183736722310667e-17
7.863150682584779672e-06 5.380988131864394473e-05 3.210861569571094527e-18
4.603116011338281854e-06 2.920426656988424927e-05 1.304141970977309950e-17
2.509058277522929759e-06 1.321832828962730387e-05 -4.045708006205850794e-18
1.496521588924965007e-06 5.626027757869152157e-06 -5.094651866818710970e-18
1.021214631104910842e-06 2.407228258168770279e-06 2.462398567961418128e-17
7.779291051925041334e-07 1.061697885278673616e-06 -5.602569805822766938e-18
6.365216921426497532e-07 4.842336569840339253e-07 -1.091920057432334695e-18
5.442921171480707976e-07 2.267203543022675403e-07 -2.741923863452918347e-17
4.788460533124150320e-07 1.074773434137363172e-07 -1.769060784236147504e-17
4.298172956614110252e-07 5.049712110557579557e-08 3.865428273617229256e-17
3.918981383958797249e-07 2.265544272327682989e-08 1.823093979691041573e-18
3.620891776238976956e-07 8.908605224120696295e-09 -5.720815892109805407e-18
3.385412514801677819e-07 2.160471967963710846e-09 8.034085659133002719e-18
3.200312320914000530e-07 -1.048548319083452061e-09 -2.276503017154120831e-17
3.057057841246435537e-07 -2.452155532753926293e-09 -3.216001768510450255e-17
2.949463952690856150e-07 -2.938106090191734319e-09 4.450427276435492228e-17
2.872930817618413180e-07 -2.967906733554163536e-09 2.583447786016355220e-17
2.823984975204585357e-07 -2.783301326417195001e-09 6.418673226397200770e-18
2.799987534468639794e-07 -2.510665097349619913e-09 -4.521991165448623698e-17
2.798940381826264812e-07 -2.215026543161093711e-09 1.174702077835098402e-17
2.819352771521455026e-07 -1.928571849926645893e-09 -2.462730864784459882e-17
2.860146665756291284e-07 -1.665917873527906076e-09 5.088490648313012656e-18
2.920588759759701336e-07 -1.432388228259914768e-09 2.046008303306792601e-17
3.000240606301773916e-07 -1.228524647202500446e-09 2.430504455294327678e-18
3.098922320490804516e-07 -1.052548323116034875e-09 -1.745553444925920025e-17
3.216686291392101271e-07 -9.016899431782216361e-10 2.510352331716135907e-17
3.353798316042821970e-07 -7.728960936965177942e-10 -3.086456430031613001e-17
3.510725262480252074e-07 -6.631885100924980686e-10 2.174526445611199524e-18
3.688127296654075682e-07 -5.698313270183495368e-10 3.703065174450308603e-17
3.886854594778443861e-07 -4.903966911392731918e-10 3.932242181504767931e-18
4.107947816842094646e-07 -4.227734444862452778e-10 -4.358705942766059089e-17
4.352641513605259860e-07 -3.651502876248488660e-10 -1.997307714072201349e-17
4.622371213604259399e-07 -3.159860087571053689e-10 9.884566898041672125e-18
4.918782980332936372e-07 -2.739761625609819632e-10 5.130067955386352743e-17
5.243746342177557640e-07 -2.380205027798969151e-10 -3.415163622938568922e-17
5.599370318937202384e-07 -2.071926301845567290e-10 -3.510372614401657491e-17
5.988022399386339067e-07 -1.807130129521466610e-10 3.721755155032872760e-17
6.412351461551613063e-07 -1.579260797582626730e-10 -1.288073221537990664e-17
6.875314091901729707e-07 -1.382798826597706653e-10 3.809185018740209828e-18
7.380205445765841699e-07 -1.213096517721246128e-10 1.702398986224894229e-17
7.930694830883544544e-07 -1.066234013077014503e-10 1.317117619315089073e-17
8.530866438712092492e-07 -9.389001736439500769e-11 -2.242056857555776917e-17
9.185266558811577831e-07 -8.282955232244695786e-11 1.889274086009819129e-17
9.898957476009440093e-07 -7.320496782918248770e-11 -1.959789522780613407e-18
1.067757974645283658e-06 -6.481473129085844695e-11 9.210458402487293298e-19
1.152742385757826726e-06 -5.748799869779516125e-11 9.057701875222305093e-18
1.245551270540046218e-06 -5.107897103660325927e-11 -6.502710083623463539e-18
1.346969722978291761e-06 -4.546335830960517653e-11 -8.006752400518993516e-18
1.457876690511700213e-06 -4.053495392477977983e-11 -9.507412045278387541e-18
1.579257842158898750e-06 -3.620269393424431702e-11 1.020139575595018564e-17
1.712220552067128532e-06 -3.238877168406262319e-11 1.701446942960310373e-17
1.858011407826487549e-06 -2.902584988149259706e-11 -2.250497514067917985e-17
2.018036799774497458e-06 -2.605643968224887997e-11 -6.058496465592025036e-18
2.193887137392352971e-06 -2.343069789486929180e-11 -8.172689914208660146e-18
2.387365526514834135e-06 -2.110565330026742504e-11 -6.981166529046540748e-18
2.600521869778466000e-06 -1.904406854022464208e-11 2.776387830599972040e-17
2.835693564681024403e-06 -1.721372673707539233e-11 -4.903461964587451765e-18
3.095554401564420965e-06 -1.558683805182218512e-11 2.040993166278170697e-17
3.383173565931624216e-06 -1.413879165233111888e-11 2.187549582486255844e-18
3.702087328305569969e-06 -1.284866418762339804e-11 -2.101557726271443177e-17
4.056386672134093541e-06 -1.169785867317970630e-11 -8.094351238757254684e-18
4.450825100182215222e-06 -1.067035343625284876e-11 -1.314011951511711911e-19
4.890952353255734186e-06 -9.751913960623668069e-12 8.422334137982505739e-18
5.383281473918255511e-06 -8.930462998794414157e-12 4.993250387066738035e-18
5.935499422255602342e-06 -8.195029942503756519e-12 -9.372098016169701645e-18
6.556735023886817171e-06 -7.536241563313618060e-12 -9.144109855691867572e-18
7.257903296736117893e-06 -6.945662020885304820e-12 2.227806513791741975e-18
8.052152874617191092e-06 -6.416015928636197549e-12 2.190040740855015903e-17
8.955454279018643104e-06 -5.940967041950170894e-12 -1.111981838545338077e-17
9.987383635761543088e-06 -5.514929313897966553e-12 -5.608913773399635994e-18
1.117218186974522354e-05 -5.132762154608720047e-12 -1.814015668575234283e-18
1.254020895629162635e-05 -4.790308678241173192e-12 -1.245216482193128069e-18
1.412997607390734101e-05 -4.483602156263082451e-12 4.648330853910690680e-18
1.599104097447373585e-05 -4.209449482314438777e-12 7.499271393216905794e-18
1.818822469917477647e-05 -3.964959760345225165e-12 -4.902514218399363318e-18
2.080790616215688615e-05 -3.747641442476217586e-12 6.296303627729891029e-18
2.396767292285606477e-05 -3.555522329006104681e-12 3.753378400795042819e-18
2.783168439292674212e-05 -3.386722879137024256e-12 -7.330869795354321071e-18
3.263547858780788125e-05 -3.240304412486460530e-12 4.400188327007024472e-18
3.873122879881688019e-05 -3.114523817371629852e-12 -6.809458909281674442e-18
4.665411462177748714e-05 -3.011768414224857866e-12 8.000418749195769310e-18
5.733937705138664187e-05 -2.924241265979541699e-12 -3.639974015813739386e-18
7.207316347969047743e-05 -2.876335254923223833e-12 -5.781826150924671116e-18
9.541025370666048055e-05 -2.806204203037724570e-12 -5.638390391105437261e-18
1.260021428325409920e-04 -2.897619771258033018e-12 -1.107354544295686453e-17
2.427753507545614420e-04 -2.672303721326109583e-12 8.621690487857353884e-18
2.996431712895507304e-04 -3.494627196436694564e-12 -4.756730194585120401e-19
4.141696021465558764e-03 -1.763086852973763287e-12 1.020129920553250912e-17
2.797605273270103998e-02 -8.532830441431603541e-12 7.126390632440041316e-19
