2.797755665768431738e-02 -2.543862069585300631e-08 -7.769147677871081032e-19
4.141008233518057163e-03 -4.134046839881339487e-09 -1.415791208597739568e-18
2.994748700756652560e-04 -9.893405726991326838e-09 8.897147590181137454e-18
2.423939706003575001e-04 -6.813153723237118613e-09 3.379116198183576833e-18
1.256044539599786292e-04 -7.429643929697714631e-09 7.375160896556753880e-18
9.494717856136161704e-05 -6.816759208909234912e-09 1.200830146186166396e-17
7.155519051966693911e-05 -6.773645475655832504e-09 -9.171683321319162210e-19
5.676171684635203385e-05 -6.592076508442923292e-09 -1.178912582117557074e-17
4.601472763035921454e-05 -6.515613175786755243e-09 -8.488430812386687441e-18
3.802667742100127035e-05 -6.441190987419161158e-09 -9.400673419185513782e-18
3.186190505873737200e-05 -6.397397038508127965e-09 -6.229020595682685384e-18
2.698458293542635444e-05 -6.366998041215484412e-09 3.748640921199608974e-18
2.304191515378403721e-05 -6.351024989701257056e-09 -1.042934391551230115e-18
1.979769300231373763e-05 -6.344982502498916884e-09 -9.733819312399287418e-18
1.708703988391457873e-05 -6.347155226295390438e-09 -5.937567858942337973e-18
1.479158989724574380e-05 -6.355417150267340929e-09 -4.316481594275918495e-18
1.282411324872098635e-05 -6.368241999321479191e-09 7.042708646487447201e-18
1.111885232579420957e-05 -6.384247721954992088e-09 6.172273813069409337e-18
9.625212812041511468e-06 -6.402291211493056082e-09 1.644707450916849911e-18
8.303530811052534100e-06 -6.421384682657371248e-09 6.565826995263098325e-18
7.122158980917003834e-06 -6.440688200721947793e-09 -1.774158848883178018e-17
6.055413054737585066e-06 -6.459483542498100093e-09 -6.802502565631162856e-18
5.082092682108518833e-06 -6.477161822009533386e-09 1.835103712868021044e-18
4.184393024738580769e-06 -6.493210486108934197e-09 3.335956025739546525e-18
3.347086479286304206e-06 -6.507204831759721119e-09 7.725792491916170160e-18
2.556893260789033784e-06 -6.518800413067019691e-09 1.313424022624137363e-17
1.801984749975199529e-06 -6.527727829635459239e-09 1.555395496017787494e-18
1.071579802242733637e-06 -6.533788318827869353e-09 9.631770585225399487e-20
3.556048096785280332e-07 -6.536851095576811902e-09 1.056670923016492366e-18
-3.556048097236308436e-07 -6.536851088029251206e-09 -1.505068793060502171e-19
-1.071579802097016865e-06 -6.533788367211393843e-09 7.189716171315803676e-18
-1.801984750280510861e-06 -6.527727814866075782e-09 -2.578378548539601222e-19
-2.556893260601683648e-06 -6.518800419179680932e-09 -4.681423352925190829e-18
-3.347086479026095684e-06 -6.507204824153876450e-09 -1.962766376739033574e-18
-4.184393025134097721e-06 -6.493210470259929495e-09 -3.517012663987847911e-18
-5.082092682014843765e-06 -6.477161854373030274e-09 -2.491658664109635179e-18
-6.055413054907587966e-06 -6.459483549211885065e-09 3.388199407947192789e-18
-7.122158980802512085e-06 -6.440688188866093805e-09 7.970198772958143044e-18
-8.303530810587628208e-06 -6.421384685268337073e-09 1.011745863018834652e-17
-9.625212812270494966e-06 -6.402291204876291124e-09 9.102748720250582885e-18
-1.111885232582890404e-05 -6.384247702551928956e-09 -2.090238077489441365e-18
-1.282411324901241989e-05 -6.368242007763472765e-09 -3.714937722002327909e-18
-1.479158989721104933e-05 -6.355417156077705706e-09 -8.338149303108745980e-18
-1.708703988355722569e-05 -6.347155234099144686e-09 -7.105516101847744868e-18
-1.979769300242822938e-05 -6.344982499353972887e-09 7.044567483225284166e-19
-2.304191515378403721e-05 -6.351024989577140260e-09 6.415471198450144692e-18
-2.698458293557554066e-05 -6.366998042233393022e-09 6.627226476357049649e-18
-3.186190505846328569e-05 -6.397397042293289904e-09 1.810709839627379477e-18
-3.802667742149740127e-05 -6.441190978854139358e-09 -5.928982790027696100e-18
-4.601472763014063938e-05 -6.515613201228528014e-09 -1.010704863419070234e-17
-5.676171684628264491e-05 -6.592076483193446852e-09 -4.973069821581784618e-18
-7.155519051965306132e-05 -6.773645463997601890e-09 -6.166260260222132632e-18
-9.494717856118814470e-05 -6.816759239886450712e-09 -5.297046242280921088e-18
-1.256044539603533294e-04 -7.429643935695961904e-09 2.338236275538800220e-18
-2.423939706002360694e-04 -6.813153703136702519e-09 3.867215087278881951e-18
-2.994748700760746507e-04 -9.893405729198314195e-09 -5.342670982739521930e-20
-4.141008233516981635e-03 -4.134046833866546948e-09 6.169946603473545482e-19
-2.797755665768492453e-02 -2.543862070000865252e-08 5.704936654032161706e-18
-2.797605406912419615e-02 -3.040203157712804786e-10 7.687779911404522954e-19
-4.141695389154369245e-03 -5.772474651236406772e-11 -5.249581117026401533e-18
-2.996429995891745912e-04 -1.189993844148976225e-10 -1.713554602399393794e-18
-2.427749683003056769e-04 -8.614652535195732280e-11 1.368431987982299444e-17
-1.260017295737457521e-04 -9.163669772595950910e-11 -3.795302807072285311e-19
-9.540976162092720814e-05 -8.493782458835248019e-11 -2.707851825705279124e-17
-7.207260067127602143e-05 -8.383324529180232243e-11 1.058267267987022445e-17
-5.733873717882545518e-05 -8.141897305199554911e-11 1.514566820712359782e-17
-4.665339405535151585e-05 -7.997104829384714348e-11 6.401298173072219377e-18
-3.873042261673051434e-05 -7.850502686579255706e-11 1.114812736889933065e-17
-3.263458150200987395e-05 -7.725943244452916991e-11 -8.011597860723882385e-18
-2.783069055263542868e-05 -7.605600526290977516e-11 -1.275576240336344688e-17
-2.396657594066348151e-05 -7.487961288772885024e-11 -1.325065494758737919e-17
-2.080669906322218932e-05 -7.366425691993724270e-11 1.437292899246150931e-18
-1.818689992625147078e-05 -7.236508057433448714e-11 1.341413511592067873e-17
-1.598959032719088347e-05 -7.092967619744855632e-11 -1.225606433589692074e-18
-1.412839070270843767e-05 -6.930642619255387784e-11 -1.021228081872328380e-17
-1.253847930479667916e-05 -6.743901760288859565e-11 6.024073124124985701e-18
-1.117029762737545284e-05 -6.526707266457302207e-11 1.761795815613703750e-17
-9.985333712832222819e-06 -6.272435221461117886e-11 -7.582717052815009411e-18
-8.953226734449704072e-06 -5.973758823715885535e-11 3.849576538971391013e-18
-8.049734877588893278e-06 -5.622555758917837451e-11 -4.753070152495985576e-19
-7.255281062178153828e-06 -5.209776603496603215e-11 7.169913998642675430e-18
-6.553893743720812237e-06 -4.725290800234657256e-11 -1.038632314204423083e-17
-5.932423212468701523e-06 -4.157792298629366564e-11 5.463569962281586450e-18
-5.379953290519240428e-06 -3.494628925890116263e-11 1.984999753922004913e-18
-4.887353921463610806e-06 -2.721655401021666150e-11 2.285516659452646909e-18
-4.446936834545667239e-06 -1.823065337481174977e-11 1.487393400952008225e-17
-4.052187572572973906e-06 -7.812206992711593054e-12 -1.796533809060050642e-17
-3.697554904032868128e-06 4.235112651214686487e-12 -2.013974089302896135e-18
-3.378283722505620590e-06 1.812962243328596254e-11 -1.186230272969900997e-18
-3.090281330407618210e-06 3.411345288128789365e-11 -3.922665871606570210e-18
-2.830009626565710423e-06 5.245428136136454567e-11 -6.299071278574242614e-18
-2.594397451712027181e-06 7.344721672992923133e-11 2.149096144746270978e-18
-2.380768915906383842e-06 9.741636806493009319e-11 1.268246303465356687e-17
-2.186784354873960723e-06 1.247162939894873129e-10 6.600742304820152609e-18
-2.010391427002128362e-06 1.557331037728849192e-10 -1.514182679194362902e-17
-1.849784398561676868e-06 1.908850910051251491e-10 -2.169149481941564083e-17
-1.703370011409133244e-06 2.306224972068883284e-10 5.867628146906453774e-18
-1.569738796839553752e-06 2.754270488475103866e-10 2.785124065019804517e-17
-1.447640811190475940e-06 3.258098966445647002e-10 2.270557842080132263e-18
-1.335965018989943021e-06 3.823084345359126476e-10 -4.354816202298635980e-18
-1.233721741888266221e-06 4.454819182307089235e-10 4.214140238541281295e-18
-1.140027609810440046e-06 5.159046525664937835e-10 -2.816003911787055089e-18
-1.054092657225974561e-06 5.941578048426454186e-10 2.210633143654800701e-18
-9.752091770856563535e-07 6.808179198604554278e-10 1.444372647548124761e-18
-9.027420781460016030e-07 7.764436815183273547e-10 -5.566571010912845621e-18
-8.361205396552329194e-07 8.815593362877237984e-10 -1.121626312752756260e-17
-7.748307050796376938e-07 9.966347418173696985e-10 -1.609348067945765860e-17
-7.184093375606215304e-07 1.122063418641846450e-09 -6.260436754916701540e-18
-6.664382371235344493e-07 1.258136885230568779e-09 1.191188493511007240e-17
-6.185393267819916385e-07 1.405017085842135330e-09 8.313841298893569535e-18
-5.743703522832765973e-07 1.562706842824034998e-09 2.653079029116524993e-17
-5.336210372221261711e-07 1.731020062436107436e-09 2.517558698447044002e-18
-4.960097082402914470e-07 1.909551798618375156e-09 -6.945827897560168995e-18
-4.612802791577330641e-07 2.097651659175671549e-09 -1.174920285350579578e-17
-4.291995468648501788e-07 2.294400455293947231e-09 1.622698370631746972e-17
-3.995548050264585704e-07 2.498594481634182830e-09 5.290176875673022478e-18
-3.721516962373883075e-07 2.708737942210611050e-09 -3.110048028105885387e-18
-3.468122865106504360e-07 2.923047288300826552e-09 6.183961182355693174e-18
-3.233733488969270375e-07 3.139468727001979041e-09 4.824749583841592946e-18
-3.016848228211410632e-07 3.355710573789039391e-09 -1.667769303826452154e-17
-2.816084548815100952e-07 3.569291789265055918e-09 -1.329785432946750752e-17
-2.630165962733133078e-07 3.777605195720566901e-09 -3.200039552657335840e-19
-2.457911323743011689e-07 3.977995346682587481e-09 1.048142236590237687e-17
-2.298225590530167395e-07 4.167846870876648650e-09 -1.126037878847492936e-17
-2.150091792489650100e-07 4.344679864039135887e-09 -9.059037125740437520e-18
-2.012564215801704304e-07 4.506246772215489646e-09 2.215666182571447826e-17
-1.884762687483221288e-07 4.650624809182875357e-09 -4.323314592412850812e-18
-1.765867687526789798e-07 4.776297404532607032e-09 -2.719760240674634301e-17
-1.655116406013013020e-07 4.882219658690907122e-09 -4.435596113697255915e-18
-1.551799316372448612e-07 4.967861453122876363e-09 3.098739386480438512e-19
-1.455257489374472968e-07 5.033225979043937079e-09 -7.542716368304846813e-18
-1.364880266863099934e-07 5.078842097801373430e-09 -2.652818665782431518e-18
-1.280103097134333012e-07 5.105729511520287651e-09 -1.968398596998045147e-17
-1.200405630591427908e-07 5.115341974168558629e-09 1.887747522364423269e-17
-1.125309712218802716e-07 5.109490013596533477e-09 3.183360109130408095e-18
-1.054377514048132625e-07 5.090251324573779352e-09 -6.134948926449113248e-18
-9.872095182994478080e-08 5.059872901115258996e-09 1.366859335023799031e-17
-9.234422555098875662e-08 5.020672940372256153e-09 8.850361005657484773e-18
-8.627460384991181286e-08 4.974948207992407588e-09 6.370604680233154845e-18
-8.048224236362200301e-08 4.924890242613963706e-09 5.040863679603398907e-19
-7.494017208176106948e-08 4.872517044405697212e-09 1.326895215307187465e-17
-6.962404193802673724e-08 4.819619439438456795e-09 1.723307280733589453e-17
-6.451185145459059633e-08 4.767725199029384776e-09 -2.073047079856601286e-17
-5.958369392322637736e-08 4.718080083816631872e-09 -2.932787429914994019e-17
-5.482149805641212126e-08 4.671643512402535265e-09 -2.491678826392576594e-17
-5.020879663766852907e-08 4.629098618015288610e-09 -1.204301842421586540e-17
-4.573050357489782947e-08 4.590872432711681432e-09 1.696826163409327489e-17
-4.137270405435433673e-08 4.557164855282940670e-09 2.341747149745003606e-17
-3.712247006321112153e-08 4.527983172444046742e-09 2.714847844408329545e-18
-3.296768666394278569e-08 4.503179489094080227e-09 -1.402267805266947862e-17
-2.889690817187151595e-08 4.482489823381154025e-09 1.910794789297219753e-18
-2.489923990253717356e-08 4.465571897746362244e-09 -4.592280282378788757e-18
-2.096421856251362570e-08 4.452041663562663398e-09 1.751779930476442049e-17
-1.708171749187359367e-08 4.441505864649401549e-09 5.418447577165488124e-18
-1.324187363926920824e-08 4.433591258814002932e-09 -6.142206813279414791e-18
-9.435026596810169863e-09 4.427969218016876463e-09 2.080069492292010968e-17
-5.651652812410645765e-09 4.424375646789254029e-09 6.909241252222620682e-18
-1.882325656454852947e-09 4.422626295169980028e-09 2.323356047784171780e-18
1.882324941748780844e-09 4.422626280614641136e-09 -5.693431386086769000e-18
5.651653173233128769e-09 4.424375680592902969e-09 -1.445712892699715668e-17
9.435027047838273617e-09 4.427969164803314509e-09 4.120553264981714624e-18
1.324187460724490784e-08 4.433591261880151359e-09 9.771208284468701278e-18
1.708171668696190082e-08 4.441505913139801083e-09 -1.544251720632577498e-17
2.096421802127990119e-08 4.452041645109294599e-09 -1.787713043498916847e-17
2.489924169624124772e-08 4.465571913606227001e-09 -2.247617058651666849e-17
2.889690660715094062e-08 4.482489768569824062e-09 1.320653435392785636e-17
3.296768480431921944e-08 4.503179512411282609e-09 2.077083352200261127e-17
3.712247135037594070e-08 4.527983180060580239e-09 2.465240803127136978e-17
4.137270533804970896e-08 4.557164879828109214e-09 -1.850725522405316999e-17
4.573050461920136200e-08 4.590872401030855877e-09 3.124931633144699183e-18
5.020879495845620433e-08 4.629098600691036236e-09 -6.483964393617322852e-18
5.482149662353053010e-08 4.671643499326973685e-09 2.531797892750710005e-17
5.958369481834369097e-08 4.718080092010636698e-09 1.384513693078485349e-18
6.451185253358859839e-08 4.767725248666091203e-09 -1.565948290858414781e-17
6.962404309682201919e-08 4.819619399612734473e-09 -1.397071898677855015e-17
7.494017021519860933e-08 4.872517047825261864e-09 -5.854015810118255493e-18
8.048224061502073923e-08 4.924890223947739829e-09 -3.471398849363198714e-18
8.627460516830165460e-08 4.974948201862727933e-09 8.091889442095114116e-20
9.234422667855901601e-08 5.020672968023143790e-09 1.383916522786234887e-17
9.872095298874006275e-08 5.059872899446134251e-09 7.108647133219716828e-18
1.054377497221314908e-07 5.090251318933519305e-09 3.235552197382683872e-18
1.125309696051179920e-07 5.109490058926904548e-09 -1.764317734123099733e-17
1.200405637807877568e-07 5.115341946704229998e-09 -1.205285276479393030e-17
1.280103112538677479e-07 5.105729505972876974e-09 3.252345903778275297e-17
1.364880276161217765e-07 5.078842085233952209e-09 1.729392317744727763e-17
1.455257471159876470e-07 5.033226049354395025e-09 -2.945347866459883559e-17
1.551799301835465883e-07 4.967861392927884397e-09 -2.404907615441251676e-17
1.655116415831547894e-07 4.882219657366266707e-09 1.424441629814499574e-17
1.765867702618884039e-07 4.776297459965950346e-09 7.876019068120812633e-18
1.884762695324171400e-07 4.650624748194736297e-09 1.888604110888191582e-17
2.012564199391220221e-07 4.506246802710445914e-09 -9.842681859251959935e-18
2.150091776981222225e-07 4.344679880468858603e-09 -1.543765366788329426e-17
2.298225599481340531e-07 4.167846823898365055e-09 -9.668724433495168823e-18
2.457911335365658978e-07 3.977995343236536505e-09 2.022416195873149120e-17
2.630165974459863776e-07 3.777605211756955309e-09 3.149084422540839603e-17
2.816084532161755583e-07 3.569291790033625821e-09 -8.544561912946376498e-18
3.016848210551925646e-07 3.355710580309551959e-09 -2.874649203231780509e-17
3.233733501528668342e-07 3.139468754163784561e-09 -5.637979007322358505e-18
3.468122875896484381e-07 2.923047254254153603e-09 2.944489805900756667e-17
3.721516976980254743e-07 2.708737927632940763e-09 -9.707431390461708746e-18
3.995548029656070810e-07 2.498594515311618070e-09 7.114593201350264359e-19
4.291995451162489150e-07 2.294400421837135122e-09 1.430295785006000652e-17
4.612802803026505583e-07 2.097651664044851199e-09 -2.664503542115938297e-17
4.960097097321536364e-07 1.909551786535382748e-09 3.623162454672201182e-19
5.336210375794792071e-07 1.731020083635405469e-09 2.269080382855002533e-17
5.743703499344610108e-07 1.562706841733781379e-09 -2.167179041709502499e-17
6.185393270664862886e-07 1.405017045265237265e-09 -2.271774979475961845e-17
6.664382377237487720e-07 1.258136928755379934e-09 5.549906025730231644e-17
7.184093384279832684e-07 1.122063406028303292e-09 -3.158000975411762527e-17
7.748307055167880097e-07 9.966347578697450263e-10 -1.444628327890185985e-17
8.361205374590729988e-07 8.815593507797866825e-10 2.821726669970357426e-17
9.027420788329520995e-07 7.764436703743110872e-10 -3.455421489522226296e-17
9.752091774534177304e-07 6.808178909804998230e-10 2.028874967516206064e-17
1.054092657860883353e-06 5.941578176922369716e-10 -7.432042966076948077e-18
1.140027610268407043e-06 5.159046559589169855e-10 8.908209355299534670e-18
1.233721739848231413e-06 4.454819054583462611e-10 1.536847949936704959e-17
1.335965019451379465e-06 3.823084862063154023e-10 -1.155509709122491756e-17
1.447640811690076301e-06 3.258098557857632762e-10 -9.242623901105513674e-18
1.569738797224662363e-06 2.754270936989645621e-10 -4.782491608162209464e-18
1.703370011752608493e-06 2.306224577633598453e-10 1.759867772736302454e-17
1.849784397271042602e-06 1.908850861076617118e-10 5.628206219966078799e-18
2.010391427286623012e-06 1.557331580412675905e-10 -8.102504891702218718e-18
2.186784355043963624e-06 1.247162520196921636e-10 -2.673254666766309290e-17
2.380768916711295535e-06 9.741638350060091537e-11 8.505336658767796316e-18
2.594397452079788557e-06 7.344721182442807999e-11 1.410849165707052200e-17
2.830009624445878336e-06 5.245426792114783728e-11 -1.320809454463355456e-18
3.090281331032118661e-06 3.411345378125047394e-11 -5.585524595117137489e-18
3.378283723105834913e-06 1.812963956935722836e-11 7.860294732706393577e-19
3.697554904626143557e-06 4.235106010836203580e-12 -7.486781462621386665e-18
4.052187572819304640e-06 -7.812244629333097675e-12 -5.699322273589087803e-18
4.446936832040726539e-06 -1.823062749908431269e-11 -9.609473614718162945e-18
4.887353922958942443e-06 -2.721652806555654166e-11 -3.025275079865156528e-18
5.379953290907818486e-06 -3.494630090932608654e-11 1.554587023911621331e-17
5.932423212270943047e-06 -4.157794738959659899e-11 9.591340358979992315e-18
6.553893744484090567e-06 -4.725290841314307632e-11 1.651092683815425026e-17
7.255281060478124822e-06 -5.209776419618737102e-11 1.174195848126706399e-17
8.049734878366049395e-06 -5.622560786943214507e-11 -1.777824783797649458e-17
8.953226734990937796e-06 -5.973757366075456810e-11 -2.702688091010879898e-18
9.985333712186905686e-06 -6.272426971719580246e-11 -4.344866187681684652e-18
1.117029762840587859e-05 -6.526709511001554612e-11 1.728908513425011101e-18
1.253847930230561625e-05 -6.743901123492012721e-11 -3.691972753253810776e-18
1.412839070358620774e-05 -6.930639939046873391e-11 -1.004519857609153330e-17
1.598959032975827421e-05 -7.092977262133545548e-11 -5.219809001223826007e-18
1.818689992410735257e-05 -7.236505143224265786e-11 2.469303585788436332e-17
2.080669906363505350e-05 -7.366422292473912285e-11 -2.175369492923597146e-17
2.396657593858875224e-05 -7.487969233479887859e-11 1.264898130940449694e-17
2.783069055522710555e-05 -7.605594731311760153e-11 2.154307976075857367e-17
3.263458150320336371e-05 -7.725944503357661440e-11 -3.829826987694416203e-17
3.873042261344494808e-05 -7.850501052775278279e-11 3.035151731538735722e-19
4.665339405636459436e-05 -7.997105398123166984e-11 2.967942540666174201e-17
5.733873717912729706e-05 -8.141898726559759251e-11 -1.679584567414721681e-17
7.207260067180337737e-05 -8.383323687064956449e-11 2.926216839215140420e-17
9.540976162157252527e-05 -8.493784821780086033e-11 -4.255440581114843647e-17
1.260017295719277619e-04 -9.163670353989351850e-11 1.207246954061868967e-17
2.427749683008052772e-04 -8.614649439437294891e-11 1.784938752729960618e-17
2.996429995894035747e-04 -1.189994000011454565e-10 -1.341048828353088982e-17
4.141695389154490675e-03 -5.772468063478201691e-11 3.383883413815061122e-18
2.797605406912415105e-02 -3.040203599420988064e-10 -1.476724934122519446e-18
