2.801813316411415344e-02 -3.501690677534656333e-07 1.698408558593394888e-18
4.121425303094686243e-03 -5.988641063687871559e-08 -4.513374211935627116e-19
2.936749352584408501e-04 -1.327532571897743472e-07 1.582741972636831055e-18
2.301860340332938237e-04 -9.347433719843717332e-08 -2.003281339792955997e-18
1.121805349325148693e-04 -9.986483478385104704e-08 -1.416278231230196791e-18
7.869612486016003272e-05 -9.231677322782599108e-08 -8.999109567097461124e-19
5.242552678723366721e-05 -9.140900487225143032e-08 -2.313513767308508330e-18
3.416919197855514123e-05 -8.931478373751003508e-08 -3.327243232996049625e-18
1.929572590406505861e-05 -8.851305694363701307e-08 -2.246583405974440363e-18
6.251889687187289768e-06 -8.799384772353297717e-08 1.072886155661935545e-18
-6.251889687135248064e-06 -8.799384771319390772e-08 1.458182128222970704e-18
-1.929572590401995580e-05 -8.851305694726772715e-08 4.128647805624529083e-18
-3.416919197866269409e-05 -8.931478373265470988e-08 4.846809100481726074e-18
-5.242552678719897274e-05 -9.140900490044294997e-08 2.662859177283458268e-18
-7.869612486024676890e-05 -9.231677318700490579e-08 2.517126138976989785e-18
-1.121805349325356860e-04 -9.986483480642886907e-08 7.293275874357766653e-19
-2.301860340331272903e-04 -9.347433720760135512e-08 -2.596562290957226072e-20
-2.936749352584928918e-04 -1.327532571722963252e-07 -3.010358683523632424e-18
-4.121425303094897880e-03 -5.988641065956808127e-08 -2.267917453058037593e-18
-2.801813316411397650e-02 -3.501690677406492308e-07 -2.746564749945580498e-18
-2.797605524851034739e-02 -3.166411739466492648e-11 -2.688371429124924406e-19
-4.141694888281456655e-03 -6.285700026378483747e-12 -5.907523639766039960e-18
-2.996429078063293783e-04 -1.280282678439337058e-11 3.597138958752389327e-18
-2.427747479040905099e-04 -9.571881518010936409e-12 2.348223531355111741e-18
-1.260015264897482168e-04 -1.035051809004000904e-11 4.096751508118836472e-18
-9.540954589474376357e-05 -9.875228449748239050e-12 -8.120820463948732272e-18
-7.207238364951434884e-05 -1.001155609266355700e-11 -1.790953148167188397e-17
-5.733851996475233803e-05 -1.003499921297835425e-11 1.505967413098969431e-18
-4.665317969058252467e-05 -1.019045962647739179e-11 -4.213946510792564738e-18
-3.873021343312604836e-05 -1.037647744270104993e-11 3.929016462597697923e-18
-3.263437980372679847e-05 -1.062299429120021779e-11 -4.231714350897925923e-18
-2.783049852558144854e-05 -1.091514726461119679e-11 3.283509770423540036e-19
-2.396639571632802612e-05 -1.125642724224416632e-11 -4.391054458017835997e-18
-2.080653273915308854e-05 -1.164523983594058892e-11 4.236084985090410005e-18
-1.818674958773205952e-05 -1.208289310058796204e-11 -4.349811293180864726e-18
-1.598945806098595046e-05 -1.257057467351056245e-11 5.928452077171947405e-18
-1.412827860934259827e-05 -1.311018774546349657e-11 8.344584008726896625e-18
-1.253838950757493742e-05 -1.370422173511576148e-11 5.095943547169916570e-18
-1.117023227395486096e-05 -1.435532366095743817e-11 -1.448539631785556777e-17
-9.985294980544012766e-06 -1.506678527330536457e-11 1.892072235790649760e-17
-8.953216828599258603e-06 -1.584224930050439587e-11 -3.675886058093950101e-18
-8.049756026192594893e-06 -1.668552829484209239e-11 8.798514461218181639e-18
-7.255335510866767201e-06 -1.760111048927087352e-11 3.894983991838125937e-18
-6.553983744741337381e-06 -1.859369701096680470e-11 -2.709002124128934159e-18
-5.932551009387582175e-06 -1.966822866612614950e-11 9.943278065893079985e-18
-5.380121103508439528e-06 -2.083019231151355788e-11 2.253028766233091592e-18
-4.887563921609355821e-06 -2.208520148227725198e-11 6.542893325725560794e-18
-4.447191119069660026e-06 -2.343932631284540480e-11 9.947307695567808580e-18
-4.052488130810993905e-06 -2.489875364630075338e-11 -3.149467027200493323e-18
-3.697903579926581363e-06 -2.646984970116090979e-11 7.197445520655114916e-18
-3.378682169305480265e-06 -2.815917055385372842e-11 1.474128835123090100e-17
-3.090730959144638579e-06 -2.997315036274674214e-11 -1.210608374754573402e-17
-2.830511544676950209e-06 -3.191814311295880102e-11 -1.453803447020203665e-17
-2.594952397180078085e-06 -3.400007375030081373e-11 -3.652509298836696273e-18
-2.381377178235777325e-06 -3.622417089515983589e-11 -6.325575702720249079e-18
-2.187445689277867089e-06 -3.859491521098238627e-11 -1.196961388225213216e-17
-2.011104958236226148e-06 -4.111517826608591268e-11 9.937670114647458676e-18
-1.850548511938415741e-06 -4.378586806355707260e-11 -1.107031506529224598e-17
-1.704182237830670354e-06 -4.660543601347113700e-11 -1.791845578155777987e-18
-1.570595684063924580e-06 -4.956853419202533612e-11 -5.137772936836284618e-18
-1.448537784668607609e-06 -5.266511950048978238e-11 -1.338626156321449090e-17
-1.336896236422968620e-06 -5.587900918213670040e-11 2.434877807525169062e-18
-1.234679937144045336e-06 -5.918592158560152801e-11 -9.522543562574580478e-18
-1.141003932166734236e-06 -6.255117060141117363e-11 -2.267027976034591126e-18
-1.055076506092933464e-06 -6.592670046523758337e-11 -8.082691904663307881e-18
-9.761880365201369703e-07 -6.924727204715950097e-11 1.691296177434562251e-18
-9.037013558935158564e-07 -7.242590968786350563e-11 1.127247742624172734e-18
-8.370434143901983592e-07 -7.534766702238007674e-11 9.889755265030522961e-18
-7.756979905383654117e-07 -7.786238066115908575e-11 4.375517321453832108e-18
-7.191993669809770839e-07 -7.977491814209818601e-11 5.893846220790011734e-18
-6.671267825733573353e-07 -8.083328367561112165e-11 1.314437367826441363e-17
-6.190995584832992282e-07 -8.071359228866140329e-11 -2.074696993788334497e-18
-5.747728490865244844e-07 -7.900075414735172570e-11 1.255315695841239916e-17
-5.338338633434358549e-07 -7.516468798660390746e-11 2.029801384306997753e-17
-4.959985680716427758e-07 -6.852946419303895434e-11 5.819938230205528869e-18
-4.610087587474109849e-07 -5.823569609032449837e-11 -5.581005573703805366e-18
-4.286294638528032053e-07 -4.319153169686685674e-11 9.148458673003017183e-18
-3.986466727279314171e-07 -2.201231624622171150e-11 9.796012932424160259e-18
-3.708653229482494762e-07 7.056111126289964895e-12 -6.345830750776136457e-18
-3.451075146487792011e-07 4.623342386420782436e-11 -2.199549398144449662e-17
-3.212109579951716309e-07 9.832535302150608583e-11 -1.060215827873804376e-17
-2.990276012741766021e-07 1.668740042035022238e-10 -1.313815589717083145e-17
-2.784224606734719831e-07 2.563453605272638011e-10 -5.050598196470945411e-18
-2.592726281516744002e-07 3.723610585519276017e-10 -3.995449529839156050e-18
-2.414664297678559279e-07 5.219840683795780218e-10 -1.422727928320894513e-17
-2.249027716075269190e-07 7.140664289769080861e-10 8.080017399830235873e-18
-2.094906400365581511e-07 9.596689940684238444e-10 -8.378000088864593589e-18
-1.951487927295825209e-07 1.272559598902916428e-09 -3.918728222278165413e-18
-1.818056257901767836e-07 1.669792016187382885e-09 2.061647353423147062e-18
-1.693992165846536224e-07 2.172359950441521835e-09 1.618715464905524446e-17
-1.578775692158418398e-07 2.805904400635593749e-09 4.227357619194426335e-18
-1.471990152442093081e-07 3.601429520261752592e-09 9.714605226382863475e-19
-1.373327923777367676e-07 4.595942967467001685e-09 3.291273143318424070e-17
-1.282597095718374103e-07 5.832886797916302589e-09 1.520210707966415836e-17
-1.199727922007731706e-07 7.362147408081231008e-09 -1.229227359100543794e-18
-1.124777656048847607e-07 9.239346478364663084e-09 -8.731594361152426639e-18
-1.057930728784461927e-07 1.152400750583466923e-08 -1.094726126410255995e-17
-9.994909406715879463e-08 1.427610266814486721e-08 -4.402756868476854716e-18
-9.498602806384814912e-08 1.755043862283907793e-08 -2.758764623689333839e-18
-9.094981590421213902e-08 2.138841791132572904e-08 -4.400914344041659071e-18
-8.788545836913019826e-08 2.580699820471339110e-08 -8.854749797671937186e-19
-8.582713624527560370e-08 3.078527715888446130e-08 2.280662718259895487e-18
-8.478491501234808325e-08 3.625010905117634963e-08 2.520586791141941859e-17
-8.472847872267874614e-08 4.206345239417919237e-08 -7.448577223520673961e-18
-8.556934986275743782e-08 4.801545154836282196e-08 -1.506400023004533623e-17
-8.714439703183529673e-08 5.382798040046622317e-08 8.666715488223292396e-18
-8.920455612376754218e-08 5.917272624917179645e-08 -1.592940374242017169e-17
-9.141329561021538375e-08 6.370523394928480441e-08 8.058502418744704651e-18
-9.335858905390459483e-08 6.711174125433502207e-08 -3.989373366698910901e-18
-9.457988433755892821e-08 6.916037886517190631e-08 -1.455349244418831150e-18
-9.460805153183038385e-08 6.974466792145403283e-08 6.502776443395125983e-18
-9.301252098040113658e-08 6.890749500960780722e-08 3.326611676938113188e-19
-8.944744273042815053e-08 6.683859536267957008e-08 -8.609288999472851477e-18
-8.368859301388642535e-08 6.384638198342709639e-08 -2.587172703313161098e-18
-7.565521676147768382e-08 6.031233518933683986e-08 2.681966072378264326e-18
-6.541494625839083810e-08 5.663997961359901775e-08 7.029422878556290441e-18
-5.317376411059782093e-08 5.320959916266106976e-08 7.874065959181406260e-18
-3.925543531207997816e-08 5.034547545332530446e-08 -1.447001562086492780e-17
-2.407542536164708480e-08 4.829705957582189262e-08 -1.064595283712989784e-17
-8.113401291087729561e-09 4.723128481099474508e-08 -1.163226067945274973e-17
8.113400302295348254e-09 4.723128477234889333e-08 -2.329709145993729772e-17
2.407542584390021112e-08 4.829705958455546405e-08 -8.730474921277434558e-19
3.925543606148051978e-08 5.034547547670460495e-08 1.273869248409015433e-17
5.317376468305656800e-08 5.320959913969803303e-08 2.356475908496266409e-17
6.541494550552084952e-08 5.663997963901148848e-08 9.225101788676712191e-18
7.565521641800243557e-08 6.031233516098066495e-08 8.196518860756896896e-19
8.368859468615985620e-08 6.384638201024373599e-08 -2.964243740490323204e-18
8.944744132183268803e-08 6.683859534395246571e-08 -2.973954957894786593e-18
9.301251937057775088e-08 6.890749501082578766e-08 9.351818080421012267e-18
9.460805238878378098e-08 6.974466791807903006e-08 -9.229496578523086099e-19
9.457988580860443584e-08 6.916037885023432147e-08 -6.469220121357782803e-18
9.335858995249135539e-08 6.711174127587078182e-08 6.409134201958256747e-18
9.141329380957241568e-08 6.370523392769959912e-08 -6.182961641330542986e-19
8.920455454169973208e-08 5.917272625789438293e-08 -9.721355826530508113e-18
8.714439821144726039e-08 5.382798042251107619e-08 -2.736350078798713164e-17
8.556935112910557528e-08 4.801545157171554678e-08 1.529759199715137265e-17
8.472847995086296713e-08 4.206345234543415356e-08 1.185472455183087642e-17
8.478491300353829807e-08 3.625010905687714606e-08 4.425557949666948210e-18
8.582713447932710515e-08 3.078527715355965485e-08 -1.581329811405912325e-18
8.788545976731731990e-08 2.580699825179919825e-08 -1.807803274061079052e-17
9.094981711504912525e-08 2.138841789402810195e-08 1.179965510921771308e-17
9.498602906304887128e-08 1.755043862003367172e-08 6.832167271594568020e-19
9.994909259264384005e-08 1.427610266167481597e-08 -1.002551763556212991e-17
1.057930710222920734e-07 1.152400754194143219e-08 -4.647480197291930566e-18
1.124777665138798621e-07 9.239346433363313028e-09 5.392849123673761122e-18
1.199727936718186783e-07 7.362147432536619023e-09 2.965946135540938376e-17
1.282597102830740354e-07 5.832886787384938470e-09 6.973774010929349869e-18
1.373327910177135625e-07 4.595942969002741901e-09 -2.037379732952075413e-17
1.471990135511191955e-07 3.601429501089181683e-09 -6.943453403418733668e-18
1.578775698542200789e-07 2.805904411861493453e-09 -1.731487063623667312e-18
1.693992183263159923e-07 2.172359903231958540e-09 -4.015853313060081492e-17
1.818056264146772349e-07 1.669792040756145929e-09 5.273994243012066042e-17
1.951487914111926791e-07 1.272559626041448394e-09 1.763875551927126625e-17
2.094906384995931514e-07 9.596689810925044411e-10 3.080753298389875693e-19
2.249027723534580137e-07 7.140664110669804059e-10 -1.462329020663992328e-17
2.414664311035930044e-07 5.219840658807613442e-10 -1.767091329426647111e-17
2.592726290502611608e-07 3.723610619630930620e-10 -7.716277508512518411e-18
2.784224591052819608e-07 2.563453798623078715e-10 1.756049148414187300e-18
2.990275992653668169e-07 1.668739952526287918e-10 2.953604715742752972e-17
3.212109592996836849e-07 9.832535826073242812e-11 -1.050782128682174182e-17
3.451075158353300587e-07 4.623343433870658561e-11 -2.273353169817813817e-17
3.708653244921533698e-07 7.056080341001574029e-12 9.747272418690378625e-18
3.986466709134106612e-07 -2.201225769009125962e-11 -2.965465676744481050e-17
4.286294618162378445e-07 -4.319156036873359795e-11 3.399241842560035451e-17
4.610087597917145175e-07 -5.823567691613314279e-11 4.349189784656529040e-17
4.959985695704438591e-07 -6.852949666391132972e-11 -8.048825317206303123e-17
5.338338638985473672e-07 -7.516465991954350601e-11 2.543014481770261987e-17
5.747728463803558618e-07 -7.900078567218507913e-11 5.553787114812474000e-17
6.190995589343273320e-07 -8.071359667045961957e-11 -7.327564486658037390e-17
6.671267833470440056e-07 -8.083329005233653765e-11 2.710561246197395164e-17
7.191993677303776256e-07 -7.977491457513243010e-11 3.909171194881442127e-17
7.756979909338823642e-07 -7.786235116099545175e-11 -3.336675283149801962e-17
8.370434125340442399e-07 -7.534766322595524609e-11 7.619526480078991416e-19
9.037013564000551114e-07 -7.242591264981199072e-11 1.833931533247270961e-17
9.761880370093289905e-07 -6.924726460163980575e-11 -9.987440619084034817e-18
1.055076506672331105e-06 -6.592672052866340029e-11 9.854064873613985083e-18
1.141003932610823446e-06 -6.255115975487428340e-11 -1.090211551367245794e-17
1.234679934892374265e-06 -5.918595426713653948e-11 -1.213792238650893557e-17
1.336896236863588383e-06 -5.587897888908012421e-11 -5.333739877862904839e-18
1.448537785390252575e-06 -5.266513388909966875e-11 1.308369878372295416e-17
1.570595684206171905e-06 -4.956852518804525447e-11 -2.015248666061705622e-18
1.704182238358026291e-06 -4.660545545832508800e-11 -3.198989372521642541e-18
1.850548510772681565e-06 -4.378584446145197479e-11 1.026629144131894157e-17
2.011104958215409466e-06 -4.111517538192342444e-11 -1.927031169847224958e-17
2.187445689819100814e-06 -3.859491624668571867e-11 -4.888541929999819882e-18
2.381377178922727822e-06 -3.622420900028299778e-11 3.073273183417961923e-17
2.594952397436817160e-06 -3.400007922580230240e-11 -1.155431660493356951e-17
2.830511542432218031e-06 -3.191812575598822884e-11 -1.967607431076127039e-17
3.090730959862814098e-06 -2.997315113411716857e-11 -9.689729615953825129e-18
3.378682169874469565e-06 -2.815913890315822736e-11 1.537600357940618357e-17
3.697903580610062413e-06 -2.646987414698651009e-11 3.098571282713757363e-17
4.052488131033038510e-06 -2.489872849522437493e-11 -4.379372870755355104e-19
4.447191116530024857e-06 -2.343929543109989629e-11 -8.494379633380709737e-19
4.887563923017951284e-06 -2.208522630301564068e-11 -7.551616482487757418e-18
5.380121103962937079e-06 -2.083016135255694305e-11 -1.870262516959608077e-17
5.932551009342479365e-06 -1.966826430875951119e-11 -1.590458078907566783e-18
6.553983745365837832e-06 -1.859367652254458464e-11 -4.481042567477086001e-18
7.255335509350618883e-06 -1.760114959621015626e-11 1.533074616360252902e-17
8.049756027021792715e-06 -1.668550097755293231e-11 3.477577892052083295e-18
8.953216829123145093e-06 -1.584226483871138940e-11 1.184879649599812929e-17
9.985294980075637428e-06 -1.506675679591214579e-11 9.141227556743763310e-19
1.117023227473201707e-05 -1.435534728491375263e-11 -2.109866285992501475e-17
1.253838950478203262e-05 -1.370420494120566225e-11 2.301388380472458324e-18
1.412827861062282420e-05 -1.311020272196964359e-11 -4.764226737772645262e-18
1.598945806350823839e-05 -1.257059136078229487e-11 1.367894161444506764e-17
1.818674958536242725e-05 -1.208285285125515205e-11 -4.558737905138796865e-18
2.080653273996840857e-05 -1.164527189212193912e-11 8.246542113591626513e-18
2.396639571402431335e-05 -1.125647285081368039e-11 -6.892758967392858197e-18
2.783049852811067537e-05 -1.091509963100443661e-11 7.041720167173076047e-18
3.263437980502437163e-05 -1.062301600976597282e-11 -6.368664738346955690e-18
3.873021342974680703e-05 -1.037646294021404873e-11 2.483243540933398756e-18
4.665317969140131416e-05 -1.019043853855179641e-11 -4.017901349049847286e-18
5.733851996552602470e-05 -1.003496902151028478e-11 -4.799648283401168256e-18
7.207238364951087939e-05 -1.001161820859804797e-11 -6.463257978094320096e-19
9.540954589547234743e-05 -9.875197414317354871e-12 9.287081290164262087e-18
1.260015264879579822e-04 -1.035050548809410461e-11 1.039271453322411581e-17
2.427747479047878687e-04 -9.571887760658982967e-12 -2.744776494314669883e-17
2.996429078064820339e-04 -1.280279692700676135e-11 5.845434656392615687e-18
4.141694888281571146e-03 -6.285818896605520710e-12 3.440207768034421933e-18
2.797605524851032310e-02 -3.166405042574083557e-11 1.117357139014380971e-18
