2.796822158718578408e-02 -8.934689042809823678e-06 -5.904003021941136106e-19
4.144516082237537091e-03 -2.188373505091205129e-06 -3.329180757486064398e-18
3.000618027546690658e-04 -3.963562389096956779e-06 -1.236979447060291254e-17
2.436897347687892734e-04 -3.220479360775755552e-06 -7.763522302487827012e-18
1.266747393755714157e-04 -3.454233116897624699e-06 6.929933870782544518e-18
9.597841750188379484e-05 -3.391068801436243391e-06 4.333323362606541273e-18
7.248907104792298717e-05 -3.452625444293714773e-06 3.573106555218918089e-18
5.760018460998495016e-05 -3.482086539508961411e-06 7.053959549462406246e-18
4.675106078598154080e-05 -3.526841347893158984e-06 5.030225821810338459e-18
3.865901178229727564e-05 -3.567038697986762026e-06 3.988469365238938037e-18
3.238941981464904529e-05 -3.607165261107388572e-06 6.059339096118997370e-18
2.740755506882089354e-05 -3.644421922849188543e-06 -1.442294548988899322e-18
2.336113202265968636e-05 -3.679043921745502738e-06 -6.255818426638759695e-19
2.001411332680502753e-05 -3.710624945551490295e-06 5.954995933385529793e-19
1.720149803616233264e-05 -3.739208697182724721e-06 -6.365598278345243674e-18
1.480456030607257834e-05 -3.764834699597616177e-06 -1.917442906128668146e-18
1.273551453712454262e-05 -3.787629237482976943e-06 -1.504580134327718551e-18
1.092787937760283934e-05 -3.807735260273854209e-06 -2.902319986064593205e-18
9.330186213074576074e-06 -3.825309152745204963e-06 -2.624001750414258261e-18
7.901754255832532658e-06 -3.840504472921205116e-06 7.254812892810949837e-19
6.609776289669133664e-06 -3.853466137369054708e-06 -3.291351478034573942e-18
5.427256852007233956e-06 -3.864325283485725878e-06 4.359009830608964983e-19
4.331516873581908733e-06 -3.873196649463640902e-06 8.445445359060466586e-20
3.303080789371359849e-06 -3.880176915901868100e-06 3.788216284417453327e-18
2.324824560352017899e-06 -3.885343869685312852e-06 -2.338796350314199446e-18
1.381301788123956431e-06 -3.888755991225638630e-06 6.403790643570378818e-20
4.581895062805152463e-07 -3.890452297124118623e-06 1.784893135778420055e-18
-4.581895064817431695e-07 -3.890452297058518463e-06 2.732008319242494372e-18
-1.381301787596600494e-06 -3.888755991228041662e-06 -3.746076536340503428e-18
-2.324824560629573655e-06 -3.885343869671275822e-06 4.629291088149256050e-18
-3.303080789371359849e-06 -3.880176915931421927e-06 4.112683344872138534e-18
-4.331516873873342277e-06 -3.873196649458017450e-06 4.615987958555668180e-18
-5.427256851920497782e-06 -3.864325283482532564e-06 6.717866307110559181e-19
-6.609776289339536204e-06 -3.853466137360441230e-06 -1.152664572880903479e-18
-7.901754255988657771e-06 -3.840504472922611191e-06 -1.372765178941335649e-17
-9.330186213015595476e-06 -3.825309152764507997e-06 1.296067305560532609e-18
-1.092787937780059782e-05 -3.807735260262046146e-06 9.052214778707905964e-19
-1.273551453742985395e-05 -3.787629237448927489e-06 -5.260984092121730601e-18
-1.480456030559726410e-05 -3.764834699649104769e-06 -2.513841515151167827e-18
-1.720149803622131324e-05 -3.739208697172327815e-06 -1.753607258083757735e-18
-2.001411332664543297e-05 -3.710624945569740891e-06 -3.197616957656496555e-18
-2.336113202307948944e-05 -3.679043921708170184e-06 3.027427961678546979e-18
-2.740755506877926018e-05 -3.644421922849851770e-06 5.919246946321607868e-18
-3.238941981419454774e-05 -3.607165261101444942e-06 2.907178198646080335e-18
-3.865901178246727854e-05 -3.567038698019872120e-06 1.032341914811110945e-17
-4.675106078610644089e-05 -3.526841347864428897e-06 3.907157350149262267e-18
-5.760018460969351661e-05 -3.482086539506606660e-06 -1.929699019482978808e-18
-7.248907104802360113e-05 -3.452625444281900358e-06 -4.097469428088820599e-18
-9.597841750242849801e-05 -3.391068801476326260e-06 -4.817738296015728393e-18
-1.266747393749954875e-04 -3.454233116902434575e-06 5.948774976583931440e-19
-2.436897347687025372e-04 -3.220479360760668625e-06 1.886247666974014650e-18
-3.000618027551166245e-04 -3.963562389115962504e-06 -3.495600496784380173e-18
-4.144516082237172799e-03 -2.188373505074588460e-06 1.033811780986084540e-18
-2.796822158718599918e-02 -8.934689042801082298e-06 -1.101321575370167384e-19
-2.797604246917610379e-02 -2.272412054046105365e-10 -2.500221523148727189e-18
-4.141700595514944544e-03 -4.666734566314841366e-11 -2.568961915423064625e-18
-2.996441932925503204e-04 -9.697503132378805538e-11 1.227341904385788036e-17
-2.427776986082680333e-04 -7.408881938021467642e-11 -4.140507134651278135e-18
-1.260044988536275501e-04 -8.163584672899890882e-11 5.217333654800227105e-19
-9.541292172342286104e-05 -7.938985447150174089e-11 7.195052381726585633e-18
-7.207605819058507390e-05 -8.194195868483749503e-11 -1.514726261870183414e-18
-5.734251088129055374e-05 -8.361844806219664110e-11 -6.210696054563459661e-18
-4.665748117810980533e-05 -8.641590587359718561e-11 -1.693726473407403989e-18
-3.873482899676219948e-05 -8.954623885988369243e-11 -3.083945702937367884e-18
-3.263931412124734810e-05 -9.328483001072762424e-11 -1.135299083500173688e-17
-2.783575884692662816e-05 -9.754022976734826364e-11 -6.977921928606097923e-18
-2.397199125396889952e-05 -1.023727796490947911e-10 1.234452687022013524e-17
-2.081247459482377105e-05 -1.078019572747064656e-10 3.427770125437923070e-18
-1.819305062457365896e-05 -1.138748404826640159e-10 -4.065313159997231846e-18
-1.599613283228065730e-05 -1.206405617192061071e-10 2.157367730133588624e-18
-1.413534330624299784e-05 -1.281595433056702759e-10 2.044842344761684236e-18
-1.254586193058168653e-05 -1.365006111685751349e-10 1.338010493659920055e-17
-1.117813181680804568e-05 -1.457428857691496375e-10 -1.068053692237362785e-17
-9.993642624838566801e-06 -1.559760161838619727e-10 1.661802853039663573e-18
-8.962035147934421797e-06 -1.673015105006567906e-10 1.502835376071783860e-17
-8.059069196320045592e-06 -1.798341439066599078e-10 -4.394289455558176907e-19
-7.265169322034914501e-06 -1.937028361487997848e-10 -4.029876751004477829e-18
-6.564365617515999229e-06 -2.090529451588840298e-10 8.650468951383782804e-18
-5.943510007381386240e-06 -2.260477423291018840e-10 -3.558778161514455365e-18
-5.391687945603684806e-06 -2.448706073765551538e-10 -2.386442220677756627e-17
-4.899770985722362582e-06 -2.657272901695197023e-10 2.191013700645540968e-17
-4.460072442216689304e-06 -2.888485819614282177e-10 1.432713818562868823e-17
-4.066079390595278564e-06 -3.144928786698032309e-10 -1.885986340272707574e-17
-3.712242067150511859e-06 -3.429491103113957659e-10 2.192685533620635524e-18
-3.393806735425830556e-06 -3.745399953188714152e-10 -8.894724849002799332e-18
-3.106681940749644877e-06 -4.096247043608195997e-10 5.438182635736132188e-18
-2.847330657109597984e-06 -4.486019681305955651e-10 6.798742715802334535e-18
-2.612682583402053949e-06 -4.919125559512053003e-10 -1.592773668146684196e-17
-2.400062415509884861e-06 -5.400405684207984569e-10 1.292107102932335427e-17
-2.207130731818329750e-06 -5.935139894333078070e-10 -1.046961570504816161e-17
-2.031835006473248217e-06 -6.529022675058371122e-10 1.495309966357827170e-17
-1.872368799650525606e-06 -7.188105172785941509e-10 -1.124620315591496634e-17
-1.727137503026304755e-06 -7.918683466000676189e-10 1.098866278321784342e-17
-1.594729518647475253e-06 -8.727098072345157610e-10 -7.147334207484219346e-18
-1.473891825847645221e-06 -9.619411062867728626e-10 -1.292283652041827035e-17
-1.363509171521670726e-06 -1.060089765009753591e-09 -9.151510933787718173e-18
-1.262586287065908808e-06 -1.167525812742921138e-09 1.021042907322812482e-17
-1.170232568570295228e-06 -1.284342449018077974e-09 1.159855456530724048e-17
-1.085648858169946385e-06 -1.410176955227424175e-09 1.577087452813551374e-17
-1.008115925526381629e-06 -1.543941786874696845e-09 -4.473194897784635830e-18
-9.369844036002938914e-07 -1.683425027326939623e-09 -1.077626843450449610e-17
-8.716659568794304924e-07 -1.824693734227153598e-09 4.081743394458471246e-18
-8.116254367022956995e-07 -1.961205831796005077e-09 -1.286651883524333698e-17
-7.563739486231291220e-07 -2.082482488960839628e-09 -1.860433083171933577e-17
-7.054626658675733353e-07 -2.172119687477902951e-09 1.164971562456499790e-17
-6.584773440503066677e-07 -2.204796671012658422e-09 -8.702184544691936656e-18
-6.150335822192876112e-07 -2.141756631463070679e-09 -1.709545840140541451e-18
-5.747728509079841341e-07 -1.923943190967035161e-09 6.569723411485054657e-18
-5.373596040671169138e-07 -1.461523721507727085e-09 8.144772705655284883e-18
-5.024798804299790422e-07 -6.178122151769335221e-10 -1.085882097619430883e-17
-4.698422144885916474e-07 8.155194872959115207e-10 -1.436124061248297675e-17
-4.391823071568656811e-07 3.156817397429689545e-09 1.386502827961354127e-17
-4.102737457788163677e-07 6.893996803075134285e-09 -2.403582951254156014e-18
-3.829486057357889273e-07 1.277693955902882754e-08 1.211166788844745082e-17
-3.571340957166102559e-07 2.196023512103902118e-08 2.389268922999133068e-17
-3.329147912241314788e-07 3.622127962307433588e-08 -3.179406173178641038e-18
-3.106347221636107658e-07 5.828624663519266961e-08 -1.895907119721163002e-17
-2.910586980008067481e-07 9.229761175478572773e-08 1.793441101120851236e-18
-2.756147082123849845e-07 1.444343547784305265e-07 -1.259997296437002492e-18
-2.667295677313830105e-07 2.236098878283541128e-07 -1.373050764184396199e-17
-2.682261673568608895e-07 3.419494250544546829e-07 1.308442562884732652e-18
-2.856327945659209444e-07 5.142990036188710466e-07 3.288738982804639852e-18
-3.260190805480511766e-07 7.553829512836311953e-07 -1.097672849071306746e-18
-3.966592591574114035e-07 1.072993130593077435e-06 4.685679179090659249e-19
-5.017727210780698055e-07 1.457409477593482721e-06 1.500384130329292724e-17
-6.376038158735497507e-07 1.872820666942692922e-06 -9.111940817617313956e-18
-7.886540191633095720e-07 2.262501096920768537e-06 -1.746119336474108264e-18
-9.298267882804078788e-07 2.573724724099520367e-06 1.628192175664084004e-17
-1.035952195756195682e-06 2.786376701064685568e-06 8.275884220145985434e-18
-1.092494620175826769e-06 2.918333435563144694e-06 3.349211663496137699e-18
-1.099244143688837827e-06 3.004842688985947478e-06 -2.147895198403315003e-17
-1.066061781445498680e-06 3.075472803361507045e-06 -1.722929054635539935e-17
-1.006125624217202308e-06 3.145447668651635261e-06 -4.964352757352527895e-18
-9.312517110643403484e-07 3.218648226101608599e-06 5.177203423428505476e-18
-8.501494796198105774e-07 3.293476688861021727e-06 -9.528138039277329880e-18
-7.684976165364676426e-07 3.366958649561893643e-06 3.131314540515026938e-17
-6.896698963067271482e-07 3.436589877923527084e-06 2.225313519909050325e-17
-6.154864736832021954e-07 3.500809814477116963e-06 2.279513570961899182e-18
-5.467879289865196224e-07 3.558898316000301290e-06 -8.867572225745130032e-18
-4.838221750701199309e-07 3.610723339099124948e-06 1.017106790795137389e-17
-4.264899712072556248e-07 3.656508364563040070e-06 5.585547481314888812e-18
-3.744962481302960278e-07 3.696663021287405601e-06 -6.838385451391083488e-18
-3.274420208067285731e-07 3.731673394724874318e-06 -3.510051630542825680e-17
-2.848796583493351520e-07 3.762036533873881357e-06 -9.062859699617235606e-18
-2.463456689437426572e-07 3.788224255676305410e-06 1.387832495048932358e-17
-2.113796356423280898e-07 3.810665108742669864e-06 -3.083124443933460067e-18
-1.795345864717690088e-07 3.829737011724084047e-06 1.863991724305417155e-18
-1.503820116037501986e-07 3.845765828453268307e-06 -5.605847156150149006e-18
-1.235135271872300766e-07 3.859026996466643912e-06 9.451702986757569574e-18
-9.854042965287690414e-08 3.869748504200287888e-06 1.533512706915032291e-18
-7.509195937976942403e-08 3.878114238886952297e-06 9.550698066039050574e-18
-5.281273899801486316e-08 3.884267163427745516e-06 -2.108856586149283923e-17
-3.135970630049889074e-08 3.888312028952136725e-06 -9.425688475599281959e-18
-1.039876146996521200e-08 3.890317480104639626e-06 7.695213109668658976e-18
1.039876046382559593e-08 3.890317480105204597e-06 3.422849570556012435e-17
3.135970699091883418e-08 3.888312028934690388e-06 -1.911611683473697963e-17
5.281273950455411814e-08 3.884267163419241305e-06 -1.477889852118797110e-17
7.509195989324757292e-08 3.878114238927192291e-06 -3.079517351214793166e-17
9.854042904225424060e-08 3.869748504166586988e-06 7.998177065613954141e-18
1.235135267778353363e-07 3.859026996489263080e-06 2.526997619906827418e-17
1.503820135709266204e-07 3.845765828422236408e-06 -6.893044675779582182e-18
1.795345847682705553e-07 3.829737011728015974e-06 2.201247592339211968e-17
2.113796339422990833e-07 3.810665108771352517e-06 -1.007252323577938392e-17
2.463456700713129166e-07 3.788224255654365986e-06 -6.579514755856230308e-18
2.848796596052749486e-07 3.762036533849877290e-06 1.632812447452208209e-17
3.274420218093987422e-07 3.731673394723570311e-06 6.301097041125743588e-18
3.744962465378198768e-07 3.696663021269114771e-06 -2.313230043144847298e-17
4.264899695349821940e-07 3.656508364606423403e-06 -2.622004414148057094e-18
4.838221759825844792e-07 3.610723339109498984e-06 -2.203270648663692022e-17
5.467879302840927824e-07 3.558898316011716753e-06 8.110584089850794033e-18
6.154864747899557731e-07 3.500809814466455783e-06 1.793594050253707190e-17
6.896698945477175435e-07 3.436589877919054327e-06 2.052765889419656307e-17
7.684976145901079025e-07 3.366958649564419919e-06 9.524947641898178011e-18
8.501494809486087600e-07 3.293476688857468424e-06 -2.212761510075332062e-17
9.312517122508912060e-07 3.218648226100440541e-06 -6.790386647717900881e-18
1.006125625330894779e-06 3.145447668641104100e-06 -1.074172227564303839e-17
1.066061779977922619e-06 3.075472803367050028e-06 -1.135021326611289072e-17
1.099244141922889328e-06 3.004842688983990832e-06 4.465598831336150381e-17
1.092494621046657954e-06 2.918333435527069560e-06 -1.903459156809327687e-17
1.035952196977441009e-06 2.786376701091190923e-06 -1.039171345183422572e-18
9.298267895224698876e-07 2.573724724101011992e-06 1.634836160883280463e-17
7.886540173453193692e-07 2.262501096935914333e-06 7.144919960571991510e-18
6.376038140694373357e-07 1.872820666988804125e-06 -8.208580735033306571e-18
5.017727221015566563e-07 1.457409477524670823e-06 -1.316179937778655607e-17
3.966592608505015161e-07 1.072993130645760131e-06 -2.838899350294462342e-18
3.260190812454100140e-07 7.553829512888766586e-07 1.187137631864818696e-17
2.856327931295699063e-07 5.142990035735109500e-07 -8.746844337127935836e-18
2.682261658684681471e-07 3.419494250572299334e-07 -1.150600712814882232e-17
2.667295686091530893e-07 2.236098878494270219e-07 1.290992785382120652e-17
2.756147092497496232e-07 1.444343547438954050e-07 7.697784016297589823e-18
2.910586992116437344e-07 9.229761181733805209e-08 7.528745239294655721e-19
3.106347205433790393e-07 5.828624658468621255e-08 2.085994134431045796e-18
3.329147891494022016e-07 3.622127962924179452e-08 -1.655807863294768692e-17
3.571340970766334610e-07 2.196023514506394606e-08 -1.828352076965410747e-17
3.829486068460119519e-07 1.277693953542741914e-08 4.185533621240497760e-17
4.102737474510897986e-07 6.893996799883831777e-09 -2.677642844046069029e-17
4.391823053666310539e-07 3.156817416787489354e-09 -1.605272556884103156e-17
4.698422122195733408e-07 8.155194692845235210e-10 3.789996359187939257e-17
5.024798816234687937e-07 -6.178122338748946651e-10 -1.509717457842385597e-17
5.373596058087792837e-07 -1.461523654046687974e-09 1.178551352571696542e-17
5.747728513867678135e-07 -1.923943233338931905e-09 2.185069932269405739e-18
6.150335797108774649e-07 -2.141756644527428925e-09 -1.507449943968304541e-17
6.584773442029623336e-07 -2.204796688791205005e-09 1.295757361082075089e-17
7.054626665371765970e-07 -2.172119640342967891e-09 -2.523141620241100119e-17
7.563739496223298442e-07 -2.082482498894061175e-09 8.286198937196620485e-18
8.116254370388320538e-07 -1.961205849513578523e-09 5.794401853880381852e-18
8.716659548775596011e-07 -1.824693713083252471e-09 -1.969649437721644740e-17
9.369844040998942525e-07 -1.683425009979195320e-09 2.626105703406073420e-17
1.008115925765773468e-06 -1.543941807693635105e-09 -4.997286785565940567e-19
1.085648859030369229e-06 -1.410176963545380361e-09 1.673593608630802807e-17
1.170232569212142915e-06 -1.284342481147897165e-09 -1.427692516106665525e-17
1.262586284578315343e-06 -1.167525779424645239e-09 -1.937578540119943478e-18
1.363509172146171178e-06 -1.060089759240575791e-09 2.765979254046077401e-17
1.473891826433981755e-06 -9.619411139922779058e-10 -1.650971756207898137e-17
1.594729518734211426e-06 -8.727097826418438885e-10 -3.841367267921357869e-18
1.727137503442638389e-06 -7.918683809064438474e-10 7.130784931171000317e-18
1.872368798457035854e-06 -7.188105235072906332e-10 -1.796805395373792095e-17
2.031835006806315125e-06 -6.529022351132987408e-10 -8.437338367737387624e-18
2.207130731977924309e-06 -5.935140034703047217e-10 -1.774155175603242983e-18
2.400062416255815956e-06 -5.400405753407631597e-10 7.654248576368393840e-18
2.612682583898184863e-06 -4.919125497027342383e-10 1.956232105282257154e-18
2.847330654857926913e-06 -4.486019744997952919e-10 -1.017751341937058419e-17
3.106681941408839798e-06 -4.096246901514647151e-10 3.411888521512213536e-18
3.393806735883797554e-06 -3.745400008970399766e-10 -1.043359764768586113e-17
3.712242067827054015e-06 -3.429491254541809584e-10 1.039420094015887066e-17
4.066079390949162153e-06 -3.144928699380656597e-10 -1.077984207718380547e-17
4.460072439399498379e-06 -2.888485814880393705e-10 4.588644767673630189e-18
4.899770987533413891e-06 -2.657272956185910127e-10 -4.517731138023501770e-18
5.391687946009610100e-06 -2.448706061290848992e-10 6.115552246243206169e-18
5.943510007280772278e-06 -2.260477444867876226e-10 1.950036556118926468e-18
6.564365617970496780e-06 -2.090529526811313443e-10 8.394643096633734292e-18
7.265169320803260833e-06 -1.937028024053100370e-10 8.721134696834194031e-18
8.059069196836993187e-06 -1.798341292566208296e-10 -3.050305414289383142e-18
8.962035148558922248e-06 -1.673015598221193093e-10 -1.924410857996640358e-18
9.993642624297333077e-06 -1.559759794339938011e-10 1.483217991138197368e-20
1.117813181771704079e-05 -1.457428638226020747e-10 -1.659788436414480770e-18
1.254586192791368182e-05 -1.365006492764691450e-10 -4.777541592027003237e-18
1.413534330751281543e-05 -1.281595593548038830e-10 -1.097942085803378047e-17
1.599613283451151169e-05 -1.206405576091483026e-10 3.301676263972145237e-18
1.819305062240525461e-05 -1.138748439620162489e-10 -1.402496255102818363e-18
2.081247459564602997e-05 -1.078019696322661749e-10 2.082164179909739257e-17
2.397199125155416444e-05 -1.023727613315877194e-10 -1.140666848902223351e-17
2.783575884967789960e-05 -9.754022446766990782e-11 8.680657093829815220e-18
3.263931412216675154e-05 -9.328483278421045139e-11 -1.372613818496061383e-17
3.873482899369867782e-05 -8.954619491496032489e-11 9.396456032301158484e-18
4.665748117881757251e-05 -8.641592153476406021e-11 3.558228676132974868e-18
5.734251088196015700e-05 -8.361846094477843174e-11 4.616290683272146648e-19
7.207605819075507680e-05 -8.194199312025813835e-11 1.433314588101439819e-17
9.541292172408205596e-05 -7.938979647894913758e-11 -1.743424244872556735e-17
1.260044988518720099e-04 -8.163590321553494523e-11 9.098283715961288455e-18
2.427776986090555977e-04 -7.408882800328366946e-11 -1.070101557213637133e-17
2.996441932926682816e-04 -9.697498487401238353e-11 -2.497110941670204342e-17
4.141700595514958422e-03 -4.666733835814447403e-11 2.361592742099760998e-17
2.797604246917608992e-02 -2.272412277937120571e-10 1.440548603466344182e-18
