2.800364895474733232e-02 -1.421683083562092654e-08 -8.341073717999745831e-19
4.128642452792697509e-03 -2.067058117932590680e-09 -3.860222583908070595e-19
2.960146239151840997e-04 -5.175752877957112503e-09 2.386032826372862929e-18
2.349775628806734240e-04 -3.400061711692795665e-09 6.123165750541622399e-18
1.175928570267235906e-04 -3.661668911779950544e-09 -6.827676062897267074e-19
8.538075825618648973e-05 -3.275746204358081307e-09 -4.013741154653492336e-18
6.049181326749780707e-05 -3.202353360326375987e-09 3.961775260029370442e-19
4.395736365049238148e-05 -3.068049033542925395e-09 7.190541673661985304e-18
3.123001684814108447e-05 -2.996972128812727006e-09 5.628674465450903806e-18
2.093901542917636638e-05 -2.936909598615472764e-09 -1.170575734674626293e-18
1.206192928296032085e-05 -2.901705453656482104e-09 -6.440877027215583176e-18
3.941571870721277682e-06 -2.883612286070745885e-09 -1.169246290917550381e-18
-3.941571870801074962e-06 -2.883612291117415334e-09 4.334026180689803514e-18
-1.206192928288052357e-05 -2.901705454138577027e-09 -5.759110617107532977e-18
-2.093901542917289693e-05 -2.936909641474711238e-09 -8.529251890307248769e-18
-3.123001684804740941e-05 -2.996972070294171234e-09 2.458866462300398442e-18
-4.395736365058952599e-05 -3.068049091106050337e-09 -1.159022402867288409e-18
-6.049181326745270426e-05 -3.202353351934665068e-09 -3.520572534896343660e-18
-8.538075825627322590e-05 -3.275746169867288470e-09 -2.926129766482249339e-18
-1.175928570267374684e-04 -3.661668918083127195e-09 2.832635296065785995e-18
-2.349775628806768935e-04 -3.400061736190406288e-09 4.186840889097002746e-18
-2.960146239150071579e-04 -5.175752818482120049e-09 -5.905370627197446081e-18
-4.128642452792818940e-03 -2.067058166495235342e-09 4.770531220050182289e-19
-2.800364895474731497e-02 -1.421683082768210859e-08 6.483106042865920393e-18
-2.797605564641027220e-02 -4.593455776385718087e-11 -2.039761810798239038e-18
-4.141694709055725176e-03 -8.735758040632779767e-12 -1.070988522812521238e-17
-2.996428662582623081e-04 -1.773808517607366634e-11 5.251585981922762153e-18
-2.427746537509364866e-04 -1.287696171482934411e-11 1.045118687815557723e-17
-1.260014310482497624e-04 -1.366451410338846727e-11 -3.183793849644731366e-18
-9.540943714259064734e-05 -1.270238190842121616e-11 8.984999298711184385e-18
-7.207226479798850560e-05 -1.257172737899629158e-11 -7.015606444323530595e-19
-5.733839039711793872e-05 -1.227106923807629659e-11 -1.724467292910837812e-17
-4.665303952779142893e-05 -1.212823722007941317e-11 -6.587734886511178243e-18
-3.873006250939767248e-05 -1.200138342316095481e-11 -5.043573840046731273e-18
-3.263421792014387091e-05 -1.192559866198161588e-11 -1.129916080350978743e-17
-2.783032540764479590e-05 -1.187643471095107200e-11 1.413271396272016351e-17
-2.396621103220586413e-05 -1.185328268229590636e-11 1.005232585004222546e-17
-2.080633610384435839e-05 -1.184866403163766238e-11 -2.052593477620221594e-17
-1.818654056685853337e-05 -1.185855533158328214e-11 1.381044459339487031e-17
-1.598923617527475693e-05 -1.187832966383340560e-11 3.774507487004073971e-19
-1.412804333529929512e-05 -1.190367112343197994e-11 1.219525429598619476e-18
-1.253814028124092261e-05 -1.193030191421528063e-11 1.720222026668161070e-17
-1.116996849343313003e-05 -1.195373735418832119e-11 2.204351803646088787e-18
-9.985016006516106435e-06 -1.196922838837748450e-11 6.539470588884355050e-18
-8.952921986497136553e-06 -1.197156299059207670e-11 1.517799214012759177e-18
-8.049444609643796600e-06 -1.195506294653526175e-11 -7.186805594692147282e-19
-7.255006781534817373e-06 -1.191339241760565497e-11 1.682151564557677697e-17
-6.553636936874190910e-06 -1.183943801896506065e-11 -1.496385833099304723e-17
-5.932185331448264209e-06 -1.172521989207363663e-11 1.398938133897693497e-17
-5.379735741849189790e-06 -1.156167857066110856e-11 3.383669547777906353e-18
-4.887158044506595411e-06 -1.133850675939014993e-11 -6.915588148350645862e-18
-4.446763881317539191e-06 -1.104418151034629266e-11 -5.098302771952954239e-18
-4.052038678592495557e-06 -1.066527855781462439e-11 9.000239337585823245e-18
-3.697431057506084251e-06 -1.018693698067553749e-11 1.952487441815679748e-18
-3.378185726651133924e-06 -9.591821154733284656e-12 -1.072971323107840629e-17
-3.090209759869927408e-06 -8.860724524229629509e-12 -1.072049991027133150e-17
-2.829964777673749099e-06 -7.971432760310270833e-12 -1.347349473606465718e-17
-2.594379285472681040e-06 -6.898783396962035976e-12 3.132298407249742474e-18
-2.380776996515482358e-06 -5.614500475786359400e-12 3.383499614266171629e-18
-2.186817776243799027e-06 -4.086217911498353281e-12 -1.632200751747716414e-18
-2.010448735607905935e-06 -2.277514219964453679e-12 -1.367151993199172000e-17
-1.849863506767773780e-06 -1.471052421350716693e-13 -3.082982912049064426e-18
-1.703468102735861134e-06 2.351596929731790202e-12 1.315842099509992865e-18
-1.569852226608603463e-06 5.271123609019358405e-12 2.139651263554416940e-17
-1.447764996879985500e-06 8.670548236211983900e-12 6.638086169462840854e-18
-1.336094328608511406e-06 1.261643567159439628e-11 -9.868523165878762851e-18
-1.233849376162943212e-06 1.718324526014480475e-11 5.138810904153735878e-18
-1.140145483934096315e-06 2.245442417363087669e-11 1.484771359715186927e-17
-1.054191283891836584e-06 2.852313672563320282e-11 -1.788940921449182860e-18
-9.752775515271816520e-07 3.549322778841947845e-11 -1.284114461960345663e-17
-9.027675771655641057e-07 4.347995911457859981e-11 7.429005944285602780e-18
-8.360888282474276956e-07 5.261088758126032180e-11 6.347310704143115630e-18
-7.747256684960401873e-07 6.302701153429498383e-11 -1.245085197267638282e-17
-7.182130379382312135e-07 7.488294065239747352e-11 6.116535566973049172e-18
-6.661309057479081197e-07 8.834808304872132161e-11 2.097044953793973546e-17
-6.180994000341832884e-07 1.036067348785267180e-10 6.361102989707278091e-18
-5.737745576855912688e-07 1.208581494689313980e-10 5.905757821319156469e-18
-5.328445446574348043e-07 1.403168373346728713e-10 -8.054392256152241843e-18
-4.950263472816573973e-07 1.622113246924385419e-10 3.319479007204991151e-18
-4.600628356853098122e-07 1.867831133900076785e-10 -9.932307565670737599e-18
-4.277201443025901995e-07 2.142849127890724542e-10 -3.552920340173617408e-17
-3.977853699037303681e-07 2.449772131643137714e-10 5.141252109814062624e-18
-3.700645159407378593e-07 2.791248437878060388e-10 -3.237631231809623425e-18
-3.443806486508327325e-07 3.169912683503754488e-10 2.116220902262180826e-18
-3.205722580584824399e-07 3.588321351502098872e-10 -9.369057017191983027e-18
-2.984917807959119873e-07 4.048864498468981127e-10 -1.119403410612151276e-17
-2.780042840135055204e-07 4.553668175660018671e-10 9.554693324725275565e-18
-2.589862821561483841e-07 5.104467432601948503e-10 4.612110179224004617e-18
-2.413246553041592524e-07 5.702466625853935165e-10 1.278074793320383896e-17
-2.249156801394092131e-07 6.348176512150874378e-10 -1.238855268661385842e-17
-2.096641449865488394e-07 7.041230664462485277e-10 -2.154679537565798911e-17
-1.954825455570408099e-07 7.780196211935003700e-10 -4.865219209415708324e-18
-1.822903570695977304e-07 8.562363950104246480e-10 -1.316152654020301933e-17
-1.700133526773284220e-07 9.383548388418671368e-10 -1.609736789182630415e-17
-1.585829901111501794e-07 1.023789468012751264e-09 -4.479611792118313403e-18
-1.479358272549191611e-07 1.111770350582533557e-09 8.893670684313415887e-18
-1.380130080774755186e-07 1.201331137498226295e-09 2.022443613514288262e-17
-1.287597755951497280e-07 1.291302159183068138e-09 2.517702281992971069e-17
-1.201250252810814878e-07 1.380311689200877399e-09 2.816083786251104017e-17
-1.120608973080583493e-07 1.466798185850036049e-09 1.373431007115270903e-17
-1.045224052240167900e-07 1.549033836695390002e-09 2.752687236459639807e-18
-9.746711014668729689e-08 1.625162200637852287e-09 -9.349559822558246552e-18
-9.085484685075750910e-08 1.693250302085424287e-09 -6.377256688781099528e-19
-8.464746996741934204e-08 1.751354763504190051e-09 -1.269009874733872094e-17
-7.880866615198045544e-08 1.797601060413957412e-09 -6.012161902341962303e-18
-7.330380162595684368e-08 1.830273562737111557e-09 6.751969400755650750e-18
-6.809982525807223297e-08 1.847911582528670958e-09 1.569517117756309241e-17
-6.316522405819258168e-08 1.849406583047862557e-09 8.244271923269028082e-18
-5.847000922321043959e-08 1.834095065994066310e-09 7.565024264883893511e-18
-5.398574981843595744e-08 1.801838367149779247e-09 -6.640702282084593582e-18
-4.968562864957060121e-08 1.753084541300996976e-09 -1.422219631913279186e-17
-4.554453590654983230e-08 1.688904747844133742e-09 -3.466035189242361732e-17
-4.153916961444070743e-08 1.610999426991459392e-09 -3.483622857584404441e-17
-3.764812767440006702e-08 1.521671680332065264e-09 -2.444091466364543588e-17
-3.385199639355240819e-08 1.423765386218226063e-09 2.511966523899156249e-18
-3.013340620777738010e-08 1.320571947188810891e-09 7.078572788029898829e-18
-2.647706085975864987e-08 1.215707100322522724e-09 1.283637074980893442e-17
-2.286972763942962672e-08 1.112965756823157712e-09 1.029015027307555521e-17
-1.930016223228303573e-08 1.016161365978320278e-09 6.150678096899061279e-18
-1.575898359723604258e-08 9.289593557322531448e-10 1.870944255787670475e-17
-1.223850597947828689e-08 8.547127977289809033e-10 1.750632124130255877e-17
-8.732512893350197203e-09 7.963106048908574680e-10 1.620788636186902520e-17
-5.235977647982670291e-09 7.560448230541201589e-10 -7.236336128692564733e-19
-1.744756041033301841e-09 7.355051234769820008e-10 -2.522130064492968318e-17
1.744755215304927276e-09 7.355050982070382174e-10 -2.777588709124959823e-18
5.235978265544227739e-09 7.560448452066890473e-10 4.820381241870286557e-18
8.732513347847747909e-09 7.963106215800245555e-10 1.396951979560504760e-17
1.223850661091763214e-08 8.547127858478226329e-10 -7.321247005028300488e-18
1.575898295191890952e-08 9.289593394889868655e-10 -3.496514349636310321e-17
1.930016173962156856e-08 1.016161403196411967e-09 1.386548233692010006e-17
2.286972930823361061e-08 1.112965757820055934e-09 -2.645600539380047083e-18
2.647705951014378556e-08 1.215707065676977629e-09 4.359344503688727675e-18
3.013340442448164680e-08 1.320571941438019662e-09 6.946603653183925957e-18
3.385199761479773528e-08 1.423765409265747712e-09 4.956436039958723228e-18
3.764812870829525870e-08 1.521671654190107265e-09 2.513587389352274977e-17
4.153917073160262596e-08 1.610999443250931794e-09 -3.055684452692498871e-18
4.554453442509598382e-08 1.688904757437986245e-09 -2.615739888557139434e-17
4.968562690443878438e-08 1.753084532949622693e-09 -2.158715751586943794e-17
5.398575070661437714e-08 1.801838359359067983e-09 9.135499064265127712e-18
5.847001044792521363e-08 1.834095047641893133e-09 2.365459152850850018e-17
6.316522520657952278e-08 1.849406605739603899e-09 5.151447748843860772e-18
6.809982332559028073e-08 1.847911547474427503e-09 1.594984148016631912e-17
7.330380006470571530e-08 1.830273559055047755e-09 1.067792866860323816e-17
7.880866753282034232e-08 1.797601089656598629e-09 -2.339838379030552607e-17
8.464747101519232153e-08 1.751354733440620053e-09 -5.973097515704251750e-17
9.085484787077491298e-08 1.693250334266034022e-09 -1.406494071196978721e-17
9.746710859584450937e-08 1.625162237006849694e-09 4.016653878377526644e-17
1.045224031354097249e-07 1.549033787055998547e-09 2.750518307476812378e-17
1.120608985050175477e-07 1.466798216919232678e-09 1.459203878858493389e-17
1.201250266272269052e-07 1.380311692010622997e-09 3.547400264376369432e-18
1.287597767261894344e-07 1.291302138293539938e-09 -2.065545798634685274e-17
1.380130060860129682e-07 1.201331157933195587e-09 -3.079885783318875716e-17
1.479358257491791839e-07 1.111770320478478858e-09 1.809156473348745719e-18
1.585829909923897052e-07 1.023789437162845592e-09 1.475702359768545577e-17
1.700133543391935120e-07 9.383548923998497272e-10 -3.425600610884013163e-18
1.822903579022649989e-07 8.562363817262766553e-10 2.278191021604706658e-17
1.954825439541563181e-07 7.780195907763840728e-10 -1.412545879004733946e-17
2.096641435155033317e-07 7.041231149092017953e-10 -1.903000873735096938e-17
2.249156810969765719e-07 6.348176007065699719e-10 1.118692940266281075e-17
2.413246562235626946e-07 5.702467276904358177e-10 4.453858714298320519e-18
2.589862831588185532e-07 5.104467255192633746e-10 -1.122332850841871450e-17
2.780042826187878457e-07 4.553667892188997795e-10 1.057458243062584561e-18
2.984917789917995723e-07 4.048864725594257277e-10 2.995483847723426694e-17
3.205722593595250469e-07 3.588321133720668880e-10 9.180415912504764559e-18
3.443806497818724388e-07 3.169912832584964290e-10 -3.957928300400154392e-17
3.700645172591277010e-07 2.791248598850058704e-10 -1.793301968266961473e-17
3.977853679608400750e-07 2.449772045384855106e-10 6.299853743902237602e-17
4.277201424221499515e-07 2.142848998805012691e-10 -8.561047791112501741e-18
4.600628368996162454e-07 1.867831124554670875e-10 -3.880824571138844504e-17
4.950263485931083451e-07 1.622113157048705508e-10 2.683013569259588242e-17
5.328445450911156733e-07 1.403168626776397456e-10 3.694086376575730013e-17
5.737745553541229171e-07 1.208581695041135465e-10 -5.271314595621017036e-17
6.180994002284723177e-07 1.036067119354295900e-10 -2.137432196014882131e-17
6.661309064591447449e-07 8.834807956475714311e-11 3.765221685578991873e-17
7.182130389131458070e-07 7.488296106064076661e-11 -7.383155374445567288e-18
7.747256688533932234e-07 6.302700349004996713e-11 -2.850509914271502029e-17
8.360888261102483732e-07 5.261089664812536195e-11 4.628965971425811476e-17
9.027675776929200424e-07 4.347991175712926661e-11 -1.020737186592033939e-17
9.752775522280099363e-07 3.549321986740224593e-11 -1.967832652767257309e-17
1.054191284367150816e-06 2.852317658124797111e-11 1.965400244897999869e-17
1.140145484541249532e-06 2.245441281512915788e-11 -1.050894485146448111e-17
1.233849373744738687e-06 1.718325404614873292e-11 8.956168543246676135e-19
1.336094328986681123e-06 1.261644256636648631e-11 -1.884796805093579377e-18
1.447764997795919495e-06 8.670559558717697578e-12 1.111837763922292912e-17
1.569852226625950697e-06 5.271085577764872785e-12 -2.438803228393102144e-18
1.703468103363831032e-06 2.351652738154983204e-12 -3.091734356109782937e-18
1.849863505282850484e-06 -1.471737545265320508e-13 -9.282993812564891380e-18
2.010448736149139659e-06 -2.277487363075699041e-12 1.725753861975463182e-17
2.186817776382576906e-06 -4.086223308513119729e-12 -1.738584067711461733e-17
2.380776997244066218e-06 -5.614506470872871251e-12 9.573819792566509044e-18
2.594379286336573331e-06 -6.898832196852953854e-12 -5.207822845024144122e-18
2.829964774977988817e-06 -7.971361196884627746e-12 3.547607786017372842e-18
3.090209760647083526e-06 -8.860737322601848850e-12 3.769491649499891464e-18
3.378185727126448157e-06 -9.591883538696925238e-12 -1.325421545916213394e-17
3.697431058140993043e-06 -1.018685075951203944e-11 3.405037271561918078e-18
4.052038678835356844e-06 -1.066530863800061264e-11 4.234685651899470251e-18
4.446763878600962228e-06 -1.104415419009256897e-11 -8.124471476768854688e-18
4.887158046047029858e-06 -1.133850810186768136e-11 2.058949221787851998e-17
5.379735742393892961e-06 -1.156166747804005405e-11 -9.186819886406615565e-18
5.932185331375405823e-06 -1.172519426157604136e-11 -6.453540459548734889e-18
6.553636937307871779e-06 -1.183950751002383734e-11 -1.714721405259239054e-18
7.255006780185202508e-06 -1.191339275917763631e-11 1.500256302372083341e-17
8.049444610153805302e-06 -1.195501204387471256e-11 -2.621426226043968927e-17
8.952921987322864927e-06 -1.197152880306241861e-11 2.920408172458312441e-17
9.985016005804869810e-06 -1.196926020909815102e-11 -8.484811975574102303e-18
1.116996849453988361e-05 -1.195378812903917769e-11 -1.099246384002055813e-17
1.253814027863883740e-05 -1.193027945540086499e-11 1.890529763554606925e-18
1.412804333636094589e-05 -1.190370423068505793e-11 -2.648697483025831149e-18
1.598923617758540860e-05 -1.187831914770672832e-11 1.670686646682684456e-18
1.818654056463461788e-05 -1.185856166240332777e-11 1.064111854571804142e-18
2.080633610454518667e-05 -1.184867879926255846e-11 8.993868062633410948e-18
2.396621103000970421e-05 -1.185326066110162644e-11 -8.873278174208050582e-18
2.783032541024688111e-05 -1.187639588958620222e-11 -5.130105454015571978e-18
3.263421792122633835e-05 -1.192560285153429485e-11 6.674435196744026312e-18
3.873006250607394230e-05 -1.200141653949655347e-11 -9.469291066339124464e-18
4.665303952869001569e-05 -1.212816293988453953e-11 2.710810165272830290e-17
5.733839039783611424e-05 -1.227112891103416509e-11 -2.400750764863631794e-18
7.207226479830075583e-05 -1.257174020638104373e-11 -2.979027072077606934e-18
9.540943714302779766e-05 -1.270233066287410176e-11 -1.066736953156659982e-17
1.260014310464734055e-04 -1.366460097437953569e-11 -1.381798893136087901e-17
2.427746537515922121e-04 -1.287693227745951719e-11 1.632135301624152120e-17
2.996428662584323110e-04 -1.773810022211792124e-11 -1.370517463001765489e-17
4.141694709055801504e-03 -8.735716089672862533e-12 4.220462029261199130e-18
2.797605564641034853e-02 -4.593457139401542484e-11 9.793839360130468126e-18
