3.260684614750528282e-04
4.779012165427053475e-04
-2.649717736227680817e-04
7.674499911304347947e-04
-7.010661667854155288e-04
6.077582379949317227e-04
-7.264753724950299106e-04
9.196401953775860689e-05
-3.260635598968850656e-04
-4.779133367290146835e-04
2.649568972095954662e-04
-7.674225503771879694e-04
7.010746896761890865e-04
-6.077961998633683340e-04
7.264744831872528607e-04
-9.194333537080890675e-05
2.348381905603602604e-16
-3.137220301249743493e-15
-4.507733162434357510e-15
4.446286004308741546e-15
2.287219350548264085e-15
-1.767032700716875127e-15
2.053207864144424022e-16
1.383062501331133731e-15
8.456776945386934585e-16
-5.537698121241274585e-16
-1.363384231900521826e-16
-4.730618024043065084e-15
9.877556129793407802e-16
2.085354458558619228e-15
-6.759458444360877394e-16
2.038300084272748336e-16
1.488349374301201067e-14
3.771668307533948550e-15
-2.566103762585616316e-14
1.647853132159121659e-14
1.886186519473032064e-14
-8.746475765875061370e-15
-5.416836684063452978e-15
2.911082833123579405e-17
2.459295787848869708e-15
-1.505414716496122907e-16
3.277742135462989939e-14
-3.328346170720919428e-14
-1.930042497350070718e-14
1.110353128885854801e-14
5.134239387805106247e-16
-5.480967242565970565e-15
-3.142767079564179333e-13
2.949933862721881850e-13
1.208833380617058140e-13
-1.316153132660535796e-13
-5.698078727606192828e-15
-8.446151764096576642e-15
8.286611414415334664e-14
-7.030536092536565640e-14
5.340809717223338193e-14
-5.920941905171450692e-14
-1.253719892659044266e-13
1.354778648206961256e-13
1.217147042875676988e-14
-8.545789943747994499e-15
9.551436247826061710e-14
-9.425782637045854173e-14
-1.879880528587313249e-14
1.116717395638344712e-14
2.727473195213159229e-14
-6.139782692676787335e-15
-5.183570586653196699e-15
2.611626193083083081e-15
1.260032659808341116e-15
8.488923539801129792e-15
3.856047019233990736e-14
-3.655727792966495526e-14
-2.279670592922333761e-14
7.398812465475579359e-15
6.006480035569694564e-16
-1.498367402374967128e-16
3.704203827351038036e-14
7.961215237398122646e-15
2.164205772058058752e-14
-3.116810195352703872e-14
-1.121661357544878612e-14
5.114723748700367167e-16
2.636476106876450842e-14
-2.391858412720271332e-14
1.360946132265145048e-14
-2.893230089100889968e-14
-3.484097233809324567e-14
4.416839073304035246e-14
4.256957199938460334e-15
3.132910597614113613e-15
1.435499939403395153e-14
-3.579352526178469773e-14
-9.714920382909719709e-14
7.316541849374663675e-14
1.777381410453249266e-14
-2.996626384532685705e-15
-2.200442519167955524e-15
3.309310291077505184e-15
-4.486211749310520247e-15
7.634599332936864435e-15
1.337582253074440231e-14
-1.468736157000938292e-14
-9.075422705007163415e-15
3.663519140828519483e-16
2.292545493720599126e-15
3.317875488240140669e-15
2.477813960954922123e-14
2.314717428147927691e-15
1.294899246422759331e-14
1.705450017319698475e-16
-8.649873352306602925e-15
2.396899952822328927e-15
1.367043414232660403e-14
-1.127071526385581279e-14
9.390139490625393215e-15
-1.295786936951481838e-14
-1.250101367908373895e-14
1.887173143449993873e-14
1.155867936086796277e-15
4.198735543275988746e-15
5.376558573355616488e-16
-1.399076167418744632e-14
-3.905527973507155748e-14
1.829447509281434403e-14
-7.873801437241478851e-15
-5.422528745469001876e-15
-5.515336451433761056e-16
8.642717617968198596e-16
-4.711942641622002270e-15
3.232386146939658644e-15
1.011513193083929396e-15
-3.648963726662901585e-15
-5.279414058700915291e-15
-5.715913853343579376e-16
1.184490873440413594e-15
2.093919655721254713e-15
1.359020318156267670e-14
2.926342978701312880e-15
1.423154264790574275e-14
-4.425442217542707724e-16
1.231886771410617420e-14
-1.835662698235207557e-15
7.839486438482312636e-15
-6.045836574430918375e-15
7.963519167014654343e-15
-6.615571263544894887e-15
-3.159663286220193434e-15
7.507503733267251178e-15
3.973058861073130998e-16
3.103420298522507892e-15
-2.329299947367857726e-15
-5.267542044912199017e-15
-1.816027796891495072e-14
4.035075225339301852e-15
-1.275086806973302345e-14
2.074295596399267083e-15
-6.176482936215421660e-15
2.827490845624947013e-15
-3.139741071300772290e-15
1.561495073867935623e-15
-1.958658658440110001e-15
-7.938257256395742090e-16
-3.074201049974023547e-15
-3.762181538524700386e-16
5.151586622564874318e-16
9.474842785350823249e-16
7.404938207750122459e-15
1.557239580340930019e-15
9.620857712930308558e-15
-2.492174218729492630e-16
7.356257530205523310e-15
-1.498692663026712779e-15
-1.654492515212879766e-16
2.780978572425318873e-16
4.155231931105007881e-15
-3.062627191782740788e-15
4.608943435235879349e-16
2.019922857449119036e-15
7.191513010096350911e-16
8.761979856941604083e-16
-1.717322031108414748e-15
-1.612750731572187846e-15
-7.240302107858198610e-15
3.117081245895825248e-18
-9.343274851719707286e-15
3.230000902160190535e-15
-3.330669073875469621e-15
2.032608022867199438e-15
3.811892208133160764e-15
-2.916774894529128304e-15
-9.386141495114352917e-16
-2.385244779468109755e-18
-1.472129709800817920e-15
-1.926085159420498627e-16
2.046431600566389619e-16
2.880725172293985281e-16
2.950656212419300317e-15
1.725507757510680307e-16
4.205945487723017351e-15
-1.562064280008490513e-16
3.300528253480372598e-15
-6.799031823656598306e-16
1.056012916000881319e-16
3.003240017784847282e-16
-1.166628642648714909e-15
3.549677912717541517e-16
4.603522424373451827e-16
-2.958245627626698848e-16
2.514264837993884782e-16
7.415942859800850329e-17
-6.167484058183791973e-16
-8.273546778236884336e-16
-2.801144732833549256e-15
6.985243546780983692e-16
-3.965523655974356743e-15
1.947931833196081541e-15
-1.324840844668662143e-15
1.064469692946268253e-15
1.343977013013031296e-15
-1.230352625336550432e-15
1.849255882972744569e-15
-1.464594504702043665e-15
-4.336808689942017736e-16
1.488609582822597588e-16
-4.407281831153575524e-17
4.700016417724661721e-17
7.718164215381184690e-16
4.906556931583150316e-16
4.573097000908077359e-16
3.157738827364031664e-18
9.421716878899033532e-16
1.057639219259609575e-16
5.594483210025202879e-17
4.033232081646076495e-17
6.044427111606687220e-17
-9.860818758755662827e-17
2.987722374191148500e-16
-9.623649533524458732e-17
6.234162491791650496e-17
-1.094502093124116726e-16
6.803368632346540323e-17
-1.610582327227216837e-16
-8.048168251631460102e-16
1.108596721366428284e-16
-4.177702021129769960e-16
4.543620254343627707e-16
-3.749171112454874333e-16
2.934935280918260503e-16
2.764715539838036307e-16
-6.624475273886432092e-17
-1.798555878881891168e-16
2.821636153893525290e-17
-4.016155897429429800e-16
2.239419587268809408e-16
2.574980159653073031e-17
3.144186300207962859e-17
3.577867169202164632e-18
2.500170209751573225e-16
3.155705948290621343e-16
2.161085980306731713e-16
1.846938400829056803e-16
1.008850121497761876e-16
-9.958396954279358226e-17
-1.225148454908620010e-16
-6.027893028476283277e-16
7.587246803053560029e-16
-7.310368673255074334e-16
4.071314682954629838e-16
-3.280795773941136417e-16
1.331400267812199445e-16
-1.402957611196242738e-16
-6.069363761573853822e-16
6.007564237742180069e-16
-1.152832170003836865e-15
-1.204548613631395426e-16
-1.815903113641659239e-15
-9.280770596475917955e-17
-6.099179321317205194e-16
-4.795968309989628864e-16
1.338989683019597976e-15
-1.754645690896228238e-16
1.197501299510239647e-15
8.928404890418129014e-16
9.661325559018330011e-16
2.919756450503463441e-16
1.907111621402002299e-16
2.621980323830319648e-15
-4.651227319962814022e-16
3.607760655976663400e-15
6.864355004548849948e-16
1.784054674824897546e-15
-4.754226526348936943e-17
-3.484625782368411251e-16
-5.365174450544518692e-16
-2.875277056377245621e-15
-2.135607229253322359e-16
-2.830099707102490258e-15
-1.194113167721222446e-16
-1.903533754232800135e-15
2.550043509685906429e-16
2.853078016895604918e-16
3.217912047936977160e-16
-1.916110499433631986e-15
-3.029843628592210347e-15
-1.711629969702865850e-15
-3.753562131253440626e-15
-8.725659084163339685e-16
-1.211704347969799755e-15
7.876728783107189713e-17
2.408338285742050999e-15
1.898166953478996888e-15
3.554719452819599113e-15
2.693239511616929427e-15
2.689797169719287950e-15
1.225256875125868561e-15
6.149594722337781150e-16
-6.432571489356497807e-16
-1.521189858105786996e-15
7.221386168080115575e-15
-9.528781843431977094e-17
5.203953587495924182e-15
1.691355389077386917e-17
-7.972138574285914103e-16
-5.893180908544959351e-16
-5.376992254224610690e-15
-7.147602822110687981e-16
-7.645014450056303312e-15
-7.366611660952759877e-16
-4.309595215412631575e-15
1.846396299742814051e-16
6.266146455879972876e-16
4.296693209560054072e-16
5.738790519183023520e-15
6.571891468520885127e-16
-4.544189460484182597e-15
-4.500902688747698832e-15
-2.167374352907147639e-15
-1.745348657267165038e-15
1.155542675435050626e-15
2.576064361825558535e-15
4.287721436582736523e-15
5.057003535542670125e-15
5.273342526534996466e-15
2.999174259638026641e-15
2.327890484543626570e-15
1.044032481994916495e-15
-2.242726403894890197e-15
-1.723989874469200601e-15
-4.551968611071766091e-15
-4.607588182520272468e-15
7.513575265433170003e-15
-5.450284321084630790e-16
-1.069619653265574399e-15
-9.440690416917529859e-16
-8.619407271259760250e-15
-1.308632022190003852e-15
-1.143811607928757468e-14
6.117610758249458769e-16
-7.897328624384414297e-15
7.465274058648940780e-16
8.624286181035945020e-16
7.795413620170776881e-16
9.387076619488121665e-15
-2.160543879220488961e-16
1.264230216281754526e-14
6.773553072603188951e-17
-2.969304489786050993e-15
-1.785789398300874353e-15
2.507596994633098930e-15
3.007034725388546548e-15
6.801715224033499929e-15
5.628269660225282411e-15
8.842427658140028512e-15
4.226491118891617660e-15
3.091277234190670242e-15
1.138900172087398133e-15
-3.674144322118877426e-15
-2.228902826195700015e-15
-7.675229809350758714e-15
-5.204414373419230522e-15
-7.939883559654470346e-15
-4.973560625842754490e-15
-1.466817119155638949e-15
-8.885036803518708837e-16
-1.132411222085072389e-14
1.092875789865388469e-16
-1.597047418356450921e-14
8.284253274690178692e-16
-9.688322193113219072e-15
1.170829926067096238e-15
1.267215499201057582e-15
7.444132116285473444e-16
1.167883606663366880e-14
7.315383108302819792e-16
1.609925707286505303e-14
-4.500794268530450282e-16
1.015978750781854067e-14
-9.301370437753142539e-16
3.464080151199810942e-15
3.177579727120516395e-15
8.183883258572333119e-15
6.650875596786454125e-15
9.677290436008179064e-15
3.263936430158986823e-15
3.983196151385870465e-15
9.499237334231747099e-16
-4.588668854610400416e-15
-2.467752564794256642e-15
-9.895960461671349240e-15
-4.752274962438463035e-15
-1.022660146669795989e-14
-4.823344414844887851e-15
-3.917330869407376071e-15
-1.728001422507396967e-15
-1.211476665513577800e-14
-2.174909558005921895e-16
-1.549625092958292760e-14
1.156301616955790479e-15
-9.845531508123617215e-15
9.712825162211391472e-16
1.016385326596536132e-15
9.276433787785975937e-16
1.165913069214874476e-14
7.250602028496810902e-16
1.678593651880874726e-14
5.172999615471463031e-17
1.059200470387988702e-14
-6.413055850251758727e-16
-1.354005883108522212e-15
-1.109464083104416687e-15
8.712879051055166801e-15
5.034181079811850257e-15
1.105967531098150936e-14
2.153388144882084632e-15
4.033448922080573595e-15
7.871307772244762191e-16
-4.978060064858569334e-15
-1.495006375640262064e-15
-1.032061534757960919e-14
-4.193138349560532330e-15
-1.040676876271073859e-14
-3.604430122428059491e-15
-3.705477764903708504e-15
-1.757816982250748339e-15
3.739630133337001894e-15
2.585442710617558149e-15
-1.396435796315563527e-14
6.283629215911301635e-16
-8.324124809583333118e-15
8.097906026294232618e-16
8.257283745649601769e-16
7.822518674482914491e-16
1.098887690911820592e-14
5.778526528804617257e-16
1.448706199490626401e-14
2.218548695448463448e-16
9.078621101415995653e-15
-8.826489886204491597e-16
-1.062192868384048694e-15
-1.005705935197553913e-15
-1.038326868062211528e-14
1.292911090688964038e-17
9.585702457487466077e-15
1.504872615409880154e-15
3.484842622802908352e-15
2.246466901389965187e-16
-4.291814299783869302e-15
-1.098134170401943166e-15
-9.204049740245412448e-15
-2.773917705777007026e-15
-8.398094502801156658e-15
-2.374538283014815399e-15
-3.498286729741728607e-15
-1.157385819128275983e-15
3.097131925922091966e-15
2.540773581111155366e-15
7.750500545175564859e-15
3.381870521471097568e-15
-6.632281529528327724e-15
9.134403303190374857e-16
6.813668552985152616e-16
5.137491994322562761e-16
7.538566125508960880e-15
5.228836027354466509e-16
1.043923722964489043e-14
-1.879193415460500560e-16
7.217750702670500118e-15
-4.156289028223181248e-16
-1.063602331208279850e-15
-4.165504746689308035e-16
-8.551536215262167673e-15
-1.258758722255670648e-16
-1.123736927078830550e-14
8.866198790771773197e-16
2.349466107776088108e-15
1.881090769262350193e-17
-3.069972661501330080e-15
-9.229813094369099247e-16
-5.562404378246788017e-15
-2.475396190110279449e-15
-6.074134251132790041e-15
-2.635641271203637004e-15
-1.412932271183109378e-15
-6.047679718124143733e-16
2.051039459799453013e-15
1.248025120748064154e-15
5.876944981011988922e-15
2.150975795048304384e-15
6.835894697521105456e-15
-1.593235092467448766e-16
2.222072352509041337e-16
4.484802286486289091e-16
4.403432913441251983e-15
5.407458335271453365e-16
6.068526893021966573e-15
1.219727444046192488e-19
4.510714718408692647e-15
-1.254964014651971382e-16
-4.621953861305705402e-16
-4.570996359198886694e-16
-5.096753097691419931e-15
-9.345280625738805469e-16
-6.605593215426239229e-15
7.532223542799920679e-16
-4.225569547045004981e-15
2.993482198232477742e-16
-2.427474454086420153e-15
7.978643787320827130e-16
-4.983169367596407273e-15
3.757031578205394240e-16
-3.368019838717595249e-15
-1.221028486653175094e-15
-1.670430287148416681e-15
-4.941793502188929210e-16
1.469310784152355609e-15
1.157927920214518736e-15
3.486604451333197296e-15
9.498288657330822282e-16
4.153822468280776725e-15
3.925896066570011556e-16
1.416076457483317341e-15
-2.975592862386466919e-16
2.078551089926272688e-15
1.547698601223057580e-16
3.225094887329693627e-15
6.266485269058874596e-16
2.325017348786539984e-15
-3.388131789017201356e-16
-1.483730673046412818e-16
-3.418489449846795480e-16
-2.928402962829035339e-15
3.715018744021580943e-16
-3.743540037421527744e-15
6.159217016618590002e-16
-2.074729277268261285e-15
4.754226526348936943e-17
-5.041540102057595618e-18
1.868080343192524140e-16
-1.860084352170443545e-15
-8.998878031629686802e-18
6.207057437479512885e-17
-9.616873269946424330e-16
-2.760378731148094289e-16
-1.480478066528956305e-16
1.980837369131016601e-16
4.340061296459474249e-16
2.335208849207903725e-15
4.893546505513324263e-16
2.068224064233348258e-15
1.226232657081105515e-16
8.096821824121747113e-16
-3.491673096489567030e-16
-1.497933721505972926e-15
4.997087812985689936e-16
1.182092076133789416e-15
-3.731010726065742134e-17
7.498884325995991418e-16
-9.118140270603092290e-17
-2.355429219724758383e-16
-9.269928574751062911e-17
-1.847778657512733069e-15
3.317658647805643568e-16
-2.276689036947998623e-16
3.663993479278981891e-16
-5.690977203376412774e-16
8.012254054667877767e-17
-6.315477654728063328e-17
1.139496483282265160e-16
4.346566509494387276e-16
8.102784936070417388e-16
-7.307522642552299885e-16
-9.812029660993815128e-16
2.335371479533776551e-16
3.846207206892326980e-16
-1.420304845956010809e-17
5.294701309332960903e-16
-5.260819991442788890e-16
6.357422726276096281e-16
-5.300935471824752554e-16
-5.479828830284860786e-16
4.174178364069192071e-17
6.862999751833243067e-17
-5.231275482242558894e-16
-4.392103000738778462e-16
-3.662434938656033978e-16
1.692561563994277041e-15
-7.046636494797975381e-17
3.197312206659752576e-16
-3.256401225060212568e-16
-1.571008947931495925e-16
1.119980844177526080e-16
7.761015612182779744e-16
-7.057885092337512489e-16
-3.144728401294205611e-16
5.217587429814929401e-16
-1.669129244541434076e-16
-8.112542755622786927e-17
2.442707494609841490e-16
-5.805902633659876244e-16
-3.022950474467454851e-16
-3.789286592836837997e-17
-1.550409106654271341e-17
-5.697738361838559700e-04
-2.085421300585510701e-04
-3.313715555095127479e-05
-6.741530339811509362e-04
5.227902095431949435e-04
-7.443517809755195811e-04
7.723862362188425694e-04
-3.787211339217762783e-04
5.696233448090468792e-04
2.087126249774836956e-04
3.332173304184695133e-05
6.739622093302137084e-04
-5.230575898547895272e-04
7.446284764950953337e-04
-7.721503173740266752e-04
3.784664418728907534e-04
