7.313797795742738332e-04
1.035609998196295204e-03
-4.818637283645919650e-04
1.586434227992167528e-03
-1.414249052807378280e-03
1.207847343416514367e-03
-1.516943986398395020e-03
1.228041166378409993e-04
-7.313707993297538209e-04
-1.035542961342126971e-03
4.823289394357749608e-04
-1.586203999734678944e-03
1.413765544045297515e-03
-1.208461981222918539e-03
1.516948926190271347e-03
-1.224936046288127231e-04
-1.869706646451252396e-16
3.450473413935117861e-17
6.521476067500309171e-17
-6.825052675796250412e-17
-2.395273649563600671e-16
1.235990476633475055e-16
-1.052218208397182053e-16
-2.249719507907421701e-17
1.897353801849632760e-16
-4.403487123549876259e-16
-3.059618530754093513e-16
2.289834988289385365e-16
4.646077359643507876e-16
-3.890117394877989909e-16
1.931506170282926149e-16
1.181780368009199833e-17
4.144362804325840699e-17
-3.368887200455583653e-16
4.607520419884492124e-17
-9.825582188149883933e-18
-1.435483676370807871e-16
4.174178364069192071e-17
-1.451746708958090437e-16
1.463672932855430986e-18
2.357055522983486640e-16
-1.506498918668608411e-16
-4.859258611808470185e-17
-1.587407505790339179e-16
-4.377466271410224152e-17
-7.047314121155778821e-17
1.843143693225357538e-18
-3.426078865054194011e-17
1.174462003344922678e-16
-9.391901319155682160e-17
-5.963111948670274387e-19
-9.828292693581097694e-17
2.009026625615639716e-16
-6.461844948013606427e-17
1.659913526075307288e-16
-2.258393125287305736e-16
4.475722093291722992e-16
2.471980953266950110e-16
-1.984632076734715866e-16
4.335453437226410855e-16
2.079499766827197504e-16
1.897353801849632760e-17
-1.512462030617278685e-16
-1.041918287758569761e-16
-8.620084897617563691e-17
1.761828530288944705e-17
-1.475599156752771535e-16
1.431146867680865853e-17
-4.391018798566292958e-17
2.385244779468109755e-17
3.586540786582048668e-16
-7.159529046008028530e-16
9.034792228593269137e-17
-2.896175053251903719e-17
-1.033244670378685726e-16
-9.622294280808851852e-17
4.082021179407924194e-17
9.432558900623888576e-18
9.958396954279358226e-17
-2.861751634275488954e-16
-2.200117258516209873e-16
3.718813451625280209e-16
-1.514630434962249694e-16
3.480288973678469233e-17
-6.993104012531503599e-17
4.521123059264553490e-17
7.291259609965017319e-18
2.017700242995523752e-16
7.410521848938422806e-17
2.534322578184866614e-16
-4.022390059921221450e-17
6.179952383167375274e-17
1.266348137463069179e-16
-2.389581588158051773e-16
-2.179246366695863912e-17
8.509631801295602926e-17
1.165517335421917267e-16
-9.887923813067800438e-17
-9.421716878899033532e-17
1.035955175809899487e-16
-1.266348137463069179e-16
4.257661931350575912e-16
-1.548427049557696278e-16
-6.575686176124584392e-17
3.198396408832238080e-17
-1.971621650664889813e-16
7.134050294954619176e-17
4.000706016471511361e-17
-2.264356237235976010e-16
1.566943189784675283e-16
-2.466178777578258152e-16
1.701519784444438521e-16
-4.087442190270351716e-17
4.185020385794047115e-17
1.278274361360409728e-16
-4.370961058375311126e-16
3.523657060577889411e-18
6.307346138434422045e-17
1.019150042136374168e-17
1.563419532724097394e-16
1.207259119062609187e-16
-3.523657060577889411e-18
-6.852157730108388023e-17
-2.548417206427178172e-16
-1.018607941050131416e-16
-1.899793256737725144e-16
-2.799952110443815201e-16
7.486416001012408117e-17
-8.662775358159180428e-17
-1.021318446481345177e-16
1.486441178477626579e-16
4.407281831153575524e-17
-2.258897109890922045e-16
-3.651050815844936182e-17
1.070107544243192876e-16
4.293440603042597559e-17
-4.515702048402125968e-17
1.354168513434395038e-16
-2.705626521437576315e-16
3.579493472460892889e-16
-2.224232286524539803e-16
4.079717249791392497e-16
2.474691458698163871e-16
-1.370973647107920357e-16
-5.030698080332740574e-17
3.984442983884228795e-17
-2.327239963240135268e-16
1.981650520760380729e-16
1.368805242762949348e-16
3.333921680392926135e-16
-1.237616779892203311e-16
3.106239224170970203e-17
-1.456083517648032455e-16
5.513168047088790047e-17
1.981379470217259353e-16
2.838034711752368544e-16
-1.019150042136374168e-16
-4.965645949983610308e-17
-2.211772431870429045e-17
-1.002887009549091601e-17
-7.372574772901430151e-17
3.806091726510363316e-16
1.202727492794798680e-16
-1.298467626822952248e-16
-6.822884271451279403e-16
-5.599904220887630402e-17
-5.963111948670274387e-18
-5.046961112920023140e-17
4.386139888790108188e-16
-4.503775824504785419e-16
1.099711345749730673e-16
-7.177418381854039353e-17
4.407281831153575524e-16
-1.917953643126857344e-16
-4.770489558936219510e-17
-7.903833837419327324e-17
-4.214293844451155735e-16
2.558717127065790464e-17
2.312603233911580958e-16
5.577407025808556185e-16
1.769417945496343236e-16
-5.675798372961615712e-17
1.115101934401341310e-16
-5.149960319306146062e-16
2.211230330784186293e-16
-2.214211886758521430e-16
-9.161508357502512467e-17
7.106945240642481565e-17
3.801212816734178546e-16
-4.868067754459914909e-17
-9.866239769618090349e-17
-1.363926332986764578e-16
1.597961536313127762e-16
-1.024842103541923066e-16
-2.696952904057692280e-16
-3.848917712323540741e-18
6.862999751833243067e-17
-1.079323262709319664e-16
3.795249704785508271e-16
-4.103705222857634283e-16
-7.038759088388510388e-17
2.833426852519305150e-16
2.103352214621878602e-17
-9.421716878899033532e-17
-1.052760309483424805e-16
5.139118297581291017e-17
4.283140682403985267e-16
-7.395343018523625744e-16
5.865533753146578988e-17
2.894548749993175463e-16
-3.480288973678469233e-17
3.930232875259953573e-17
-1.370431546021677605e-16
1.726049858596923059e-16
2.148346604780027036e-16
-1.698538228470103384e-16
7.130255587350919910e-16
-1.231924718486654413e-16
9.703609443745264684e-18
7.329206686002009974e-17
1.490777987167568597e-16
-5.083823986784530291e-16
2.292274443177477750e-16
2.596799728374343808e-16
-1.087996880089203700e-16
1.647987302177966740e-17
-4.239230494418322337e-17
-8.310409652101391487e-17
2.649790109554572837e-16
-2.350550309948573613e-16
2.337146013558274310e-16
-9.820161177287456411e-17
-5.507747036226362525e-16
6.559423143537301826e-18
-7.692414413784653959e-17
3.534499082302744455e-17
3.387047586844715852e-16
8.500145032286354763e-17
-1.803773601836977658e-16
4.639165570793912785e-16
-2.434033877229957454e-17
3.236343484869230736e-17
8.933825901280556536e-17
8.988036009904831758e-17
-1.439278383974507136e-17
-3.632619378912682606e-16
-2.941711544496294906e-16
7.211299699744211367e-16
8.586881206085195117e-17
-8.548934130048202462e-17
-1.082033768140533425e-16
-4.781331580661074554e-17
-4.531965080989408534e-17
-2.291596816819674309e-16
-2.498001805406602216e-16
-2.248364255191814820e-16
-1.491320088253811349e-16
-2.232372273147653630e-16
-2.919756450503463441e-16
2.527275264063710836e-16
1.947692969904955829e-16
-3.799722038747010977e-16
-4.179057273845376841e-16
-3.458604930228759144e-17
-3.664603343001004987e-17
1.279358563532895232e-17
-4.592138301562354030e-16
2.231288070975168125e-16
-4.982713663870784460e-17
-3.116268094266461119e-16
2.208519825352972532e-16
-2.238877486182566656e-16
1.311884628707460365e-16
-1.778091562876227272e-16
-1.371515748194163109e-16
5.792214581232246751e-16
-7.532494593343042055e-16
5.118518456304066433e-16
5.009014036883030485e-17
-8.153200337090993344e-17
-6.396792817664476161e-17
-4.228388472693467293e-18
1.687018580387444899e-16
-5.483352487345438675e-17
-2.737610485525898696e-17
7.958043946043602546e-17
1.193706591906540382e-16
-7.399679827213567762e-17
-4.022390059921221450e-17
3.191891195797325054e-16
-3.007763173723185246e-16
4.460814313420047306e-16
3.396263305310842640e-16
-4.220799057486068762e-16
3.111660235033397726e-17
-1.054928713828395814e-16
1.251169307048272117e-16
-1.859406725812640104e-16
1.635455449723339366e-16
4.497948237827675833e-16
4.728747775295527589e-16
-1.402415510109999985e-16
-8.879615792656281315e-17
8.467618967111789630e-17
2.181414771040834921e-16
-2.086682606219913971e-16
3.815578495519611479e-16
1.092604739322267093e-16
3.935653886122381095e-17
-1.881090769262350193e-17
1.356336917779366047e-16
-8.098990228466718122e-17
-8.055622141567297945e-17
1.924052280347088306e-16
2.104978517880606859e-16
1.835012176931716255e-16
2.381992172950653242e-16
-1.485356976305141075e-16
-1.742312891184205625e-16
-6.149594722337781150e-16
2.299368344110732515e-16
4.118477477457749281e-16
7.101524229780054043e-17
3.523657060577889411e-17
-6.169110361442520230e-17
9.676504389433127074e-17
-3.962758940434518706e-16
9.757819552369539906e-17
-6.796719423710594066e-17
-1.440498111418553329e-16
-2.436202281574928463e-16
-8.142358315366138299e-17
4.553649124439118623e-17
8.630249292984615295e-17
-1.604619215278546562e-17
3.827233668873830652e-16
5.103068575346147995e-16
-3.848104560694176612e-16
2.710505431213761085e-17
-1.356879018865608799e-16
-8.977193988179976714e-17
7.806255641895631925e-17
-5.692061405548898279e-18
2.029084365806621548e-16
-8.120674271916428211e-17
-5.421010862427522170e-19
1.417052239438554295e-16
-1.209427523407580196e-16
6.082374187643679875e-17
2.823804558238496298e-16
-8.264873160857000300e-16
-1.812650507124202726e-16
4.054916125095786583e-16
-4.336808689942017736e-18
2.656295322589485863e-17
6.602791230436722003e-17
1.676718659748832607e-16
4.800305118679570882e-17
6.205304079278696483e-16
-5.185196889911924956e-17
-1.422473250300981817e-16
-2.920840652675948945e-16
5.865533753146578988e-17
-2.002521412580726690e-16
1.070649645329435629e-16
6.352340528592570479e-16
-2.158477118829188468e-16
4.798543290149281937e-16
-1.132991270247352134e-16
-9.974659986866640793e-18
-2.649790109554572837e-16
-2.185751579730776939e-16
-1.525201406143983363e-16
-4.949789493211009805e-16
3.279711571768650913e-16
-3.530704374699045189e-16
1.713039432527097006e-16
-1.642566291315539218e-17
2.526733162977468083e-16
-4.093947403305264743e-16
-4.955888130431240768e-16
5.888844099855017333e-16
-4.999798318416903697e-16
1.848564704087785060e-17
1.246832498358330099e-18
-2.710505431213761085e-18
1.701655309715999209e-16
2.142925593917599514e-16
7.473117583740515601e-17
2.938187887435717016e-17
6.241209805912806274e-16
1.117812439832555071e-16
-5.919743861770854210e-17
1.135159674592323142e-16
1.578598363138894456e-16
6.112189747387031247e-17
-3.700432836669861891e-17
-7.433561145103739776e-17
1.138954382196022408e-16
-1.192622389734054877e-16
-5.746271514173173500e-17
-3.985527186056714299e-16
2.760920832234337041e-16
3.591690746901354814e-16
-3.138765289345535336e-17
-1.850733108432756069e-16
-4.000706016471511361e-17
-3.729655473350135253e-17
1.027281558430015451e-16
-9.389190813724468399e-17
-6.987683001669076077e-16
6.248392645305522741e-16
1.717376241217039023e-16
5.838970799920684129e-16
-5.784218590210166155e-17
7.979727989493312634e-17
2.593953697671569358e-16
-6.233620390705407743e-16
2.507649510675828697e-16
-4.107093354646651484e-16
5.381979584218044010e-16
1.225148454908620010e-16
-1.295621596120177799e-17
5.800481622797448722e-17
-1.162264728904460753e-16
4.621411760219462650e-16
-1.814217518076623181e-16
-3.460502284030608777e-16
-8.023096076392732812e-18
1.860490927985125609e-16
-7.827939685345342014e-17
-5.746271514173173500e-18
3.756760527662272864e-17
-2.376842212631347095e-16
1.890306487728476981e-16
-2.789110088718960156e-16
-3.736702787471291032e-16
7.811676652758059447e-17
6.526897078362736693e-17
-6.869504964868156094e-16
3.808802231941577077e-16
-4.362829542081669842e-16
-2.788567987632717404e-16
1.261469227686884409e-16
-1.206717017976366435e-16
-3.144186300207962859e-17
-2.645453300864630819e-17
-3.133344278483107814e-17
-6.757522974076401318e-16
8.737449782789119546e-16
-2.823804558238496298e-16
-9.410874857174178487e-17
8.348356728138384142e-18
3.751339516799845342e-17
5.849270720559296421e-17
-3.209238430557093125e-16
1.957255971879456879e-16
-1.955223092806046559e-16
-1.190453985389083869e-16
-5.301748623454116682e-17
1.465841337200401995e-16
-2.591243192240355597e-17
3.608224830031758756e-16
5.905649233528542652e-16
3.188367538736747164e-16
-6.610922746730363286e-16
3.274290560906223391e-17
1.042460388844812513e-16
-2.708337026868790076e-16
4.837710093630320785e-16
-1.326955038905008877e-15
-2.933173452387971558e-16
-1.978668964786045592e-17
-1.992221491942114397e-16
6.570265165262156870e-17
1.362300029728036321e-16
-2.131541471106501717e-16
-9.985502008591495837e-17
2.055105217946273655e-16
-3.240409243016051377e-16
7.853418436398751368e-16
-1.972163751751132565e-16
-6.407634839389331205e-17
-1.951021809387665229e-16
6.326319676452918372e-17
5.231817583328801646e-16
-5.681109269540900175e-16
4.723868865519342819e-16
-5.320180060386370258e-16
3.245017102249114771e-16
7.188260403578894397e-17
-1.848564704087785060e-17
-4.826868071905465740e-16
-4.496728510383629640e-16
7.657127021202039807e-16
-1.269194168165843628e-16
2.261645731804762249e-16
4.011548038196366406e-18
-1.604619215278546562e-16
8.890457814381136359e-18
-4.738505594847897129e-16
6.768132061740761429e-17
3.122773307301374146e-16
-1.866996141020038635e-16
-6.104058231093389963e-17
4.071179157683069150e-17
9.974659986866640793e-17
-2.247551103562450692e-16
-1.161722627818218001e-16
6.667843360785852269e-16
2.636508632941625407e-16
-3.756218426576030112e-16
-1.483730673046412818e-16
1.327605560208500179e-16
-1.217559039701221479e-16
6.908536243077634253e-16
-1.689076870449272849e-16
8.211205153318967831e-16
1.149254302834634700e-16
-8.272462576064398831e-17
-8.955509944730266625e-17
-1.667502941282705820e-16
-5.182486384480711195e-16
3.037934487304383424e-16
-4.842428067146527237e-16
-1.198612606737037289e-15
2.358139725155972144e-16
-1.292911090688964038e-16
3.647256108241236916e-16
-3.255317022887727063e-16
1.766707440065129475e-16
1.070934248399713073e-15
-9.825853238693005309e-16
7.987859505786953918e-16
3.844580903633598723e-16
-1.235448375547232303e-16
1.864827736675067626e-16
1.154675313697062222e-16
-4.124305064134858867e-16
-4.888938646280260869e-16
8.229094489164978654e-17
3.293806200010962471e-16
2.428612866367529932e-16
-2.589616888981627341e-16
-6.851615629022145271e-16
4.143549652696476571e-16
6.906977702454686341e-16
-3.816662697692096984e-16
-6.732895491134982535e-17
4.320545657354735170e-16
-3.968179951296946228e-17
-1.290200585257750276e-16
5.714829651171093872e-16
6.231994087446679487e-16
-4.097945398816305040e-17
6.428505731209677165e-16
-2.256224720942334727e-16
2.036131679927777327e-16
-6.451002926288751382e-17
4.569912157026401189e-17
-3.734669908397880711e-16
4.654208875937149159e-16
-1.855069917122698087e-16
5.993198558956747135e-16
-3.050944913374209477e-16
1.792186191118538829e-16
4.813857645835639687e-17
1.691355389077386917e-16
1.978668964786045592e-18
4.744468706796567403e-16
-8.602602137586234932e-16
5.015519249917943512e-16
-2.664968939969369899e-16
-2.574980159653073031e-17
-4.501607420159814410e-16
1.084744273571747186e-16
-2.525835308053378525e-16
3.777224843667936760e-16
-6.942688611510927643e-16
3.805549625424120563e-17
-1.742312891184205625e-16
-8.239936510889833698e-18
1.355794816693123295e-16
1.424099553559710074e-16
6.940249156622835258e-16
-6.529336533250829078e-16
1.069023342070707372e-16
-3.449931312848875109e-16
2.229661767716439869e-16
9.324138683375338132e-17
-4.835812739828471152e-16
-2.708337026868790076e-16
1.132042593346427317e-16
1.752341761279696541e-16
1.755323317254031679e-16
6.355593135110026992e-16
4.863730945769972891e-16
-5.357042934250877408e-16
-2.322632104007071874e-16
-3.580577674633378393e-16
1.770502147668828741e-16
-4.592138301562354030e-16
2.231288070975168125e-16
-4.042989901198446034e-16
-2.809167828909941989e-16
1.697860602112299944e-16
5.827586677109586333e-17
-2.723990195734049546e-16
-7.003946034256358644e-17
-1.669671345627676828e-17
-3.463483840004943914e-16
-1.405668116627456499e-16
-2.293629695893084630e-16
4.743045691445180179e-17
-7.020209066843641210e-17
5.125565770425222212e-17
-2.260968105446958809e-16
-2.866088442965430971e-16
2.419126097358281768e-16
4.447397311535539188e-16
-2.030168567979107053e-16
4.756632099919139156e-16
-7.399137726127325010e-16
1.064957583923886730e-16
-1.217370619273223150e-03
-4.933378251107807489e-04
-1.353911235063520149e-04
-1.418922644684361863e-03
1.025835711600295297e-03
-1.513034691458462009e-03
1.585657026403623510e-03
-7.204174962169705059e-04
1.217098790734167822e-03
4.934280136082520776e-04
1.354043086703864986e-04
1.418615386256064700e-03
-1.025847793480811742e-03
1.513146733618361524e-03
-1.585380245742817103e-03
7.205277069239803944e-04
