8.240695283532088137e-04
1.143600343721572730e-03
-4.734988317237081744e-04
1.702927988273634065e-03
-1.494940590901886173e-03
1.266054854364659062e-03
-1.640438449634179638e-03
8.723881770552233302e-05
-8.240735799632861996e-04
-1.143525133486024154e-03
4.736069582443648302e-04
-1.703056545448399222e-03
1.494963695474621664e-03
-1.266113695903947232e-03
1.640304338617025459e-03
-8.713324045912204966e-05
3.326657525837273255e-15
-3.161696165293603755e-15
-3.957337929572091184e-16
5.844933911869354404e-15
-1.073739621521019316e-15
1.414233313790091984e-15
1.426620323610738872e-15
1.179666173772853099e-15
3.914891414519283686e-15
4.946780832182362531e-15
5.611993075110843776e-15
3.311722640911285431e-15
-2.691545445722420826e-15
8.273546778236884336e-16
2.037297197263199244e-15
2.266687271906819845e-15
2.393891291793681653e-15
-7.059131924835870819e-15
-3.348348345550561378e-15
3.189993841995475421e-16
7.742558764262108539e-16
3.355172042973642021e-15
3.792322358919797409e-15
1.813219713264757615e-15
-3.183922309829556596e-15
-5.473540457684444860e-15
-7.174640113787045248e-15
7.422637808215948318e-15
-6.750513776437871982e-15
3.897706810085388440e-16
-4.797160932379362919e-15
2.975321811843345543e-15
1.499484130612627197e-14
-4.934407374888871711e-15
3.780775605782826787e-15
-1.155932988217145407e-14
-3.850056124604650520e-15
1.828181703245057577e-15
-3.136867935543685704e-15
5.677207835785846868e-15
-3.963192621303512908e-15
5.468160104403485544e-15
1.044542057015984682e-14
1.549883268600615871e-14
9.164760964019968981e-16
-8.769569272149002614e-16
6.100914044793182001e-15
-4.727663573123042084e-15
7.936102404577927150e-15
-6.659129085824500027e-15
1.068286084593417229e-14
-3.108841309384935414e-15
2.914227019423787368e-15
-2.897205045315764949e-15
5.045714280421664810e-15
-5.302561775083480811e-16
-7.653682985238503822e-15
3.366962741599421882e-15
-1.172149942212097340e-14
4.976704812142962453e-15
1.842059491052872033e-16
2.829767670187166573e-15
3.315598663677921110e-15
-2.742435185193459191e-15
-9.594403179921662250e-15
9.398271006919034498e-15
1.316438277831899484e-15
-1.293778452426952441e-15
2.852861176461107817e-15
-2.064104095977903341e-15
2.953583558285011179e-15
-1.441697510071865418e-15
-1.928578824417215287e-15
-6.552646879959267423e-15
2.353477655814284475e-15
-1.050646115247078072e-14
-1.259485137711235936e-14
5.396020002351731293e-15
6.134957993009226840e-15
-8.334126574624511896e-15
-3.130091671965651301e-16
-1.129955504164392721e-15
3.121255424259894440e-15
-7.452046792144617626e-15
2.829767670187166573e-15
4.460245107279492416e-15
1.428262296978991333e-14
-7.495482641679818148e-15
1.065011794032511006e-15
8.780411293873857659e-15
5.823683549288638517e-15
1.921856770947805160e-15
3.895863666392163083e-15
-1.176581618592131839e-14
-1.102320757798689634e-14
5.481997234629831794e-15
-5.647609116476992597e-15
8.245194891426388395e-15
1.498692663026712779e-14
-1.632466948078836744e-14
4.064673944648156123e-15
-3.749537030688088191e-15
4.717743123244799719e-15
-1.570922211757697085e-14
5.955522533462875856e-15
-4.691125959910280585e-15
-4.103054701554142980e-15
-2.063236734239914938e-16
3.542413758161888637e-15
-3.633080164835988946e-15
-3.189180690366111293e-15
-3.922101358966312290e-17
1.521330804388210112e-14
-2.442056973306350187e-15
2.235928456273406084e-14
-2.685221836551399122e-14
1.408383280739880158e-14
-7.421716236369335640e-15
1.074878033802129096e-14
-2.340678649168093095e-14
-2.492911476206782773e-14
1.510835727358550429e-15
-8.295447662121091525e-15
5.997914838407059079e-15
-1.967636530054647781e-14
1.583092381143846872e-14
-2.126293932591671876e-14
2.305610129899049454e-14
4.390151436828304554e-15
-2.408977965023817447e-14
-1.048339475125115161e-14
-5.234121512945333343e-15
8.392890332373226236e-15
-1.426528166426077604e-14
8.553379358955393030e-15
1.415805406940195965e-14
1.728033948572571532e-14
-6.144498972127099279e-15
5.442532275551359433e-15
-1.896567755274580769e-15
1.301481708862461950e-14
-1.501267643186365852e-15
-1.189798043074730138e-14
-2.545598280778715861e-15
2.924906410822769587e-14
-2.253297375076623865e-14
7.856720170827148630e-15
-4.322890244552735073e-15
2.547820895232311145e-14
-2.931151415336286092e-14
-8.851968637257900951e-15
-1.000653553073771462e-14
-4.424737486130592146e-15
8.443387048556738605e-15
5.924912033298526323e-15
-1.041788183497871501e-14
-1.730690243895161018e-14
2.155903493922251002e-14
8.588832769995669025e-15
-1.451096187654599134e-14
6.931925194443577798e-14
-5.036100117657149600e-14
-1.900693144540888113e-14
8.444417040620599835e-15
3.676475356789721260e-14
-4.925552153645096354e-14
-6.698515440245467190e-14
5.662560264435567703e-14
-1.773266863208666777e-15
-2.437324430823450960e-14
-4.250064384626883740e-14
4.884574732536006714e-14
1.205947234433901727e-14
1.540651287101901801e-14
1.081063407196158899e-14
-8.977627669048970915e-15
-1.727073921430153508e-14
-9.777497821800151812e-15
3.646280326285999962e-15
1.280919814661274359e-14
1.487796431193233460e-14
4.890836000082110502e-15
9.879900716991407705e-15
1.823302793468872807e-15
2.349963739632600010e-14
1.076252260055754473e-14
-4.199657115122601425e-15
-1.147286475891573510e-14
-9.959860627212213657e-15
-3.586866047233794319e-15
-3.146463124770182418e-15
-5.364686559566900215e-15
5.418576828550292213e-14
-6.075093770055439713e-14
2.054237856208285251e-15
-2.403014853075147172e-14
-6.225272033977269359e-15
2.123084694161114783e-15
-4.127947983434410162e-14
5.015383724646382824e-15
2.327424277609457803e-14
-6.579047202859289456e-15
-3.182778476537584389e-14
4.741671465191554802e-14
5.964635252722616521e-14
-5.515694238150681272e-14
4.087333770053103166e-15
5.284704965302644553e-14
8.123276357130393421e-15
-2.221150780662428659e-14
-2.075596639006249688e-14
1.800436969651153518e-14
-1.617868165826319427e-14
1.621917660940552786e-14
-1.772510123973589785e-14
3.799987668279269926e-14
-2.051050301821177868e-14
2.449581336383399588e-14
5.936711625770252354e-15
1.460263117022964074e-14
2.667814970672144348e-14
-2.588735974716482868e-14
2.724956109755450988e-14
-2.168663198239689782e-14
1.569512748933465929e-14
6.097444597841228386e-15
-1.097255966642229907e-14
2.036993620654903303e-14
-9.946497835436329815e-15
-1.101256672658701419e-14
6.499141502747107779e-15
1.846388168226520410e-14
-7.471291380706235330e-15
-3.095830883315109361e-15
-1.116869183942492683e-14
-2.989850120954651302e-15
2.733775120340731224e-14
-1.303867631268287863e-14
-4.244846661671797250e-14
-7.238486069219285390e-15
-1.484738981066824337e-14
-2.322100844942553977e-14
-8.771412415842227972e-15
1.419583851511307948e-14
-1.759411860587133461e-14
-1.526080965156412228e-14
2.059496236744839948e-15
1.669682187649401683e-14
2.158445948016729510e-14
-1.416369192069888427e-14
2.267072163678052199e-14
1.218372191330585608e-15
9.272412075352412519e-15
1.236481078116524746e-14
2.812507171601197342e-14
-3.588785085079093662e-14
-8.752980978909974397e-15
2.133200300430404539e-14
3.844906164285344374e-15
-1.185125131711317614e-14
1.093228155571446258e-14
2.043032626755647563e-14
-4.836625891457835280e-15
-1.239893604454422871e-15
-1.098296800727815992e-14
6.236222475919372954e-15
2.638796299525569822e-14
-8.038654377567899800e-15
-2.779108323677781378e-14
2.280294009171512926e-15
1.950718232779369288e-14
2.340467229744458422e-15
-3.872553319683724737e-15
-2.060507255270682681e-14
-5.749101197140065941e-14
3.140468842009053185e-14
-1.222741526085702191e-14
1.640511728198679187e-14
4.537494512069084607e-15
1.288970015791979229e-14
-4.650956269419692646e-15
-1.343958039475012800e-14
5.583062749500667873e-14
-5.047031586061234698e-14
-1.789725052186996734e-14
1.657419861078590628e-15
-2.329121054009397618e-14
1.266098770963397513e-14
-2.322886891517605967e-14
-7.462387370364698125e-15
4.031703356582871933e-14
4.744631337122440229e-15
-1.138726699739800452e-14
9.629829485907626108e-15
1.364381697899208490e-14
-2.590722775197562555e-14
-9.554260594485386449e-15
3.017406474421086005e-14
-9.012213718351258507e-15
-2.661250126517744619e-14
3.784841363929647429e-15
-6.248257120033962053e-16
1.198748132008597977e-14
-1.082293976661929946e-14
8.557506103474415982e-15
-7.141856550596514808e-15
9.353357931923822477e-15
-4.373237882937530685e-15
9.181078206715875822e-15
-1.117053498311815218e-15
-5.115862160981476947e-15
2.737773115851771522e-15
5.565158082358311747e-15
1.070153622835523510e-14
2.832044494749386132e-15
-1.764105354851164265e-15
-1.753480173560806321e-15
-1.486831491259721361e-14
-3.877378019351285232e-15
2.061610430981186681e-16
-4.439108585926887507e-14
6.701079578383395408e-14
3.195089592206157292e-15
1.717050980565293372e-15
-1.283424321679715874e-14
-5.333353116782069137e-15
5.928954159226118570e-14
-2.878333151250939137e-14
-2.559665803966715281e-14
-1.209058894668935125e-14
2.047429066565076283e-14
-2.396731901485593674e-14
-3.617033972683203480e-14
3.915140781018955352e-14
-1.764731481605774643e-14
-3.195236637125800638e-14
4.083105381580409698e-16
4.262378210800887857e-15
3.993008181046864280e-15
1.389318347866375092e-14
-4.284712775554089248e-15
7.607846644330784613e-16
-2.826803901904723776e-15
-9.241685108157815520e-15
-5.649452260170217954e-15
1.175421522267572350e-14
1.900064307280846521e-15
4.716821551398187040e-15
3.588600770709771126e-15
8.682290997263919508e-15
-2.464677835195723532e-15
1.472032131605294225e-14
-2.390741684482611262e-14
3.915650356040023539e-14
4.308754958728955309e-14
-4.239642491243866829e-14
-8.498735569462123607e-15
6.241378534875899331e-14
3.186513553021796952e-14
-4.308085463887445510e-14
-5.392604765508401954e-15
-1.856024015034485330e-14
5.106104341429107407e-15
-6.710615136490405419e-15
-3.722207004425159838e-14
-3.563928395022147866e-15
3.298321902059364596e-14
-1.308043842511430466e-14
-3.574506142467459568e-15
6.900079466132247319e-15
-1.376004345188253097e-14
-8.523292748668920282e-15
-1.175059246276031685e-14
-2.217888687375962897e-14
-1.074888875823853951e-14
9.708922034390443656e-15
-2.591243192240355597e-16
1.236294053241770996e-14
1.406752318799942003e-15
-1.245666981022908182e-15
2.268261906155765589e-15
1.448884415222728705e-14
-4.695029087731228401e-15
-9.030319894631766431e-16
-7.501377990992708078e-15
4.357191690784745219e-15
4.747217159303818157e-14
-2.273116590789658886e-14
-1.418906225153504508e-14
1.521447356121752303e-14
3.200890073828954741e-14
-3.141703477232971053e-14
-5.728046075653692171e-14
6.052986887758460277e-14
5.373522807272657076e-15
-1.508300049527649955e-14
-3.728817927171890201e-14
5.295633723201298437e-14
-5.094069697314518308e-15
8.778568150180632301e-15
3.406140387102185585e-14
-1.522626425984330290e-14
1.268761757846270308e-14
1.251819828351763420e-15
3.528790757864608274e-14
-4.489399303697627630e-14
-2.222267508900088728e-14
-2.281562525713320966e-14
-1.486462862521076289e-14
2.547484792558840638e-14
-1.728279079907506927e-14
2.582149446518633429e-15
-1.624416746948131873e-14
3.261171714619148787e-14
3.112999224716417324e-14
-1.377554754294907369e-14
-8.417366196417086499e-15
-6.235707479887442339e-15
-2.483180761708725370e-14
-5.009285087426151861e-16
1.101928878005642432e-14
1.902883232929308832e-14
8.114656949859133661e-15
9.379975095258341611e-15
-5.300528896010070490e-15
8.301010974518657770e-15
1.933116210509067123e-14
-7.483786810744130769e-15
-1.036063596027148037e-14
-1.538238937268121553e-14
-8.906287166099424724e-15
-3.517802368846467687e-15
1.732324255153709289e-14
-4.184993280739734978e-15
1.809273217356910379e-14
-3.108928045558734254e-14
-3.859185106896978468e-14
1.107447467063593649e-14
-1.686303006953604466e-14
1.659954183656775495e-14
-3.029519892599769754e-14
1.824706835282241535e-14
-3.364496181657017360e-14
3.911779754284250288e-14
1.086641627373596819e-14
8.263355277815520594e-15
3.526443460161177157e-14
-3.287970481817559243e-14
2.121561390108772649e-14
-3.768215123614582218e-14
3.515091863415253925e-15
-1.281331811486818850e-14
-5.478473577569253905e-15
4.535813998701732075e-15
-1.859666934334036625e-14
5.092402736474321845e-15
1.336327966686146063e-14
-8.715088112981606017e-16
-1.933197525672003536e-14
2.561460158562178790e-14
4.170063816824609582e-14
-3.711608928189114032e-14
-1.634705825565019310e-15
1.801853208738962708e-14
1.042742281409658744e-14
7.055445637449420104e-15
1.472801915147758933e-14
1.256796316323471885e-14
-1.004621733025068409e-15
-3.481373175850954738e-15
-1.218152640390657293e-14
1.325694653879494478e-14
1.534905015587728627e-15
-6.598671262181277086e-15
-3.381626575982288330e-15
-8.145827762318091914e-15
-1.871820840687599130e-15
9.515500366819029665e-16
1.019843846823470165e-14
-1.071072484176704975e-14
2.506567002569237701e-14
-4.073315035962865593e-14
-4.273930384948720906e-14
4.109565335599918434e-14
-6.205376924112160353e-15
-6.433113590442740559e-15
-2.619942023746046900e-14
3.601505487067779843e-14
5.832140326234025451e-15
8.161873954470877379e-15
1.917671750562011113e-14
-8.914201841958568906e-15
2.467232147751463600e-14
-3.895215855594102994e-14
-6.116743396511470365e-15
4.629272225969982557e-15
-3.168797689523383809e-15
5.304459128885330443e-15
-9.743724924127228348e-15
1.942673452659526845e-15
2.618432949847218638e-16
-5.783649384069611266e-15
-9.135379085145611811e-15
8.560589303402421635e-15
2.442924335044338591e-15
-3.542034287401518711e-15
1.046883933708553371e-14
-7.454784402630143525e-15
-9.439453748814538581e-16
5.128899692105615138e-15
1.308751284428977257e-14
-1.309119913167622329e-14
6.116960236945967466e-15
-3.376856086423352110e-15
-1.976554770549698858e-15
3.496219969350428114e-15
-4.459160905107006911e-15
1.155648385146867962e-14
-7.123208273229764131e-15
4.727121472036799332e-17
-2.544839339257976008e-15
-5.254856879494118616e-15
-1.485519606631013900e-15
6.692630932954302114e-15
1.391877064993440882e-14
-1.270321738425228553e-14
2.470679910659967504e-15
-1.224714774039625809e-15
-5.352814545778183941e-15
4.512828912645039381e-15
-5.148263182917203664e-15
1.154367671330619460e-14
2.272054072660623092e-15
6.630980486921345118e-15
-1.170016774437732110e-15
8.506650245321267789e-16
-2.727852665973529156e-16
6.155232573634705773e-15
-4.703062136444751372e-15
-7.220488313156026017e-15
-7.055228797014923003e-15
-6.195564894451166538e-15
-4.719640477046649352e-15
3.035766082959412415e-16
4.714544726835967481e-15
-6.787281782612286651e-15
4.957649958961529713e-15
-5.324516869076312275e-15
9.030319894631766431e-16
-1.467792901110875903e-15
-8.895878825243563881e-17
4.796998302053490093e-15
-5.222276604210929207e-15
9.249206760729433707e-15
-1.611395478856580965e-15
2.140974030007125606e-15
-4.240314696590807841e-15
3.367694578065849598e-15
2.213507155346405852e-15
2.095437538762734420e-15
9.975579864647358963e-15
4.251671714347593500e-15
1.748357318295812313e-15
1.959153325681306512e-15
-1.041918287758569761e-16
2.898506087922747554e-15
-8.174992800757951983e-15
7.496228030673401932e-15
-9.336539245723141089e-16
1.139176643641381936e-14
-2.270644609836391936e-15
-3.092686697014901398e-15
-1.084310592702752984e-15
-4.959682838034940033e-16
1.086153736395978342e-14
-8.777429737899522522e-15
1.287083504011854451e-15
9.203358561360452939e-15
-1.700029006457270953e-16
-1.342567550188800141e-15
4.849419477093164232e-15
2.299023601701200015e-15
5.960401443239060626e-16
7.580822905181583415e-15
-9.659360442580700035e-15
-8.888289410036165350e-16
-3.452858658714585971e-15
-2.408121445307553898e-15
1.017848999529391563e-15
-3.551250005867645498e-15
-1.697481131351930017e-15
2.804620956049080904e-15
-2.827219795081825637e-15
-1.544120734053855415e-15
-3.111118133947154973e-15
-5.825689323307736700e-16
-1.528128752009694225e-15
-6.148906931584610658e-15
3.239325040843565873e-15
-2.124575472148282351e-15
2.138209314467287570e-15
-2.669034698116190540e-15
-2.128288864589045204e-16
-4.115008030505795666e-15
-8.748427329785535278e-16
7.840136959785803938e-17
-1.038692786295425385e-15
4.535597158267234974e-15
-1.333403304152154132e-03
-5.712566451455567892e-04
-1.899098647184112830e-04
-1.541323521552403738e-03
1.065859585588580828e-03
-1.607609797302720885e-03
1.695857431239154462e-03
-7.319444710665969685e-04
1.333284607860576662e-03
5.713719745523787802e-04
1.899517238687956316e-04
1.541245383031688730e-03
-1.065728252881242150e-03
1.607504711444303477e-03
-1.695905510270804498e-03
7.320194922589229542e-04
