5.144690424090027792e-04
7.457634904659450744e-04
-3.929301478687804734e-04
1.180553960714519424e-03
-1.070456723594611107e-03
9.241175854540328166e-04
-1.120968128823792310e-03
1.263665962364831892e-04
-5.144654427719909211e-04
-7.457295651779537963e-04
3.929710816474330523e-04
-1.180586320020804523e-03
1.070456193722740552e-03
-9.241557759448906610e-04
1.120920254950083473e-03
-1.263333307748187341e-04
1.417052239438554295e-16
-1.859406725812640104e-16
-2.328866266498863524e-16
2.969900800980918021e-16
1.366365787874856963e-16
-1.096670497469087735e-16
1.463672932855430986e-16
-3.225501463144375691e-17
6.136584296267955096e-17
1.290200585257750276e-17
-2.901867114657452618e-16
1.741635264826402185e-16
1.589982485949992252e-16
-3.060702732926579017e-16
-3.043897599253053698e-16
1.276648058101681471e-16
2.886959334785776932e-16
-2.727581615430407780e-16
-3.439817739458658763e-16
-7.543336615067897100e-17
-9.513874063560301408e-17
-4.174178364069192071e-17
3.534499082302744455e-17
-8.012254054667877767e-17
-2.021494950599223017e-16
3.768144650473370660e-16
1.426471245812022115e-16
-1.687289630930566275e-16
-1.018607941050131416e-16
5.789639601072593678e-17
3.003240017784847282e-17
-5.838428698834441377e-17
1.191538187561569373e-16
5.535800767439424952e-16
1.005597514980305363e-16
-3.479204771505983729e-16
2.970713952610282149e-17
1.344410693882025498e-17
3.883612181843076883e-16
-3.938364391553594857e-16
1.369618394392313476e-16
4.689174395999806677e-18
-7.410521848938422806e-17
3.193517499056053310e-16
2.511012231476428269e-16
-4.277177570455314992e-17
1.292368989602721285e-16
-1.113475631142613054e-16
-1.075359148516169538e-16
-2.631087622079197885e-16
1.915243137695643583e-16
-2.857956926671789688e-16
2.043721095135175858e-17
-7.589415207398531038e-18
1.752341761279696541e-16
1.501620008892423641e-17
2.371014625954237509e-17
-6.026470013124896052e-16
-1.431146867680865853e-17
-3.558893631183668305e-16
2.320192649118979489e-17
5.529431079676072613e-17
5.025277069470313052e-17
-1.469907095347222636e-16
-2.666324192684976779e-16
5.117434254131580929e-16
2.129915167847773461e-16
-6.304635633003208284e-17
-1.929879867024197893e-16
2.087089182034596035e-16
3.019231999829008473e-16
-3.892285799222960918e-17
-1.467467640459130251e-16
5.530786332391679494e-16
-1.301042606982605321e-18
8.657354347296752906e-17
-1.539567084929416296e-17
1.393741892730115950e-16
-3.137138986086807080e-16
3.412526337898125206e-16
-1.647987302177966740e-17
-1.938011383317839176e-16
-1.132991270247352134e-17
-1.298874202637634312e-16
5.550573022039539950e-16
-8.454608541041963576e-16
1.572313378670267547e-16
-7.366747186224320565e-16
-3.978479871935558521e-16
3.202733217522180098e-16
-8.619407271259760250e-18
-8.641091314709470339e-17
2.377113263174468472e-16
-1.825525407922468091e-16
1.366382728533802049e-16
-7.561768052000150675e-16
3.121418054585767266e-16
6.884683795282953156e-18
-4.219714855313583257e-16
5.631346083889710030e-16
5.049400567808115525e-16
2.838712338110171984e-16
-5.129902579115164230e-16
6.001601125793509794e-16
3.385963384672230347e-16
-3.903127820947815962e-17
-5.535936292710985640e-16
8.929489092590614518e-16
4.757479132866393456e-16
-1.369076293306070724e-16
-7.754213937616327712e-16
1.350617751319505011e-15
-1.040834085586084257e-16
-2.502880715182786986e-16
4.672911363412524111e-16
-7.973764877544642360e-16
6.547056462507389041e-17
-7.127002980833463397e-16
-4.748805515486509421e-17
-4.134062883687228407e-16
-5.930585883495709254e-17
-1.016981637791403159e-16
2.676895163866710448e-16
-7.215907558977274761e-16
4.940878706605894566e-16
-1.288709807270582708e-15
-4.478839174537618817e-16
-7.036472099430923777e-17
-1.185466655395650548e-15
1.827043290963947797e-15
2.915419641813521423e-16
9.025983085941824413e-17
-1.776411049508874740e-15
1.987640737763363141e-15
7.090140106968956246e-16
1.031618367119957469e-16
-2.236492241403098546e-15
2.359657608197451850e-15
-6.310056643865635806e-17
4.861020440338759130e-16
-1.845366307678952822e-15
2.849771200269524130e-15
1.232846290333267092e-15
-4.838252194716563537e-16
8.905094543709690669e-16
-9.533118652121919112e-16
2.287768227898084872e-16
-9.519159549151168243e-16
8.944667923005411581e-18
-5.821081464074673306e-16
-2.001437210408241185e-16
-1.410547026403641269e-16
1.549921215676652864e-15
-1.204331773196898325e-15
2.042501367691129666e-16
-2.143061119189160202e-15
-8.933825901280556536e-16
3.946495907847236140e-17
-1.874585556227437166e-16
-4.733626685071712359e-16
1.801672960127786993e-16
3.637769339231988752e-16
-1.883719959530627541e-15
2.423517116156848061e-15
3.255317022887727063e-16
2.908372327692365644e-16
-2.339708288223718569e-15
2.284251347101085017e-15
3.304106120649574763e-16
6.695490516184232632e-16
-1.803976889744318690e-15
2.921924854848434450e-15
1.511919929531035933e-15
-4.320003556268492417e-16
-1.072655419348533812e-15
1.281743808312363342e-15
3.769516843847922627e-16
-9.787093011026648526e-16
-5.789639601072593678e-17
-1.469636044804101260e-16
-1.439278383974507136e-16
-4.053831922923301079e-16
2.664047368122757220e-15
-2.468755451803805734e-15
1.046515982596266103e-15
-2.328405480575557185e-15
-1.199886544289707757e-15
2.780436471339076121e-16
-2.739778889870869705e-16
-4.402945022463633507e-16
8.359198749863239186e-16
-1.038801206512673936e-15
-1.393254001752497473e-15
1.733774799075882278e-15
5.166223351893428628e-16
1.724423555338194802e-16
-2.190630489506961709e-15
2.379552718062560857e-15
-2.651687463356422469e-16
8.708040798860450238e-16
-1.301964178829218000e-15
2.502230193879295683e-15
1.220486385566932341e-15
-4.588885695044897517e-16
-8.159163449039663618e-16
1.168986782373870881e-15
4.987329993433320396e-17
1.640939988056810961e-16
9.709030454607692207e-17
-3.331753276047955126e-16
-1.373684152539134118e-16
-1.547156500136814827e-16
1.977910023265305739e-15
-1.615135976351655955e-15
3.163193719544349358e-16
-2.219077244007550131e-15
-1.015084283989553526e-15
5.255127930037239992e-16
-1.463672932855430986e-16
-2.170572749315979877e-16
6.898778423525264714e-16
-8.494452970880805864e-16
9.153885060977223764e-17
-7.085396722464332164e-16
4.706521630759574748e-16
9.795766628406532561e-17
-1.783187313086909143e-15
1.306680458279529944e-15
-1.724423555338194802e-16
1.004106736993137794e-15
-7.723856276786733588e-16
1.407538365374993994e-15
8.786374405822527933e-16
-2.319650548032736737e-16
-9.507910951611631134e-16
1.091954218018775791e-15
-1.251169307048272117e-16
3.286487835346685316e-16
-1.331508688029447995e-15
1.255126644977844208e-15
-7.318364664277154930e-17
4.531965080989408534e-17
1.010530634865114408e-15
-6.125200173456857300e-16
-5.606849891055115664e-17
-1.272446774683300141e-15
-5.548946718780811693e-16
1.910364227919458813e-16
1.859406725812640104e-17
-1.951563910473907981e-17
5.648693318649478101e-16
-3.074255260082647823e-16
5.090295318501553146e-16
-1.196661042826563381e-15
-1.908195823574487804e-17
-2.359223927328457648e-16
-6.440160904563896338e-16
7.512436853152060223e-16
2.465475740232037083e-16
2.162983334108581346e-17
2.420752400617010025e-16
4.188272992311503629e-16
-1.166601537594402771e-16
-9.194034422677077600e-17
-2.322361053463950498e-16
3.627740469136497836e-16
2.172199052574708134e-16
2.990771692801263981e-16
-2.211772431870429045e-16
9.583805103685616444e-16
1.654492515212879766e-16
-5.258380536554696505e-18
3.880901676411863122e-16
-6.126826476715585557e-16
6.314291808601907308e-17
-7.913591656971696864e-16
-3.482999479109682994e-16
6.613633252161577047e-17
-5.919743861770854210e-17
1.723881454251952050e-16
4.954803928258755263e-16
-5.112826394898517535e-16
4.896189248308757680e-17
-3.922643460052555042e-16
-4.172552060810463814e-16
1.008308020411519124e-17
2.390665790330537277e-17
1.057097118173366823e-16
1.230569465771047533e-16
-7.487771253728014997e-17
3.496009905179509047e-16
-1.067884929789597592e-15
3.894454203567931927e-16
3.865180744910823307e-17
-1.051676107310939301e-17
4.282598581317742514e-17
-9.860818758755662827e-17
7.773729576721066792e-17
-3.578409270288407384e-16
1.451746708958090437e-16
6.928051882182373333e-17
-9.394611824586895921e-17
7.773729576721066792e-17
3.046608104684267460e-17
1.311766044094844763e-16
-4.674266616128130991e-17
5.261633143072153018e-16
-2.721347452938616129e-16
-3.057450126409122504e-17
-2.385244779468109755e-18
2.359223927328457648e-16
-7.679946088801070658e-16
1.485780492778768225e-16
-1.578869413682015832e-17
1.679971266266289120e-16
3.144186300207962859e-16
1.517883041479706208e-17
-3.876022766635678352e-17
-2.114194236346733646e-16
2.661716333451913385e-17
6.830473686658677934e-16
-5.815118352126003032e-16
-9.497611030973018842e-17
4.705437428587089244e-17
4.230014775952195549e-16
-4.955346029344998016e-16
7.047314121155778821e-17
-7.810321400042452566e-17
5.126649972597707716e-16
-8.027161834539553453e-16
-3.423910460709223003e-16
3.192975397969810558e-17
4.729831977468013093e-16
-1.490777987167568597e-16
-3.467278547608643180e-16
1.609227074511609956e-16
3.127923267620680292e-16
5.637851296924623057e-18
3.876022766635678352e-17
4.933119884809045175e-17
-2.641116492174688801e-16
4.080394876149195937e-16
-3.840447382850997737e-18
3.807582504497530884e-16
1.347663300399482011e-16
2.479028267388105888e-16
5.659535340374333146e-17
-8.239936510889833698e-18
-7.109655746073695326e-16
5.460584241723243082e-16
-5.189974155734439210e-16
7.886893178474241317e-16
-5.606409433922543428e-16
2.387955284899323516e-16
7.907086443936783837e-16
-4.842589003406505554e-16
-3.563230439873610322e-16
2.573624906937466150e-16
1.181482212411766319e-15
-1.481155692886759745e-15
-2.298508605669269400e-16
-7.903833837419327324e-17
1.301909968720593724e-15
-1.286297457436802461e-15
3.677884819613952416e-16
-4.613144718654260679e-16
4.600811918942238066e-16
-1.418515912371409726e-15
1.750986508564089661e-16
1.176359357146772311e-16
-4.713568944880730527e-16
2.206351421008001523e-16
-1.442700397081414510e-16
8.711293405377906751e-16
-2.212314532956671798e-16
4.953719726086269759e-16
1.507041019754851163e-17
1.767249541151372227e-16
-1.997534082587293369e-15
1.164704183792553138e-15
1.173852139622899582e-16
1.978018443482554289e-15
1.463456092420933885e-15
-7.595378319347201312e-16
8.192231615300471503e-16
-1.195116054730771538e-15
6.857307690427694169e-16
-6.291625206933382231e-16
1.198721026954285840e-15
-1.442124414677281585e-15
-7.336254000123165753e-16
-8.890457814381136359e-18
2.070934569664562019e-15
-1.938987165273076130e-15
2.802120514788786210e-16
-8.509631801295602926e-16
7.061408749398090379e-16
-2.122705223400744856e-15
-8.715901264610970145e-16
3.150691513242875885e-16
-1.558215362296166973e-15
7.229460086133343566e-16
-5.769141403749039609e-16
1.662800214359549944e-15
1.052380838723054879e-15
-2.138588785227657496e-16
1.267432339635554683e-16
1.954816516991364495e-16
-2.671636783330155751e-15
1.907707932596869327e-15
-7.960889976746376995e-16
2.924621807752492142e-15
1.270468105718514096e-15
-7.537373503119226825e-16
1.128112360471167364e-16
2.245382699217479683e-16
2.341876692568689577e-17
-3.415778944415581719e-16
1.419654324652519506e-15
-2.878882028600759924e-15
-5.391195302684170798e-16
1.571551049017738677e-16
2.213344525020533027e-15
-2.117826313624560086e-15
3.163159838226459186e-16
-1.153062562965490034e-15
9.009720053354541847e-16
-1.994986207481952434e-15
-1.166601537594402771e-15
3.225501463144375691e-16
1.363275811683273275e-15
-9.278602192130946946e-16
-1.145114005788455680e-15
3.318824165141065485e-15
1.142857510016970224e-15
-6.132247487578013079e-16
3.220622553368190921e-16
-1.317305639569887887e-17
-2.759131898649735959e-15
2.182336342887447600e-15
2.792464339190087186e-16
2.716468543162431359e-15
1.418732752805906827e-15
-1.729844566200622324e-16
7.302101631689872363e-17
9.540979117872439019e-18
-2.066380920540122901e-15
1.524496674731867785e-15
9.624191634610701485e-16
-2.922141695282931551e-15
-7.734698298511588632e-16
7.546047120499110861e-17
1.398512382289052169e-15
-7.672898774679914879e-16
3.021129353630858105e-16
-6.655375035802268968e-16
8.970146674058820935e-16
-1.481237008049696158e-15
-5.565751852454337012e-16
1.708160522750912236e-16
1.241357277387278302e-15
-1.442856251143709301e-15
7.161155349266756787e-17
-1.743966299497246020e-15
1.362571080271157697e-15
-2.308808526307881692e-16
2.352718714293544622e-17
1.460420326337974473e-16
-2.247876364214196343e-15
1.836855320624941612e-15
-8.767739680982933326e-16
1.970632316182496790e-15
1.526556658859590243e-16
-1.453373012216818694e-16
1.329773964553471188e-16
1.095044194210359478e-17
-2.733490517270453779e-15
2.368900431717890775e-15
-1.251941801096168039e-15
2.563975507602345161e-15
-8.427503486729825966e-16
2.332118873016320038e-16
4.795968309989628864e-16
-1.078239060536834160e-15
8.700722434196173083e-17
-6.804723885062147204e-16
2.113652135260490894e-16
-1.144429603167074205e-15
-2.447586404386026260e-16
-4.418123852878430569e-17
8.548934130048202462e-16
-2.216651341646613815e-16
-2.244840598131236931e-16
-3.298820635058707929e-16
6.116526556076973264e-16
-1.008741701280513325e-15
-6.288372600415925717e-18
-2.615095640035036695e-16
-4.926614671774132148e-16
9.556157948287236081e-16
-8.519423502165862638e-16
5.794111935034096383e-16
2.823262457152253546e-16
4.504860026677270923e-17
6.879262784420525634e-17
9.437979911486316098e-17
-2.263163614846241956e-15
1.336496018022881316e-15
-8.202124960124401731e-16
2.344641408108527614e-15
4.553649124439118623e-16
-2.579316968343015049e-16
3.246101304421600275e-16
-4.340061296459474249e-16
7.062492951570575883e-16
-5.582556986127862331e-16
4.407281831153575524e-16
-4.897612263660144905e-16
-4.053831922923301079e-16
5.231275482242558894e-17
6.819631664933822890e-17
-4.007211229506424388e-16
3.003240017784847282e-16
-3.808260130855334324e-18
1.610582327227216837e-16
-6.217357358118125177e-16
2.005231918011940451e-16
-8.229094489164978654e-17
-9.907981553258782270e-16
1.837722682362930016e-16
2.817434870475143960e-16
8.411104928870982711e-16
-3.098107707877328920e-16
5.734345290275832951e-16
-3.637498288688867376e-17
-1.295621596120177799e-16
-6.696574718356718137e-16
1.160367375102611120e-15
-1.529877028012827100e-16
5.038829596626381857e-17
5.788555398900108173e-16
-2.243214294872508674e-16
-2.396086801192964799e-17
3.723692361401464979e-16
1.188556631587234236e-16
-4.751244970374601806e-16
5.879086280302647793e-16
-7.321617270794611443e-16
-1.891932790987205237e-16
-2.379823768605682233e-17
1.082033768140533425e-16
5.567378155713065269e-16
-2.116362640691704655e-16
-2.512638534735156526e-17
-4.900322769091358666e-16
6.114358151732002256e-16
-4.841504801234020050e-16
7.209944447028604486e-17
1.959695426767549264e-16
1.016439536705160407e-16
1.713039432527097006e-16
1.857915947825472536e-16
5.329395778852497045e-16
-9.358833152894874274e-16
1.836638480190444511e-16
1.874585556227437166e-16
3.085639382893745619e-16
-9.742911772497864220e-16
5.330446099707092378e-16
1.329502914010349812e-17
-5.193328406205566239e-17
-2.159730727591124833e-16
4.483175983227560835e-17
-2.367897544708341684e-16
1.352081424252360442e-15
-1.168824152047998055e-15
-5.125430245153661524e-16
-4.493746954409294503e-16
6.011901046432122087e-16
-5.610746242612485446e-16
3.352353117325179710e-16
-3.126296964361952035e-16
4.817381302896217576e-16
-3.697264933447130808e-16
4.379905726298316537e-16
-2.130728319477137589e-16
1.154675313697062222e-16
-1.904401115970788538e-16
-9.671083378570699551e-17
-2.477401964129377632e-17
-3.773023560249555430e-16
4.854108651489164039e-16
2.038300084272748336e-16
-3.236343484869230736e-16
2.384160577295624250e-16
-2.430781270712500941e-16
2.844946500601963635e-16
1.095196660140865252e-16
-2.001708260951362561e-16
1.282340119507230369e-16
-2.064998562770203883e-16
-7.779150587583494314e-17
1.156572667498911855e-16
2.164609637367309602e-16
-6.445581915426323860e-17
4.734067142204284595e-17
1.431688968767108605e-16
-5.455976382490179688e-16
-8.851849101162928904e-04
-3.348490221873297377e-04
-6.600225604975676471e-05
-1.042675402643522976e-03
7.919671142132346563e-04
-1.139307741656634320e-03
1.185679232076151512e-03
-5.685324674888762343e-04
8.851027388881471973e-04
3.348846581512835547e-04
6.600672111355132283e-05
1.042576691514991456e-03
-7.919625681917478880e-04
1.139348901423520343e-03
-1.185601857973882798e-03
5.685573983056040189e-04
