4.696851560132410223e-04
6.829807835183237044e-04
-3.652862195520100753e-04
1.085736698318887430e-03
-9.865909565493146630e-04
8.527103802630489268e-04
-1.029943115908642237e-03
1.202544113678067662e-04
-4.696854911337039235e-04
-6.829629752781918219e-04
3.653128280265017635e-04
-1.085742923278117805e-03
9.865752919170983019e-04
-8.527420891963194676e-04
1.029929021490434606e-03
-1.202372974739888360e-04
3.535583284475229959e-16
7.792703114739563119e-17
9.085614205428527157e-17
3.893098950852325046e-16
-2.167930006520546460e-16
-2.788567987632717404e-16
9.275349585613490433e-17
-1.496741099116238871e-16
-2.147804503693784284e-16
-3.662705989199155354e-16
1.166601537594402771e-16
-4.572622662457614950e-16
4.126202417936708500e-16
-3.127923267620680292e-17
-6.562133648968515587e-17
8.001412032943022723e-17
-3.353545739714913765e-15
2.747422515186892511e-15
-5.839340106285687004e-15
6.119535217105620539e-15
-8.366788165070637717e-16
1.183406671267928090e-15
2.282245573081986834e-16
1.013729031273946646e-16
3.608387460357631582e-15
-3.169421105772562974e-15
5.744797676844951018e-15
-5.910243540234449977e-15
5.177607474704526425e-16
-9.455327146246084169e-16
-1.789475685687325068e-16
-2.569559148790645509e-16
5.305814381600937324e-16
-9.245262975327017685e-16
-3.970348355641917237e-16
6.858662943143301050e-16
-5.904022930269814395e-16
1.749468625522609955e-15
1.668478723237942773e-15
-8.116879564312728945e-16
-2.714571189360581727e-16
8.654101740779296392e-16
2.527004213520589460e-16
-8.058332646998511706e-16
5.852523327076752935e-16
-1.693469583313733651e-15
-1.688319622994427505e-15
1.060187094364950511e-15
7.762616504453090371e-16
-7.292479337409063511e-16
3.602261718083088482e-16
-6.555086334847359808e-16
-5.571714964403007286e-16
-3.641835097378809394e-16
-5.226396572466374124e-16
4.473960264761434047e-16
-1.062873882873641151e-15
1.034518607931356193e-15
-1.720086746648252785e-16
5.299580219109145673e-16
5.641103903442079570e-16
2.956619324367970592e-16
2.206893522094244275e-16
-4.739589797020382633e-16
-2.358736036350839171e-15
-2.116904741777947407e-17
-1.361107407338302266e-15
7.413232354369636568e-16
8.210663052232725079e-16
-2.306856962397407784e-15
-3.379187121094195945e-16
-1.167496004386703312e-15
2.667869180780768623e-15
-4.083105381580409698e-16
1.567702131305415136e-15
-6.786021397586772252e-16
-9.451532438642384903e-16
2.612439344712447209e-15
3.098920859506693049e-16
1.188746366967419199e-15
8.904552442623447917e-16
3.940370165572693040e-15
1.058181320345852328e-16
9.828292693581097694e-16
1.039842040598260020e-14
-4.552781762701130219e-15
1.401755502037499435e-14
-1.675329525715335555e-14
-7.906002241764298333e-16
-4.132490790537124425e-15
-1.601908709847332801e-16
-1.006139616066548115e-15
-1.041991471405212533e-14
4.416118078859332385e-15
-1.410251581311638969e-14
1.665228827225917474e-14
-1.252502875720429287e-14
8.707715538208704587e-15
8.722027006885513245e-15
-1.822673956208831214e-14
-8.606342635081309922e-15
1.405247988285618366e-15
1.359565129747941636e-14
2.117013161995195958e-15
1.250204367114760018e-14
-8.640928684383597513e-15
-8.960280434289202844e-15
1.830436843763827426e-14
8.541561555275301032e-15
-1.104720698599792605e-15
-1.372773422714246294e-14
-1.496903729442111697e-15
2.748127246599008089e-15
6.742978571339097726e-15
4.818823291785623297e-14
-2.058493349735290856e-14
6.441640162902981248e-14
-7.711398793824875142e-14
-5.363602357394414710e-15
-1.985781331037550501e-14
-2.815293571184485089e-15
-6.861373448574514811e-15
-4.858721931733089860e-14
2.084053415951636623e-14
-6.472043563511727104e-14
7.754653039496184341e-14
5.496579753849761829e-15
1.954751464861015364e-14
3.138992971801757292e-14
-5.264110545036282396e-14
-2.934409442864605033e-14
1.176573487075838198e-14
3.571803768552539449e-14
2.603223626246320421e-15
3.880001788608700153e-14
-3.139605546029211602e-14
-3.201643594338832166e-14
5.357780191728167551e-14
2.957806525746842219e-14
-1.175833519093116841e-14
-3.691768028432629301e-14
-1.703932134278218768e-15
-3.840948826355772283e-14
3.123987613734557911e-14
1.069399560224559842e-13
-4.726671528135217848e-14
1.436738369334916721e-13
-1.702313284909426350e-13
-1.065423790858055497e-14
-4.566681234552394386e-14
-8.286177733546340463e-15
-1.623538543188418615e-14
-1.089115776731208740e-13
4.872648508638666165e-14
-1.443502401757192771e-13
1.716909492181784014e-13
1.132872008008378728e-14
4.433714680118772122e-14
8.369552880610475754e-15
1.614984188047507985e-14
-4.836615049436110425e-14
1.754422074198153103e-14
5.716916740353128468e-14
9.319639244359523289e-15
6.046877408516504460e-14
-4.581198701641975290e-14
-4.603782632894848348e-14
8.465174091212834817e-14
4.842377583982870881e-14
-1.834735705377732451e-14
-5.907627902493328698e-14
-7.885565030812946574e-15
-6.005368728342896922e-14
4.560246494658692917e-14
4.455116831003635980e-14
-8.264179271466609578e-14
2.185607109791293245e-13
-2.535150231018287736e-13
-7.867025173663444448e-15
-6.806783869189869662e-14
-1.419480852304921825e-14
-2.299690386037278600e-14
-1.610176293513621015e-13
8.087866314177016847e-14
-2.197390625577680390e-13
2.556828175830777594e-13
9.513169332148185831e-15
6.657792806646911643e-14
1.424495287352667283e-14
2.279101386781778871e-14
1.587595072766179172e-13
-7.907856227479248545e-14
6.153942373049448022e-14
1.080477938023016726e-14
6.578429207620972718e-14
-4.984380963524159824e-14
-4.991493329775664733e-14
9.153783417023553248e-14
5.415004382391952475e-14
-2.097467707330713527e-14
-6.383752576034906756e-14
-9.368374132012746713e-15
-6.537034368675476159e-14
4.975756135242037637e-14
4.865384354083013285e-14
-8.981931951673738368e-14
-5.355216053590239333e-14
2.097025894945425684e-14
-1.209405839364130486e-14
-5.675202061766748685e-14
-1.064350430707294848e-14
-1.978061811569453710e-14
-1.341070809089683902e-13
6.086190579290828850e-14
-1.786420336202625136e-13
2.117265645576113520e-13
1.350970117025562800e-14
5.525506267811675087e-14
1.064784111576289050e-14
1.973139533706369519e-14
1.321445665565523786e-13
-5.914073484408755021e-14
1.777130959751405115e-13
-2.099349475726333680e-13
4.959769574208738874e-14
-3.948409524681673055e-14
-3.975064635092229182e-14
6.785511822565704065e-14
4.197418237636418858e-14
-1.950700614494066398e-14
-4.470208925244634202e-14
-5.284347178585724336e-15
-4.944373903359444711e-14
3.948577576018408308e-14
3.873225525030665750e-14
-6.687250579673342799e-14
-4.173123977456449918e-14
1.848434599827086799e-14
4.344712523779437063e-14
6.939490215102095405e-15
-5.220650300952200951e-15
-1.094594250308777994e-14
-7.671405286187316097e-14
3.409355046543605106e-14
-1.027623691978070408e-13
1.225081369899197470e-13
7.354848067381292154e-15
3.180631756236063090e-14
5.385720081713119001e-15
1.078743214547039919e-14
7.645173014624029317e-14
-3.377024137760087363e-14
1.021105129703908654e-13
-1.216457896869790889e-13
-6.841857809469775731e-15
-3.231909097983765022e-14
-1.338610212259228049e-14
2.698199736556050610e-14
1.715825832110384752e-14
-6.113680525374198815e-15
-1.923949281140702183e-14
-4.621059394513404861e-15
-1.959825531028247525e-14
1.379717737629015950e-14
1.284996414829819855e-14
-2.701484869138681688e-14
-1.663485972233647026e-14
5.938134641121639579e-15
1.813599184025127542e-14
5.377154884550483516e-15
1.905647948469146868e-14
-1.361058618240540419e-14
-1.968650936712279531e-14
8.542754177665035087e-15
-2.637024306599913825e-14
3.116536434304151282e-14
1.992817803136981425e-15
8.202585746047708071e-15
4.483175983227560835e-16
2.205809319921758771e-15
1.963620238631946791e-14
-8.475072857047627473e-15
2.569947428693666880e-14
-3.052168706576402490e-14
-1.701438469281502108e-15
-7.839974329459931113e-15
-4.907641133755635821e-16
-2.075867689549371065e-15
7.144079165050110092e-16
1.048721656390916301e-15
-2.501579672575804381e-15
-2.031252770151592557e-15
-1.490452726515822945e-15
5.431852884152377214e-17
-3.893912102481689175e-16
-2.795127410776254706e-15
-1.491672453959869138e-15
-4.734981937787319239e-16
2.829821880295790848e-15
1.413203321726230755e-15
1.402090249458254334e-15
1.219727444046192488e-17
4.305366826939938107e-16
2.750946172247470400e-15
1.869496582280333330e-15
-1.153997687339258782e-15
6.821257968192551147e-16
-4.818736555611824457e-16
-1.282123279072733268e-15
-4.064673944648156123e-16
-6.821257968192551147e-16
2.029572256784240025e-15
-1.845379860206108891e-15
9.461832359280997196e-16
-1.150013244355374553e-15
8.592302216947622640e-16
1.296814218509911854e-15
6.652664530371055207e-16
8.271378373891913327e-16
-1.974440576313352125e-15
-7.494791462794858639e-15
-3.357774128187607232e-16
-6.569831484393162668e-15
4.264709245471731691e-15
4.155204826050695743e-15
-9.597195000515812424e-15
-4.309757845738504400e-15
1.638500533168718576e-16
7.429658017282791960e-15
8.188979008783014990e-16
6.366651997269379137e-15
-4.352312781008560449e-15
-4.043640422501937337e-15
9.367886241035128236e-15
3.336496660552579208e-15
4.341687599718202506e-16
5.057911554862126735e-15
1.324586057158128050e-14
2.051527350777071490e-15
4.913387405269808994e-15
3.240471584640969294e-14
-1.204367009767504104e-14
4.097753630557046667e-14
-4.983963545687752905e-14
-5.761775605239716214e-15
-1.245352562392887386e-14
-2.073699285204400056e-15
-5.079649808420461099e-15
-3.114517107757897030e-14
1.182352284655185937e-14
-4.047437501797888915e-14
4.930299603907867256e-14
-2.987768452783479134e-14
2.234432257275376088e-14
2.234876780166095145e-14
-4.230686981299136562e-14
-2.325825079405041684e-14
6.321915105127196011e-15
3.054300519098052114e-14
3.356689926015121728e-15
2.985827730894730081e-14
-2.250218240906765033e-14
-2.242119250678298314e-14
4.183296504339795163e-14
2.272555516165397638e-14
-6.396250716578233408e-15
-2.937916836892595640e-14
-4.548932844988806679e-15
8.934313792258175013e-15
1.491385140384160479e-14
9.912166573644576317e-14
-4.801974790025198558e-14
1.342505953952875808e-13
-1.569544732897554251e-13
-7.299933227344901354e-15
-4.070349743021117739e-14
-9.035253014516575476e-15
-1.474471586493386610e-14
-9.799702282292654942e-14
4.688754267657968544e-14
-1.335869078116641573e-13
1.552563958472086281e-13
6.976407299075226831e-15
4.187600786964562616e-14
4.159335636327865515e-14
-7.579646545824436643e-14
-4.307437653089385421e-14
1.640015705704767068e-14
5.295484645402581680e-14
6.329138602101380684e-15
5.418322041039758119e-14
-4.144525434651713525e-14
-4.059448090176775992e-14
7.469231396578512872e-14
4.321174494614776762e-14
-1.499045028732770568e-14
-5.149217640817993491e-14
-8.310192811666894386e-15
-5.430248264937098668e-14
4.133358152275112829e-14
1.335618898465340543e-13
-6.045324288904418975e-14
1.779186742595709192e-13
-2.109103229520556400e-13
-1.292808091482577915e-14
-5.531241697304123406e-14
-1.110152551483944983e-14
-2.024828872279615943e-14
-1.314359862267244772e-13
5.825418272764615324e-14
-1.766420295896010267e-13
2.087934588678591608e-13
1.209687731928976717e-14
5.624418032007527657e-14
1.104839960838766011e-14
2.055885843510463218e-14
-5.164461523363139683e-14
2.335547662386805445e-14
5.996941766957253339e-14
3.396968036722958217e-15
6.429438145078014699e-14
-5.299769954489330637e-14
-5.254303936386151008e-14
8.725404296652805591e-14
5.117943829152649116e-14
-2.242010830461049764e-14
-5.701453306868053961e-14
-5.071030401149201339e-15
-6.443744192743960930e-14
5.281604147089336010e-14
5.370595461406946214e-14
-8.865385639142409069e-14
1.662006442844018994e-13
-1.956728507522542682e-13
-1.254617069956776021e-14
-5.140023606395316413e-14
-9.839243135523201289e-15
-1.831499361892863220e-14
-1.227398174416527432e-13
5.494330034341854407e-14
-1.651787193623303202e-13
1.950299053114432080e-13
1.119151429515574669e-14
5.276427081715717726e-14
9.703772074071137510e-15
1.849106805174027812e-14
1.246873426990341427e-13
-5.606544959194104116e-14
4.522489154001885225e-14
6.395600195274742106e-15
4.613507926382043323e-14
-3.494882334920124123e-14
-3.442032900022318209e-14
6.417013188181330818e-14
3.692293866486284770e-14
-1.366307512008085867e-14
-4.389885807296045606e-14
-6.860018195858907930e-15
-4.677345750297989824e-14
3.508467388141367493e-14
3.531940365175678664e-14
-6.496658679772115974e-14
-3.829407494229664088e-14
1.402693336916699396e-14
-3.820294774969923424e-15
-3.472477297025711174e-14
-6.555086334847359808e-15
-1.112976898143269722e-14
-8.214257182434514526e-14
4.048595226430196092e-14
-1.131306555596581220e-13
1.310206825845539047e-13
3.551033165433148397e-15
3.492665141477391266e-14
6.525541825647129812e-15
1.136373981025506907e-14
8.243178275385565357e-14
-4.019557581745603070e-14
1.129956757773154657e-13
-1.329159764022758150e-13
2.220456891272037936e-14
-1.583710376382163609e-14
-1.542662482131862411e-14
3.050934071352484622e-14
1.726521486541954253e-14
-4.767114979674358377e-15
-2.185995525219586177e-14
-4.000922856906008462e-15
-2.180536567281121663e-14
1.562476276834035005e-14
1.538190148170359706e-14
-3.079155853902282303e-14
-1.706290274003374741e-14
5.180426400352988736e-15
2.311714188130142844e-14
3.274344771014847666e-15
-9.365880467016030053e-16
-3.257322796906825246e-15
-2.337306780411663176e-14
9.877027581234321119e-15
-3.172496512997453888e-14
3.871431170435202240e-14
2.046756861218135271e-15
9.924515636389186213e-15
9.024356782683096156e-16
2.934772650592387677e-15
2.385163464305173342e-14
-1.040156459228280816e-14
3.246018634005948256e-14
-3.823482329357030807e-14
-3.104070819825999195e-15
-8.904118761754453715e-15
-3.263231698746871245e-15
7.260251427831931892e-15
2.995325341925703100e-15
4.269046054161673709e-18
-5.546886734653089235e-15
-6.328488080797889381e-16
-4.893980186382318465e-15
3.537263797842582491e-15
3.463266999570446814e-15
-7.483705495581194356e-15
-3.471019045103718170e-15
-2.203640915576787762e-17
5.234202828108269756e-15
-2.886688284242655556e-16
5.101496482196044013e-15
-3.431120405156251607e-15
-2.360579180044064529e-15
1.413420162160727855e-15
-3.320081162034790867e-15
3.100987619897993541e-15
-4.304282624767452603e-16
9.515500366819029665e-16
-6.578938782642040906e-16
-3.850001914496026245e-16
1.829265905417543081e-15
-2.378197465346953976e-16
1.352064483593415356e-15
-3.862388924316673133e-15
5.572257065489250039e-16
-6.716090357461457216e-16
6.620680566282732826e-16
3.806633827596606068e-16
-9.061626232362285371e-16
8.355404042259539921e-16
-1.117541389289433695e-15
1.827964862810560476e-16
-2.526191061891225331e-16
-4.079310673976710433e-16
8.651933336434325383e-17
-2.343502995827417834e-16
-1.626303258728256651e-16
-4.319596980453810353e-16
4.698390114465933465e-16
2.185480529187655563e-16
2.384702678381867003e-16
2.005231918011940451e-16
1.221895848391163497e-16
5.466005252585670604e-16
-5.443203125645584839e-15
5.434482074420654563e-15
-5.841139204265655138e-16
1.364034753204013128e-15
8.500145032286354763e-16
1.194790794079025886e-16
4.519605176223073784e-15
-3.323730179971562393e-15
5.534438738460240037e-15
-4.794613057274021983e-15
8.559234050686814754e-16
-1.558432202730664073e-15
-5.473052566706826383e-16
-3.611477436549215270e-16
-3.773240400684052531e-15
3.072818692204104529e-15
-1.754970951547973890e-15
1.692493801358496697e-15
-1.161722627818218001e-15
1.562226910334363339e-15
1.626520099162753752e-15
-2.215567139474128311e-15
1.889764386642234228e-16
3.476900841889452032e-16
7.759092847392512482e-16
1.578869413682015832e-16
6.045511313779172724e-16
-1.785952028626747179e-15
-2.179734257673482389e-15
1.656118818471608023e-15
1.435348151099247183e-15
-2.460190254641170249e-16
-2.034505376669049070e-16
-2.963666638489126370e-16
-3.490588894317081525e-16
1.499993705633695384e-16
-2.905661822261151883e-16
-2.368456586453529522e-16
1.438736282888264384e-16
7.551468131361538383e-17
-7.485196273568361924e-16
3.455352323711302631e-16
5.486334043319773812e-16
2.838170237023929232e-16
8.345104121620927629e-16
-9.983045613044458366e-16
3.439631392210262817e-16
-1.612208630485945093e-16
-8.117152032013383138e-04
-3.042039469774109983e-04
-5.669553775340262398e-05
-9.573087355919402547e-04
7.316279478783309408e-04
-1.049388547289275154e-03
1.091032419277067518e-03
-5.265234110317443261e-04
8.116464313041571715e-04
3.042390132623255762e-04
5.670376479132539175e-05
9.572301511639978722e-04
-7.316213204680057638e-04
1.049416464454075958e-03
-1.090974681694325751e-03
5.265416893315599854e-04
