1.692279576312589974e-04
2.494097296926642260e-04
-1.419835330011704204e-04
4.036373842825650635e-04
-3.701013867036382536e-04
3.215007139843848068e-04
-3.813783830868187571e-04
5.100801764887965542e-05
-1.692247368126521150e-04
-2.494205510117658174e-04
1.419745731514769150e-04
-4.036372226201387792e-04
3.700926038290103183e-04
-3.214906578860745700e-04
3.813917381219381585e-04
-5.100840587785488182e-05
-1.852359411691484326e-16
-5.605325231750057924e-17
4.276635469369072240e-16
-3.125619338004148595e-16
2.444537085775910779e-16
-8.676869986401491985e-16
2.069470896731706588e-16
-1.243037790754630834e-16
-1.916869440954371839e-16
2.016616040823038247e-16
-5.380353280959315754e-17
-1.000718605204120593e-16
-3.612087300271238366e-16
-2.515349040166370287e-17
-1.308360971646882476e-16
-1.986258379993444123e-16
-5.063224145507305707e-17
6.066111155056397308e-17
-1.201939752153852181e-16
-1.558540622947912624e-18
3.670566454949675261e-16
3.740497495074990297e-18
-7.041893110293351299e-17
2.214482937301642806e-16
-8.421540374781155691e-17
3.777902470025740200e-16
-5.150214429190322352e-17
1.817393891628826808e-16
-4.413787044188488551e-16
1.747191800960390395e-16
2.900240811398724361e-16
1.890848588814719733e-16
1.249949579604225924e-16
-9.284836354622738597e-17
-4.289103794352655541e-16
3.648340310413722420e-17
-9.963817965141785749e-17
-2.081668171172168513e-17
1.132991270247352134e-16
2.441623292437355985e-16
1.113204580599491678e-16
-3.349642611893965949e-16
-6.072616368091310335e-16
7.264154555652879708e-17
-7.307522642552299885e-17
-3.897706810085388440e-17
-3.529078071440316933e-17
2.164067536281066850e-16
4.994106257011354799e-18
4.817923403982460329e-17
-3.272664257647495134e-16
1.690271186904901413e-16
-5.719166459861035889e-17
9.118140270603092290e-17
-4.592951453191718159e-16
2.473065155439435614e-16
-8.127450535494462613e-17
1.055877390729320631e-16
2.727852665973529156e-16
-1.908195823574487804e-17
-1.886511780124777715e-16
-6.131163285405527574e-17
5.851439124904267430e-16
-5.972327667136401175e-16
4.633337984116803199e-16
4.121865609246766482e-16
6.353424730765055983e-17
-6.017322057294549609e-17
-2.153225514556211806e-16
2.585280080291685323e-16
8.814563662307151048e-17
-1.940721888749052937e-17
4.109939385349425933e-16
-3.138765289345535336e-17
2.422107653332616906e-16
6.266688556966215629e-17
1.973790055009860822e-16
2.385244779468109755e-17
-4.693240154146627319e-17
-1.785138876997383051e-16
-1.485356976305141075e-17
3.871685957945736334e-16
-3.426078865054194011e-17
1.234364173374746798e-16
-1.190182934845962492e-16
3.984442983884228795e-17
2.873948908715950878e-16
-2.167184617526962676e-16
1.010476424756490132e-16
2.423733956591345162e-16
-1.262011328773127161e-16
-1.814954436740734423e-16
3.674090112010253151e-16
-2.180330568868349417e-16
2.613062760961626374e-16
-2.335100428990655175e-16
1.705992118405941227e-16
1.229485263598562028e-16
-5.106592232406725884e-17
1.483188571960170066e-16
-2.406928822917819843e-16
-1.201296007113938913e-16
7.203981335079934212e-16
-1.076341706734984527e-16
9.053088140253962024e-17
-9.324138683375338132e-18
-2.540285690133536889e-16
9.974659986866640793e-18
1.621966450038314633e-16
2.809980980539306117e-16
1.678344963007560864e-16
-6.207057437479512885e-18
-1.496198998029996119e-17
1.496198998029996119e-17
-1.086641627373596819e-16
-5.540273101400927658e-17
4.505063314584611955e-16
-3.400464588729223969e-16
-3.376205565119860807e-16
2.555464520548333951e-16
-1.680513367352531873e-18
1.650697807609180501e-16
-3.424994662881708507e-16
4.761273840470092722e-16
7.408488969865012486e-17
3.942565674971976186e-16
-2.117988943950432912e-16
3.557267327924940048e-16
1.840433187794143777e-16
-8.998878031629686802e-17
-1.046526146991633155e-16
3.236343484869230736e-16
2.164609637367309602e-16
2.823262457152253546e-16
-2.208519825352972532e-16
4.819278656698067209e-17
-7.274996577377734752e-17
1.167685739766888275e-16
-1.005055413894062610e-16
-2.642742795433417058e-17
-1.328147661294742932e-17
-1.587271980518778491e-16
-1.824170155206861210e-16
8.380882793312949275e-17
-6.038463999658016945e-16
2.920840652675948945e-16
-7.094409153023117920e-17
-2.928768881062249196e-16
-4.888125494650896741e-16
6.732895491134982535e-17
5.312590645178971727e-18
1.349831704744453020e-16
-3.624216812075919947e-16
6.767047859568275925e-16
1.128993274736311836e-16
-2.235353829121988767e-16
1.496198998029996119e-16
-2.668221546486826412e-16
-2.623769257414920730e-16
1.732012970545593333e-16
2.753331417026938510e-16
5.057803134644878185e-17
-5.386316392907986028e-16
4.117799851099945840e-16
2.916503843986006927e-17
1.393199791643873198e-16
1.410004925317398516e-16
6.640738306473714658e-17
-3.573530360512222614e-16
8.955509944730266625e-17
6.895525817007808200e-16
-1.804654516102122130e-16
2.874762060345315007e-16
-3.812054838459033590e-16
-1.771586349841314245e-16
1.774838956358770758e-16
3.066631963557359120e-16
-4.960224939121182786e-17
-1.556914319689184367e-16
2.583653777032957066e-16
-6.716632458547699969e-17
-1.678344963007560864e-16
2.573895957480587526e-16
-1.014271132360189398e-16
1.522084324898087537e-16
2.000081957692634305e-16
4.760189638297607218e-16
6.510634045775454126e-17
-3.445594504158933091e-16
-3.675445364725860031e-17
-4.006127027333938884e-16
5.384961140192379148e-16
7.583994196536103516e-17
-3.082928877462531858e-16
-3.371868756429918790e-16
-5.252959525692268983e-17
2.951740414591785822e-16
-7.228375883960858062e-16
2.569830199333766885e-16
-7.020209066843641210e-18
1.675092356490104351e-17
9.725293487194974773e-17
-3.169122950175129461e-16
-1.733639273804321590e-16
-2.032879073410320814e-16
1.263637632031855418e-16
-4.308348382914273245e-16
-1.723881454251952050e-16
-2.107689023311820620e-16
-6.017322057294549609e-17
-2.890482991846354821e-16
5.030698080332740574e-17
1.329773964553471188e-16
-4.634964287375531455e-17
1.790153312045128509e-16
1.898844579836800328e-16
4.865899350114943900e-16
1.784596775911140298e-16
3.912885640500185502e-16
-1.224064252736134506e-16
1.031889417663078845e-16
3.116539144809582496e-16
-3.454539172081938503e-17
6.932591978779656383e-16
2.202014612318059505e-16
-1.309174123276246604e-16
1.971079549578647061e-16
-1.727134060769408563e-16
3.313050788572580174e-16
-8.637025556562649697e-17
-2.466830992947643963e-16
7.521652571618187011e-17
-2.432407573971229198e-16
4.009379633851395397e-16
-1.955900719163849999e-16
-1.331942368898442197e-16
-1.969724296863040180e-16
-4.432218481120742126e-16
-3.984442983884228795e-17
-1.459878225251731720e-16
1.311884628707460365e-17
2.575522260739315783e-16
-2.851451713636876661e-17
-7.824958129371006876e-16
2.439454888092384977e-17
-5.559788740505666738e-16
-4.182851981449076106e-16
3.391384395534657870e-16
1.039749883413598752e-16
-1.504330514323637402e-16
4.645806309100386500e-17
-1.044628793189783522e-16
-8.276325046303878441e-16
6.692237909666776119e-17
6.385950795939621116e-17
3.568109349649795092e-16
6.190794404892230318e-17
2.025289658202922283e-16
2.160543879220488961e-16
-2.865004240792945467e-17
4.236519988987108576e-17
-1.752612811822817918e-16
-1.097212598555330487e-16
-4.510281037539698445e-17
2.262187832891005002e-16
-2.096847001586965575e-16
2.123409954812860434e-16
-3.880088524782498993e-17
-6.839147304038561970e-16
2.532696274926138358e-16
-2.201472511231816753e-16
2.764715539838036307e-17
-6.625559476058917596e-16
2.895361901622539591e-16
-2.199710682701527809e-16
1.129738663729895620e-16
4.098826313081449513e-16
5.877459977043919537e-16
-2.693700297540235766e-16
-1.262011328773127161e-16
3.067750047047734796e-16
4.097200009822721256e-16
-1.853646901771310862e-17
-9.114074512456271648e-17
2.541369892306022393e-16
4.380176776841437913e-17
2.364102837104642418e-16
2.883977778811441794e-17
-2.184667377558291435e-17
2.766883944183007316e-16
4.876199270753556192e-17
1.063060230122037098e-16
1.593777193553691518e-16
-2.639490188915960545e-16
2.344045096913660586e-16
-1.020776345395102425e-16
-2.104707467337485483e-16
-1.247374599444572851e-16
2.312603233911580958e-16
-5.187907395343138717e-16
2.780978572425318873e-17
-3.398973810742056401e-17
3.697129408175570120e-17
1.253337711393243126e-16
-1.258182739851537724e-16
3.113693114106808046e-16
4.185020385794047115e-17
-3.410900034639396949e-16
4.716279450311944288e-18
4.090694796787808230e-16
-3.193517499056053310e-16
-2.244298497044994178e-17
1.092875789865388469e-16
7.939070408025106218e-17
1.705992118405941227e-16
1.810617628050792405e-16
-1.646360998919238483e-16
4.992751004295747919e-17
-3.742665899419961306e-16
1.711142078725247373e-16
-4.671014009610674478e-16
6.642364609732442915e-16
-2.010110827788125221e-16
1.085286374657989938e-16
1.196959198423996895e-16
-5.315843251696428240e-16
1.894643296418418998e-16
7.226343004887447741e-16
-2.040197438074597969e-16
1.880006567089864689e-16
-2.388497385985566268e-16
-8.998878031629686802e-18
-1.310800426534974861e-16
9.757819552369539906e-17
7.883233996142102740e-16
-1.245341720371162531e-16
-2.385244779468109755e-16
-5.091413401991928822e-16
1.871332949709980653e-16
-2.245382699217479683e-16
3.020045151458372601e-16
-7.138929204730803946e-16
-2.077839582250579076e-16
3.003104492513286594e-16
-2.715926442076188607e-16
3.434210381347835295e-16
5.171644362755856150e-17
3.404394821604483923e-17
6.983346192979134059e-16
-2.422107653332616906e-16
-1.453508537488379382e-17
-1.647716251634845364e-16
3.384879182499744843e-16
2.944150999384387291e-16
-2.853620117981847670e-16
3.853254521013482758e-16
6.733166541678103911e-16
-7.984606899269497404e-16
1.172293598999951669e-16
-2.683942477987866226e-16
-2.047515802738875124e-16
-1.042460388844812513e-16
2.190088388420718957e-17
-2.135878279796443735e-17
-1.927575937407666196e-16
-1.737569506679581544e-16
7.158715894378664402e-16
-3.170749253433857717e-16
1.299958404810119816e-16
-2.428612866367529932e-17
3.720981855970251218e-16
-4.853973126217603351e-16
3.385150233042866219e-16
-3.502040779763959666e-16
-7.448468924975415462e-17
-2.218819745991584824e-16
1.715749937958310767e-16
-3.751339516799845342e-17
2.945777302643115547e-16
-4.110210435892547309e-16
4.973337009144679355e-16
-4.525188817411374131e-17
-2.653042716072029350e-16
-1.027823659516258203e-16
-2.187919984075747948e-16
4.357408531219242320e-16
-5.102255423716783866e-16
1.592286415566523949e-16
2.346755602344874347e-16
-7.139471305817046698e-17
-1.515172536048492447e-16
1.675092356490104351e-16
-1.984089975648473114e-16
1.297790000465148808e-16
3.177525517011892120e-16
-2.745606476547979291e-16
6.895525817007808200e-17
2.462765234800823322e-16
2.196593601455631983e-16
5.789639601072593678e-17
-3.757302628748515616e-16
4.229201624322831421e-16
-4.045158305543417043e-16
-5.592043755137110495e-16
1.238375721412943165e-15
-8.542428917013289436e-16
-8.407987847625086886e-17
-1.394826094902601454e-16
-8.283304597789253876e-17
2.796699503926358688e-16
-1.541091744234474037e-16
-4.187053264867457436e-17
-2.537033083616080376e-16
-3.122502256758252770e-16
-2.103894315708121354e-16
-3.924811864397526051e-17
-4.672640312869402734e-16
4.736608241046047496e-17
1.073197520434776564e-15
-3.282422077199864674e-17
-1.066312836639493611e-16
-1.065770735553250859e-16
-3.845665105806084227e-16
6.679769584683192818e-16
-2.705355470894454939e-16
-5.911341294934091550e-16
3.049318610115481221e-16
-1.382357769919018153e-18
-4.878909776184769953e-17
3.794707603699265519e-19
3.838075690598685696e-17
-1.877838162744893680e-16
9.632797489354805176e-16
-7.962990618455567660e-16
2.921924854848434450e-16
8.321251673826246531e-17
-1.027823659516258203e-16
-2.500170209751573225e-16
2.683129326358502098e-16
7.643625316022806260e-17
-1.671975275244208525e-16
-1.889561098734893196e-16
-9.058509151116389546e-17
1.144917494144692682e-16
1.013186930187703894e-16
-3.037392386218140672e-16
-1.123775551781225346e-16
-2.439454888092384977e-16
-2.091425990724538053e-16
1.503246312151151898e-16
2.916503843986006927e-16
6.629896284748859614e-17
3.713392440762852686e-16
-2.999987411267390769e-16
6.010816844259636582e-16
3.599009111565631969e-16
-9.048751331564020006e-16
-1.680784417895653249e-16
-2.411265631607761861e-16
7.134050294954619176e-17
-6.277530578691070673e-17
-1.921206249644313857e-16
-8.887747308949922598e-17
-2.129644117304652084e-16
-1.317630900221633539e-15
-3.749713213541117085e-16
-1.218101140787464232e-16
-1.658829323902821784e-17
-2.540285690133536889e-16
1.349289603658210268e-16
-1.470449196433465389e-18
9.866239769618090349e-18
2.478486166301863136e-16
1.875669758399922671e-17
1.509209424099822172e-16
1.561251128379126385e-16
2.924635360279648211e-16
2.955535122195485087e-16
-2.507353049144289692e-16
6.100805624575933450e-16
-4.997087812985689936e-16
8.267041565201971309e-17
1.468551842631615756e-16
-2.138046684141414744e-16
1.045441944819147650e-15
-5.241846453424292562e-16
-1.965658538716219539e-16
4.105873627202605292e-16
2.515349040166370287e-17
-1.319474043914858896e-16
1.765623237892643971e-16
-1.642566291315539218e-16
-3.603888021341816739e-16
-5.990217002982411998e-17
-1.953190213732636238e-16
-7.038640503775894786e-16
5.881796785733861554e-17
-1.332484469984684949e-16
-4.045158305543417043e-16
7.125376677574735140e-16
-2.749265658880117869e-16
2.851858289451558726e-16
1.544988095791843818e-16
4.205620227071271700e-16
-1.753697013995303422e-16
-1.669129244541434076e-16
3.384879182499744843e-16
-2.676082012237346319e-16
8.834824690405473913e-16
-3.837940165327125008e-16
7.253854635014267416e-16
1.321642448259829905e-16
1.562335330551611889e-16
-3.345847904290266683e-16
-7.094205865115776888e-16
8.872568478535125536e-16
-7.524363077049400772e-17
3.642377198465052146e-16
-1.832301671500502493e-17
3.312237636943216046e-17
-1.275021754842953214e-16
2.195509399283146479e-17
5.287382944668683749e-16
-1.015355334532674902e-16
-2.025289658202922283e-16
-1.806822920447093139e-16
2.801578413702543457e-16
3.946495907847236140e-17
1.239785184237174320e-16
-6.468079110505398077e-16
3.459824657672805337e-16
1.052828072119205149e-16
5.090871300905686070e-16
9.470505976660881231e-17
-1.252253509220757621e-17
-6.911788849595090767e-17
2.696681853514570903e-16
-2.522125303744404690e-16
3.637498288688867376e-16
2.025425183474482971e-16
1.975416358268589079e-16
2.645453300864630819e-17
1.013729031273946646e-17
-5.475220971051797392e-17
-3.129142995064726485e-16
-5.397700515719083825e-16
6.130079083233042070e-16
-3.716373996737187824e-16
-3.211948935988306886e-16
2.732189474663471174e-17
1.021860547567587929e-16
-1.129738663729895620e-16
-3.301395615218361002e-17
-5.167036503522792756e-16
-1.943161343637145322e-16
1.414883835093583286e-17
-3.411984236811882454e-16
3.447762908503904100e-17
-1.581308868570108217e-16
-3.087265686152473876e-16
-4.428525417470713377e-16
-3.725318664660193235e-16
-4.483718084313803587e-16
3.080760473117560849e-16
-3.030887173183227645e-16
2.689363488850293749e-16
-7.084990146649650100e-16
3.440173493296505569e-16
-7.030644512753814190e-16
-2.838237999659709576e-16
-2.834104478877108590e-16
2.864462139706702715e-16
7.676151381197371393e-17
6.017322057294549609e-17
8.879615792656281315e-17
1.295350545577056423e-16
-4.181767779276590602e-16
3.174001859951314231e-16
-7.937986205852620714e-16
2.156478121073668319e-16
4.933119884809045175e-17
-4.510281037539698445e-17
4.620056507503855769e-16
-1.373853559128584978e-15
7.802867510106614723e-16
7.045687817897050564e-16
-2.515349040166370287e-17
-5.346743013612265116e-16
-1.934758776800382662e-16
7.199644526389992194e-16
-5.470884162361855374e-16
9.147955830346443662e-18
-3.006357099030743107e-16
2.271403551357131789e-16
-2.580401170515500553e-17
-1.508396272470458044e-16
5.508289137312605277e-16
-2.988001895063742419e-16
-1.988426784338415132e-16
-3.129549570879408549e-16
-3.152588867044725518e-16
-9.640725717741105427e-16
7.315112057759698416e-16
2.141299290658871257e-17
-8.814563662307151048e-17
-1.984509256957363993e-16
-1.579953615854501336e-16
1.139767533825386536e-16
-2.980317376975195323e-04
-1.072726811456847491e-04
-1.481960649545578071e-05
-3.534550230429249051e-04
2.771137122541479690e-04
-3.925045180125211783e-04
4.066162031958369988e-04
-2.016108874925522836e-04
2.980198838233664429e-04
1.072809950425727683e-04
1.482549339649940549e-05
3.534176361987296784e-04
-2.771332906992775747e-04
3.925322831426640612e-04
-4.065893383313449886e-04
2.016130345248476168e-04
