1.341284207724094749e-03
-1.151343046344619966e-03
1.427450220211846183e-03
-1.303988547592014008e-04
6.774160439534198091e-04
9.663868215648184143e-04
-4.698593274321458384e-04
1.497668916608476796e-03
-1.341249443561492311e-03
1.151293302587967117e-03
-1.427452983708895435e-03
1.304153566881835914e-04
-6.774154327557908428e-04
-9.663906956463110855e-04
4.698170858689199709e-04
-1.497641292013619741e-03
-3.564416285999766343e-14
-1.517641264395241940e-13
6.412025858187897498e-15
6.767481540437270127e-15
-1.137947158377783374e-13
-2.105199153022707659e-13
5.580941524890858929e-14
-6.040095723927607629e-14
-7.997347630048917688e-14
-1.383143816494070144e-13
-7.502364614969669887e-14
5.348824681783437285e-14
-3.706621598195680711e-14
-1.530936835636431681e-13
-4.755375780651771578e-14
-1.063285744173914082e-13
3.540928401185583496e-14
3.467647176347288251e-14
1.824880307629839216e-14
-5.838645539268938478e-15
8.813888746454778822e-14
5.993990026542661553e-14
3.812853759934883846e-14
-6.487590683851990336e-14
1.665079749427200717e-14
-6.362342293633749257e-14
3.460719124465105878e-14
2.997726849737758492e-14
5.800590043014697272e-14
-1.222880303963780335e-13
8.395834280084703283e-14
8.965088870924176057e-14
8.288302769804412051e-14
7.496022032260629686e-14
1.839182018487095505e-13
1.031660651004684404e-13
8.923614072068458691e-14
2.397444764414002893e-14
-4.950312620759234061e-14
2.532739643013037778e-14
4.987796200367489163e-14
-5.996185535941944700e-14
1.424099553559710074e-14
2.513435423331933372e-14
7.982468310484269747e-14
-8.827392484513085780e-14
1.950563733969790103e-14
1.441004975934190302e-13
9.508236212263376785e-14
1.859731986464385756e-15
1.047637996319517040e-13
-8.725740399326276098e-14
-2.548045189556744083e-14
-7.396045039430310108e-14
3.116615038961656481e-14
-7.164337482643001742e-14
1.303617587142258394e-13
9.700340574195220888e-14
-1.488033871469007785e-13
-4.982386031526786496e-14
5.154570211418282866e-14
-1.726482184213201654e-14
-1.188469895413435395e-14
-7.154070088069564015e-14
5.967470441403666115e-14
1.315972070897730717e-13
-5.931155089636264144e-15
-1.922607580952251372e-14
-2.038414738652488678e-13
3.768431964049079319e-14
5.481379239391515057e-14
1.640926435529654892e-13
1.777473567637910534e-14
-8.323983863300910002e-14
4.852308875882838102e-14
-1.008881021259677713e-13
2.386934779604471535e-13
-5.841903566797257419e-14
3.123976771712833056e-14
-2.264312869149076590e-14
6.694536418272445388e-14
-1.744378296322790511e-14
-1.860844191546107487e-13
-1.754595275495207662e-13
1.089864960432396224e-13
-3.818451631276698066e-14
1.032518254923120438e-14
-5.460112613778211887e-14
8.171545037849448079e-14
-1.860775531055403054e-13
-1.402953968954569544e-14
1.080919750408304569e-13
2.542692618956454709e-14
3.733054447160877309e-14
9.726892685399390892e-14
-1.775581634846923329e-14
-1.310239622961256734e-13
2.493220744876484263e-13
1.304848698709115684e-13
1.880876639333284306e-14
4.275312742718639925e-14
4.991113859015294807e-14
2.721651029546912071e-14
1.349853388787902730e-14
1.126761444564250425e-13
-8.412362603391065896e-14
3.740741440563799536e-14
-1.708133959797686341e-13
-1.305813096541541540e-14
1.138607437500827047e-14
-1.609747491554402998e-14
-9.354209030629223598e-14
1.296462869243390770e-14
-2.118486321697060637e-14
-1.048958554565604384e-13
-1.199141697397210216e-13
8.328158041664979194e-14
-1.233211124364308464e-13
-3.354413101452902168e-14
-5.981532543580803107e-14
2.374771691413760794e-13
5.103060443829854353e-14
-2.990750008757814271e-14
-1.455259523996943472e-14
-3.168776005479934099e-14
-9.732264907164056567e-14
-1.356135798276369986e-13
4.298118935416872510e-14
1.410290612589848447e-13
3.337445337453504024e-15
1.093926381770526923e-13
3.830220645859028217e-14
-9.334275973688077599e-14
-2.452564518660993453e-13
-6.056927962655445086e-14
9.552474371406216580e-14
1.195961190324223988e-13
-1.932341005955739988e-14
-7.732551578210067333e-14
2.947517447129954782e-14
-1.427831377437405180e-13
-8.626893687260772658e-14
-5.669753945850009025e-14
5.403216394271603829e-15
9.801263533421034069e-14
1.297150321183382360e-14
1.131521092101461790e-13
-2.011661236894779492e-14
3.649532932803456475e-15
8.506184038387099022e-14
6.779122483637975427e-14
-1.549414351161015890e-13
-7.023938722316991345e-14
6.945887007919759881e-14
8.153742438177236096e-16
-1.629437687208912244e-13
9.409194343806825955e-14
-1.532571270411453579e-14
2.718295703343942028e-13
4.854021915315365199e-14
-6.896328126615447474e-14
1.199332516979567664e-13
7.600018704645439271e-14
2.055387110511119886e-14
-4.562593792362124034e-14
-1.466764399825001841e-13
8.768420017846167980e-14
-1.062451992703272730e-13
-1.707599990227737230e-13
-1.962156565699091360e-14
-7.304302562100017937e-14
-6.235127431725162594e-14
-2.377091850181561883e-13
-1.569288454609032990e-13
-1.278393623599383133e-14
1.266960711690523489e-14
2.391763002929092607e-13
-8.235903278808187622e-14
5.733261088103347447e-14
1.288292660484718910e-13
-9.063126327711872737e-14
1.055693347410541216e-13
-1.022176592500867454e-13
4.045505250238612405e-14
6.040599877937813389e-14
-4.187351420464890950e-14
9.670779801962403610e-14
1.006512039512796886e-13
8.798383300135520502e-14
-6.148789702224710663e-14
-1.788807817149073998e-13
-4.529861728774786656e-14
-7.232983743193921455e-15
6.091351381631859851e-14
6.923921071905203561e-14
-2.322007196979905541e-13
3.145660815162543145e-14
-1.787571284571354280e-13
2.358107199090797579e-14
3.982323368637019634e-14
-8.613173108767968600e-14
1.529299690355978569e-14
1.500903893357496965e-13
3.804797460166958745e-14
4.165900480482265245e-14
-5.623919299008184325e-15
-4.072892197115596247e-14
1.063764961534152675e-13
-4.803438462958053989e-14
-1.379213583618810191e-13
-8.663162960435843996e-14
-4.747870391112740673e-15
4.397393907340507724e-14
1.142129468258146208e-13
-7.290516931476864748e-14
-2.227748150882002953e-14
-5.153137031671528590e-14
1.503528204715998129e-14
9.935456676265575285e-14
-1.400995882890401778e-13
-9.682283187012474812e-14
-1.353886078768462564e-13
1.576131803196489933e-13
-1.670651464391603724e-13
2.596290153353275620e-14
-2.426477801239362853e-13
1.404985069258790631e-14
1.671151281593119542e-14
-7.229004721220899654e-14
2.502338614096544234e-15
-8.500763027524671500e-14
5.916209362688551465e-14
1.097548430178257872e-13
-3.604858382286191265e-14
1.779633840466587902e-14
-3.111391894995707563e-14
-8.365942487376099024e-14
-8.109138360801182444e-14
5.100943539088076406e-14
-2.720312039863892473e-14
-1.096441104006312325e-13
1.238978266770301984e-13
-2.760259468909120883e-14
4.947035619692896624e-14
4.959108210883522716e-14
-2.072911070225003094e-13
1.341374927799066086e-15
-1.978342077831041212e-13
1.903465652783840889e-14
-1.917825436219960933e-13
1.065223755557231922e-13
-1.232351352041527459e-13
-3.013290571923787908e-14
-1.955177014213715925e-13
-8.185081301972929602e-14
1.927527148309904348e-14
1.139968111227296355e-13
9.902072651418736271e-15
1.987277530035580497e-14
-5.437170895808418614e-14
-5.055385363800235510e-14
-1.797422887611643816e-13
9.956505021488371021e-14
2.760073799287082741e-13
-1.050404338162613804e-13
1.153861348916068730e-13
1.358523753561269309e-13
-8.202580325036845643e-14
2.397967891962227149e-14
-2.121159693203866770e-13
1.024470222196760538e-13
3.481584595274589411e-14
-1.263702684162204548e-14
-4.200676265164737799e-14
-7.163432173828976346e-14
-5.547970936825574739e-14
6.230091312633967426e-14
8.804946789037204624e-14
7.278541071448815097e-14
-3.187256231509949522e-15
2.878394137623141447e-15
-3.453140551279432202e-14
-6.008377389371544197e-14
-9.404938850279820350e-14
2.170507697185630747e-14
-2.004521765588962445e-14
-6.733969020692332635e-14
2.058062243846456307e-13
8.081426153272452950e-14
-1.142220541240634990e-13
7.853044386649243869e-14
-1.866504997435902702e-13
1.254130263181330029e-13
8.784585472237926851e-14
-1.173074766665227475e-13
-1.359201922020158992e-14
1.711158341757834656e-14
-7.915993164783752256e-14
-3.964677978279818049e-14
-1.812505766134175911e-13
-5.356357176376780327e-14
2.638518472718870411e-14
-1.919828228683084781e-13
-1.014257308782490208e-13
-3.509367275944530462e-14
1.847878404112601736e-13
2.616331630511670170e-14
-2.728771527314710621e-13
-1.174096610272136118e-13
8.241072212665512264e-14
8.426506020731139301e-14
1.019545775929331377e-13
-4.342251384847894968e-14
-1.486321916238653174e-14
1.047400013942656471e-13
9.732094145321890100e-14
2.707935533251791538e-15
1.219392018999079785e-13
1.934359248299821754e-13
-1.613331863936640076e-13
1.498519732780201341e-13
1.908304243791736354e-14
-1.989148862985290478e-13
3.874667513920071471e-16
-2.369849108618815592e-14
3.508315599837219523e-14
1.978414177275511499e-14
6.811565200770530737e-14
1.615397269075224962e-13
-2.117826313624560086e-14
1.413177300874091102e-13
1.866413653402870798e-13
-8.788732545547683905e-14
-4.576764314756509577e-14
3.558882789161943450e-14
3.910283555286220292e-15
-7.458280954636409277e-14
-1.837247801811381365e-13
-9.258424342668044454e-14
-8.503720188950125713e-14
2.699670998904113439e-13
-1.390171072875034941e-13
-8.217872996679753683e-15
-2.249123196712554673e-14
-1.271172837130629674e-14
1.056338718753713213e-13
-6.356115585031893445e-14
-5.478455959283951016e-14
-2.203343302080440491e-13
-2.185046848318661361e-14
1.136836935353158218e-13
7.085272039214496331e-14
-1.064524445155978771e-13
-1.746842145759763820e-14
7.064187017465084484e-14
1.606999310097695366e-13
-5.890790242754628814e-14
3.329037349605878937e-14
1.582990466139633234e-13
-6.622220133367662243e-14
-5.423916524249783322e-14
-1.706566474506815423e-13
-7.246005011285472364e-14
-1.847815520386597576e-13
2.808083626737456484e-16
-7.294745319949558215e-14
-6.922582082222183963e-14
1.831813780522884016e-14
2.049558295636236781e-13
-6.036794328312389268e-14
4.690963329584407759e-14
5.565529591008977484e-14
8.168606849962012362e-14
-1.094689660099956718e-13
1.085617056320598017e-13
1.045538438812498860e-13
1.868107541420460475e-13
6.158970360624349549e-14
8.533267408655786923e-14
6.246283872080038435e-14
2.104620731163686642e-14
-7.135676598213347432e-15
3.749865001845265056e-14
1.217740643565112801e-14
1.213487860543538410e-14
-8.322628610585303122e-14
-6.514211912944656291e-15
-7.833051698588611167e-14
6.814058865767247397e-14
-1.113165549321282199e-13
-2.071972693244716890e-14
-1.583261652208026171e-13
2.063945802460720458e-13
8.477268366446910619e-14
-4.281183697482648931e-14
-1.028101215272414493e-13
7.994310508713242669e-14
1.540889811579848612e-14
-2.595288079495355893e-13
1.460360288642673088e-13
-1.113692471577110155e-15
-1.768919212496999904e-14
5.670458677262124603e-14
-4.683753385137379155e-14
-1.375966398112216105e-13
-1.730259273531598030e-14
-1.532099710229058165e-13
-8.948724194383222974e-14
-2.212867476064639405e-14
1.417061997258106665e-13
5.445898723296926924e-14
-1.333912906346934601e-13
-3.110044773796394324e-14
1.185305109271950208e-13
1.054919464228611797e-13
-2.101787710886982019e-13
-1.137220742922218086e-13
1.003332616641983144e-13
7.055911844383588871e-14
6.323338120478583235e-14
-1.344469240799339715e-13
-1.916407164253078332e-13
3.963181237180701810e-13
7.031303165573599134e-14
-3.650129243998323503e-14
-1.667800554779053090e-13
1.557934553933493227e-13
1.302179935061542615e-13
2.451137166500916287e-14
3.543109002804994967e-13
-5.914626427516722629e-14
1.911926021148924182e-13
9.813254809448723748e-14
3.359346221337711214e-14
-1.085974843037518234e-13
3.493646344443490648e-14
-3.630244722045055175e-14
1.464521592105944015e-13
1.324569794125540767e-15
1.163125585429414244e-13
-8.151991451668672006e-14
-8.449968155743725617e-14
1.045727089990511338e-13
2.631751695909845257e-14
1.367969305947304079e-13
-2.842251716102250914e-13
-2.383455845883508673e-14
-5.532602371030592714e-14
-5.800459938753999012e-14
8.796804430721838486e-14
-8.384878078318558359e-14
-7.010288616965398845e-15
-4.142221505035181828e-14
-1.319632337432041780e-13
1.931435697141714591e-14
3.843529227526287784e-14
9.311366781783458890e-14
1.181520159487803312e-14
3.148976847507090060e-13
2.194624419259855186e-14
-1.481503721784127592e-13
-1.282242541311706674e-13
4.591650410584735553e-15
-7.122845065501981487e-14
1.746493032660223488e-13
2.962698988050183058e-14
2.997474772732655612e-14
1.627886600475900170e-13
-9.983545023670159502e-14
-1.923466811173946134e-13
-1.208823622797505770e-13
1.741621712299246116e-13
1.058615001214846529e-13
-4.416811968249723108e-14
-2.064110999296423464e-13
6.051547609374485770e-14
-6.337676694209704031e-14
-1.487455991711073011e-13
-9.558581140142741184e-14
4.252848073704740273e-14
2.762097191591483814e-13
2.366505700169413418e-14
-1.149338599553545448e-13
-1.573773663471333961e-15
8.306289683845946570e-14
3.910614236948828371e-14
7.431983630942773367e-14
4.603522424373451827e-14
-1.647160598021446543e-13
-8.107934896389723534e-15
1.536874468834048546e-13
4.935028080632619663e-14
5.673217971791100211e-14
-1.850649082764388442e-13
4.484693866269040541e-15
-6.867173930197312259e-14
-2.440046760834608391e-13
-4.400325318964365406e-14
1.231066572467132136e-13
8.760342711661150972e-14
1.162776472329873911e-13
1.453300370671262165e-13
-1.429040262859726518e-13
-9.981783195139870557e-14
3.996187858027562198e-14
2.716801935330470652e-14
3.558750516496900218e-13
7.300789747061164903e-14
-1.702130190267547860e-13
-1.410823497957625072e-13
1.868838200511091507e-13
2.600409579507634295e-13
-8.954639872486847008e-14
-1.247427454300481520e-13
2.836402987482777860e-14
-2.147864134813270987e-14
3.418494870857657908e-14
1.236653466261949941e-13
-3.077903600393061545e-13
-1.424145361101497587e-13
-1.239104305272853424e-13
1.604176047640543112e-13
1.492048130012635365e-13
-6.157775027729184281e-14
-8.277395695949207877e-15
7.076712263062723274e-14
-1.685961483269271532e-14
1.310827802639830120e-13
-3.010243963819103641e-14
2.881234747315053468e-14
1.937599386492294684e-14
6.911843059703715042e-14
9.203841031327208988e-14
-1.716013941187310987e-13
1.557046795642134940e-14
1.915229585168487514e-13
2.225734787447697371e-13
-7.421255450446029300e-14
-1.371779209322077087e-13
1.309859339049257443e-13
-4.647649452793611857e-15
7.797733812819895860e-14
-1.042076123877961127e-13
1.951578276152693414e-13
1.065088230285671234e-13
-3.635785249256340279e-14
9.612644881473730862e-15
-1.495114795857510614e-14
-2.094925930862592822e-13
5.046993638985197705e-14
1.663051207162480338e-13
2.765759355479596726e-13
6.683754027667077047e-14
6.779245134008737850e-15
1.437188042185955084e-13
-5.783210282189754636e-14
-1.433700163797069216e-14
-5.714883861279718147e-15
-1.438938486593432931e-13
-4.906307565083478650e-14
-1.183512923080831669e-13
-2.998973682236116822e-14
-2.048909002530518997e-14
1.866291409607923057e-14
-2.435386775193970968e-13
-2.955022836668985686e-14
3.243607639424883615e-15
4.740196950236974516e-14
8.450504835819105942e-14
9.395701447770243853e-14
-1.148983252291513324e-14
5.656323391438344839e-14
-2.715068939801706244e-13
-4.967299358296650702e-15
9.786767750374902874e-15
-1.418412913165023603e-13
-1.154664471675337367e-14
2.170789589750476978e-15
-1.613271690716067130e-13
-1.578331378353919900e-13
8.957916873553184445e-14
-1.117468205642790924e-14
7.065268509132138774e-14
-6.350974433855238743e-14
-7.776261188793820445e-14
1.920723779677557808e-14
-5.922719996734326919e-14
3.040038517145363106e-14
1.198616672495184110e-13
2.996176440631104221e-14
-6.651406855850972022e-14
6.562095701892478594e-14
1.263282013719280172e-13
-1.107346704024188278e-13
2.447162481336584428e-13
1.570138333586990065e-13
4.730821311950406116e-15
-8.927179741963220394e-14
2.757012283402526798e-14
-9.602670221486864222e-15
-1.948731432298289601e-13
-3.898688351864666723e-14
-1.253136049789160822e-13
-4.389457547437913831e-14
1.371333195653370862e-13
1.768184123424054732e-13
-8.852459238740950642e-14
-1.348044668513653788e-13
-9.802542360457095188e-04
1.433027522736501132e-03
-1.498963343337536428e-03
6.936240364527727648e-04
-1.138896450809206940e-03
-4.529358537865950927e-04
-1.120044952109728893e-04
-1.333495749498180612e-03
9.802085806900925728e-04
-1.433130434468038927e-03
1.499057272423850009e-03
-6.936140955576419352e-04
1.138918467034053406e-03
4.529943531893945805e-04
1.119434726265237283e-04
1.333540075466755487e-03
