1.070142539916083034e-03
-9.243526182815168342e-04
1.120450070741801788e-03
-1.261114341380495515e-04
5.144799256302408363e-04
7.457127184016824808e-04
-3.932744789885818599e-04
1.181206873948092463e-03
-1.070065575266878006e-03
9.242811436999509144e-04
-1.120487762229186324e-03
1.261107148770012612e-04
-5.144915424991798603e-04
-7.457183199161499182e-04
3.932399642252684029e-04
-1.181135909341313010e-03
-2.770475363879365549e-16
2.339708288223718569e-16
8.519118570304851090e-17
-5.627009275199768012e-17
8.294146619514108920e-17
-1.561793229465369137e-16
2.138046684141414744e-16
5.624298769768554251e-17
-7.414587607085243448e-17
-1.002887009549091601e-17
8.047490625273656661e-17
-5.204170427930421283e-18
1.157927920214518736e-16
-1.944381071081191514e-16
-6.755121635670935376e-16
3.233632979438016974e-16
-2.239148536725688032e-16
2.507759624958971756e-16
3.740497495074990297e-17
-4.483175983227560835e-17
-8.006833043805450245e-17
-1.246832498358330099e-18
5.011046915956440806e-18
-2.523480556460011570e-17
1.336279177588384215e-16
-2.751163012681967501e-16
9.432558900623888576e-18
-5.984795992119984476e-17
-1.743126042813569754e-16
1.301042606982605321e-16
1.029009505642414224e-16
1.161451577275096625e-16
-8.451355934524507063e-17
-9.194034422677077600e-17
1.084202172485504434e-16
-2.486617682595504419e-16
-7.628717536151130574e-17
2.540556740676658265e-16
-6.076953176781252353e-16
6.800658126915326562e-16
-2.417770844642674888e-17
3.361026734705063745e-17
-3.458604930228759144e-17
2.287666583944414356e-16
5.016196876275746952e-16
-1.454321689117743510e-16
-2.475504610327527999e-16
1.981921571303502105e-16
1.734723475976807094e-17
-1.994931997373328159e-17
2.239419587268809408e-16
-4.000434965928389985e-16
-2.221055912972336177e-16
6.997169770678324241e-17
-1.659913526075307288e-16
2.190088388420718957e-17
4.911435841359335086e-17
-9.698188432882837162e-17
7.990570011218167679e-17
-5.977206576912585945e-16
1.732792240857067290e-16
-1.761693005017384017e-16
-4.250072516143177381e-17
8.765774564545303349e-17
-1.860490927985125609e-16
3.239053990300444497e-16
3.819779778937992809e-16
1.636196603552186879e-16
2.332118873016320038e-16
-3.642919299551294898e-16
-1.034328872551171230e-16
2.368981746880827188e-17
-1.218643241873706984e-16
3.893912102481689175e-16
-2.372234353398283702e-16
2.429426017996894061e-16
5.984795992119984476e-17
-1.677802861921318112e-16
1.418678542697282552e-16
-3.680866375588287553e-17
-8.700722434196173083e-17
-4.350903318184329294e-16
-6.368010638116775035e-16
4.394406930355310159e-16
-5.277896175659435585e-16
6.933472893044800855e-16
3.876022766635678352e-17
-1.609498125054731332e-16
-5.712932297369244239e-16
4.353342773072421679e-16
-1.424353663443886364e-16
1.091791587692902965e-16
-2.010110827788125221e-16
1.448494102440633924e-16
9.915028867379938049e-17
-1.858322523640154600e-16
6.291083105847139478e-16
5.100629120458055610e-16
5.221517662690189354e-16
-8.580104942507160715e-16
-1.544988095791843818e-16
2.081668171172168513e-17
-2.734357879008442183e-16
2.860125331016760697e-16
7.422990173922006107e-16
3.684254507377304755e-16
9.280228495389675203e-16
-1.387236679695202923e-15
-1.848564704087785060e-16
4.488596994089988357e-17
-4.469623456071492029e-16
8.456234844300691833e-16
-1.042585749721006150e-15
7.403339009545706340e-16
-3.817475849321461112e-16
6.876552278989311873e-16
1.115644035487584063e-16
-1.254421913565728630e-16
-1.780259967221198281e-16
-8.712106557007270879e-16
-9.917214212383854144e-16
-4.849094216441418581e-17
-1.270684946153011197e-16
5.770123961967854598e-16
1.191538187561569373e-16
-3.118165448068310752e-16
-6.985514597324105068e-16
-3.361026734705063745e-16
1.899630626411852319e-15
-2.868012901821592742e-15
-7.909254848281754846e-17
3.859759734048395785e-17
-9.772998382784336968e-16
1.019583723005368370e-15
1.385014065241607639e-15
1.171697287805084642e-15
3.920095584947214107e-15
-3.801456762222987784e-15
1.913616834436915326e-16
-4.006127027333938884e-17
-9.912318361948724288e-16
1.450499876459732107e-15
3.010721012774997263e-15
-9.163812287119044164e-16
-7.085261197192771476e-16
8.247525926097232229e-16
1.153591111524576718e-16
-2.301761212186725913e-16
-2.681231972556652465e-16
-1.211053826666308453e-15
-6.848532429094139617e-16
-9.258815502483086490e-16
-1.387670360564197125e-15
1.117487179180809420e-15
2.486617682595504419e-16
-5.657366936029362137e-16
-1.270955996696132573e-15
-2.892651396191325830e-16
-9.252276408130283292e-16
7.303727934948600620e-16
-4.315124646492307647e-17
6.488950002325744038e-17
-1.009012751823634702e-15
1.417485920307548497e-15
4.061421338130699610e-16
2.375636037714456972e-15
4.096956064333912018e-15
-3.751420831962781754e-15
9.025983085941824413e-17
-4.119968255444916849e-17
-9.123561281465519812e-16
1.446325698095662915e-15
3.695719945351338964e-15
-7.450501804048825782e-16
1.660265891781365077e-15
-2.205402744107076707e-15
7.947201924318747501e-17
-2.527817365149953588e-16
-4.625206467823161915e-16
-5.512625946002547295e-16
-8.542496679649069780e-16
-8.212560406034574711e-16
-2.540719371002531091e-15
1.984957337386461518e-15
2.457886325024638552e-16
-4.953719726086269759e-16
-1.868405603844269791e-15
2.165693839539795107e-16
-1.599977474727592996e-15
9.479992745670129395e-16
-8.393351118296532576e-16
8.680122592918948499e-16
-8.704517141799872348e-16
8.790711214512469951e-16
8.856305445947842969e-16
2.222234982834914163e-15
3.629692033046971744e-15
-3.829347863110177386e-15
3.294890402183447975e-16
-9.340401715962620699e-17
-7.510268448807089214e-16
1.236315737285220706e-15
3.111497604707524900e-15
-1.028948519270211914e-15
1.270278370338329132e-15
-1.890794378706095458e-15
6.310056643865635806e-17
2.114194236346733646e-17
-1.324352953691043666e-16
-5.917033356339640449e-16
-7.516909187113562929e-16
-1.129304982860901418e-15
-1.799396135565567434e-15
1.360998987121053716e-15
2.024205456030436778e-16
-4.756394930693907952e-16
-1.458143501775754913e-15
5.710221791938030478e-16
-7.528716826398287876e-16
3.940532795898565865e-16
-6.583817692418225676e-16
6.602791230436722003e-16
5.854691731421723944e-17
-1.452288810044333189e-16
9.628257392757522126e-16
9.701034463585611611e-16
3.078375228338092739e-15
-2.160489669111864686e-15
2.449754808730997269e-16
-6.640738306473714658e-17
-3.933485481777410087e-16
6.617970060851519065e-16
2.169813807795240024e-15
-5.720792763119764146e-16
1.638554743277342851e-15
-1.815957323750283514e-15
1.100465205072787001e-16
-4.239230494418322337e-17
-7.380164188108828682e-16
5.517504855778732065e-16
1.378901875494220608e-16
-5.867431106948428621e-16
-9.307875650788055566e-16
5.973411869308886679e-16
1.641482089143053713e-16
-3.076423664427618831e-16
-6.358845741627483505e-16
1.335194975415898710e-16
-1.849377855717149188e-16
-1.748276003132875900e-17
-4.923362065256675635e-16
2.859041128844275192e-16
4.938540895671472697e-17
-2.687737185591565492e-16
-1.528182962118318500e-16
-4.984890538545228011e-16
1.017306898443148810e-15
-1.136758872796739261e-15
-2.097931203759451080e-17
-1.517883041479706208e-18
1.496198998029996119e-16
2.763089236579308050e-16
-2.250261608993664453e-16
-2.171385900945344005e-16
6.070447963746339326e-16
-4.616532850443277880e-16
-6.673264371648279791e-17
1.414883835093583286e-17
-7.903833837419327324e-17
6.400045424181932674e-16
4.218088552054855001e-16
5.531057382934800870e-16
-2.328866266498863524e-16
4.419750156137158825e-16
8.852510738344143704e-17
-1.154675313697062222e-16
-4.023474262093706955e-16
-1.523575102885255106e-16
2.098337779574133144e-16
-4.613551294468942743e-16
-4.757479132866393456e-16
4.427339571344557356e-16
6.006480035569694564e-17
-8.120674271916428211e-17
-4.254409324833119399e-16
-5.112013243269153406e-17
1.101735754493668451e-16
-6.654019783086662088e-16
7.914675859144182368e-18
6.591949208711866959e-17
2.067573542929856956e-16
-8.223673478302551132e-16
7.765055959341182756e-16
9.283481101907131716e-18
-9.906897351086296766e-17
9.508453052697873886e-17
7.513521055324545728e-17
-4.282598581317742514e-18
-1.065228634467008106e-16
4.607859233063393845e-17
3.316574445633158064e-16
-3.510104533421820605e-16
-9.741556519782257340e-17
-3.661892837569791226e-17
2.320192649118979489e-17
-1.761828530288944705e-17
5.814576251039760280e-16
-4.019679554490007689e-16
-8.406124375141127425e-17
1.923781229803966930e-16
-2.224782857940255099e-16
4.839878497975291793e-16
-5.095750210681870840e-18
9.540979117872439019e-18
1.322184549346072657e-16
4.264709245471731691e-16
-1.393352257574378972e-16
2.604931244667985091e-16
3.055281722064151495e-16
-1.363926332986764578e-16
3.628282570222740588e-16
-3.278627369596165408e-16
-2.380907970778167737e-16
2.123409954812860434e-16
-8.618865170173517498e-16
8.687169907040104277e-16
-4.033232081646076495e-17
7.394258816351140240e-17
3.091602494842415894e-16
-5.305001229971573196e-16
-9.302996741011870796e-16
7.304812137121086124e-18
-8.968520370800092678e-16
3.462399637832458410e-16
1.638771583711839952e-16
-3.632077277826439854e-18
4.791089400213444094e-16
1.374226253625376870e-16
5.429820005078966894e-17
-2.121648126282571489e-16
3.842412499288627714e-16
-3.059076429667850761e-16
-4.195862407518902160e-17
1.374226253625376870e-16
1.978668964786045592e-16
3.913969842672671007e-16
4.159321406174351643e-16
7.077671781985372945e-16
7.068998164605488910e-16
-4.212125440106184726e-16
-3.979021973021801273e-17
1.773754754186285254e-16
-1.631155063450129283e-15
7.599173026950900578e-16
-1.574315764557576713e-15
1.047610349164118659e-15
9.671083378570699551e-17
-4.521123059264553490e-17
6.849989325763417014e-16
-8.977736089266219466e-16
-4.224051664003525275e-16
-1.057761192004014195e-15
-2.281757682104368357e-15
2.043206099103245243e-15
-1.165517335421917267e-16
2.862293735361731706e-17
3.191891195797325054e-16
-7.661514651868817083e-16
1.042297758518939688e-15
-7.040537857577744418e-17
4.608401334149636597e-16
-3.213575239247035142e-16
-1.188827682130355612e-16
2.137504583055171992e-16
2.612927235690065686e-17
8.926778587159400757e-16
-1.482951402734938862e-16
8.318270117851911394e-16
1.860924608854119811e-15
-1.161180526731975249e-15
-2.009568726701882468e-16
4.155746927136938496e-16
1.961430150243526072e-15
-1.021182921209784489e-15
-1.148386941096646297e-15
1.916517075248314050e-15
-4.042989901198446034e-16
6.288372600415925717e-17
6.271025365656157646e-16
-7.376369480505129417e-16
-1.596433488876281004e-15
-1.118191910592924998e-15
-3.400491693783536107e-15
3.156519099919985472e-15
-3.911801438327699998e-16
7.372574772901430151e-18
4.472333961502705790e-16
-1.195061844622147262e-15
-2.154743397597691512e-15
6.204211406776738436e-16
1.470774457085211040e-15
-7.464731957562698028e-16
-2.004689816925697698e-16
3.475952164988527215e-16
1.463727142964055261e-15
1.002887009549091601e-17
3.916443178878653564e-16
9.006196396293963957e-16
2.520607420702924983e-15
-1.713635743721964033e-15
-2.594495798757812111e-16
6.585443995676953932e-16
1.676610239531584057e-15
-8.927320688245643510e-16
9.315498947313344269e-16
-3.031429274269470397e-16
-2.009026625615639716e-16
-1.633892673935655182e-16
8.009001448150421254e-16
-1.565045835982825650e-15
-1.415534356397074589e-15
-7.136489749842711561e-16
-3.719192922385650135e-15
3.378075813867398303e-15
-4.924446267429161139e-16
-1.691355389077386917e-17
5.388484797252957037e-16
-7.090682208055198998e-16
-2.865492131770563944e-15
7.089598005882713494e-16
-2.221963932291792787e-15
1.552821456488051588e-15
-2.981013873248894441e-16
7.026714279878554237e-16
1.664358754982497857e-15
-6.031416685536861166e-16
5.978663473581863341e-16
1.313592247129125035e-15
2.424492898112085015e-15
-1.952160221668775009e-15
-2.312061132825338206e-16
5.078945077008345521e-16
1.889655966424985678e-15
-7.535205098774255816e-17
4.697136505703997100e-16
7.743236390619911980e-16
1.846179459308316950e-15
-1.381978299158648227e-15
5.177607474704526425e-16
-1.643867333922521823e-15
-2.016128149845419770e-15
-8.401753685133295235e-16
-2.308537475764760316e-15
1.504872615409880154e-15
-3.310069232598245037e-16
-9.898765834792655482e-17
6.428234680666555789e-16
-7.526531481394371781e-16
-1.347609090290857736e-15
-2.799545534629133137e-16
-1.941995826301723405e-15
2.331143091061083084e-15
-2.054021015773788150e-16
1.500535806719938137e-16
1.718243602955027427e-15
-1.579140464225137208e-16
9.455598196789205545e-17
3.326332265185527604e-16
2.100316448538919190e-15
-1.504601564866758778e-15
-1.387778780781445676e-16
4.161710039085608770e-16
4.093405302219021991e-16
7.285838599102589797e-17
-5.534987615810060824e-16
9.775166787129307977e-16
2.502609664639665610e-15
-1.958936485246809411e-15
-2.647079604123359076e-16
4.921193660911704626e-16
-1.825959088791462293e-15
1.340615986278326233e-16
-5.243201706139899443e-16
1.632157950459678375e-15
-2.504507018441515243e-16
1.192080288647812125e-16
1.744481295529176634e-16
-6.445039814340081108e-16
-6.439347752934532210e-16
-2.079906342641879569e-16
-1.635166611488325650e-15
4.518954654919582481e-16
-1.183406671267928090e-16
-1.950479708301422477e-16
4.980824780398407370e-16
-4.465286647381550011e-16
1.134143235055617982e-15
5.059429437903606441e-16
3.966011546951975220e-16
-5.921912266115825219e-16
-9.166929368364939990e-17
1.783512573738654794e-17
3.533956981216501703e-16
1.713581533613339758e-16
5.799126370081841841e-17
7.350890729451720063e-17
2.132191992409993020e-15
-1.017306898443148810e-15
-2.853078016895604918e-16
4.871320360977371422e-16
6.681937989028163827e-16
-4.101536818512663274e-16
-6.323609171021704611e-16
5.155923431254816336e-16
-3.297600907614661736e-16
5.274643569141979071e-17
1.808449223705821396e-16
-3.308442929339516780e-16
-8.671991076625307215e-16
-4.814399746921882439e-16
2.863377937534217210e-16
4.777265822514253912e-16
-3.080218372031318097e-16
-1.018065839963888664e-16
1.044628793189783522e-16
-3.382168677068531082e-16
5.262717345244638523e-16
-4.534811111692182983e-16
1.078943791948949738e-15
-2.447044303299783508e-16
-4.694595406862234199e-17
2.244840598131236931e-16
-2.522396354287526066e-16
8.681748896177676755e-16
-4.630491953414028750e-16
3.101631364937906810e-16
6.330656485142860390e-16
-9.134945404276617609e-16
7.654467337747661304e-17
-1.767249541151372227e-17
6.230909885274193982e-16
-1.028365760602500956e-16
-4.448007175257562285e-16
-1.002697274168906638e-15
4.119968255444916849e-18
7.573152174811248472e-17
2.444875898954812499e-16
-3.954627424140877423e-16
-6.275091123802978288e-16
-9.974659986866640793e-17
-1.546885449593693451e-16
-7.081466489589072211e-16
2.013905535391824486e-16
6.066111155056397308e-17
-2.343502995827417834e-16
4.857225732735059864e-16
-9.011888457699512855e-16
6.444226662710716980e-16
-6.186457596202288300e-16
-1.508125221927336668e-16
-2.752789315940695758e-16
-6.548581121812446781e-17
6.283493690639740947e-16
-1.113529841251237329e-15
1.177036983504575751e-17
-4.330574527450226086e-16
-1.846396299742814051e-16
6.529065482707707702e-16
-1.241411487495902577e-16
1.825254357379346715e-16
2.401507812055392321e-16
-6.165586704381942340e-16
8.684933740059352925e-16
9.078905704486273098e-16
-1.426484798339178184e-15
8.320167471653761027e-16
6.808789643208967846e-17
-1.955900719163849999e-16
2.873135757086586750e-18
-5.261091041985910266e-17
-7.853689486941872744e-17
-7.865886761382334669e-17
-3.467278547608643180e-16
-2.276824562219559311e-17
1.276105957015438719e-16
-2.490412390199203685e-16
5.782592286951437899e-16
-6.623391071713946587e-16
3.951916918709663662e-17
-9.923160383673579332e-17
-2.479570368474348641e-16
1.041376186672327009e-16
-1.077696959450591407e-16
-1.504330514323637402e-17
2.508843827131457260e-16
1.682681771697502882e-16
-1.690677762719583477e-16
1.778091562876227272e-17
1.211595927752551205e-17
4.464202445209064507e-17
-1.945058697438994955e-16
-1.272328190070684539e-16
-2.198219904714360240e-16
-3.855965026444696520e-16
1.515037010776931758e-16
2.687737185591565492e-16
4.824699667560494731e-17
-1.765623237892643971e-16
-7.919168349171676682e-04
1.139006938082533227e-03
-1.185987561457569782e-03
5.685985948064646274e-04
-8.846381186971951759e-04
-3.356637525380215233e-04
-6.539547220974742565e-05
-1.042813136523679587e-03
7.918717854568730263e-04
-1.139087979411624284e-03
1.186041838463645394e-03
-5.685727880190219333e-04
8.846668884118871236e-04
3.357068034069665653e-04
6.536406680296321910e-05
1.042832417565935869e-03
