2.689099818968032629e-03
-2.386843181517161582e-03
8.979176944726285220e-04
5.204800674230546922e-04
5.697144401554798000e-04
1.736750904686917840e-03
-3.359165416760224098e-04
7.967798226237328679e-04
-2.337352405603849125e-03
1.954856395514907759e-03
-8.911796577252968339e-04
-4.544998821516974203e-04
-7.700171925018589733e-04
-1.453905069890821123e-03
-2.872726144258652041e-04
-2.405356522064265611e-04
1.085133584992726359e-04
6.927495830535820766e-04
-5.922493386170460655e-04
3.426647831550317432e-03
-5.958001404588926259e-04
1.766354790200149708e-04
9.112629379506046942e-04
-2.991913246430789527e-03
5.115938480820410284e-05
-3.874508775166555976e-04
1.066075034696061007e-03
-5.011373157985529129e-04
-4.606843247447519728e-05
-3.940114921091014536e-05
-5.222991029560136635e-04
2.054423153025410152e-03
-2.781110065373662045e-03
2.229087119338789540e-03
-1.890705777273838165e-02
1.032420665194238620e-02
4.566715435245755723e-04
-7.866614460753157054e-03
1.373775610348878379e-02
2.068675784292644843e-04
1.454097955154181124e-03
-2.397264717289874711e-03
1.829002803659311770e-03
-7.019777990658192680e-04
1.005875966912101859e-04
4.710703681516866491e-03
-6.783454152004917727e-03
-1.194167811039815487e-03
-2.933129494357379283e-03
4.832129662177298349e-03
-6.247263242769240336e-06
1.330333413918028057e-03
1.006797971341161398e-02
-1.754362726941090939e-02
-1.058031816949052048e-04
-2.336557538257902616e-03
3.657192469472189504e-03
-8.300499094632872530e-04
-3.199098510751143573e-04
-3.343378369106158763e-04
-6.216873638891451392e-03
7.827154636676795715e-03
2.062466780376469603e-04
3.360992383096112705e-03
-3.664427509512922787e-04
-2.744382895737709988e-04
-2.064306109328499506e-03
-8.837477995060140671e-04
7.594422233253600441e-03
-3.089336659887986737e-04
8.027871568578940882e-04
-1.140856980056427494e-03
2.222325405140733283e-05
-1.229233518200575047e-05
4.131616563493049378e-03
-9.070586246855651862e-04
3.988746675671999949e-04
-3.143267857642316043e-03
-4.525479493842312533e-04
4.227505859039260190e-04
-1.079620514413841053e-03
1.442109284033149877e-03
-1.213350904584793895e-02
4.842055645488418415e-03
5.013115942131055307e-04
-1.247834182498509868e-04
2.650688338475957117e-04
2.251427272728135937e-05
3.578860107928401139e-04
-5.601452504093160697e-04
-4.010652134827269759e-05
1.591154082006590218e-04
1.022064994113937536e-04
6.600146550518888166e-04
-9.087356688870427924e-04
4.239011755659658105e-04
-7.258553857897779779e-03
7.273079112617552439e-03
3.729796874051734702e-03
4.308380724951332797e-04
-6.358219263555075574e-05
1.679178159065737065e-05
1.518943552718652235e-04
-3.920256721099194246e-05
-7.974637864954173955e-05
1.081501786997418797e-04
-3.474996758311230132e-05
2.719935194249188171e-05
-3.455920527113729530e-04
4.326504325165695156e-04
-4.735416905327170106e-05
4.211485246638432280e-04
-6.980545619541795796e-03
8.265223087514362438e-03
1.001344023980152865e-04
-1.636919300397591160e-05
-3.115796615453872431e-05
5.914616061010913479e-05
1.391365694487697044e-04
-1.093957227392088451e-04
-5.660411626951482441e-05
1.571568091258578785e-04
2.621653267881934781e-04
2.508146226327767452e-04
8.506563289233564154e-04
-1.944470127156364006e-03
-1.034728408304125486e-03
9.163235927190410864e-04
1.541556013184219257e-04
-9.941732837636482365e-05
-1.555912726731291471e-04
-3.348551313335826861e-05
4.504134089341580056e-04
-2.880321285931332354e-04
8.691076243969111676e-04
-9.995285307380936263e-04
4.502922822850689952e-04
1.789436387554256633e-03
-2.760607951439255497e-03
7.644652507448418616e-04
1.644873534810103034e-04
-7.991634205414066897e-04
3.045520803011349709e-04
-6.504563195418426331e-04
-1.002209848019536970e-03
7.041857968325626821e-04
2.293981922772202024e-04
2.066377115971259715e-04
-1.000200647667122650e-04
-8.759613764816956156e-05
5.201119945099813872e-04
-1.415311253055181453e-03
-3.749216424820699979e-03
3.652528834385744896e-03
-9.775179908146861690e-05
-4.687390199941561509e-04
1.050507186375834474e-03
-4.091363854327767155e-03
-1.008436713880158037e-03
-3.555271938116466492e-04
-9.693517415702904410e-04
3.288473130524711030e-04
-1.747339001285336626e-04
5.912118431215449259e-05
9.811191637370524771e-04
8.838920611181920505e-04
5.740479599670686960e-03
-3.673238407796271688e-03
-1.712246619820326742e-03
-4.669289881214654277e-04
-4.702404983662452145e-05
1.357261720122140101e-04
4.602258549005069400e-03
6.197234551088601218e-03
-5.550061929413675592e-03
6.805713002388795452e-03
-1.216312918227056773e-04
1.372193947423164945e-03
2.107689028998500588e-04
-2.507271633926748920e-04
-3.002181586447521654e-04
8.108672802300763080e-03
2.125679984545856519e-04
9.285769439795366498e-04
-1.353708965715322288e-03
-5.454295545037567659e-04
1.711455400335975272e-04
-9.161899918147779417e-03
-3.534211972444534396e-04
2.758427035291408178e-03
-4.952345559072603241e-04
4.195967714971254175e-03
-9.818383450230618384e-05
-2.976942618262370011e-04
3.525601520157838845e-05
-6.558285534502587225e-04
-2.024130310088684270e-02
-3.924628547183410228e-04
-1.284896701176132562e-03
3.271080078554038095e-02
3.517845092354391842e-03
1.104444814069835239e-02
-2.477557107889246605e-03
2.205955752954665526e-03
-5.127833920296431987e-03
-1.900843069814271702e-02
1.478251625212216071e-03
-1.836553318356233620e-03
1.355762504013723708e-04
-6.551893926410120098e-03
8.866430082898564546e-03
1.469609978146871679e-02
1.584726659164634177e-02
3.590106661871211510e-03
-7.177326801740309403e-02
1.435353906701835464e-02
-4.738610956181495831e-02
1.954564977988915153e-02
-2.832795448390271350e-04
-6.570642047988468903e-04
3.121734184122065825e-02
-3.921511983827692845e-03
5.417995555874541812e-03
-5.611284599308713136e-04
7.283441660041514720e-02
-6.595386842687850359e-02
-6.316079204772817026e-04
5.697247797925329010e-03
-2.164601545616303205e-02
6.708483706087922833e-04
7.194745144024761174e-02
-5.273146190130452438e-02
5.047408316520558824e-02
1.106557264913563075e-03
8.781093275854820121e-03
-7.779788844845332736e-03
-6.713134184779695826e-03
-2.343517010850254545e-03
-7.749913072002635392e-05
-9.451754975865039312e-04
4.585689991020446693e-02
-4.676824549541454962e-02
-1.279901647854200623e-02
1.085125559189054588e-02
-3.890516740540206353e-02
5.248345850381196109e-02
2.716371202941011628e-02
-1.000623544244474278e-01
-5.210678445741923244e-03
-1.560550652908620009e-02
-1.080279665722006371e-01
1.197268850459426714e-01
4.971228094859776129e-05
-2.549398484312464077e-04
2.385469092208885797e-03
1.270471932455454443e-02
3.906585750663171992e-03
-6.596406572091762822e-03
1.020228141266235622e-02
-7.892022628274698165e-03
-2.196471019036117314e-02
7.332412053454367626e-03
-8.851905370733098924e-03
3.256173412663058986e-02
4.748579906037262745e-03
5.789671086520942027e-03
3.813730265613796827e-02
-3.316061787056096867e-03
3.327995497882110364e-03
-7.155136596046848471e-03
-1.162079752849188609e-02
-7.450204627587908059e-03
-1.347714670449428904e-03
-3.126230726774593439e-03
1.776367687085745987e-03
-2.081774311601369810e-04
-1.777547133691875433e-02
2.223323859801921987e-02
-1.649521683694295596e-02
8.391876763307779333e-03
-3.045245631842440764e-02
-1.634280194232564168e-02
-4.206305247676459663e-02
2.564458010528705006e-02
2.127904507284448295e-03
4.185669821754989077e-04
-1.637910867840536864e-03
3.652820136782265054e-02
1.510213298022401078e-03
-1.522592342194158989e-03
-7.578698254091451036e-04
3.066820926463038714e-03
1.173208475202587153e-03
2.747669497821890591e-04
1.079188569939980823e-02
2.491048348944090683e-03
-4.274932906900742735e-02
6.917436819996784780e-02
4.387873476048229776e-02
-3.967765756416140321e-02
5.545812304175918618e-03
3.602428800139833697e-03
1.627138722606310270e-03
-4.906040668860364024e-02
1.170156875620953019e-04
5.124876304536283775e-05
-3.653249322666428205e-03
2.363528516788103787e-03
1.371881097481471388e-03
-6.143898452751463124e-03
-7.974929367549885885e-04
1.730618768571379239e-03
1.132700362696126978e-03
-4.892093951765441769e-03
7.300029230299241029e-03
-6.133809363407718464e-03
-9.770100660579620830e-03
1.087448140453181611e-02
4.898380703877023429e-03
2.501000133156347244e-03
-5.516778806230182835e-04
5.180989680866495122e-04
1.598732650235107789e-03
-5.635513414581491080e-04
-3.152427789165351303e-03
5.664361059138392669e-03
-5.462839459530900027e-03
-1.481975072291301376e-03
-1.397041879634557809e-03
-1.798525491835548454e-03
3.469452331253956162e-03
3.619309420823450113e-03
3.490781526713600952e-02
-3.351263706662620245e-02
-1.321672164743164287e-04
-1.755120914480143290e-03
-5.825784812249219357e-04
-2.672271784230742346e-03
2.861222648000027839e-03
-7.287448494421705156e-03
-6.908319832553021234e-02
7.099993317561442696e-02
1.147886241333960500e-03
1.065574640502664917e-03
-2.306779796193823449e-04
2.808674914069657358e-03
4.103418942426477305e-03
-4.539331796997178939e-03
6.118712664053435613e-03
-3.466093519522252427e-03
-2.596866973058272604e-02
4.298804034576927079e-03
1.740229772620524671e-03
-1.104913090847423410e-02
-1.903705621110441532e-02
5.070870629656017148e-02
-6.423668977576492412e-03
-1.435406254162506544e-03
-6.526984187636128204e-04
-2.792447721551250483e-04
-4.598378410963450957e-03
-1.231330384867201791e-03
-2.983356581724343985e-03
5.304475375707847114e-03
4.406811934881178609e-03
1.112636321210722957e-02
-1.325815652617131669e-02
6.015210768533390574e-03
1.935038252985584557e-03
-1.128423953689574287e-02
-4.638056712849871616e-02
4.392254498655403377e-02
1.071088476170447418e-02
-1.836663347989662357e-03
7.651245195360236329e-04
2.232387438608331685e-03
-3.867530498922750436e-03
-7.806049143016826047e-04
-1.130014689707634253e-03
4.375475048060262890e-04
-1.216219442421106415e-03
5.402993333885138319e-03
1.150274436260592063e-03
1.352916353580162559e-05
-1.601479136600982706e-02
1.558408641200303112e-02
-8.048211529361097918e-03
8.183796207377697172e-04
-1.280454286136326059e-02
3.330241733522599709e-03
-1.646283682759022184e-03
2.148526864523857011e-03
2.030108926314570100e-02
-1.883351342009765769e-02
2.010551862776299367e-04
-9.149540659989129814e-04
3.542376144736733741e-03
3.163568749241952444e-02
-4.288300666816712708e-02
4.514349569838200377e-02
-6.361898792673846212e-03
1.500637995695859768e-02
-2.628131316544628920e-02
5.305815871641923059e-02
3.185110440469590687e-02
-2.966852796411803550e-02
-5.117413995823003395e-03
4.249497538213756198e-03
8.079202595963792810e-03
-4.758456348089085651e-03
2.056140715508967317e-03
-1.090038445659721571e-03
-1.819034198294834370e-01
7.113714912015270397e-02
-6.965975709272081984e-02
6.992463893968757505e-02
-1.053420714139930575e-03
-9.896551371966698721e-03
-1.452557369131531571e-02
-3.900168187866828728e-03
2.655120308018719608e-02
-1.600443454229424217e-02
-2.335112463172423890e-03
-9.778596240270661516e-03
-2.820440858444293094e-03
-1.672111358390337369e-03
2.067995585139773430e-03
7.290050737211166421e-02
-3.284247300332192310e-02
4.738710783941022658e-02
-1.616302678503488480e-02
1.816460200454359658e-02
2.377235876430458528e-02
-3.284817373022822472e-03
-2.685992396994692655e-03
1.707451633770350457e-03
-6.848154676078779292e-03
8.093835060978325432e-03
1.059981014362778749e-03
1.856216321533981240e-03
-1.480355851322439449e-03
6.388020254123301725e-04
2.738330384911382472e-03
-1.770394519453441506e-02
-5.233517942958868657e-02
3.838748543626704229e-02
-2.047065440433822742e-02
1.674591801884101408e-02
-9.538982294235516697e-04
3.718140739743701177e-03
3.858055209697146271e-02
-1.873887778574904323e-02
2.438254259724565928e-02
-3.533730682567465947e-02
-9.036895073807919496e-04
2.172770058002219430e-05
4.015288966531951366e-03
-1.009079079814818522e-02
7.530728355034765897e-03
6.690798773550198260e-03
-2.913652145838848892e-03
1.030124121530505421e-02
-1.591633541958106931e-03
-6.640169622412856951e-03
-1.304653195281686544e-02
-4.774586889163154498e-03
-2.174594445530331210e-02
7.960840034852319225e-03
-7.874306137949595077e-04
4.805227488729490494e-04
-7.642265019425439638e-04
-9.658273637450501877e-04
-5.154164744922937712e-03
6.411728492549807583e-03
7.136510499105515369e-04
-1.335488725555216208e-02
-3.203852869605128967e-02
3.728480913039339956e-02
-1.161744604356475166e-03
-1.129377579157085122e-04
9.374987973615208844e-03
1.289466402321553552e-02
-8.847082576000217719e-05
1.982097106695863888e-03
-5.606662066220875242e-04
4.533093018830962589e-04
2.215876458293717299e-04
2.350545942097994993e-03
-1.170068955002100987e-02
5.529219534961106811e-03
9.722944777622739496e-03
-5.256416396801371141e-03
2.274894356846037056e-03
3.239332602327964564e-03
-4.644275150741583071e-03
2.611637284043297896e-02
-1.417789537698035647e-03
-1.145389471383283578e-02
1.714173552912627400e-03
-1.827825369086042914e-03
3.889903606290245550e-06
-3.767343420173003741e-04
-3.536968715986243093e-03
-1.359363184004228672e-03
3.055254146154126865e-03
-3.696760089833826032e-04
-1.297900962737123147e-03
-8.396525803146089734e-03
-5.591295832301691358e-04
-4.723123940468440182e-03
-4.709563176713440699e-03
6.459816285321389948e-04
4.444456683110378217e-04
1.315611252602123956e-04
5.489961114641752921e-04
-1.720458810333857971e-04
-1.140531441595667335e-03
9.759819142747634332e-04
2.573536576474617574e-03
-1.039476621229648351e-03
3.475448798282697663e-03
8.178935539355526845e-06
-6.888998288719953671e-03
2.686896190404595638e-02
7.096540583345933330e-04
8.377877417780515631e-03
-1.096071364467061764e-02
7.766791159728835513e-03
2.161940491489805233e-03
-1.453802863741871995e-03
-1.426368379823532992e-03
4.890641824042893642e-04
-6.777358742929770474e-04
6.474330809093610181e-04
-1.208254920773273004e-02
-3.392336822193719060e-03
4.664336691042302203e-03
-7.857485434798387389e-03
-3.961918823410132823e-02
1.135403095272488963e-02
-7.100396867970129935e-03
1.050901453537647287e-02
-4.293818261034035993e-02
-6.283509132248543336e-03
1.080266712140415947e-03
4.103915545533611854e-03
1.283386293672713827e-05
-1.012414853918459706e-03
-2.464088721696183412e-03
3.725509066002122716e-03
-1.543136976080742564e-03
6.221335338603458352e-03
-1.637504546321668850e-02
1.693452247321663995e-02
3.069248027214867558e-01
-2.427532614822564827e-01
2.970567569256889369e-03
6.202484182994072448e-02
1.360633295898154571e-02
-1.402143798004881065e-02
-1.391772715771998244e-02
-6.071027607569492871e-04
-2.359971633491804791e-03
5.184327063161301352e-04
-5.089503370218859471e-03
-3.876608244120045496e-04
-3.783337865463383149e-03
2.396569874981322942e-03
1.128442959871831007e-03
-4.694823823538156471e-02
1.524246800444812103e-02
1.857924710503284626e-06
-3.254633461087765717e-02
8.695710024461561841e-03
2.677657382349855290e-03
-5.516583554784632547e-03
3.875159136720387164e-03
1.253689038522127520e-02
2.919732907856003885e-03
-1.551967044384730500e-03
1.537623213354306212e-02
-2.667081609714556586e-03
1.057769960396504061e-02
3.790528698511957950e-03
-6.562014156286139106e-03
-7.241388077160391653e-04
-4.101266554128375243e-03
-5.740261164812604511e-04
-2.038700645663752212e-02
1.159912466704855066e-02
-4.284120062145447519e-04
1.552625629998722820e-02
-3.587911151881065241e-02
1.776724318538168423e-02
-6.463190411291220433e-04
-9.226092747452433254e-03
6.370853525769655783e-04
-1.336006418615873388e-02
-9.480017709444352528e-03
1.060909909822419471e-02
5.963637661094184535e-04
8.331339468846206756e-03
-1.008074885153155604e-04
1.296596271184236905e-02
-1.004779396731776339e-02
1.027642614450108684e-03
-8.212574607619814102e-03
-7.952252473649923034e-04
-1.302021287971396723e-04
-4.068144381017369340e-04
2.187307811031261994e-03
1.255862311812171411e-05
5.102240990799792111e-03
8.961249761640377193e-04
-8.956396686588543547e-04
-4.254920897369861505e-04
-2.605261775369196141e-03
3.379720606690176434e-05
-1.954137530764959215e-03
1.701647970931239630e-03
-7.743275633970820947e-06
4.229331545301295891e-04
6.123715255464414441e-04
3.102087239387795077e-03
2.044593517448823413e-04
2.595692327627146037e-03
-4.147693385741253323e-04
-1.231801846076068397e-03
-2.218210419085440803e-03
-3.167517921629508398e-04
-4.911413806092277887e-04
-1.088903909830982912e-03
2.175767076993258883e-03
-1.449607179115884343e-03
1.170847960999644912e-03
-1.517313634788825839e-03
6.192933103475073853e-04
7.344646708840776687e-04
-1.162998714222856578e-03
2.708819984012191071e-03
