-6.345608283929773767e-03
-6.345743028458504693e-03
-6.345698472800894233e-03
-6.345627006552549687e-03
-6.345696903311598761e-03
-6.345707246664060615e-03
-6.346022900250880561e-03
-6.345945385686054679e-03
-6.345556041220498829e-03
-6.345660153700388717e-03
-6.345690869287982927e-03
-6.345711295171837033e-03
-6.345758478796122495e-03
-6.345669593309444072e-03
-6.345942907456472194e-03
-6.345911303865506628e-03
5.110929041096667902e-16
1.264613413987092372e-15
2.398255205537935808e-16
3.155028321932817903e-16
5.664956351236760668e-16
-1.057097118173366823e-16
1.390868756973029363e-15
1.210132254819695774e-15
5.247538514829841461e-16
1.088376350849573626e-15
2.113110034174248142e-16
4.044074103370931539e-16
7.389379906574955470e-16
9.974659986866640793e-17
1.526231398207844592e-15
1.100248364638289900e-15
-1.817231261302953982e-15
5.088702896560715061e-16
-3.034681880786926911e-16
-8.776074485183915641e-16
5.641103903442079570e-16
-1.517774621262457657e-15
-1.156410037173039029e-15
-2.206351421008001523e-16
-1.721279369037986839e-15
3.202733217522180098e-16
-4.794342006730900607e-16
-1.125564485365826428e-15
5.986422295378712732e-16
-2.144226636524582119e-15
-1.105832005826590247e-15
2.056731521205001911e-16
-2.038300084272748336e-16
1.845583148113449923e-15
2.486156896672198080e-15
-1.065770735553250859e-16
2.072831923466411652e-15
5.772292366312825607e-16
7.640914810591592499e-17
2.610325150476100475e-15
3.564314642046095827e-16
1.834307445519600677e-15
2.895904002708782343e-15
-5.075963521034010384e-16
2.384268997512872801e-15
7.686451301835983685e-16
-8.583086498481495852e-16
2.703403906983981031e-15
-3.821101150335709518e-16
1.780531017764319657e-16
-6.570231283944266698e-16
6.609635256650536750e-16
7.778066385411008810e-16
-3.533279354858698262e-16
1.293073721014836863e-15
-3.511053210322745421e-16
-6.351595139598986695e-16
3.689235061107160041e-16
-1.255980454188676543e-16
-4.356459854318317504e-17
3.759471033093486625e-17
5.803666466679124891e-16
9.510756982314405583e-16
-3.750323077263140181e-17
-7.436305531852843709e-16
1.092455661523550337e-15
1.575806542544744282e-15
1.776414437640663757e-15
1.983757938733149429e-15
6.373567174250763245e-16
-3.878140349003814102e-16
-6.657611202783020321e-16
-5.856250272044671856e-16
6.345970840829218140e-16
2.434809759409642393e-15
2.880571012297584998e-15
1.999919327366761479e-15
1.699283617463687168e-16
-1.732521190313945914e-16
2.503693866812151114e-16
2.608467607222771795e-15
-3.690907104145040030e-15
-3.206009540962159732e-15
-1.111088692297250435e-15
-2.010838429089816665e-15
4.740004843164537240e-15
5.160670203891229435e-15
2.280717525645140076e-15
2.728133033879070329e-15
-3.756809655573213613e-15
-3.723627986897473652e-15
-7.459319417029743049e-16
-1.018410582373421164e-15
4.257772045633718971e-15
3.802093730999323018e-15
3.172571221303401717e-15
6.390538326381950407e-15
1.057858770199537890e-14
9.436983800740345041e-15
1.268948528611139881e-16
-2.038489819652933299e-15
-5.778131811451196753e-15
-4.519830486987043427e-15
4.101072644457567917e-15
5.261107982644855352e-15
9.605810172622335913e-15
8.344368897022710896e-15
1.396479503215641849e-15
-1.767670516526157615e-15
-5.927040203578502753e-15
-4.540096597283049817e-15
3.247112661760621910e-15
-1.034983083741939009e-14
-3.134368784685146592e-15
-1.330808310896076897e-15
1.261234543973957804e-14
1.332722381687233981e-14
7.457666687004804948e-15
4.622284180994077428e-15
-6.041303578352013481e-15
-8.928236115794666144e-15
-2.088364072499332164e-15
-3.160624446930922901e-15
1.324607567162776879e-14
1.385162793970105899e-14
6.370079985929031594e-15
7.358353595951565331e-15
-9.400872834052648592e-15
1.178678713350855877e-14
-3.884844403023095076e-15
-2.874727331994477580e-15
-1.107484831804479404e-14
-1.141345175041295033e-14
6.437652840007076355e-15
2.428727321694527670e-15
1.297025172065425537e-14
1.144535757571188851e-14
-4.600644735814273748e-15
-3.293190195300071781e-15
-1.081131529820941826e-14
-1.138503273624138449e-14
5.649923422247128159e-15
4.925284935926061303e-15
1.350606379902188122e-14
-2.319663677043419178e-15
1.203456004656908423e-14
1.187849613186161071e-14
7.297012234226294899e-15
6.395336344511672391e-15
-6.694003973361801335e-15
-8.434872673370938378e-15
-1.023200977206617859e-15
-1.512591203141734966e-15
1.174448789630945511e-14
1.263300957611145515e-14
7.574153791271376682e-15
6.344909296788071688e-15
-6.832802603747153633e-15
-8.457114911532889051e-15
-9.132861703226372030e-16
-1.787517557271509940e-15
-9.739680765320562691e-15
-8.529438184459487045e-15
3.909202741245523804e-15
5.029000520427324549e-15
1.141690425670595886e-14
8.667721183538198287e-15
-1.715409642471751352e-15
-3.994912946387002388e-15
-8.244401221554811116e-15
-8.296572098358571609e-15
3.750097554740933724e-15
4.136256487262380231e-15
9.943377789575118600e-15
8.193074413082989532e-15
-2.114388312770773288e-15
5.027903956867765052e-15
1.252503172181960826e-15
2.541459598389092544e-15
-3.868048004376838317e-15
-3.051335183804656896e-15
-7.910093940295128637e-17
-1.266574612897341297e-15
4.768048939377824650e-15
3.827502813592820706e-15
1.196220003358839908e-15
1.863787527276280142e-15
-1.862901769041468559e-15
-1.900809537455752695e-15
3.569034733144670415e-16
-1.766985796267420920e-15
3.180311408375411514e-15
3.269675925409581962e-15
-1.291353397098963379e-15
-9.936975491043296971e-16
-5.740155089261050197e-15
-4.961500994256221389e-15
-1.985390171222508465e-16
1.163014353062780809e-15
1.794523578536487071e-15
2.189570851289946579e-15
-1.465280389631082834e-15
-2.038966275685763843e-15
-5.613139110688478844e-15
-6.224358508943655596e-15
2.518692279209183010e-15
-6.742704132664187333e-16
3.741171309784531093e-15
-6.173983553746311033e-15
5.541707763455339629e-15
7.742719912280323670e-15
1.401748789301392444e-15
3.309761759638391726e-15
-9.903254262380156020e-15
-6.351129694994470457e-15
-2.553765160697905011e-15
-3.883801493706788219e-15
4.156742190849962298e-15
8.342412039156316649e-15
2.350818078239024379e-15
1.600256995600186916e-17
-5.695348316900718591e-15
-9.882591740664834618e-15
-1.963243965420952749e-15
-2.226393358740561142e-15
-1.376851129981323632e-14
-1.081538823628395586e-14
3.298009663877438490e-15
5.831805523226733388e-15
8.077033691870898365e-15
9.973122787503496748e-15
-7.808844889266490313e-15
-1.277805654355557581e-15
-1.523926290024376129e-14
-1.175059144367380219e-14
6.728042753353378943e-15
1.103067164555299103e-15
1.004267907510665586e-14
7.578167112784806362e-15
-4.554475573824010154e-15
1.110629918077193825e-14
4.999767825230802543e-15
6.356128459932691710e-15
-1.716662425376564143e-14
-1.383426471388568904e-14
-9.230563883197721777e-15
-4.201186856625342692e-15
1.063078504857874109e-14
1.153667450368948012e-14
2.670579050937271944e-15
2.122783150431892252e-16
-1.310366745665980659e-14
-1.233063511932590457e-14
-8.295988492657913396e-15
-4.858218667107478718e-15
7.322717037197502745e-15
-1.524756967956559031e-14
2.899890351516797894e-16
4.867991097978188395e-15
7.305389813591113557e-15
1.077414632781359708e-14
-9.506751892902432031e-15
-9.698510728919267423e-15
-1.266265202349621142e-14
-1.271737659875682522e-14
4.403651977337235627e-15
1.520068704120977523e-15
6.360198029727774996e-15
1.088036754165195696e-14
-5.885072685657367561e-15
-4.113378339115278393e-15
-1.570147028380193630e-14
4.259948380159222526e-15
-1.096961755290111230e-14
-8.685756463822765517e-15
-3.485623584285144673e-15
-2.529222246117374236e-15
8.605713548121290794e-15
1.015140926174614830e-14
1.178874051556201907e-15
3.694455871100292579e-15
-7.527343364128676253e-15
-5.814498224746939378e-15
-5.437899852776415971e-15
-8.382550132019589310e-15
7.544746229847791721e-15
1.051780135695443562e-14
3.224298395117866317e-15
1.965268903560482561e-16
5.269852115517598308e-15
3.114120971624289875e-15
-1.028288892362537628e-15
1.061501265982615558e-15
-5.651121126834545740e-15
-2.288779585237106506e-15
1.338571884018364792e-15
-1.716134067399890592e-15
3.638465812072868601e-15
1.827451031448932336e-15
2.358784952503543107e-15
-3.068160858027153132e-16
-6.736834300218833439e-15
-1.630161493802999989e-15
-1.455127217450582350e-15
-2.758515258664134828e-16
-6.769536018850835432e-16
-2.119933202201736751e-15
-3.212682995916221144e-15
-3.782700064638988557e-15
-1.566790723854169509e-16
-1.477054994630864863e-15
3.904520978387812473e-15
-1.228053566159465447e-15
1.887071245386439181e-15
-2.329390368134977123e-15
-2.601493349693316699e-15
-2.136421227915633742e-15
-1.159643267811827100e-15
3.606537116884354563e-16
2.667891521274752455e-15
-5.710872066741699240e-15
5.132397994426057052e-15
2.785935486987628619e-15
8.969242992474496553e-15
5.882199696776538491e-15
-3.012424494259623401e-15
-4.116759217590148664e-15
-3.272229137897825396e-15
-5.240278453991040106e-15
6.664212894855859083e-15
3.461414371424317923e-15
1.045500295256250968e-14
9.784005945890435565e-15
-3.829540832352967125e-15
-2.693736953738888324e-15
-3.523368320777368588e-15
8.796027299168556347e-15
-1.016222526864073855e-14
-8.970111522191509881e-15
-2.022296667283799212e-15
-5.331382706388518820e-15
1.452440555996833797e-14
1.051298584726348059e-14
5.627597751339872938e-15
5.080885629490505123e-15
-9.895526569044118224e-15
-9.404145180408243071e-15
-5.466317278347615407e-15
-1.772221095156162936e-15
1.397204616358050733e-14
9.280314680992058328e-15
5.898812618853016380e-15
9.329139989412401149e-15
1.273255902906164812e-14
1.602738876251024900e-14
-1.021075771541956820e-15
-1.943993235870467452e-15
-1.365458382654287112e-14
-1.210853164561103909e-14
3.896635736923585377e-15
8.667656809034206961e-15
1.232685925820528171e-14
1.370428009659122818e-14
-4.909869253923388258e-15
-6.005939099153754287e-15
-1.127230154480778328e-14
-7.824560447402270982e-15
1.705910167968294373e-15
-6.943267538678041256e-15
-6.849396958565710639e-15
-4.370481922277295910e-15
8.723569983278055360e-15
1.551186059536541168e-14
6.244841247915922273e-15
7.742198272333713029e-15
-9.109772127714701637e-15
-9.736438508486930442e-15
3.025196071307189309e-16
-4.481046542398163524e-15
1.307179830524050657e-14
1.242645908314605671e-14
4.134778030957617252e-15
1.001264423309163913e-14
-1.301576861764429640e-14
1.086493735421006218e-14
2.247521457409296791e-16
1.929575252800541565e-15
-1.004711772627361541e-14
-7.077349697707179497e-15
4.602005176606682561e-15
1.692973857281353071e-15
1.043619447554011617e-14
4.876359571738824068e-15
6.002497921926415285e-16
-5.292146446205805120e-16
-7.205945816242853748e-15
-8.097205530046853311e-15
3.861379896318256448e-15
6.068068542318383590e-15
8.137570885148256994e-15
-2.487819834105895085e-15
3.389557345467430344e-15
5.408969018532881409e-15
6.735705522937498677e-16
1.908213187749906517e-15
-1.004535335664448470e-15
-5.895960023644900710e-15
9.235263751384680669e-16
-1.761515128098460614e-15
3.727777389547835656e-15
7.629603956130432199e-15
3.056699443459618380e-15
1.790806374447461574e-15
-1.907008495140674088e-15
-3.943426472204623369e-15
-3.472990937804926181e-15
-3.070209883666120488e-16
3.331856719946638557e-15
3.178401137321116253e-15
-1.023813593785719532e-15
-3.148862451472398630e-15
-2.724409635861618035e-15
-2.639341243466141796e-15
2.428152292202460406e-16
1.704574079373119121e-15
-1.221139209741248992e-15
4.368914997351659160e-15
-3.488090941216069390e-15
-3.625426189836141876e-15
-1.718361075836899758e-15
-1.086721142591520316e-15
-2.773905847315745465e-17
-1.301473831456052485e-14
-5.034198443987268970e-16
-2.777034151748192410e-15
8.062739971181312644e-15
7.990816921322292307e-15
9.728906082715014364e-16
3.559802815173427389e-15
-1.102304261832041856e-14
-7.371238896064491713e-15
-7.962239935506063536e-15
-1.974735132020759808e-15
4.111697613989689047e-15
8.026635615321071719e-15
2.054823367733074786e-15
-7.293017203330569992e-17
-5.440307119998922386e-15
2.217776624917041153e-15
-5.779756844160504128e-15
-5.448756273647784032e-15
-1.085392465534633540e-14
-6.889901094721566019e-15
-1.263076472704299444e-16
3.964046218756108429e-15
6.462644123599340859e-15
1.320236098281679909e-14
-9.755891281865115491e-15
-3.896304970557682573e-16
-1.868977202852900674e-14
-1.266074101128808731e-14
3.738606705778481885e-15
4.944796233986945705e-16
1.291522168413703799e-14
-4.911723832561401548e-15
5.540675230292636637e-15
9.853068830804759606e-15
-8.332052402694922928e-16
3.418846474234063168e-15
-9.169031280623551536e-15
-1.182461424850439653e-14
-8.342211080589580566e-15
-4.223936891039172317e-15
1.075712594189235077e-14
1.439512482705304543e-14
8.246651152820955351e-15
4.963732820193118064e-15
-1.351785650935091081e-14
-1.399697953129500332e-14
-4.228019801603174858e-15
-3.988175871317668297e-15
-1.053166268552242150e-14
-8.812914356809948917e-15
5.924665202603740500e-15
1.047459669943736000e-16
9.375001397201403164e-15
8.713041575501921220e-15
-4.245712811093879896e-15
-6.189750039738045368e-15
-1.140236614054131067e-14
-2.002790606930553497e-14
6.228542732589083632e-15
-1.442848664243130964e-15
8.572639941881335059e-15
7.835994909116726306e-15
-4.718646583144719937e-15
6.413494613318436455e-15
-3.453326220901470345e-15
-1.672868047970614558e-15
-8.466727888451278106e-15
-9.967655024392847729e-15
-9.817599749654959407e-15
-7.712138422994417597e-15
5.615974129962938988e-15
3.482268489676202533e-15
4.508987618229241129e-15
-4.754151987449578565e-15
-2.725091338565480137e-15
-1.372962311061484003e-14
-8.630401758915121069e-16
-6.646293148541808360e-15
8.814346821872653948e-15
1.391758141567646379e-15
-5.072002794972649276e-15
3.795224293797090642e-16
5.321860573753722790e-15
8.576344116221351621e-15
9.604472707598621373e-16
-3.308410742087521117e-15
-4.015127599431463079e-15
-2.789423490909444248e-15
5.685640895808710682e-16
-7.768477972448090130e-16
7.031152732522166771e-15
1.015541681781070849e-16
-4.988018631219438143e-15
-1.018121235918639095e-14
-2.053704225451515042e-15
5.757537052371655695e-15
-6.403621597285240330e-15
-5.216684492693156316e-15
-5.148337404179206822e-15
-7.469209373721884260e-15
8.711395049331577267e-17
2.282984185811992583e-15
-4.122946423287462969e-15
3.968288371514194779e-15
-2.276297707726367137e-15
2.011945501151878035e-15
-1.834541226613042864e-15
2.469446630688765243e-15
5.365281176695872734e-15
4.565134891203886935e-16
-4.377110517572377346e-15
-6.773485309967408607e-16
6.075028717925090582e-15
7.935648394918198845e-16
8.160274756266461260e-15
4.209032075782812021e-15
-8.408258898168208262e-16
3.964602084127744064e-15
-2.757871513624221560e-15
-8.333923286717170864e-16
-7.017058104279855213e-15
2.674299854916323271e-15
-1.611741068299060720e-15
-3.290079255043043549e-15
-4.536176528803156915e-15
4.847162981321678776e-15
-1.958292740206896143e-15
-4.697793803271066437e-15
-2.851234873202379561e-15
-5.339072283241930172e-15
-2.215404509148255485e-15
-4.706006634727644133e-15
-1.089840023782429057e-15
-8.401401319427237446e-15
1.997642502804541920e-16
5.132287823894632339e-15
-2.237142762706589849e-15
3.807175928682848820e-16
3.064741386019087521e-15
5.596705824478798164e-15
-3.341809251197758179e-15
-7.485033643242489099e-15
4.655103342729449700e-15
2.181740031692580573e-15
-4.537386091851836056e-16
3.210322632729578629e-16
5.027445473815284060e-16
1.885481788060916486e-15
8.891216755901876212e-15
-1.624676955469528394e-16
-4.457263551305157279e-15
-3.276133704599448748e-15
4.614581286532803972e-15
-3.854338723185968263e-15
-3.788527651316098144e-15
-2.705301260785830664e-15
4.382345181186408922e-15
3.666880167563224546e-15
2.705084420351333563e-15
-7.475573979287553072e-16
2.685568781246594483e-16
1.690813287991144165e-16
-8.052911636136084184e-16
-5.985446513423475778e-15
3.029911391227990691e-15
4.209143884131849589e-15
-1.611991790051447992e-15
-4.005368085813199031e-15
8.709396051576057118e-16
3.787226608709115538e-15
2.378739566433196728e-15
9.233065700886555760e-16
-6.510850886209951227e-15
-3.959235283373940817e-15
2.228902826195700015e-15
6.346114675582661784e-03
6.345557302993848695e-03
6.345715115042691555e-03
6.345530167047010173e-03
6.345458710622838353e-03
6.345701137277605548e-03
6.345650029363382807e-03
6.346281852915711640e-03
6.346251774703030694e-03
6.345412522668018168e-03
6.345558055958503731e-03
6.345604243649403953e-03
6.345537119078777273e-03
6.345734427183747153e-03
6.345689128577537350e-03
6.346153607794171973e-03
