-4.707337637658484848e-03
-2.784629213217586219e-02
-7.716330116517086321e-03
3.391475123465409469e-03
7.645126009015350884e-04
-3.852336740353838607e-02
-4.495065661005958474e-02
8.371904054984039348e-03
3.727485319633613847e-02
-1.162733576513235584e-02
-2.664993366089499563e-02
-2.892596266668130689e-02
-2.417209568438873774e-02
-1.740123703490953355e-02
3.508184953948412232e-02
5.352264687021471984e-02
1.055148316808804040e-02
1.846685796181144479e-01
-1.649858794018440765e-03
3.175185774503423708e-02
-1.047976954676754953e-02
6.299348480529981878e-03
8.572642817367868984e-02
-9.544684876067624155e-03
-3.734660678730827832e-04
6.433722414156341392e-05
7.360129173092847324e-03
3.160955538077172416e-02
3.189891034471640380e-02
1.652088847390583426e-01
6.616792430314064055e-02
1.149050085340584115e-01
2.044435466735044504e-01
1.433397638807549883e-02
-5.433620391386199261e-02
2.646651248797103340e-01
3.466883150057903373e-01
7.123886577322882489e-03
-9.111341548578179642e-03
3.949138294140010219e-02
7.866571260914760610e-02
-1.565178043927516541e-02
3.087158877451040648e-03
1.025492819081001011e-02
2.785689137081138744e-01
1.669139529692641732e-01
-5.367274659915663437e-02
1.501170155184382640e-02
-7.634007067573297597e-03
-1.405713672760082727e-03
-1.838146838301221442e-01
-1.672197195248713020e-01
-1.496508524780008342e-01
1.752201168506408585e-02
6.859353956196698188e-02
6.345383949989491512e-02
1.516979260510891159e-01
-4.164874023337460096e-02
7.118774869104094183e-02
-2.064007395164076941e-01
-9.988624594863994288e-02
-6.828258593923081099e-02
-1.244542157626276485e-02
-2.813878826448855119e-01
3.241695306523997289e-01
-1.268143102861433655e-02
-7.469626745430328618e-02
2.654871986118084032e-02
5.923809620803936749e-02
-4.810216445015880887e-02
-1.125265299564590926e-01
-1.266691554958443156e-01
4.949216914134327468e-04
-4.690373445962273125e-02
-1.768653840506894670e-01
-1.559084607246441212e-01
1.900195455824169391e-02
2.545486890222612222e-02
2.164658853341991027e-02
-4.027615960843219933e-02
1.291004415456561516e-04
3.009289581466174646e-01
9.244561957065794422e-02
4.062584919543180129e-02
9.904025560434678854e-02
2.481079632518525674e-02
-1.005230055106101465e-02
3.134168297496008515e-04
-4.275597472849198069e-03
-2.524765714224953828e-02
4.506472555809659664e-02
3.325212642899423587e-02
1.230162380604095211e-02
8.748606045971768497e-02
3.313218665572643939e-02
1.349226402872229780e-01
3.559992374564936030e-02
3.825196869986963732e-01
1.050173031508783578e-01
4.422448467865620902e-02
2.045700018544114318e-01
8.377996726183452314e-02
9.968081017907554076e-03
2.073261600463980909e-03
1.197490982395500725e-01
1.613312155831956706e-03
-1.374400978683688046e-01
3.504712985433466321e-01
-1.748193982310559669e-01
1.073880550855035587e-01
-4.438427546053835826e-01
1.151995653198824993e-01
-5.537553441114402286e-01
-1.477823981844776924e-01
-7.996380685265916388e-02
-1.439760571835909664e-01
-8.525195842106636501e-02
5.328742969506444771e-03
4.535435897419621415e-02
-1.385592780402369606e-01
-7.507942733996583740e-02
9.005504791678807519e-02
-3.312329758245774469e-01
8.712126319154421539e-02
-5.495988843394957607e-02
2.317532353349977814e-01
1.595434395902288749e-01
-1.611942876473976272e-01
-2.407345419105027997e-03
3.812284406564728778e-01
-8.193312333902366684e-02
1.894636195755694807e-01
1.259161197763275682e-02
1.831848368665988935e-01
1.150812511346870209e-01
1.299877945319589390e-01
-3.046037368547432900e-02
3.454545834466933307e-01
7.105290774503711382e-02
-1.277306377542816174e-01
3.340182219272208597e-01
-8.729872982705348672e-02
2.366395592789752866e-01
4.808115956419337783e-03
-3.690490854696950457e-02
1.347818722761073007e-01
-2.883497733785583828e-01
1.239592278661570401e-01
2.284451638272690654e-01
-2.066336128758101687e-01
1.267174429910342681e-01
1.829141864023614561e-01
-4.520297477945234288e-01
-8.376592008818822821e-02
7.810578811869504923e-02
1.941722521349350389e-02
-1.067662051256508399e-01
-4.869538930258872182e-03
-2.127698547796641748e-01
1.455116406671013995e-01
8.909119208760878095e-02
-1.749529091709131623e-02
3.685592403474204914e-01
-5.502513887157474137e-01
7.986545486436708030e-02
-1.516736385211891192e-01
-4.709616633007091685e-02
9.795431442481725148e-02
3.929482414691581327e-01
4.491212009793680848e-01
-2.434336055590536341e-01
-1.925455227155556670e-01
9.519375949738129172e-02
1.854612055049205122e-01
3.005745198985861760e-02
-4.513735843213408441e-03
8.403261980932003050e-02
1.511947180928412127e-01
3.132286166750360978e-01
2.120303504118206395e-01
-5.834088385372796642e-02
3.430473692014622267e-01
2.061660955356884040e-01
-2.289201398138277221e-01
1.929798223439959937e-01
2.282418710174614340e-01
1.074891122087744955e-01
-2.698954423089950927e-01
2.661491795734129417e-01
-9.419455451213309960e-02
3.457817653320794521e-02
1.822874774790108898e-01
-3.643122797302210114e-01
-3.499923287887350409e-01
-2.022469518277391909e-01
2.912656121787371780e-02
2.640172692271861021e-02
1.032345986651260622e-01
-2.559491900462241990e-04
-4.343532776113708804e-01
3.254588562315033906e-01
2.516073633357411854e-01
-3.367947127425964804e-01
-4.259333330660663997e-01
4.197554802309794719e-01
9.610463986400604938e-03
-4.971823272357809298e-01
1.899078610596204031e-02
2.457232079417194862e-02
1.481265250949304613e-01
2.535468878467930440e-02
-3.194190340035673592e-01
-5.381668605237110992e-01
-1.802672986399098398e-01
3.465246316746012356e-01
-2.686351043726740162e-01
-1.556377133654725242e-01
4.612843865448106317e-01
-7.065159420914106370e-02
2.560858964540317362e-01
8.324568252215537589e-02
8.820496660179154985e-03
2.565207526356469425e-01
-3.174671871042563098e-01
-1.063455540025898260e-01
3.684919179724574501e-01
-7.339963375454905403e-02
4.174063235181157960e-02
8.467525662363148409e-02
8.742432202673809660e-02
-3.421328051923723801e-01
-2.146981207931614732e-01
-3.014304057958140937e-01
4.129483526921502445e-01
-6.332084705656276791e-01
-2.907397815209444847e-01
-1.736303954779760267e-02
-2.257340008430159806e-01
4.465647800175553961e-02
3.220789779536371578e-01
-2.111485375696682820e-01
8.048064799512991141e-02
-1.377782192474375778e-01
1.347315960852790151e-01
-1.473452250094494376e-01
3.268622976698105226e-02
4.000281023001294733e-01
-3.290576218717310153e-02
3.421875426300597933e-01
-7.605540628234085457e-03
5.362415458081313258e-01
1.694899680478829593e-02
3.992866141514596623e-01
2.734601681847707022e-01
-1.569376638311152927e-01
-7.047125410442933724e-02
-1.088562215212934003e-01
3.167202257002300625e-01
-8.023980856458752531e-02
-2.846415608167612854e-01
2.203987180920417288e-01
-3.523961355793562289e-01
3.293823820856202067e-01
-3.843098670638485093e-01
-6.009392750975287717e-02
-4.478039642443361612e-01
2.868043925669072070e-01
-4.224044263175588121e-01
1.352749938626746917e-01
-8.213069826942248630e-02
1.552554265967265867e-01
1.853945771052845776e-02
4.986491068045723757e-02
1.609497027531748004e-01
1.271575721445568075e-01
2.436470950256517110e-01
1.592826732784196897e-01
-9.901009615011438503e-02
5.502139950820145176e-02
2.874291749327924639e-01
-9.353969094045494481e-02
1.447436995588750712e-02
9.406803711523649414e-02
-5.958699618183592728e-01
-4.977023697698159353e-03
1.080190596458214108e-01
4.092502395999645520e-02
4.905914095962025656e-01
-5.424682225414938219e-02
3.531422369476492490e-02
-3.482682124866749718e-02
-3.241886121765121254e-01
1.646666902891447473e-02
-3.293037389465347520e-01
-1.804670150277969676e-01
8.231832781441965341e-02
-3.022251405955451165e-01
2.349456702484215009e-01
2.384112339302139894e-01
-2.655793524097028666e-02
-2.198285790022042052e-01
3.030133485510669300e-02
-3.325912265521783207e-01
-1.911217410020704943e-01
-1.693239039910914290e-01
-4.141294792309705985e-01
5.064290387815053585e-01
-3.310001287444848117e-01
4.848207557444232929e-01
-1.441485454663468668e-01
-5.919626902280679392e-02
9.994913209205154303e-02
-1.600290637604864508e-01
-1.074895875950705737e-01
-7.440512043087232907e-02
9.002810048844868407e-02
-2.309158825292892403e-01
-2.092994466283213673e-01
3.030254331406254109e-02
-2.623811528765865875e-01
2.077070919401113602e-01
-5.458491992504539425e-01
4.610328228899568392e-01
-4.673008167727015216e-01
2.968654742937947844e-01
5.939937309359641371e-02
-8.822317635532048175e-02
-2.814008501358754646e-02
-2.093621935738875992e-02
1.240955756113724939e-01
-1.676765599583590616e-01
8.225535012877094321e-02
1.094093915619020465e-03
1.131688854642611958e-01
2.213445118422662505e-01
3.562756837008504646e-04
2.218096079250903019e-01
-3.602497165338932605e-01
4.655005304113360443e-02
-4.203227235235929699e-02
3.343342582621536274e-02
8.962862229589954946e-04
2.292638747851034886e-01
8.216705713570206238e-02
1.540431577641002310e-02
3.015554150696023866e-02
1.301917356388540836e-01
3.046921127668156815e-01
-7.754085268413277166e-02
-1.217853839370620223e-01
-7.596198919158655971e-02
-1.352069631441702724e-01
1.606720042751748623e-01
-1.017467878418295973e-01
-3.067894571495148881e-01
-7.530001689529755571e-02
3.076557600367907930e-01
2.134009535034072369e-01
-2.638397654229882039e-01
-9.506608367000154991e-02
-5.212908971965955762e-02
2.970015377302866796e-03
-2.436120676703910359e-01
2.287916215351570512e-02
-1.806140940900697461e-02
1.561734737066081645e-02
-2.531339059436452654e-01
-1.847134782518832785e-01
6.658444512694210171e-02
2.285508882337082548e-01
1.429388933855664234e-01
-3.416519484502020809e-01
-1.115945274695843460e-02
2.774550489482665444e-02
-1.114877686895678344e-01
1.327022108807719980e-01
-9.682665829107985067e-02
6.048180517742284684e-02
-3.237350517984403583e-03
-2.821846330647449774e-02
-1.560153147600897017e-02
3.468276373811844948e-01
-1.818129341625006334e-02
-1.657189376625607391e-01
1.777384291065055022e-01
5.846601311169304094e-02
7.056652104429197991e-02
-2.535813958291568970e-01
8.081268655210759044e-02
3.657261524083889048e-01
-2.852988784920828386e-02
2.828636563596165776e-01
5.834272491091235802e-02
-8.258846158746629973e-02
4.669055634775830244e-02
-3.698811404424754562e-02
-1.511388008314817344e-01
4.782654369497583470e-03
4.884669200636033992e-02
-2.656170120906064039e-02
-3.641536189454547823e-01
1.659373621430377255e-01
-1.701808972943528731e-01
-5.781274908632375031e-02
-3.893982303965423664e-01
-6.735421253181216039e-02
-1.685970432626661131e-01
-2.281438061512913729e-01
1.424067521848907010e-02
-4.789564038607867225e-02
4.742027323436037028e-02
-3.524774271721581309e-02
1.489171964373184054e-01
1.545131330530985676e-02
-9.722237872883446319e-02
-1.397053861662707064e-01
1.016990698238676334e-02
5.036659622964541061e-01
2.534512286135253145e-01
8.135761672619697821e-03
-1.870525419916898788e-02
5.510742287794234001e-02
4.875523110891349238e-02
-1.686045771792483647e-02
-2.336960900520385770e-02
6.584664756422445309e-02
-1.733568471408862555e-01
-1.607882097458086523e-01
-9.130207402456540222e-02
9.112818057793457827e-02
4.487336253779910383e-02
-3.996634220988821984e-02
-1.650970057769461929e-01
-1.977743026884437871e-01
-2.875045562827720225e-02
3.462904643945625277e-02
-1.093269646761879238e-01
-2.717721401958657010e-02
-1.050049756112604940e-02
1.407042442476835395e-03
-2.611600410834157004e-02
-8.220389215791278764e-04
-2.129894212492051964e-03
-8.053662515392205970e-03
-8.180864756794314907e-02
-9.133225283383711313e-02
5.359443729741365098e-02
-4.499078914231489645e-01
-4.464762025803332285e-02
3.659611328034707844e-02
7.736777225424562587e-02
-2.398253939515203326e-02
-1.372356830103377626e-02
5.057640550951298004e-03
2.895688159671389039e-02
-4.547380535939769125e-02
-3.173359535178665869e-03
-4.362547854381815769e-04
1.503798010746641711e-02
-1.112826670830380747e-02
5.071203048509082684e-02
-1.374178614903824071e-02
3.286720185477639417e-02
-3.754676080790577686e-01
3.703790247064050467e-01
-1.362965932937149072e-01
5.283387174034738076e-04
1.148491272859904341e-03
6.854329078349413046e-03
-3.025215781998950859e-02
-4.914816091081233504e-03
6.919118062300538829e-02
-1.259104088945520866e-02
3.024323156390611167e-02
1.567753320999718848e-03
-3.352753676723108089e-02
2.264787662860721640e-01
2.957337467767386929e-01
1.280127339572174061e-01
-3.645074389532809754e-04
8.385495944309928618e-02
3.359206118876445252e-04
-2.036551278124249485e-03
-1.147268159660094246e-02
3.230457509573922067e-03
9.652514752250698424e-03
-5.800808939411426085e-02
8.815472274194230407e-02
4.355387174165419560e-03
3.970664982513073121e-03
1.199949190343803547e-02
-1.172567683396210370e-01
3.627000021806909159e-03
-1.009304872255054886e-01
6.514199230253671369e-02
-3.399213299690119205e-01
-3.213680639697227056e-03
6.792614344751023159e-02
-1.785448236538246265e-03
2.490893577250163221e-02
9.687664127782186219e-02
4.134019761351774569e-02
-9.140662029759633045e-02
-2.386237939082464302e-02
-1.040093150172598279e-03
1.584933430157750523e-03
-1.639818671705117192e-01
-2.045236002117590268e-01
-8.259234807863251315e-02
1.484518561723572605e-01
-3.915496460068654261e-03
8.952855625928309025e-02
-8.693803789993879982e-02
9.693751876516340515e-02
-2.318104040295485002e-02
6.609153698744795087e-03
1.088380939184265955e-01
8.520752849388762984e-02
2.023114699198019784e-02
8.883817684998496222e-02
1.391482746337288287e-02
7.439902288419429632e-02
-2.770838120757670997e-02
5.901088751701052959e-02
-2.169422046657443759e-01
1.545719989653153090e-02
-2.048993747891379447e-01
1.827285512193977876e-02
-5.200153954974875287e-02
1.271087102228731121e-02
-8.435423652828785701e-02
-1.753463697838200663e-01
1.196054648984378743e-01
1.193534118048085457e-02
-3.276807521476592881e-03
-1.120587465998834978e-02
-4.894266024470189658e-02
4.374939800930009032e-02
-4.843550445669225768e-02
-6.573155857832169678e-03
-8.046664506099846306e-03
9.352064471058440728e-03
1.340108215322825119e-02
2.318752304012332566e-01
-2.378061035699559692e-02
2.273618970869446809e-02
4.684333900160482511e-02
-2.625702525777864338e-01
-1.582355300343152305e-02
-9.078166596922558618e-02
1.450838052952668489e-01
9.207192489549343231e-03
-5.765539388026725415e-03
-1.892803506038287509e-02
-1.281223082473637032e-02
1.181870007511444387e-03
7.446851725665141683e-03
2.753889947593968907e-02
-1.382617731488723911e-01
-8.067122046545048553e-03
-1.256120476282203760e-02
-1.203688034605979867e-02
1.671202528943274918e-03
-3.261714664046942193e-03
9.071785903385319594e-02
2.425487178535307500e-02
-4.508471218281320803e-02
1.340692271189638986e-03
4.456377859394689694e-02
-1.772682201149129028e-02
1.006304277960069250e-02
-1.850532840053993600e-03
-5.517380209691472720e-02
-9.823244041340342680e-02
4.621754073912512362e-02
3.877399203069970685e-02
-7.429471054125463651e-03
1.394593139042535346e-01
1.070475092653085450e-02
1.495210184480786630e-01
1.050188999306955751e-01
3.334814183214568351e-02
-2.157278173412228647e-02
-3.469508611595290698e-02
-2.779807648814435969e-02
2.258548327377150333e-01
2.049267614323275200e-01
1.994716509491655312e-02
1.698267183408752323e-01
-5.094917767119411245e-02
-3.141543245387921207e-02
-2.963056504629058962e-03
-1.065309219064150686e-01
4.235057288427050010e-02
1.426369849246646691e-02
-2.949341673528245722e-01
-2.257527377120240042e-02
-3.667939415078807098e-03
-4.186776025191492681e-03
7.327550223199124496e-03
8.491353449036345702e-02
-3.130675782148829162e-02
4.210171733371226993e-02
-1.380175668562257651e-01
-1.276496687996316569e-02
2.140648168361746276e-02
2.024573806286412633e-02
-3.784330365432753314e-03
-6.068337496367998130e-02
-1.283286213029329048e-01
-3.938557053577552980e-02
1.949857974397647790e-03
-5.905052943262841143e-03
-3.808212767567816653e-02
3.077570550950672543e-02
-3.120202670874835937e-01
-1.679675307918845895e-01
-5.235647043756609664e-02
-5.890657721371091171e-02
-2.033144272237687872e-03
-2.382226194041102418e-02
-1.477487109620796886e-02
-5.138662450725686379e-03
-4.700063758842072670e-02
7.798335810354549077e-03
1.898207058525344312e-02
2.279934153271977182e-02
2.445176598353486497e-02
9.541862024245546456e-03
-1.770179826431717007e-02
2.405636576622597125e-02
2.541180374063332914e-02
-3.031129106915754490e-04
1.233967609592553916e-02
1.717488065286932111e-02
1.524711762855673197e-02
1.085046498807133893e-02
1.580541343352513672e-02
1.804362662112853413e-02
1.266798070135949708e-02
