1.888318262797104331e-07
-2.944776540441057869e-07
-4.520242037478537471e-07
-4.012664902731249983e-07
-1.975695031933137093e-07
3.132088551246504926e-07
4.670120436094170151e-07
3.889205842852721390e-07
1.826405922975699037e-07
-3.112257838437876636e-07
-4.584774993856275717e-07
-3.825828260669195298e-07
-1.822294659206496158e-07
3.035184235874251353e-07
4.517698067501912593e-07
3.839512798074892416e-07
5.593941108938960127e-16
9.920991979328608323e-16
1.935300877886625415e-17
-3.630993075653954349e-16
-3.216827845764491656e-16
1.100194154529665624e-15
7.814387158189273208e-16
-6.469434363221004958e-16
-1.909822126833216061e-16
4.219172754227340505e-16
1.476683358925257039e-16
-2.674726759521739439e-16
9.551821139597294064e-17
6.626101577145160348e-16
1.428978463335894844e-16
8.348356728138384142e-17
-4.669658756895067597e-16
4.266335548730459948e-17
6.425524175235342028e-16
8.893710420898592872e-16
-8.677412087487734738e-16
-6.726390278100069509e-16
1.101549407245272505e-15
4.722242562260614562e-16
-3.060160631840336265e-16
1.269600743980525692e-16
4.679958677533679889e-16
1.374226253625376870e-16
-3.966553648038217972e-16
-1.421389048128496313e-16
2.074620857051012734e-16
3.714476642935338191e-16
-5.236154392018743664e-16
-2.712673835558732094e-16
4.299674765534389209e-16
3.223604109342526058e-16
-2.078686615197833376e-16
1.050320854595332420e-16
-3.285403633174199811e-16
1.934758776800382662e-16
4.774284266539918775e-16
-4.922819964170432883e-16
7.304541086577964748e-16
-1.532248720265139141e-16
-5.578220177437920313e-17
2.306640121962910683e-16
2.149430806952512540e-17
-1.124317652867468098e-16
-2.016887091366159623e-16
-6.342040607953958187e-16
-6.243784786072459347e-16
7.505186251123563412e-16
-4.888057732015116397e-17
-8.467618967111789630e-17
7.154955068092855308e-16
-8.104140188786024268e-16
8.173495246507206380e-16
-1.120854982179092518e-15
6.012239859611023807e-16
2.598663200858303268e-16
-4.673216295273535659e-16
-1.807534428122786752e-16
4.450785443324556390e-16
9.925870889104793093e-16
-3.119114124969235569e-17
1.637602678244629018e-16
4.827427113650653578e-16
-5.594534032002038137e-16
-2.687788007568400750e-16
-2.235184422532537907e-16
4.715313832752074386e-16
-6.598827116243571878e-16
6.597895380001592147e-16
-7.097373768338507971e-16
-4.613432709856327141e-16
9.950451785234112889e-16
4.119290629087113409e-16
-4.040821496853475026e-16
-5.419452321804574257e-16
9.240417946868723087e-16
7.333873837541381169e-16
3.609800311313651755e-17
-3.093220327771671607e-16
4.401547418100663911e-16
-2.529028622264527237e-16
1.223876211421844051e-15
-2.129779642576212773e-17
-1.599037268156140723e-16
-2.673676438667144106e-16
7.835147935726476109e-16
-9.993294711706235400e-17
-1.054003753849994118e-15
5.836649929645207346e-16
8.884282944195652509e-16
-7.351974931624205567e-16
-1.535365801511034967e-16
-3.560367468511890787e-16
1.897387683167522932e-16
-4.058050147000627494e-16
-5.397005948702335298e-16
-3.165616233773496657e-16
9.027727973813168272e-16
-8.829217332294650444e-16
-3.293602912103621438e-16
2.444494734128548064e-16
-1.336465524836780161e-16
9.149031562189456623e-16
-1.058193178807113888e-15
-4.940548363756465389e-16
5.227497715297804715e-16
-4.173517678370333717e-16
-6.246292003596332076e-16
1.407605439796504694e-16
2.580715300624923691e-16
1.702379919932595661e-15
-9.678404787259630901e-16
-1.938049413773681914e-15
1.338405700124580439e-15
1.495484618383215723e-15
-8.488825892784179132e-16
-7.424550832127322156e-17
-1.051892358792840264e-15
5.307751307723291494e-16
1.878022524759819499e-16
3.016470804769857462e-16
-8.557022632949990988e-16
6.363407675792937955e-16
8.324781485110581815e-16
-1.010927893317376675e-15
-1.328411512057812646e-15
2.206327068810767962e-16
2.208483297057122190e-15
-1.761115328547356584e-15
-1.327363732302059077e-15
7.116025433837047665e-16
8.315133978364702347e-16
-3.643421166572543071e-16
2.782695931725876967e-16
1.921844806607425193e-15
1.356145276575049761e-16
6.153311079393859392e-16
-4.702551163819320215e-16
-1.113432220704066271e-16
5.841869770182661972e-17
1.297770095190888331e-15
8.247115115117813894e-16
-2.712017173266373198e-15
1.560562490593008639e-15
1.238135587572396570e-16
4.417797745193737663e-16
-1.737698679204037824e-16
6.250514462838394764e-16
-9.473864462296744532e-16
-2.326769859954409131e-16
-7.646037242340112880e-16
-1.039479256386951003e-15
9.116829487117216260e-16
3.862438475744087510e-16
2.055905664081428968e-16
6.388237784897207727e-17
-8.344477317239959446e-16
1.881986824241426836e-15
-7.904596167071856194e-16
4.752286820899724595e-16
-3.157289899901986885e-16
1.430278658909930195e-16
-2.588901146141197457e-16
1.044609734948470300e-16
5.342766193924906176e-16
4.740472828867895241e-16
-1.268188104782742333e-15
-1.143190499844359571e-15
1.114247066399324908e-15
-6.147923949849322042e-16
3.554450943375319499e-16
-3.417513244375084899e-16
-5.960358297498309860e-16
-6.894408792308616592e-17
-7.970716617725710947e-16
1.813600136937193203e-15
-1.087490566144982441e-15
1.901933603116318355e-16
1.022168232285678054e-15
-4.945618914736966444e-17
6.315945375733625312e-16
1.150220555669215043e-15
1.163274974512739117e-15
-6.292859757454005373e-16
-9.976602868689405344e-16
-1.209101389253107689e-15
1.040220807262492542e-15
2.608053090474209221e-16
-1.194655268807465198e-15
-8.125174134448716681e-16
-1.540423858755564021e-15
1.796860118921488059e-15
-2.163693147718380450e-15
2.278332280865671966e-16
1.637699028242379194e-15
-1.647055565935987009e-16
-2.372711232947587873e-15
-4.680183141264702279e-16
9.974808217632410295e-16
4.146107692197184558e-16
-1.168772059521741916e-16
6.003473068606941798e-16
1.232613568031008973e-15
5.022041403611801624e-16
5.810562373660958964e-16
1.623266857370586798e-15
-3.136650883350951789e-16
4.374232723134080861e-16
8.134461850715360084e-16
-1.030156600011233360e-15
-1.879050478650651397e-15
2.513091909120174390e-15
2.417618378712169114e-16
-1.115911697898916422e-15
1.427411452383474388e-16
-5.694920141745881542e-18
-1.126954042915797108e-15
5.932457826309141258e-16
-8.002199773583969222e-16
1.726534573200989332e-15
-1.316803375501945689e-15
1.062704013063047262e-15
1.416267777741555956e-15
-3.765671095891706389e-15
2.300262724876249351e-15
1.072331253883919181e-15
-3.394960621577524729e-15
1.355316802252018701e-15
2.099514841042183851e-15
-3.390707629444691484e-16
5.868487582026781348e-16
-1.340770735227322653e-16
-2.432586112634642643e-16
-3.713565751644794797e-16
-3.336819988910413935e-15
8.790805182230055975e-16
-2.069464332226365368e-15
7.921958224908201215e-16
3.385338697873630301e-15
-3.148112721434960168e-15
-1.089472411483320691e-15
9.051127258981068319e-16
-4.860122585414669572e-16
-2.165574619652469064e-15
2.411772580826693560e-15
-2.059649973224766603e-15
8.254984051197806344e-16
-1.371267991057091226e-15
-6.433513813510318216e-16
2.225598127151987363e-15
-8.734256468577970833e-16
-4.815030786467586893e-16
6.480604610212921043e-16
-7.052031035880801206e-16
9.069370231082557812e-16
1.637659852968568683e-15
-1.901037759895478525e-15
2.583630695385144387e-15
5.161164447615952319e-16
-4.288532894146206143e-15
3.804194372708513683e-16
-3.700748356442714118e-16
6.225795923855146144e-16
2.323092995809496620e-15
-1.783043529244112725e-15
1.761216972501027100e-15
1.791490988827079862e-15
-1.679716521107402390e-15
-1.683976210094474864e-16
5.334097705064819970e-16
-2.426924508019247947e-17
-1.666882970654368244e-15
-3.637459013326202746e-15
2.432484395889078222e-15
3.418882593695895755e-15
2.078303659525542764e-16
3.206590225474484714e-15
-9.289131551991966134e-16
-1.445142932390108042e-15
1.441690476141526573e-15
-2.585163663719455222e-15
1.088432992869198807e-15
-3.856878146986990744e-16
8.231730945387756668e-16
-1.938013500900207312e-16
1.864846371399907221e-15
-8.684715629075434942e-16
3.687399117193986345e-15
4.381586027907432256e-16
-2.876212921904843216e-15
-2.442495736373027915e-16
-2.585481991770487067e-15
3.690239642182603641e-15
-9.746795418561025187e-16
-2.622207328660183800e-15
5.139147943734444918e-16
-7.525144464943242864e-16
9.427238474923947502e-16
-2.499352611199236011e-15
2.596362129977968555e-15
-9.727588946482033927e-16
-1.163257028002169166e-15
-1.929182758908607603e-15
2.319762885777366338e-15
-6.502878400352156939e-16
-9.027329868327958751e-16
-8.419403734171706719e-16
-2.778841931815869901e-15
-2.019026908349160800e-15
1.102959293585977288e-15
-3.756665236455706755e-16
1.359384965840060647e-15
5.318265765925575539e-17
4.840818704546744067e-16
-4.034667590733435720e-15
2.723510563327666799e-16
-2.174168590706302513e-15
-1.178352783840866915e-15
-1.340800127436028500e-15
-1.393748144561185626e-15
3.533629888152904093e-15
2.376349045688986602e-15
5.098990008307541970e-16
3.749089840098534620e-15
-4.275997394652258023e-16
-2.074202431460465542e-15
2.076916051640275871e-16
-2.309299425741388025e-15
2.163052094427578005e-15
2.224623320029102302e-15
8.841428916959709537e-16
1.117284229848832864e-15
-7.106210439560738459e-16
-4.951384032734216026e-16
1.552184064195242727e-15
-2.481671645458249746e-15
-5.323995943813750881e-16
-3.087830657128292494e-15
-4.413259977937059562e-15
1.851902755053795851e-15
7.809491307754143352e-16
-9.488107321304825592e-16
1.202814101913655433e-15
-3.679930404181571552e-15
-1.035199198904475024e-15
-5.072598682651042676e-16
-1.374983077563748587e-15
1.077001016005303593e-15
-4.217298693831540365e-16
-2.955796008343239412e-15
1.743010846332743169e-15
-8.593615118015866805e-17
1.565713509703498853e-15
4.802458699947964940e-15
-2.754011160967110086e-15
-1.182184402725040134e-15
-2.967531226310974116e-16
-7.520589545269382864e-16
6.403027191914504625e-15
2.311438140092632668e-15
6.141670729116217170e-16
3.627072160141114193e-15
-2.218142754908491825e-15
1.054257016701223154e-15
-9.104238739402975111e-16
-3.675178926541834251e-15
-1.578299383669570839e-15
-1.424096304394263966e-15
-2.338873332113407542e-15
-1.680061706885743218e-15
-1.640671607652706906e-15
-6.373612900795025177e-16
-2.370284030258728623e-15
-6.783820144245315538e-15
-3.885795759989204564e-15
-4.531308309509208781e-15
-4.823297278784862129e-15
1.599187695913617166e-15
-6.904116517803089920e-16
2.674052173879867743e-15
6.183990189226936524e-15
4.046675976826659936e-15
-4.905339321721472259e-16
5.514758563205496809e-15
-2.001789364356062161e-15
2.230390533688433787e-15
2.970720940632096997e-15
1.806269384416062454e-15
7.130609858881109021e-15
2.548893980097363936e-15
2.035919921690963752e-15
4.639239156781205502e-15
-3.466345329059005755e-15
1.098889406153538782e-15
-3.705998266649796272e-15
3.892258270652175153e-15
-6.739428232740681327e-15
-8.372942494707150650e-15
-7.244477980288162311e-15
-2.447421444719548485e-15
-4.023051592653027059e-15
-3.237631610223767713e-15
-8.782827455355900551e-15
-6.823465124294859040e-15
-6.505099320739857714e-15
-6.269918717110569903e-15
-3.455316748327517951e-15
-4.446333014637314160e-15
-7.269620035745038081e-16
-6.536892067140337437e-17
-9.064786300530254352e-15
-7.111624462401351134e-15
5.097446500037865983e-15
8.772472001119683898e-15
1.132197573905995252e-15
5.423200707293970553e-16
2.977225624271417990e-15
3.341844403065069233e-15
8.920710601943948560e-15
6.915987274277275113e-15
3.184679795512418356e-15
8.807452820714951197e-15
3.169929669648050377e-15
-4.911358549602898131e-16
4.620777914877120416e-15
3.315448474148461082e-15
9.293344430000993620e-15
8.256330833583940682e-15
-6.194778106722285699e-15
-5.664248443451092886e-15
-4.113280930326344148e-15
-5.262037813062703760e-15
-9.988604055002577899e-15
-1.128780013016016884e-14
-8.923162815265808963e-15
-1.312518759923422297e-14
-8.033040454951735111e-15
-1.010440775257322567e-14
-5.130162618229971300e-15
-1.081583908942246666e-14
-7.063178836499615053e-15
-8.547074786849860866e-15
-1.615310719248674518e-14
-1.014963581794569789e-14
-1.901782937130825496e-15
4.239423617930296317e-15
1.194281960211786547e-14
5.110145959136931301e-15
1.308161770673511946e-14
1.232619941953937062e-14
6.638059988294496561e-15
1.590262282108294029e-14
1.174813733776270026e-15
2.492652792344691309e-15
1.388826348778962431e-14
-1.114121493764894458e-16
1.225632491886328480e-14
1.757945477148846816e-14
9.637306245733039817e-15
8.741107271055363614e-15
-1.329029232010421526e-14
-1.859981914123384978e-14
-2.545885742585190289e-14
-2.122307064975976132e-14
-2.928271217442001773e-14
-2.469333721196896245e-14
-1.513975540851168191e-14
-1.927776070117278705e-14
-7.217333115427503748e-15
-1.863456602091699728e-14
-1.802452929241442434e-14
-1.904829598175068967e-14
-2.853774182687041387e-14
-2.371509907294320780e-14
-1.578243318691140975e-14
-7.177089415433149464e-15
2.183059588586905585e-14
1.418767468583598943e-14
2.617738131367563896e-14
3.071331702042397963e-14
1.346696693531599496e-14
2.231790581212060619e-14
9.632052867984829841e-15
1.471609083646766025e-14
1.601267660754471966e-14
5.758131298923713790e-15
2.248304982076097230e-14
2.857971980035449173e-14
2.192555357982962816e-14
1.697603124610413828e-14
-1.202669378393683155e-15
1.380130938167787829e-14
-5.629436278703535759e-14
-4.871727783825000740e-14
-5.757308099366012857e-14
-5.721934732939252394e-14
-2.800695381855030849e-14
-4.259341936498160092e-14
-3.548102007919174891e-14
-2.378823507398269629e-14
-3.980980482602442666e-14
-3.931518417164001425e-14
-5.352502583543710182e-14
-5.798599939105123294e-14
-3.446908845183187589e-14
-2.849038093253675533e-14
-3.126035739401018809e-14
-3.740951674141308053e-14
5.822128989720542699e-14
5.576744476637213871e-14
4.413969240975442951e-14
4.472100519222442505e-14
2.846463367203906636e-14
2.501984723731181387e-14
2.803159485401888334e-14
3.086564342872147315e-14
4.954985023902878233e-14
5.228413696726965515e-14
4.316593401622846604e-14
4.807695565847659377e-14
1.346113653622480269e-14
2.813402316019855687e-14
3.946037493616182112e-14
3.639542433300476179e-14
-1.242271378403296198e-13
-1.260386567114362907e-13
-6.746200345857274183e-14
-8.122850638371103410e-14
-5.291145465020387351e-14
-5.618335319006705075e-14
-9.433644458049089687e-14
-8.704707554806415115e-14
-1.006683174049460144e-13
-1.006739061283319983e-13
-7.158205641731238411e-14
-6.561816181019884675e-14
-6.368339625713488605e-14
-6.992778751879757948e-14
-1.118152676026808179e-13
-1.062216991882386496e-13
1.022111269319975202e-13
7.288028009864652712e-14
5.177837867666179594e-14
4.567008189270034546e-14
5.092603652689410565e-14
6.828644095492608646e-14
8.480624649797111059e-14
9.293030890167655600e-14
7.306684418747697030e-14
7.799768047146021788e-14
4.395168582381481226e-14
5.761875893940671123e-14
5.568940084467802198e-14
9.030541478450768156e-14
1.039515763506977664e-13
1.137136107390128437e-13
-4.969291579788592816e-14
-6.062812469946610161e-14
-4.149366397351861302e-14
-3.874136254855553574e-14
-8.894057365593788234e-14
-7.819564223562891492e-14
-9.331999149125858040e-14
-9.426107897697599824e-14
-4.144964536531570154e-14
-6.502220636916966612e-14
-5.358390055450190648e-14
-5.584850073722669173e-14
-1.179391599572671145e-13
-1.047719311482453453e-13
-1.226186849539318002e-13
-1.402351813232366462e-13
2.175473343135614357e-14
1.028338655548188818e-14
7.399896667648064863e-15
5.050690768393373276e-14
6.781066593658513497e-14
6.055101081994807011e-14
5.590477082997868941e-14
2.927931334884004144e-14
8.031986534207113948e-15
3.256867431994381334e-14
1.258487671712549272e-14
7.743057497261451871e-14
7.383433057658872478e-14
9.209115674896350967e-14
1.104517410692451573e-13
7.086236979148008430e-15
-1.134096072261114863e-13
-9.966886257289919726e-14
-3.261084436344263704e-13
-3.214869776640982835e-13
-3.268789861184118184e-13
-3.284683180830583193e-13
-1.607285810521774660e-13
-1.650709733833077841e-13
-1.755255012517165092e-13
-1.511245013678663707e-13
-4.376807076489352966e-13
-4.091905850614474538e-13
-5.108021210870061779e-13
-5.441563540910243635e-13
-1.399236087239186244e-13
-1.902945032453140506e-13
4.585692719646927706e-14
4.690084041622522015e-13
3.845604390484425039e-13
3.641152592111229769e-13
4.245973147729009689e-13
1.668652195585540454e-13
1.676036696582339225e-13
2.778192172842031127e-13
4.391268165065964624e-14
6.410895577423081360e-13
4.252311393629359948e-13
6.107828544148208305e-13
7.806958747004488774e-13
1.570260848432480927e-14
2.743081911789346794e-13
1.300635489066837014e-13
