-5.642323355449384639e-03
-5.642538571655280298e-03
-5.642262308479506147e-03
-5.642233544569985430e-03
-5.642528874727681734e-03
-5.642354262504343382e-03
-5.642390749520252886e-03
-5.642383290307503678e-03
-5.642283860601328589e-03
-5.642482461478129027e-03
-5.642276279117651623e-03
-5.642278097587156808e-03
-5.642547206795576684e-03
-5.642346155268047891e-03
-5.642350687955227477e-03
-5.642347069450281277e-03
-2.650332210640815589e-16
1.077696959450591407e-16
-7.459310946700270506e-17
1.116186136573826815e-16
6.017322057294549609e-17
-2.894819800536296839e-17
2.607506224827638164e-17
5.323432666903826771e-17
-1.830133267155531485e-16
-3.316574445633158064e-16
-6.179952383167375274e-18
1.841517389966629281e-16
-4.380176776841437913e-17
2.119615247209161168e-17
-1.900606408367089273e-16
1.668587143455191324e-16
-1.204548613631395426e-16
1.200211804941453408e-16
-3.332295377134197878e-16
2.762005034406822546e-16
1.572093150103981429e-17
4.542807102714263578e-17
-8.722406477645883172e-17
2.646537503037116323e-16
8.673617379884035472e-17
-1.433315272025836862e-16
-2.786399583287746395e-17
-1.334652874329655958e-16
8.033938098117587856e-17
3.783865581974410475e-17
-1.914158935523158078e-16
3.615814245239157287e-16
-1.930693018653562021e-16
-1.454457214389304198e-16
-1.738518183580506360e-16
-2.548146155884056796e-16
-1.341700188450811737e-16
3.255588073430848439e-16
2.434033877229957454e-17
1.808720274248942772e-16
5.302290724540359435e-16
-1.355794816693123295e-16
3.422826258536737498e-16
1.029992063861229212e-18
1.314866184681795502e-16
-5.201459922499207522e-17
-3.897706810085388440e-17
1.909551076290094684e-16
6.235246693964136000e-16
2.891499431383059981e-16
9.907236164265198486e-17
-1.500196993541036417e-16
-4.197895286592312480e-17
-1.527708623667856092e-16
-2.560004617145617001e-16
-2.560987175364431989e-16
-9.481347998385736275e-17
-6.042733045712178619e-17
-3.147371144089639028e-16
6.115713404447609136e-16
-4.001383642829314802e-17
-1.238226643614226408e-16
2.869171642893436625e-16
-3.037222979628689812e-16
8.646512325571897861e-17
-3.694689953287477735e-16
-6.184695767671999356e-17
-4.496999560926751016e-16
1.589846960678431564e-16
3.843767752004234595e-16
-5.414844462571510864e-16
4.325627855038260972e-17
-7.985470872875696791e-16
4.441230911679527882e-16
-7.619738986910234990e-16
-2.821127934125172709e-16
6.241734966340103941e-16
-6.096739866429112809e-16
1.060256551066625363e-15
-8.393368058955477662e-16
3.161542005297203473e-16
1.202786785101106481e-18
6.352526875840966425e-16
-4.952821871162180201e-16
-3.411450606055112245e-16
1.642634053951319562e-16
4.282479996705126912e-16
7.134677099335587358e-16
-4.805624485588327888e-16
3.340613240676235107e-17
6.731591060396210913e-16
-9.753584387633268404e-16
6.777551068114229249e-16
-8.506531660708652187e-16
4.120171543352257881e-16
-5.499039537528588317e-16
2.628444879283764468e-16
-5.903650235773022503e-17
1.489914013561369210e-16
1.884953239501829803e-16
8.774524414890440271e-16
-3.188486123349362766e-16
-7.000727309056792302e-16
6.291252512436590338e-17
-1.726253146504264091e-16
1.592523584791755153e-16
9.825438192548850702e-16
-4.790225426607244708e-16
2.845539423665041645e-16
-7.623991092305451578e-16
6.807883317955405744e-16
-1.704484399759828572e-16
-4.835304420798445065e-16
4.099167773238311403e-16
-7.938926875645216017e-16
-1.548596446220979787e-15
-1.284425905052619582e-15
1.071270957231136459e-15
6.205885521074872257e-16
1.056011003559305096e-15
-5.344364836263950660e-16
-1.244318137302687362e-15
4.385355523046060905e-16
9.978501413631337053e-18
1.536458493865327715e-15
-9.329539544118043863e-16
3.188218183005344590e-16
-1.073233482939087919e-15
-2.544799952225928683e-15
2.148944610040788572e-15
3.398444415150022463e-17
2.936178301768356189e-16
3.270648319233029899e-16
-1.830969712190945106e-15
-4.746749343007049607e-16
1.314355212056364346e-15
1.716967124303515196e-15
8.615229281247428414e-16
-1.493624970782408707e-15
-2.467015222613671774e-16
9.928083762679494953e-16
-1.900064307280846521e-16
1.557086267377476990e-15
-1.043794465736738036e-16
-1.554740833146529833e-15
2.462083373278283610e-16
-5.936108538311807292e-16
4.277829785824700803e-16
-2.279937408300718865e-17
6.662083536744523027e-17
9.838838253774413733e-17
-1.154828626660515251e-15
-1.649182042150068930e-15
2.277355016602777317e-15
-1.999232807163011869e-16
-8.815109998558130072e-16
1.905904599452164921e-16
-1.316522557610151287e-15
-1.056699012688157302e-15
2.268310398791995898e-15
6.358805507562488926e-16
1.370693702718852811e-15
-1.162365737583420829e-15
-3.246734461549672865e-16
-4.658151814306617927e-17
-1.090453275636241171e-16
1.067843213416945318e-15
5.478457695701492887e-16
-6.885869641409109176e-17
1.456343980279313152e-16
-2.399451639575932507e-16
-1.425427277704531190e-16
5.707128004098184146e-16
-8.818492836391226934e-16
-1.622807659634056560e-15
3.421291011319839079e-16
-3.183995022314122457e-15
2.782854803343046352e-15
2.652873891817729727e-15
-1.731540326161025434e-15
-6.572814469735596297e-16
-1.303047957485229877e-15
5.742830442824952905e-17
2.758328382020146848e-16
5.434235164316529934e-16
1.093610485068013168e-15
-1.003183629899308217e-15
5.759587136801807119e-16
-3.104028997574228513e-16
5.841287435031424641e-16
-5.250916058707017983e-16
-1.905433966770846751e-15
-8.662974410901785188e-16
-3.389586356345873804e-15
1.382939258037308231e-15
1.192295223258177904e-15
1.492289093945470269e-15
7.436335178005997609e-16
-1.606732138965472415e-15
1.618151837160354892e-15
-1.378285023750382664e-15
2.436779111012008642e-15
1.058593825391165172e-15
-5.590896025493580918e-16
-2.052411229657531352e-15
6.128296078879071768e-16
6.304174000046954690e-16
6.358045295492328192e-16
2.815100871188984735e-15
-2.598159322133805366e-15
2.041811882872064665e-15
-5.186973541518790851e-16
-1.440296517577106805e-15
2.739300104497434211e-15
-3.624686915361646083e-16
-5.617439920478162554e-16
-2.443437001735664256e-15
-6.946623079550923868e-17
-4.975826227218422930e-16
3.238114842520176291e-15
-1.455183121625101134e-15
-1.353542661965492517e-15
-2.230972127685842271e-15
1.855120739099533345e-16
1.618120503558751383e-15
-3.692534773906140224e-15
8.225523980594505761e-16
8.347298863396602326e-16
-2.043368716194228268e-15
2.354206772510858116e-15
-3.332996164549152803e-16
1.653421653809313517e-15
-6.964911712022226289e-16
-2.089219390487601796e-15
-7.036302272633721740e-15
2.413059951792511889e-15
-2.284979107221454071e-16
3.729108614321009096e-15
-1.569970684061509165e-15
-1.374491269058749059e-15
3.069099370532710896e-15
-3.438365077954117638e-15
-1.060849897646177001e-15
1.054093327584166261e-15
-1.096010447044939821e-15
-7.443344375644526945e-16
-3.132958878492107108e-16
7.603569127947150397e-16
1.132160542684332478e-15
3.964474182152708664e-15
3.483844394474569159e-15
-3.533735905617268330e-15
-4.348169731105302853e-15
3.134526312961001190e-15
1.327657229218282692e-15
2.370487347944571707e-15
4.699850505146118285e-15
1.856877061915665136e-15
1.233803014047190824e-16
-1.631596579373885587e-15
2.945441030563055590e-15
-6.272221799694154346e-16
-3.740453025845259447e-16
3.997016129195034816e-16
-2.750023329851436840e-15
-3.883765071290056284e-15
5.436064755482599223e-16
3.933022790029972425e-16
1.511261573172782528e-15
-3.150919153347450478e-15
-4.552190957220420345e-15
2.557209090782322589e-15
-3.908541511261822390e-16
-9.938719361482487389e-16
4.526412128201833904e-15
-2.514949509242170184e-15
-2.349045664588629323e-15
-7.234741506648487585e-16
-2.378642780097673430e-15
2.850047651061274558e-15
2.396631004972324661e-15
7.005757088304900619e-16
-3.305471233358083275e-16
-1.308071623868611427e-16
1.069211838903021402e-15
8.561896467843870774e-16
-1.422315214549821418e-15
-3.079149241503183615e-15
2.984514872178133278e-15
-4.337265981854416651e-15
-1.568477801726863262e-15
4.060180223104735246e-15
2.874599006502968554e-16
1.459786322176954629e-15
-2.941628111750990357e-15
1.252330906856312983e-15
-1.948645352575024883e-15
-2.569171101821684632e-15
1.933725396604732416e-16
-3.722842152080658475e-16
3.090253806632150234e-15
-3.224819601621835979e-16
5.991772367231807707e-16
-2.212997241512158764e-15
2.557954373896787967e-15
7.901165683635476278e-17
-3.430581268685324245e-15
7.580805117489691075e-16
-4.310429966382150688e-15
2.227797024683059526e-15
-2.741621186531147808e-16
1.077505106488038308e-15
4.204238716334299936e-15
-8.703639403908280080e-16
-7.836784826897045045e-16
-3.275449725494540901e-15
6.796550017121143206e-17
-2.331612770830335593e-16
1.395630776202493040e-15
-3.294819039657641800e-15
6.572382516019721106e-16
5.530178089943657002e-16
-1.373960232340379816e-18
4.375465954301626981e-15
3.604625592909925226e-15
-3.141601567588887785e-15
7.885046483281055963e-16
-3.528775290248898022e-15
1.023208372201294083e-16
1.900714178420376357e-15
2.750786331174623104e-15
9.031655270197253662e-16
2.488818484348045468e-15
2.296640252819695876e-17
4.937907371998991170e-15
-1.011188125992447082e-15
3.455120766079346987e-15
-3.627467089252771511e-15
-4.735680739968804037e-16
-3.827034827889462705e-15
8.748702615493392926e-16
2.438379368007608829e-15
2.286550194519933188e-15
-1.524610918300628708e-15
-2.772827786132127555e-15
-2.225534176164469663e-15
-9.966910694190448013e-16
-3.241858728147040299e-15
1.355881002295506420e-15
-4.629484195965032946e-15
-1.998765456734364308e-15
8.544403562571576023e-16
2.226503181856128583e-15
-6.440753827626974348e-17
3.916821379089602609e-15
4.518224089002575647e-16
-8.960217330334632399e-16
2.030928356532794160e-15
7.885726390589398518e-16
3.516829975023019750e-15
2.616723002084949019e-15
-8.991671898830920842e-16
1.239685657865871940e-15
6.977429667842562772e-16
2.744681093053103968e-16
2.293467277325448618e-15
-2.757474678688432920e-15
-9.278246438293100140e-16
6.483531307569031664e-16
-3.818162257028647415e-15
-6.929708294815398520e-16
6.273331479029506483e-17
4.490034898692401536e-16
-3.966930875484766655e-16
-5.482076180747493855e-15
6.106603300402093119e-17
1.065894663752623553e-15
-5.868156180386168103e-16
-4.933743909863155179e-17
-2.471457953435412432e-15
-4.135842771224650609e-15
3.284369955193529046e-15
2.732488622877639751e-15
-1.314525650967219672e-16
3.847976446960904399e-15
-2.288619601889193850e-15
2.143785967633773069e-15
-3.852369795100075642e-15
-1.278934411784557641e-15
7.254186883687827915e-15
1.321456101011433959e-17
-3.445669890091238724e-15
1.266201389004957371e-15
-2.910751219724729347e-15
1.294923111576048221e-15
3.430899753073491862e-15
1.335887213092042287e-15
-3.984227837515626203e-15
-1.532296154110185382e-15
3.490803193652736863e-15
1.094959067399160421e-15
6.988885788454177184e-16
4.264739738657832846e-15
-3.036991739634089388e-15
-5.516624365030061219e-15
2.564770448023343322e-15
3.828268531377138593e-15
-2.092432477624112976e-15
4.276716361015535026e-15
-3.527472096972322779e-15
-3.468333315386211597e-15
-2.122875688781379784e-15
3.218011574308279540e-15
-1.018260234025283525e-15
-3.196933582932329904e-15
1.384345968004460810e-15
2.566597180453215627e-16
-6.374722315432581297e-17
2.856909623372068949e-15
2.684929271371417486e-15
-3.147179238187526725e-16
-5.618977285277429110e-16
-8.040344578874586553e-16
-1.914345838636925660e-15
3.236967589332679545e-15
2.025590751945891585e-15
1.626971885360995514e-15
-1.190183728939350543e-15
-3.141216390936652468e-17
2.096979826941006890e-15
-1.600784273609852718e-15
1.359704297261175518e-15
2.431882731181286752e-15
-1.676540147555198763e-15
-3.131333951661918139e-15
-1.153398411529076364e-15
-3.888089386244026301e-15
1.508768649329894716e-15
-2.535444685081741749e-15
-4.869876169802302840e-16
-5.010179130701978775e-15
3.399585156771737192e-15
2.436634162498909750e-15
2.329317099785039626e-15
8.399215762665084538e-16
9.659627257959085139e-16
-2.964388522318423848e-15
2.265223387215727600e-15
-2.689306737642827710e-15
2.936285027919710230e-15
-1.045066285707040368e-15
2.075733011310757631e-15
-3.083649067225934827e-15
4.977821836842154062e-15
-4.493461504306069804e-15
3.259712700367503255e-15
-2.836330904978966519e-15
-3.556822212111157913e-15
-3.222475437940309703e-15
1.269575332992108063e-15
1.440116311317578453e-15
1.620381651394001837e-15
-5.531625530284171692e-15
-4.297214134822615467e-16
1.220824351712886807e-16
2.038353235590188543e-15
3.799643688199389954e-16
3.084091006666164758e-15
-3.703690631264120337e-15
4.896010736115123836e-15
1.436832152822836717e-15
-3.198941686292033036e-15
2.444788019286534865e-15
-1.989552702883552911e-15
-4.460421713648994937e-15
-4.605691887509606904e-15
4.217422995916549934e-15
3.706826453113974164e-15
-4.850524643331094281e-15
4.807343856592135711e-15
-6.391985789883522249e-15
5.954716601465898091e-15
-4.941453626910120972e-15
-2.452927172111591238e-15
-1.490357779416391659e-15
2.244732508786233401e-15
1.484080682942086056e-15
2.325646058991639488e-15
1.646489112652510696e-15
4.973758302156819962e-15
9.463236634028426419e-15
-6.786116424095542344e-15
1.302946603044773754e-15
5.329447613298402068e-15
1.748441813141023379e-15
1.757230454948166589e-15
-6.273621521639492077e-15
4.937993712387546419e-15
5.762099171825567356e-15
1.568026544924213533e-15
9.053223665525522712e-16
-2.196907003646116074e-16
-4.247639837518663031e-15
2.098599512754834723e-15
1.230655016098720217e-15
-7.541033532484312657e-15
-2.032766418028335992e-15
4.040863848500837741e-16
-4.379261134225456015e-15
-5.985685376714601491e-15
-2.573565614631158349e-16
5.093381059528400562e-15
-4.811299606334931700e-16
-4.954353306730815976e-15
-3.151375068831310106e-15
-4.657369155863354954e-15
1.949730931176049675e-15
5.014011531271830857e-16
-3.049286422863485557e-15
2.657311762126191024e-16
5.681192278769731097e-15
4.320460107027062485e-15
-2.089987728780100251e-15
2.877958762688252736e-15
5.371300192819061792e-15
-5.166607904851482080e-15
-3.442631582909437549e-15
1.383718104832308560e-15
4.497243506415560255e-15
-3.504199019713563623e-15
4.824171119001408048e-15
-5.217816128710688062e-15
1.484706455001649772e-15
8.239767104300382838e-17
-4.864533933003969968e-15
-6.243303671358418905e-15
-2.853257587880422830e-15
5.799854818416480540e-15
-1.349547101674175575e-15
3.742411789535785016e-15
2.960654589328690078e-15
4.193094303847275106e-15
-1.889476395440167766e-15
2.336782636423902215e-15
5.060310352168750914e-15
4.245769588771125536e-15
3.619646222292535742e-15
7.804900389180025044e-17
-6.516359988498893197e-16
8.599976335449746601e-15
7.897542076687122381e-15
-4.741046693689660030e-15
-4.691258097050052256e-15
-2.310136673969176435e-15
-7.696744446211017943e-15
9.624327159882262173e-17
-4.743459043523440277e-15
2.804837796483578005e-15
8.115388786325561377e-16
-5.388522066702636226e-15
-5.226342362357749849e-15
-3.520865239983739237e-15
3.511351365920178935e-15
1.711250498942495923e-15
-7.722609444288375258e-15
-1.327876610751621556e-15
4.259857440749859059e-15
1.518587772891821785e-15
5.082577154286171961e-15
4.650359958224825618e-15
4.648787865074721637e-16
4.983860546481366782e-15
-5.763672959041565846e-15
1.595295076595171224e-15
6.213454230297177361e-15
-5.724994046538145476e-15
5.112880605007141810e-15
-6.968763673759204025e-15
-5.643380728004299129e-15
5.042515884012832572e-15
-3.497202527569243102e-15
-1.249000902703301108e-16
-9.269928574751062911e-16
-3.849242972975286392e-15
-2.267229372993062597e-15
3.300853514132118249e-16
-5.064308347679791211e-15
3.749387952889371434e-15
-2.952607776329774225e-15
4.576417370061314216e-16
6.320898665590490850e-16
-2.865329501444691118e-15
1.426430588230553909e-15
3.701412006756887862e-15
1.171100976610217614e-15
-1.179069862577986072e-16
2.639978079893579022e-15
1.095152614427608029e-15
-1.380297785791295695e-15
-2.228631775652578639e-15
1.945926059176983358e-15
1.426051117470183982e-15
1.469636044804101260e-15
2.413976137038975622e-15
-4.800142488353698056e-15
2.581593792905234608e-15
5.166006511458931527e-15
2.925177461365890963e-16
5.642556790664777534e-03
5.642372713912828693e-03
5.642486816415061800e-03
5.641993176660010934e-03
5.642008566722488822e-03
5.642546519082239018e-03
5.642370143283490826e-03
5.642641627040881347e-03
5.642700776363606709e-03
5.642233617618988908e-03
5.642347662893944411e-03
5.642089472877366910e-03
5.642055303904268057e-03
5.642543572664228402e-03
5.642436912262724369e-03
5.642543103095262226e-03
