5.683724239958653612e+00
5.539571013329838145e+00
3.998244283650938868e+00
3.017400003940817754e+00
-2.940960913319309866e-02
-1.272426502728286390e+00
-4.040055339168299398e+00
-4.817088569987470592e+00
-5.684157951057687619e+00
-5.540003757025300679e+00
-3.998680213672508810e+00
-3.017836972473039392e+00
2.897303652368564061e-02
1.271989426884462038e+00
4.039617579431517669e+00
4.816651390569720803e+00
5.279034629007350432e+00
4.588669420736168014e+00
2.227989790326167174e+00
8.633638574848859770e-01
-2.128320160464959088e+00
-3.367925479877575512e+00
-5.238091560544103409e+00
-5.626408320539860064e+00
-5.279467040855547744e+00
-4.589104764324667407e+00
-2.228426777882770438e+00
-8.638008467988418371e-01
2.127883053672742886e+00
3.367487063621426469e+00
5.237654576646876947e+00
5.625975571866142388e+00
3.974297246330496858e+00
2.843832276376528245e+00
8.368112648509290485e-02
-1.348922234316356272e+00
-3.856204366123312077e+00
-4.751769450449661925e+00
-5.537152917311146005e+00
-5.371124007256509181e+00
-3.974735362045289655e+00
-2.844268182162638325e+00
-8.411818985371916080e-02
1.348485741360859080e+00
3.855765445302449024e+00
4.751327611013235419e+00
5.536723978446697281e+00
5.370695304870110043e+00
2.165030961379241781e+00
7.991872677971888494e-01
-2.014875147591282278e+00
-3.255549210683021499e+00
-5.014650367600198777e+00
-5.403371274456727491e+00
-5.076928816250868337e+00
-4.385994723599500489e+00
-2.165468544949364027e+00
-7.996246152639729932e-01
2.014435176707289443e+00
3.255109359974041272e+00
5.014217767872150233e+00
5.402938643709638278e+00
5.076496497147203080e+00
4.385562120306220280e+00
8.130967854946088980e-02
-1.335288969007664361e+00
-3.822663885361265557e+00
-4.708192847543796411e+00
-5.487414698928605006e+00
-5.323041413662465082e+00
-3.937794347080353585e+00
-2.819999671749761738e+00
-8.174681595518408506e-02
1.334850997538320261e+00
3.822221506451961570e+00
4.707753855482652128e+00
5.486988229355208802e+00
5.322614427597292419e+00
3.937358482752344901e+00
2.819561661817116427e+00
-2.021350678274283830e+00
-3.268925626360691172e+00
-5.033184956271685273e+00
-5.423957572079478595e+00
-5.096566169846963312e+00
-4.401759643592268567e+00
-2.174757796463379744e+00
-8.013809482162235209e-01
2.020913303895948587e+00
3.268484176250193940e+00
5.032745271321459768e+00
5.423531231421236498e+00
5.096139054723935580e+00
4.401323001796214385e+00
2.174320503322883624e+00
8.009440444478176380e-01
-3.817262350991696529e+00
-4.701248468991536811e+00
-5.479373086588306130e+00
-5.315299437122181558e+00
-3.931848228343114204e+00
-2.816000793555341719e+00
-8.139360556660571455e-02
1.332735647141271684e+00
3.816821702694118468e+00
4.700806104531538132e+00
5.478948357343847775e+00
5.314874034831871263e+00
3.931409635003584757e+00
2.815564245856983838e+00
8.095670228920646971e-02
-1.333172196436358981e+00
-5.041537931608869982e+00
-5.432397234047235735e+00
-5.104195894432415059e+00
-4.409253977587740181e+00
-2.177235726750007760e+00
-8.035923908619762024e-01
2.025071796841882321e+00
3.272882228428520168e+00
5.041101820481707740e+00
5.431967088048983427e+00
5.103767994448480394e+00
4.408821226908571589e+00
2.176798047277738402e+00
8.031550142642902568e-01
-2.025510289687138421e+00
-3.273322416350105346e+00
-5.490305571551798991e+00
-5.325607356158251093e+00
-3.940429580050068825e+00
-2.820603539308196961e+00
-8.264830683008354828e-02
1.336535466867672328e+00
3.823682098332552570e+00
4.710820747229160332e+00
5.489873974214220631e+00
5.325178366137324204e+00
3.939998027572547024e+00
2.820166184412520760e+00
8.221084999503840141e-02
-1.336974191073756701e+00
-3.824121448269776291e+00
-4.711255296479175847e+00
-5.098346214654983832e+00
-4.404791680335097048e+00
-2.174187660965264612e+00
-8.033460915048794559e-01
2.023545798430845810e+00
3.268834709808893457e+00
5.035937445676788471e+00
5.425965388417111512e+00
5.097915498848387017e+00
4.404364501026050149e+00
2.173749772534413705e+00
8.029081659128315396e-01
-2.023986045552086832e+00
-3.269273740447764087e+00
-5.036367805198923797e+00
-5.426400603601103434e+00
-3.939834137407731696e+00
-2.820444759188569961e+00
-8.239037005823544868e-02
1.336240157682980767e+00
3.823507719052661180e+00
4.710298147222030885e+00
5.489318183746323854e+00
5.324680630830157746e+00
3.939403076133575432e+00
2.820008642301708335e+00
8.195352318651641377e-02
-1.336678126334451155e+00
-3.823945229307904814e+00
-4.710731598257122066e+00
-5.489751427176313925e+00
-5.325111843549762192e+00
-2.176768901736955364e+00
-8.031083358059177835e-01
2.024468502250848623e+00
3.272327735010267968e+00
5.039835573811584979e+00
5.430653678110828331e+00
5.102477937704382072e+00
4.407482712042967599e+00
2.176332702825324983e+00
8.026721886237513370e-01
-2.024905531322536145e+00
-3.272765683534986980e+00
-5.040270233314104509e+00
-5.431085331859562437e+00
-5.102908214245420737e+00
-4.407915073108588544e+00
-8.164304904632324611e-02
1.334518060729458000e+00
3.820744910053182508e+00
4.705976705269594440e+00
5.484620965808624682e+00
5.320232339200422267e+00
3.935512143231296278e+00
2.818079099709071222e+00
8.120807212731782909e-02
-1.334952876865078242e+00
-3.821182302358645977e+00
-4.706414460926803933e+00
-5.485050190967062811e+00
-5.320662336354859967e+00
-3.935948127815560582e+00
-2.818514136525878122e+00
2.024529921801980326e+00
3.272142656088710133e+00
5.039694109310628001e+00
5.430420493595259579e+00
5.102179678165689403e+00
4.407313954355094765e+00
2.176095013554079305e+00
8.027154494853172562e-01
-2.024963444427598347e+00
-3.272578106140843879e+00
-5.040131143081503673e+00
-5.430851352254552289e+00
-5.102611959157056454e+00
-4.407750691615962779e+00
-2.176529157306170692e+00
-8.031494207686358244e-01
3.823189951719837776e+00
4.709947666421130386e+00
5.488779022200072077e+00
5.324101545778650468e+00
3.938954983404395538e+00
2.819594646691360396e+00
8.193485516951357073e-02
-1.336670344875807714e+00
-3.823625802396943829e+00
-4.710385754509005096e+00
-5.489208599427485069e+00
-5.324532442330912829e+00
-3.939392397225085052e+00
-2.820029111107102526e+00
-8.236840073703363685e-02
1.336237456249766087e+00
5.036464685944636699e+00
5.426573445182839350e+00
5.098386257905190178e+00
4.404555980493414680e+00
2.174009467913213811e+00
8.027114795820259330e-01
-2.024135147853315608e+00
-3.269874329142081315e+00
-5.036901610251783623e+00
-5.427005182132974781e+00
-5.098819760998380524e+00
-4.404993449357037960e+00
-2.174442734873800909e+00
-8.031445163358295058e-01
2.023703011899151694e+00
3.269440849425950368e+00
5.488667851874311054e+00
5.323990571647811976e+00
3.938809222745635275e+00
2.819563292183995262e+00
8.185524142455953556e-02
-1.336608906590046386e+00
-3.823616291616486862e+00
-4.710284153599299195e+00
-5.489103468297683364e+00
-5.324426572719890061e+00
-3.939243538331411276e+00
-2.819996470039826786e+00
-8.228848380173585386e-02
1.336175889526459493e+00
3.823184341267957365e+00
4.709851250251098520e+00
5.102059763910505197e+00
4.407177974808128340e+00
2.176039587220430782e+00
8.026368041705028711e-01
-2.024956021320638122e+00
-3.272598703069362180e+00
-5.040080579160477470e+00
-5.430797867223906117e+00
-5.102496756214592644e+00
-4.407610071787424921e+00
-2.176472807659744824e+00
-8.030702117507424465e-01
2.024522441549508667e+00
3.272167294913004287e+00
5.039649960814078788e+00
5.430360263029506918e+00
3.935829478542106852e+00
2.818193235099279992e+00
8.122932895362119932e-02
-1.335200702477405299e+00
-3.821547151051490676e+00
-4.706937146426761309e+00
-5.485540885319797333e+00
-5.321076791908962100e+00
-3.936258718499257903e+00
-2.818626354046556592e+00
-8.166256917982264718e-02
1.334766620939839887e+00
3.821117352360181574e+00
4.706510447511415229e+00
5.485099286529735885e+00
5.320636917319568227e+00
2.176004407128704798e+00
8.026486220929287541e-01
-2.024955578248669230e+00
-3.272559740181901322e+00
-5.040051179691874772e+00
-5.430748551574126282e+00
-5.102451973611027647e+00
-4.407583345563241828e+00
-2.176437119768622974e+00
-8.030815477257583490e-01
2.024522511029513083e+00
3.272129044234309614e+00
5.039621454069548534e+00
5.430310842098885260e+00
5.102014380524891202e+00
4.407151562456363081e+00
8.186335415533611826e-02
-1.336608624531256950e+00
-3.823591467090717622e+00
-4.710268060244734656e+00
-5.489064918026511641e+00
-5.324398440634936946e+00
-3.939222523121729047e+00
-2.819968688730408957e+00
-8.229560651105422009e-02
1.336176574492436320e+00
3.823161411752864058e+00
4.709837581398492290e+00
5.488627822276843204e+00
5.323960532239760290e+00
3.938789485812316027e+00
2.819536766506026026e+00
-2.024164273888009902e+00
-3.269972238176341417e+00
-5.037019127471379143e+00
-5.427139741683317808e+00
-5.098948733453445570e+00
-4.405081980983760026e+00
-2.174512779500216375e+00
-8.031412336540484365e-01
2.023733819586212235e+00
3.269541319072635677e+00
5.036584857347436106e+00
5.426707057043331339e+00
5.098513216919858593e+00
4.404645420189245542e+00
2.174081329494713000e+00
8.027097286215589822e-01
-3.823578346685455376e+00
-4.710284625129191660e+00
-5.489109693880563690e+00
-5.324438758384272496e+00
-3.939295875803660252e+00
-2.820003505725423132e+00
-8.233283789183309942e-02
1.336186160671006817e+00
3.823145935842688914e+00
4.709849619074939930e+00
5.488678772461978106e+00
5.324005833476857852e+00
3.938859668865100971e+00
2.819571115406902528e+00
8.190143192011263562e-02
-1.336616781183530778e+00
-5.040033152012315831e+00
-5.430760078772458144e+00
-5.102504766158173055e+00
-4.407668904590017256e+00
-2.176489405850818404e+00
-8.031326895885326778e-01
2.024499679765107363e+00
3.272082245232200925e+00
5.039597674778319103e+00
5.430329428630179756e+00
5.102071297164078700e+00
4.407231793888808369e+00
2.176058102627235868e+00
8.027015846604481641e-01
-2.024929621770886534e+00
-3.272513523404288360e+00
-5.485395736355239471e+00
-5.320980100379839151e+00
-3.936231961559450543e+00
-2.818651529948141388e+00
-8.169607362386578642e-02
1.334652825363133122e+00
3.820950131700415753e+00
4.706295629760229637e+00
5.484966053352850146e+00
5.320548893697813142e+00
3.935796290020651789e+00
2.818219521182056209e+00
8.126437837419819843e-02
-1.335083709453140033e+00
-3.821382457987644532e+00
-4.706730962955179010e+00
-5.102677103798690439e+00
-4.407771452658443501e+00
-2.176629148123589985e+00
-8.031327154677085911e-01
2.024435849681968325e+00
3.272142924355988747e+00
5.039638205302875207e+00
5.430411707733750148e+00
5.102245918375354350e+00
4.407338865994050892e+00
2.176196722159744468e+00
8.027004709111136282e-01
-2.024867991583722215e+00
-3.272575390320397126e+00
-5.040071102602080799e+00
-5.430843002650401097e+00
-3.939442002602366877e+00
-2.820164345601714473e+00
-8.238566171079839129e-02
1.336095073813922784e+00
3.823115572726797140e+00
4.709814294626113451e+00
5.488739399427214671e+00
5.324157391133883088e+00
3.939012600399097508e+00
2.819731791621414185e+00
8.195285736686119815e-02
-1.336528547012856505e+00
-3.823547561920405791e+00
-4.710243993589692479e+00
-5.489173010034294364e+00
-5.324589491686805509e+00
-2.174389407157020226e+00
-8.032579544652342918e-01
2.023482745729149990e+00
3.269039171287975165e+00
5.036043601766724720e+00
5.426145525298317729e+00
5.098158550595634608e+00
4.404455950981674306e+00
2.173956140083205479e+00
8.028245807770616471e-01
-2.023917718595663828e+00
-3.269471880408187037e+00
-5.036470758476929710e+00
-5.426580419611983785e+00
-5.098590199255941258e+00
-4.404882054135287994e+00
-8.255349470870185224e-02
1.336212803448954878e+00
3.823119673560603893e+00
4.709996735559478509e+00
5.488991665890450733e+00
5.324375863536853437e+00
3.939338426723468345e+00
2.819831306299382501e+00
8.212063136145890396e-02
-1.336646435967381086e+00
-3.823552248869570569e+00
-4.710426444034462534e+00
-5.489423797429399343e+00
-5.324806443506076903e+00
-3.939767086047315292e+00
-2.820263552643774041e+00
2.024570977745993261e+00
3.272272504374185598e+00
5.040029975553903085e+00
5.430909005965830261e+00
5.102810170063259321e+00
4.407947674031967189e+00
2.176491068225520298e+00
8.029376217687023143e-01
-2.025003889488085296e+00
-3.272706488030287186e+00
-5.040461881052615389e+00
-5.431337840282670193e+00
-5.103238163443889697e+00
-4.408377904345066156e+00
-2.176923609725830211e+00
-8.033700308900774134e-01
3.820477145649764150e+00
4.705530878356610991e+00
5.484425969163511105e+00
5.320154312377726846e+00
3.935500195726211459e+00
2.818297466270859086e+00
8.123039566162622294e-02
-1.334618039249099830e+00
-3.820911367929705538e+00
-4.705966408096164066e+00
-5.484850954204251394e+00
-5.320580502826222080e+00
-3.935933835511860046e+00
-2.818729103460026586e+00
-8.166208585209339121e-02
1.334186768032844750e+00
5.040404268474782512e+00
5.431415835009490323e+00
5.103483921959058200e+00
4.408334570901764060e+00
2.176960594925942072e+00
8.028761482249459069e-01
-2.024928822068938761e+00
-3.273126092288592748e+00
-5.040837963020373458e+00
-5.431843046649748707e+00
-5.103912224059421021e+00
-4.408767587505803220e+00
-2.177391699865779628e+00
-8.033070368960134600e-01
2.024498142513844634e+00
3.272693482238229645e+00
5.490330039586534205e+00
5.325879438749204553e+00
3.940343224336671835e+00
2.820849760571091380e+00
8.206049425453179613e-02
-1.336651273985298927e+00
-3.824510444508218754e+00
-4.711393297773712519e+00
-5.490753422828385411e+00
-5.326304150288920347e+00
-3.940778130125461409e+00
-2.821281400947194484e+00
-8.249106722414836779e-02
1.336221413240859190e+00
3.824076397339201794e+00
4.710956584880697129e+00
5.092971102698055752e+00
4.400288584775459810e+00
2.171646560132990622e+00
8.024543903632515018e-01
-2.021869179667034278e+00
-3.265628235442141314e+00
-5.031202049480034688e+00
-5.420802065010587256e+00
-5.093396739129111062e+00
-4.400724502222569612e+00
-2.172077330618992441e+00
-8.028842547452698097e-01
2.021440554057768235e+00
3.265195787534134642e+00
5.030765030517295955e+00
5.420378140893918228e+00
3.934909204093392621e+00
2.815641523897242315e+00
8.297610281871362070e-02
-1.335472147883338012e+00
-3.817688242063680626e+00
-4.704388717957518118e+00
-5.482157330003238016e+00
-5.317654383418247477e+00
-3.935342079871264609e+00
-2.816072286327934382e+00
-8.340591048010058406e-02
1.335042841570903915e+00
3.817257278341005033e+00
4.703955579400698639e+00
5.481729685376607542e+00
5.317226233649784639e+00
2.175095561026228808e+00
8.034728867764178162e-01
-2.024615679493178444e+00
-3.270491488136733071e+00
-5.038400004830084988e+00
-5.428840395145189568e+00
-5.100914871624006253e+00
-4.407114941063152713e+00
-2.175525666717761819e+00
-8.039025825928026725e-01
2.024185650137240167e+00
3.270063135752979910e+00
5.037972451646179017e+00
5.428406863322282838e+00
5.100482027434940058e+00
4.406686080177721010e+00
8.145647490655666401e-02
-1.329172603361499894e+00
-3.804076010918111983e+00
-4.685905229364321301e+00
-5.461509587178918324e+00
-5.298015435104775683e+00
-3.919767602429847120e+00
-2.806640581444857396e+00
-8.188537347034206826e-02
1.328743635701967296e+00
3.803649078267976158e+00
4.685478544786668031e+00
5.461075181729563965e+00
5.297580954938800879e+00
3.919338249065800195e+00
2.806211036806936399e+00
-2.041455267811845165e+00
-3.301470262195664862e+00
-5.083567844865654273e+00
-5.478293799018203458e+00
-5.147934498575902573e+00
-4.446228863136876264e+00
-2.196775664750714174e+00
-8.096651008846965647e-01
2.041030195791095458e+00
3.301038310635902473e+00
5.083126679846283302e+00
5.477874880467276775e+00
5.147511468326882778e+00
4.445789131567112307e+00
2.196346196147501484e+00
8.092367625894315575e-01
-3.986465440934543025e+00
-4.867526420799238807e+00
-5.691997512327488629e+00
-5.528653989772984723e+00
-4.063385067741074330e+00
-2.951239215196054477e+00
-5.455367325672885737e-02
1.354836373369081359e+00
3.986037233036689997e+00
4.867093896388983154e+00
5.691569679558894812e+00
5.528223914000768957e+00
4.062950996598921449e+00
2.950810567011084462e+00
5.412566505543095485e-02
-1.355263199202149105e+00
-5.262551780506747434e+00
-5.605062786587649448e+00
-5.240457449225289999e+00
-4.631628306790537053e+00
-2.148531118929414507e+00
-9.449922388118556782e-01
2.201729247734170336e+00
3.294975831817280376e+00
5.262113017949370253e+00
5.604638529941158964e+00
5.240026152112139179e+00
4.631185675055518480e+00
2.148105001035202744e+00
9.445675546365294162e-01
-2.202150427371202923e+00
-3.295401631952517452e+00
