2.896025357021364890e-02
1.271967663394619308e+00
4.039541644657870023e+00
4.816582143256374238e+00
5.683804251381425310e+00
5.539731985509439127e+00
3.998518135586984545e+00
3.017668397605775876e+00
-2.917961028342729024e-02
-1.272186915963942733e+00
-4.039761635669854023e+00
-4.816803769944188574e+00
-5.684025415870979536e+00
-5.539951441663935938e+00
-3.998735312266894049e+00
-3.017885744336912701e+00
2.118974386140389576e+00
3.358009223481429828e+00
5.219621749308990921e+00
5.607879501317047932e+00
5.262710498801671299e+00
4.572714720411091172e+00
2.222832406684730699e+00
8.587613510126627103e-01
-2.119193722559892912e+00
-3.358229156436872032e+00
-5.219841482262539856e+00
-5.608099105233013582e+00
-5.262929790523318552e+00
-4.572933441411326072e+00
-2.223050675984760804e+00
-8.589797352023504917e-01
3.855705990644027636e+00
4.751390882188111675e+00
5.537027098391718916e+00
5.370963868498294325e+00
3.974786184025331792e+00
2.844177410751853152e+00
8.401520939397268128e-02
-1.348776525424883799e+00
-3.855927716522584703e+00
-4.751609257199890024e+00
-5.537243815662876045e+00
-5.371186367785153237e+00
-3.975004924086491087e+00
-2.844393871615844560e+00
-8.423353371997219230e-02
1.348558350583205279e+00
5.024975313967521728e+00
5.414205065202920331e+00
5.087219741629095182e+00
4.395543168314190119e+00
2.169274660764614726e+00
8.018410836533439445e-01
-2.019443180142973304e+00
-3.261520010224989718e+00
-5.025193942039124728e+00
-5.414423371474501145e+00
-5.087438946980307186e+00
-4.395761720047095089e+00
-2.169493234196691045e+00
-8.020600007133613651e-01
2.019225236752542507e+00
3.261301443955804125e+00
5.476850896248238065e+00
5.312684647404887883e+00
3.931434888348499079e+00
2.813469630581591829e+00
8.287508229587511877e-02
-1.333882630355855747e+00
-3.814198550206353566e+00
-4.699868404824306012e+00
-5.477070080887670223e+00
-5.312898830039014975e+00
-3.931656326032720639e+00
-2.813692982124685660e+00
-8.309417320480545766e-02
1.333663648251927514e+00
3.813985151130233398e+00
4.699651751650841369e+00
5.092200173272005692e+00
4.397549161845986987e+00
2.173235194765590350e+00
8.000500689976691726e-01
-2.018734750690974966e+00
-3.266074079603603408e+00
-5.028211260445080377e+00
-5.419024330077805374e+00
-5.092408958436231536e+00
-4.397768635106304558e+00
-2.173460897445357531e+00
-8.002698424131042820e-01
2.018516673402253936e+00
3.265864793743191274e+00
5.027991716829601110e+00
5.418800918002040667e+00
3.930352377787644791e+00
2.814342478515208690e+00
8.165244800069421105e-02
-1.332603480064553203e+00
-3.814857008414921147e+00
-4.698983731563619592e+00
-5.476734144141044425e+00
-5.312927162974604656e+00
-3.930578135859321254e+00
-2.814574171646294420e+00
-8.187266070990502353e-02
1.332383436358038464e+00
3.814653967512688038e+00
4.698769503757732835e+00
5.476512445386552130e+00
5.312722191924874160e+00
2.175420870541142193e+00
8.018240628991031294e-01
-2.022046908362914230e+00
-3.269773559973684129e+00
-5.035101579815165707e+00
-5.426012459102944163e+00
-5.098854224910730260e+00
-4.403986379169263721e+00
-2.175650360692428897e+00
-8.020451065687076442e-01
2.021829523792160188e+00
3.269568999927020769e+00
5.034883171908012933e+00
5.425788280902629879e+00
5.098649692073808026e+00
4.403766544741028355e+00
8.315638560221823294e-02
-1.335913624088710172e+00
-3.819525836306031152e+00
-4.706662667726566163e+00
-5.484836263135324685e+00
-5.320478993254635469e+00
-3.937371127659512027e+00
-2.817566616107726407e+00
-8.337717766162872080e-02
1.335692902764299639e+00
3.819325722088604547e+00
4.706453294644529883e+00
5.484617865398342396e+00
5.320274871139590189e+00
3.937142112868618593e+00
2.817332234798131108e+00
-2.021772273233346962e+00
-3.267094167198686172e+00
-5.032564148096977164e+00
-5.422717690665864509e+00
-5.095551470431638030e+00
-4.402017945423828849e+00
-2.173501071879190505e+00
-8.025452827289544233e-01
2.021553907933141936e+00
3.266890025295683397e+00
5.032352040042545660e+00
5.422499302362600027e+00
5.095344726752393250e+00
4.401794348563445425e+00
2.173270779166254218e+00
8.023242344412758742e-01
-3.819200206620979365e+00
-4.706022845992324122e+00
-5.484229165994523925e+00
-5.319907530827518549e+00
-3.936815772544298486e+00
-2.817400052717727199e+00
-8.320161159967527642e-02
1.335380235890178957e+00
3.818997371836253318e+00
4.705817798476968683e+00
5.484016691953062406e+00
5.319698873321534016e+00
3.936585552887313710e+00
2.817168086700235108e+00
8.298120185648028002e-02
-1.335600820825468160e+00
-5.034775931080859301e+00
-5.425758238028251412e+00
-5.098585939010124690e+00
-4.403710254525001311e+00
-2.175614902357144942e+00
-8.019277141645219098e-01
2.021656747077268612e+00
3.269438344776257388e+00
5.034573447403772661e+00
5.425552821188064812e+00
5.098367450738421347e+00
4.403482474503387145e+00
2.175389638267077430e+00
8.017074622928693772e-01
-2.021875589357303937e+00
-3.269649742120611879e+00
-5.481167233316296183e+00
-5.317055513889823004e+00
-3.934034186939872502e+00
-2.816511460668917000e+00
-8.234625991632303632e-02
1.333852242127539167e+00
3.817382494350431088e+00
4.702703052662205785e+00
5.480963620551309923e+00
5.316836913218431881e+00
3.933804652163690019e+00
2.816286763145826821e+00
8.212709213006169628e-02
-1.334071868132342464e+00
-3.817593795897101128e+00
-4.702903975406714565e+00
-5.098282806453655169e+00
-4.403577156120698000e+00
-2.175429843446723854e+00
-8.019918310598181943e-01
2.021684888401916957e+00
3.269201980160638232e+00
5.034388044081822500e+00
5.425353910808518698e+00
5.098052448980221030e+00
4.403345772243922873e+00
2.175210936176001475e+00
8.017732994720750961e-01
-2.021904454043250254e+00
-3.269421481430454079e+00
-5.034581783507391606e+00
-5.425546954766262253e+00
-3.936600347374644038e+00
-2.817224128008641415e+00
-8.321774089751406145e-02
1.335345838476919456e+00
3.818684985894812645e+00
4.705473131538320253e+00
5.483746673443195441e+00
5.319266936828004333e+00
3.936374001295169567e+00
2.817007194246066604e+00
8.300027041073861078e-02
-1.335563906548602464e+00
-3.818904073418221135e+00
-4.705673366428575477e+00
-5.483945130023117898e+00
-5.319493043617003813e+00
-2.173784241394826733e+00
-8.023390070365910010e-01
2.021457702424460212e+00
3.267138182903738919e+00
5.032390954752632872e+00
5.422828456418949727e+00
5.095441322332703749e+00
4.401781595399788749e+00
2.173570643877438258e+00
8.021222316116153328e-01
-2.021676726450825079e+00
-3.267362723253977475e+00
-5.032582310595225650e+00
-5.423016471383154347e+00
-5.095677268375239599e+00
-4.402012366172663782e+00
-8.315433177512170093e-02
1.335274965278443471e+00
3.818665492255391314e+00
4.705365974580435484e+00
5.483664058054684709e+00
5.319180715865171827e+00
3.936270205007313283e+00
2.817013312609542464e+00
8.293843633624414791e-02
-1.335491387876420522e+00
-3.818886941997676310e+00
-4.705569065045984267e+00
-5.483863534221442571e+00
-5.319407140801230227e+00
-3.936492361207677426e+00
-2.817226133594427306e+00
2.021677224317985022e+00
3.269211501133871156e+00
5.034364728313158288e+00
5.425353234322001228e+00
5.098009655155493647e+00
4.403310251297558153e+00
2.175218066983921616e+00
8.017462109028321571e-01
-2.021894309003344326e+00
-3.269433023479074940e+00
-5.034563814640409696e+00
-5.425549629781052374e+00
-5.098238163204290352e+00
-4.403534766182660931e+00
-2.175430732582123383e+00
-8.019614143986985022e-01
3.817548300592331856e+00
4.703019539585652886e+00
5.481295137629965453e+00
5.317086158347193781e+00
3.934090818885999319e+00
2.816380049219749271e+00
8.220917434386111611e-02
-1.334247581232134383e+00
-3.817765674667663145e+00
-4.703228721358243547e+00
-5.481502199262719977e+00
-5.317305053006704973e+00
-3.934308223287009465e+00
-2.816593275294079213e+00
-8.242377052047289432e-02
1.334032755125363900e+00
5.034353411998182537e+00
5.425270588270396210e+00
5.098006894555560997e+00
4.403292413857974097e+00
2.175168570411709190e+00
8.017567879731029024e-01
-2.021890551475349795e+00
-3.269408122868535216e+00
-5.034566331639962478e+00
-5.425483230460501183e+00
-5.098220468197260047e+00
-4.403506916969685214e+00
-2.175382868780585621e+00
-8.019708356689383422e-01
2.021676561470544087e+00
3.269194236255426045e+00
5.483572451052491026e+00
5.319215113044450938e+00
3.936231062644333534e+00
2.816947769675673729e+00
8.293658415258731154e-02
-1.335489449779454496e+00
-3.818920924522265281e+00
-4.705638187137470396e+00
-5.483790683330638238e+00
-5.319422612410161122e+00
-3.936443135596672249e+00
-2.817163581737683664e+00
-8.315001116567449779e-02
1.335276200157366810e+00
3.818710905283257517e+00
4.705421229077185963e+00
5.095616542527309001e+00
4.401826743201434411e+00
2.173577277954349185e+00
8.021000635388058075e-01
-2.021671741745891371e+00
-3.267469642874069713e+00
-5.032729732835390379e+00
-5.423038865975144063e+00
-5.095814798044971283e+00
-4.402031172880166210e+00
-2.173793436194497719e+00
-8.023128443990587000e-01
2.021460740293200331e+00
3.267263834232003283e+00
5.032502966501172459e+00
5.422809449432286932e+00
3.936246948252541955e+00
2.816921629293942075e+00
8.294572761021433427e-02
-1.335520848088397994e+00
-3.818957462038992556e+00
-4.705712275870653549e+00
-5.483808144380650340e+00
-5.319461507869587713e+00
-3.936453888533748557e+00
-2.817137518074431135e+00
-8.315778000383906854e-02
1.335309268724688136e+00
3.818751423933274936e+00
4.705489433166034630e+00
5.483582152969857404e+00
5.319260926465256389e+00
2.175125713629378232e+00
8.017475879241424686e-01
-2.021908964605656056e+00
-3.269442125717505920e+00
-5.034631525514870809e+00
-5.425471112881894875e+00
-5.098246506169007652e+00
-4.403486290419156290e+00
-2.175340084444907340e+00
-8.019587880004208635e-01
2.021700102027781831e+00
3.269238363619923149e+00
5.034397880312407203e+00
5.425234481598950609e+00
5.098053816749993139e+00
4.403288259598832077e+00
8.215251665391413993e-02
-1.334220890665452020e+00
-3.817792423041205474e+00
-4.703233496939652092e+00
-5.481375570431707089e+00
-5.317246509188939818e+00
-3.934152514777777832e+00
-2.816492843221103826e+00
-8.236281861253726133e-02
1.334011156662055830e+00
3.817584568462060624e+00
4.703007297009785148e+00
5.481147369023900318e+00
5.317045705980996573e+00
3.933950642338894799e+00
2.816281340632801111e+00
-2.021919432765421742e+00
-3.269563295720365748e+00
-5.034699969975696021e+00
-5.425609326705424174e+00
-5.098315345200979287e+00
-4.403500912464857642e+00
-2.175413349856547551e+00
-8.018939763734843629e-01
2.021711184828317798e+00
3.269355282616678071e+00
5.034468166318415427e+00
5.425376697819836558e+00
5.098117593053509644e+00
4.403303866412452194e+00
2.175204298434980643e+00
8.016848171903119269e-01
-3.819011201380074549e+00
-4.705727538499693274e+00
-5.483895419612471400e+00
-5.319443312559640091e+00
-3.936424647694259260e+00
-2.817138910288746967e+00
-8.310361434266937131e-02
1.335350884173976072e+00
3.818795053552060281e+00
4.705502764816102079e+00
5.483673254241223205e+00
5.319233438715114559e+00
3.936225960916995614e+00
2.816936039866446695e+00
8.289521668286542466e-02
-1.335558922584159980e+00
-5.032502999437081570e+00
-5.422822289475516477e+00
-5.095393824538607674e+00
-4.401762642712390594e+00
-2.173542093707617973e+00
-8.022917354928716938e-01
2.021512523896359603e+00
3.267058313144945547e+00
5.032279257697542363e+00
5.422601680577498584e+00
5.095183656311942144e+00
4.401562830633158896e+00
2.173340351127649228e+00
8.020845249030263968e-01
-2.021721023875425072e+00
-3.267274676424554603e+00
-5.484177547246654960e+00
-5.319618356903337286e+00
-3.936657951351659523e+00
-2.817162729197927984e+00
-8.319197166476996474e-02
1.335545787099337245e+00
3.818890266617707585e+00
4.705762141975164958e+00
5.483963074478615418e+00
5.319399068162931066e+00
3.936460840904747904e+00
2.816967646267693581e+00
8.298510641888610928e-02
-1.335752549320806670e+00
-3.819114394422696623e+00
-4.705983725558770203e+00
-5.098544205490267878e+00
-4.403757256361217287e+00
-2.175499645916268321e+00
-8.019263698310445942e-01
2.021946671248285199e+00
3.269582606309734629e+00
5.034837499270657268e+00
5.425852456169118376e+00
5.098323212740514698e+00
4.403552664257959215e+00
2.175302714913391000e+00
8.017205064431436323e-01
-2.022156002489990723e+00
-3.269805179773592307e+00
-5.035051579482339612e+00
-5.426060604229492768e+00
-3.933839553836893099e+00
-2.816562852683631046e+00
-8.208136572318039392e-02
1.333856645556098952e+00
3.817653688762860931e+00
4.702767509403211754e+00
5.481128061259321171e+00
5.316825659721033048e+00
3.933641200534485183e+00
2.816371447935918759e+00
8.187519990622486865e-02
-1.334062898025431432e+00
-3.817881801771793260e+00
-4.702984263679513610e+00
-5.481335180766286008e+00
-5.317051096860369697e+00
-2.175878156975554756e+00
-8.018327376941936091e-01
2.022043761074179713e+00
3.270116942567272034e+00
5.035371257905684850e+00
5.426506951132489043e+00
5.098946161620503403e+00
4.403927177483970112e+00
2.175681125588955656e+00
8.016269093422775383e-01
-2.022253168189068084e+00
-3.270339532070217992e+00
-5.035579547327489358e+00
-5.426709114485535501e+00
-5.099169873223208249e+00
-4.404134949262090259e+00
-8.308306079791623333e-02
1.335586311099693280e+00
3.819209205024309828e+00
4.706036456034401461e+00
5.484269573039472156e+00
5.319678563207708599e+00
3.936566744500752169e+00
2.817135944197788344e+00
8.287640797397911874e-02
-1.335793018720244696e+00
-3.819431731513629469e+00
-4.706249476045611502e+00
-5.484475487057430598e+00
-5.319899791347714846e+00
-3.936768562653229608e+00
-2.817331971356354270e+00
2.020342783402936160e+00
3.264198845507539470e+00
5.028487847631564200e+00
5.418252143355847039e+00
5.090886119369523399e+00
4.398199315801091913e+00
2.171163645964373945e+00
8.017837653972152978e-01
-2.020551303820924183e+00
-3.264416365616804150e+00
-5.028694270671127065e+00
-5.418454259847695909e+00
-5.091105662088392769e+00
-4.398408075885359203e+00
-2.171364742840825812e+00
-8.019908379264780729e-01
3.813724491500973812e+00
4.700282615488759141e+00
5.477041218909048936e+00
5.312529328113164695e+00
3.931871854039004077e+00
2.812779500035448077e+00
8.347446367531279054e-02
-1.334757526741894518e+00
-3.813938937904054249e+00
-4.700491460078791484e+00
-5.477246855662630587e+00
-5.312744173471929621e+00
-3.932078215138126609e+00
-2.812982460639303905e+00
-8.368209229448551889e-02
1.334550046422481762e+00
5.028318600711402908e+00
5.418721921197614755e+00
5.091639478867480584e+00
4.397701913374207905e+00
2.172381747246124650e+00
8.006025655703740140e-01
-2.019539952186065968e+00
-3.265610737600898261e+00
-5.028524737165264824e+00
-5.418926757163773367e+00
-5.091851651988341665e+00
-4.397910970820489318e+00
-2.172588375656100634e+00
-8.008109229971802634e-01
2.019332160692592915e+00
3.265400312700400764e+00
5.472747635225858609e+00
5.308912264738166797e+00
3.927011506648113492e+00
2.812628285264946904e+00
8.093284696152421021e-02
-1.331336565033902852e+00
-3.812729957519212398e+00
-4.695553525540321793e+00
-5.472951225811598874e+00
-5.309122811786252782e+00
-3.927222898090022341e+00
-2.812837126309931879e+00
-8.114114452978865577e-02
1.331127947094625563e+00
3.812521990387195636e+00
4.695350283822043558e+00
5.147650129143073627e+00
4.445844377770931111e+00
2.196441938748034950e+00
8.091495936250574506e-01
-2.041515295407759112e+00
-3.301693829254533696e+00
-5.083688003244985154e+00
-5.478478735596111981e+00
-5.147860591828925969e+00
-4.446055595070972366e+00
-2.196650947145275978e+00
-8.093581265377370881e-01
2.041307081170141924e+00
3.301486454346925115e+00
5.083485855709811041e+00
5.478275985034816387e+00
4.050989938588205774e+00
2.939337928639038200e+00
5.594452087793756745e-02
-1.352857313366864878e+00
-3.972030943282726323e+00
-4.852688099955196677e+00
-5.673253985177013625e+00
-5.509847141176662078e+00
-4.051199816472638382e+00
-2.939544741875744105e+00
-5.615234208529244070e-02
1.352649596891974948e+00
3.971821995904225133e+00
4.852485508756282151e+00
5.673052120739486170e+00
5.509635774972774236e+00
2.148040110945045100e+00
9.444897791637673068e-01
-2.202282674081474934e+00
-3.295522785141114852e+00
-5.262588661487237474e+00
-5.605141177692394727e+00
-5.240105451748971355e+00
-4.631288015202852826e+00
-2.148242768194657870e+00
-9.446963857686129229e-01
2.202072977381180241e+00
3.295307139171582023e+00
5.262396159413551544e+00
5.604951419713876781e+00
5.239883128561235281e+00
4.631072798624951581e+00
