2.896025357021364890e-02
1.271967663394619308e+00
4.039541644657870023e+00
4.816582143256374238e+00
5.683804251381425310e+00
5.539731985509439127e+00
3.998518135586984545e+00
3.017668397605775876e+00
-2.917961028342729024e-02
-1.272186915963942733e+00
-4.039761635669854023e+00
-4.816803769944188574e+00
-5.684025415870979536e+00
-5.539951441663935938e+00
-3.998735312266894049e+00
-3.017885744336912701e+00
2.124157013918229531e+00
3.363447138182543927e+00
5.230086321392144022e+00
5.618379309225487006e+00
5.272387498751817780e+00
4.582227441561966153e+00
2.225948138041513591e+00
8.616198467188492804e-01
-2.124370920627212556e+00
-3.363677592172120701e+00
-5.230347334890439015e+00
-5.618632347214997935e+00
-5.272557962549938360e+00
-4.582389419107224526e+00
-2.226179534527043646e+00
-8.618488181613899179e-01
3.855202042982784238e+00
4.750810099231118855e+00
5.536021794803934526e+00
5.370612186671334776e+00
3.974464808668662474e+00
2.843690322265885140e+00
8.405923599493711484e-02
-1.348611815555909255e+00
-3.855406454041085507e+00
-4.751141404365939458e+00
-5.536500017571750476e+00
-5.370553428518222816e+00
-3.974433485687771661e+00
-2.844050313607108471e+00
-8.427441959395737259e-02
1.348366009415071787e+00
5.020223964325286836e+00
5.409463042250629350e+00
5.082610935608274261e+00
4.391472182043693273e+00
2.167578098693770272e+00
8.009372280656442689e-01
-2.017455294413943889e+00
-3.258690451732089599e+00
-5.020420641419605090e+00
-5.409558032067126376e+00
-5.082873173221480911e+00
-4.391783578099235363e+00
-2.167723715403174989e+00
-8.011057275728460381e-01
2.017195390002269217e+00
3.258393333563487815e+00
5.482325023219051907e+00
5.317796934584625212e+00
3.934583326165875139e+00
2.816915989639969364e+00
8.224577104500101210e-02
-1.334374260885050845e+00
-3.818541468638447789e+00
-4.704029458927976748e+00
-5.482091824306753125e+00
-5.318057625453174175e+00
-3.934889873456684839e+00
-2.816887617590827286e+00
-8.239907665049854557e-02
1.334241352629234267e+00
3.817885652240550876e+00
4.703518506239197094e+00
5.094500249379686707e+00
4.399814050138161292e+00
2.174280122547670224e+00
8.008632268124400433e-01
-2.019999985854259883e+00
-3.267751305345544477e+00
-5.030958459648735115e+00
-5.421355850546423660e+00
-5.095137931681407828e+00
-4.400439182376222114e+00
-2.174106396752316428e+00
-8.009607405312562101e-01
2.019897991377531010e+00
3.266995288159625588e+00
5.030649811179140229e+00
5.421959943923937431e+00
3.931385784977674547e+00
2.815815699116698045e+00
8.148476197153549372e-02
-1.332651991664879354e+00
-3.816702845641742670e+00
-4.700575620474499061e+00
-5.478066227965038948e+00
-5.314954931033121888e+00
-3.931866406599939356e+00
-2.815542081297659482e+00
-8.158863633640153767e-02
1.332627007430280397e+00
3.815664597900461974e+00
4.699943753728608620e+00
5.478823336688099843e+00
5.314467735952678851e+00
2.176613634886185977e+00
8.028705134134205279e-01
-2.023719405564567975e+00
-3.271703860191031321e+00
-5.038521611753249196e+00
-5.429171134142055877e+00
-5.102134963360623665e+00
-4.407263581891343485e+00
-2.176528560069530993e+00
-8.029754408127561804e-01
2.023561909472384457e+00
3.271066881533983395e+00
5.038245497354835400e+00
5.429549112464288285e+00
5.101612443474622616e+00
4.406759235613550096e+00
8.286164120738653827e-02
-1.336253240104480877e+00
-3.822071800648143114e+00
-4.709184103593456072e+00
-5.487921966005873564e+00
-5.323532528000733954e+00
-3.939362988942944455e+00
-2.819493538354286510e+00
-8.304043617867980231e-02
1.336083860857653738e+00
3.821532915111183204e+00
4.708693751327361454e+00
5.487928643372042892e+00
5.323381796971359492e+00
3.939203415208297088e+00
2.819434265428254260e+00
-2.022896309074964538e+00
-3.268109015503248393e+00
-5.034726907044720257e+00
-5.425068286019623542e+00
-5.097325108432187335e+00
-4.403919650536539443e+00
-2.174179250764374682e+00
-8.032138310805068127e-01
2.022639593202372854e+00
3.267884622831110697e+00
5.034347768231699050e+00
5.424645764734458808e+00
5.097340705314708842e+00
4.403934822719117292e+00
2.173934496674883921e+00
8.029774131820969219e-01
-3.821459217915835982e+00
-4.708367224424475417e+00
-5.487629336002171954e+00
-5.322898363275999856e+00
-3.938725748758880041e+00
-2.819496434762740478e+00
-8.290483916461188763e-02
1.335677582583509437e+00
3.821473293402551263e+00
4.708185653271920401e+00
5.487006766829516380e+00
5.322863234516729491e+00
3.938741804513282041e+00
2.819156820877740444e+00
8.263088847646943291e-02
-1.335985992450166027e+00
-5.037778080233800360e+00
-5.429103495423132308e+00
-5.101014798374322368e+00
-4.406185647236164016e+00
-2.176655330877524275e+00
-8.028599453337633696e-01
2.023068563680738841e+00
3.271013008505789355e+00
5.037381514115916836e+00
5.428175747306381638e+00
5.101330342552692798e+00
4.406505887495307583e+00
2.176180623938606118e+00
8.025403692502595110e-01
-2.023378091042707716e+00
-3.270950016343057154e+00
-5.483824310017362258e+00
-5.319300326342909280e+00
-3.935396560548416911e+00
-2.818186133779418512e+00
-8.214366643484952157e-02
1.333986440509504767e+00
3.819382072089022362e+00
4.704535771675463884e+00
5.482951599731885395e+00
5.319347906305492479e+00
3.935491055753376877e+00
2.817704633140516890e+00
8.185183522101224796e-02
-1.334330724421541658e+00
-3.819174449313029740e+00
-4.704623348217465306e+00
-5.100924399730234704e+00
-4.406192748440476592e+00
-2.176403961707913837e+00
-8.029196413194694681e-01
2.023077085426097987e+00
3.270727529791049637e+00
5.037255836543135246e+00
5.428018153443697535e+00
5.100975372013296649e+00
4.406254191505952100e+00
2.176035508997708146e+00
8.026511721015093803e-01
-2.023341349118628507e+00
-3.270760758005193836e+00
-5.037536757597470327e+00
-5.428638245735910139e+00
-3.938573102395985348e+00
-2.819158353078017321e+00
-8.292522948959712981e-02
1.335629933178940076e+00
3.821035842499324264e+00
4.707844583146944650e+00
5.486718484909935967e+00
5.322379574348648390e+00
3.938330191217007226e+00
2.818965403510046208e+00
8.271743340489264018e-02
-1.335832027411510303e+00
-3.821261457404207196e+00
-4.708050239058651165e+00
-5.486903867377677990e+00
-5.322640220224233332e+00
-2.174391740825977415e+00
-8.030532794042726241e-01
2.022593758116260965e+00
3.268141007694807865e+00
5.034695867850171425e+00
5.425246052725469781e+00
5.097523824565890038e+00
4.403827655954010822e+00
2.174363449314248520e+00
8.029050691646301141e-01
-2.022728432528425824e+00
-3.268552967496645589e+00
-5.034848796303248442e+00
-5.425008944682062406e+00
-5.098066365156509683e+00
-4.404365679625319885e+00
-8.282272058116971203e-02
1.335619923703957879e+00
3.820798788125835177e+00
4.707627711164046325e+00
5.486920944645170550e+00
5.322178845064327923e+00
3.938108551662084622e+00
2.819085565315064823e+00
8.269467253156485842e-02
-1.335701484069052425e+00
-3.821409424348244599e+00
-4.707991091331578559e+00
-5.486562467588533387e+00
-5.322615906700514543e+00
-3.938587040638410919e+00
-2.819059741357144766e+00
2.023142139601338041e+00
3.270471822794910111e+00
5.037308652342206372e+00
5.428607125667189948e+00
5.100461138325875332e+00
4.405777528709030832e+00
2.176268685180609008e+00
8.027002395026830994e-01
-2.023249350274749059e+00
-3.270980767415960777e+00
-5.037346530189576121e+00
-5.428078536978960145e+00
-5.101249337180237653e+00
-4.406560474476748368e+00
-2.176193138809626948e+00
-8.027960416992934167e-01
3.819220569067361737e+00
4.704800768920206266e+00
5.484008406503415145e+00
5.319394616959139732e+00
3.935536209322080481e+00
2.818099709502214001e+00
8.200498241816080169e-02
-1.334398102534845920e+00
-3.819753372003875658e+00
-4.705070758753747917e+00
-5.483676573309939073e+00
-5.319886268363290149e+00
-3.936050023319735747e+00
-2.818100404340006193e+00
-8.214641115999850307e-02
1.334304353534621956e+00
5.037266670494720877e+00
5.428337309791026577e+00
5.100570875040589591e+00
4.405905738145182937e+00
2.176117559740913698e+00
8.026600449387407687e-01
-2.023287906417557291e+00
-3.270832175175073075e+00
-5.037355750627217077e+00
-5.428279369333864679e+00
-5.101039179462343753e+00
-4.406369808316040526e+00
-2.176254641203454909e+00
-8.028407397644343746e-01
2.023127842052489189e+00
3.270565148743981521e+00
5.486515198593064468e+00
5.322255325688157512e+00
3.938201197268778930e+00
2.818851827273376465e+00
8.262801107889319874e-02
-1.335808594698296270e+00
-3.821092882925356538e+00
-4.707837567963077063e+00
-5.486937243979695289e+00
-5.322479551757556493e+00
-3.938423544540963217e+00
-2.819202057373850323e+00
-8.286653309726896288e-02
1.335556978949111295e+00
3.821122283405882669e+00
4.707809272629890351e+00
5.097914049241242473e+00
4.404161161176596728e+00
2.174164321706059333e+00
8.027946214272261294e-01
-2.022855772707963240e+00
-3.268390331770495649e+00
-5.034972393137349123e+00
-5.425636270281918527e+00
-5.097855853538602489e+00
-4.404109258343423150e+00
-2.174646614817617785e+00
-8.030921927269869531e-01
2.022566647481867541e+00
3.268541040851937307e+00
5.034833374824197350e+00
5.424879289086239176e+00
3.938282787120257922e+00
2.818727184342678882e+00
8.259998345715409418e-02
-1.335893712543845036e+00
-3.820979486505445610e+00
-4.707844845677968237e+00
-5.487161561864300374e+00
-5.322467548045002772e+00
-3.938348390506110075e+00
-2.819261621807952700e+00
-8.290316860164718971e-02
1.335543412039971400e+00
3.821341950727231485e+00
4.707970531239348055e+00
5.486316676759920519e+00
5.322375752731903553e+00
2.175884443973944204e+00
8.025719583226958997e-01
-2.023384768851589577e+00
-3.270688479537037008e+00
-5.037494925383835920e+00
-5.428699413977803978e+00
-5.100767082123158325e+00
-4.406036957171324708e+00
-2.176383014571860564e+00
-8.028937873039342366e-01
2.023100116377369861e+00
3.270834214323425915e+00
5.037275734213118916e+00
5.427887424401458993e+00
5.100919894587017112e+00
4.406174667058222028e+00
8.186996742650370917e-02
-1.334491285553317752e+00
-3.819452218409747690e+00
-4.704931938712525685e+00
-5.484002050748086887e+00
-5.319609279252707879e+00
-3.935661487447355888e+00
-2.818187932071736679e+00
-8.213594301101276307e-02
1.334193033749519364e+00
3.819584458496043666e+00
4.704906054105838287e+00
5.483397630503691111e+00
5.319506108176538461e+00
3.935551046947773024e+00
2.817767376620221587e+00
-2.023384394028499234e+00
-3.270985879148291087e+00
-5.037554636788478035e+00
-5.428576460546225668e+00
-5.101008526266257448e+00
-4.406242677072474301e+00
-2.176327859334810988e+00
-8.027682272889689052e-01
2.023162672718999300e+00
3.270809071737771578e+00
5.037394296450249165e+00
5.428359059598097502e+00
5.100780831889418998e+00
4.406006421042523158e+00
2.176091314909394558e+00
8.025524123273477528e-01
-3.821495508209200143e+00
-4.708128648249516601e+00
-5.486790437735559856e+00
-5.322546812356079293e+00
-3.938469598775900415e+00
-2.819038803015628591e+00
-8.276261676180286797e-02
1.335713593742882122e+00
3.821011822893438659e+00
4.707803509035814571e+00
5.486944570864793924e+00
5.322228540862047552e+00
3.938121665232706903e+00
2.818974638258401999e+00
8.259443178965827914e-02
-1.335852788066868246e+00
-5.034727526947659904e+00
-5.424725273578809848e+00
-5.097663969538428930e+00
-4.404086133799616221e+00
-2.174071169866091058e+00
-8.029414148505905624e-01
2.022692900973191765e+00
3.267956137811006911e+00
5.034532726631174349e+00
5.425205841237914051e+00
5.097048483702238286e+00
4.403475392437327329e+00
2.174146825921758008e+00
8.028221875618498649e-01
-2.022803450052130803e+00
-3.268550672367257715e+00
-5.486890955702819817e+00
-5.322766659686166690e+00
-3.938694838723372005e+00
-2.818959441409326416e+00
-8.283278239451741243e-02
1.335927717338726284e+00
3.821034390954735294e+00
4.708043146909053789e+00
5.487285909717466659e+00
5.322438085739706892e+00
3.938319713803231981e+00
2.819029412934169088e+00
8.270033318583464022e-02
-1.336016346196081006e+00
-3.821764105894182251e+00
-4.708537981713024401e+00
-5.101478920474796119e+00
-4.406642769382029812e+00
-2.176275787952516083e+00
-8.027818915459293825e-01
2.023430513532582520e+00
3.270968903387892812e+00
5.037854508294643097e+00
5.428974044936869525e+00
5.101057646806378187e+00
4.406216148874121608e+00
2.176265044479849475e+00
8.026447624486571231e-01
-2.023613575173937473e+00
-3.271447544925039974e+00
-5.038080146104005230e+00
-5.428774137578483483e+00
-3.935191022909367842e+00
-2.817915975026747510e+00
-8.182316369577788406e-02
1.334050207593836967e+00
3.819363437377620851e+00
4.704472541716101297e+00
5.483293668457774217e+00
5.319186859013275814e+00
3.935038823847493816e+00
2.817802897824120301e+00
8.162328111751451787e-02
-1.334245246526676532e+00
-3.819765303543081636e+00
-4.704861524146267904e+00
-5.483380498193395347e+00
-5.319328507514041071e+00
-2.176807580949935428e+00
-8.027295905925037056e-01
2.023483643398206411e+00
3.271687117816997947e+00
5.038291897277966669e+00
5.429258819490016208e+00
5.101972025329140514e+00
4.406859360736141262e+00
2.176502837639199051e+00
8.024627778846836756e-01
-2.023743813166709149e+00
-3.271854401311194760e+00
-5.038706742473816114e+00
-5.429803217417407346e+00
-5.101829690734365208e+00
-4.406718396681592154e+00
-8.274585259444655616e-02
1.335919737653204820e+00
3.822190545882323320e+00
4.708902384048544221e+00
5.487459732459081252e+00
5.323410652671396903e+00
3.938967397347498345e+00
2.819219448990601062e+00
8.244758549718401996e-02
-1.336266846065106595e+00
-3.822059297196016114e+00
-4.709048787591618712e+00
-5.488268864702221528e+00
-5.323333340739304198e+00
-3.938827542395892500e+00
-2.819641643883924242e+00
2.021168167193360787e+00
3.265300044031726578e+00
5.030198103370163487e+00
5.419441891289070057e+00
5.092899858387519352e+00
4.400233869921189367e+00
2.171427031285194431e+00
8.022665209566696154e-01
-2.021573290449804716e+00
-3.265062819383758530e+00
-5.030584835401312738e+00
-5.420752964700924714e+00
-5.092327060782539050e+00
-4.399652439948138927e+00
-2.172045755158115821e+00
-8.026086618168207787e-01
3.816150799056281517e+00
4.702563984222250859e+00
5.479466458018294794e+00
5.315547792094153401e+00
3.933911219862433750e+00
2.814362758208857063e+00
8.314138566117423856e-02
-1.335219684510610794e+00
-3.815881913829462846e+00
-4.702685211083493577e+00
-5.480492947648058610e+00
-5.315353263321640043e+00
-3.933672001712638977e+00
-2.814884818887003259e+00
-8.345470584683652160e-02
1.334836415336947857e+00
5.033203352918845574e+00
5.423508454527999234e+00
5.096355179055523266e+00
4.402552924139540913e+00
2.173675455729063621e+00
8.020493693514677558e-01
-2.022200480849133175e+00
-3.267962624408497163e+00
-5.033599425302702102e+00
-5.424273450358898074e+00
-5.096096360876900100e+00
-4.402310484015892200e+00
-2.174069803850716465e+00
-8.023447182589237281e-01
2.021906742255190625e+00
3.267951549820449664e+00
5.467832297632980953e+00
5.303940392113206670e+00
3.923590598394493867e+00
2.809906963201858066e+00
8.104085102944164065e-02
-1.330366636047870310e+00
-3.809121652107526401e+00
-4.691397916336253360e+00
-5.468170013635332616e+00
-5.304103488708308056e+00
-3.923718006308940964e+00
-2.810110171080027364e+00
-8.128218895049459103e-02
1.330127591795763564e+00
3.808988731794115346e+00
4.691168623383353165e+00
5.147162164127860429e+00
4.445243622561053876e+00
2.196192207178208733e+00
8.090168956017330659e-01
-2.041111912409762308e+00
-3.301491820626268225e+00
-5.083300177929597652e+00
-5.477536849195083768e+00
-5.147361240537675187e+00
-4.445374786839469294e+00
-2.196304173545573502e+00
-8.092586263067171881e-01
2.041029237904369964e+00
3.301051758665924485e+00
5.082858603500270966e+00
5.477521833284403563e+00
4.057899400217050534e+00
2.946008744355850695e+00
5.483000408296764827e-02
-1.354241820434170851e+00
-3.980541491225951134e+00
-4.861386015605668298e+00
-5.684083208700045908e+00
-5.520711075258224909e+00
-4.058081202239138818e+00
-2.946203790329072536e+00
-5.503240957968304203e-02
1.354044568073905941e+00
3.980284615893152633e+00
4.861135498030890290e+00
5.683895662716164310e+00
5.520523806196314887e+00
2.148040110945045100e+00
9.444897791637673068e-01
-2.202282674081474934e+00
-3.295522785141114852e+00
-5.262588661487237474e+00
-5.605141177692394727e+00
-5.240105451748971355e+00
-4.631288015202852826e+00
-2.148242768194657870e+00
-9.446963857686129229e-01
2.202072977381180241e+00
3.295307139171582023e+00
5.262396159413551544e+00
5.604951419713876781e+00
5.239883128561235281e+00
4.631072798624951581e+00
