2.896025357021364890e-02
1.271967663394619308e+00
4.039541644657870023e+00
4.816582143256374238e+00
5.683804251381425310e+00
5.539731985509439127e+00
3.998518135586984545e+00
3.017668397605775876e+00
-2.917961028342729024e-02
-1.272186915963942733e+00
-4.039761635669854023e+00
-4.816803769944188574e+00
-5.684025415870979536e+00
-5.539951441663935938e+00
-3.998735312266894049e+00
-3.017885744336912701e+00
2.102949451109502377e+00
3.342172437864695311e+00
5.188097267688979386e+00
5.576412507397320084e+00
5.234154425140198796e+00
4.544052485433830668e+00
2.213971011500136754e+00
8.496930507321319714e-01
-2.103167971101145728e+00
-3.342391945029002720e+00
-5.188319329067817343e+00
-5.576634421896434546e+00
-5.234372419805465526e+00
-4.544269216288761015e+00
-2.214189055971819808e+00
-8.499115225702905674e-01
3.856530793396751200e+00
4.752259184817694049e+00
5.538094139183492359e+00
5.372021988021286276e+00
3.975470645540832848e+00
2.844803633471701065e+00
8.392424704348686038e-02
-1.348941359696876230e+00
-3.856750738782417365e+00
-4.752481228591594054e+00
-5.538315679608604825e+00
-5.372240739271913590e+00
-3.975686725094512930e+00
-2.845020559417544614e+00
-8.414213412983610751e-02
1.348723588908659510e+00
5.028582084637218230e+00
5.418438899558979394e+00
5.091335076376574342e+00
4.398506894960429570e+00
2.171499334218317312e+00
8.018230606549155981e-01
-2.020410481624804522e+00
-3.264534355184169012e+00
-5.028804774218254892e+00
-5.418661447025369782e+00
-5.091552352847502405e+00
-4.398722317524962122e+00
-2.171716115966415561e+00
-8.020406310006777950e-01
2.020192919009562438e+00
3.264315639455392937e+00
5.466160789253645902e+00
5.301860587913592049e+00
3.925031448957638336e+00
2.806419249381885805e+00
8.452518850082951785e-02
-1.333063513773801168e+00
-3.805460515326736459e+00
-4.691641579533784245e+00
-5.466382168366762606e+00
-5.302078866051279427e+00
-3.925246506674933578e+00
-2.806635219755759802e+00
-8.474240136900410003e-02
1.332846396775554609e+00
3.805241071992391255e+00
4.691419824185719456e+00
5.083149597698141342e+00
4.388515440018751157e+00
2.170435013177254291e+00
7.971906946382448789e-01
-2.013731116464074766e+00
-3.261096853644492199e+00
-5.018296279607093346e+00
-5.409167166176078290e+00
-5.083366331761244972e+00
-4.388730297605806463e+00
-2.170651128771218019e+00
-7.974075647274920797e-01
2.013514233267248876e+00
3.260878762763142369e+00
5.018074066795071175e+00
5.408945063894676331e+00
3.924620773017879927e+00
2.808540634119349733e+00
8.275968375353129347e-02
-1.331620500290655817e+00
-3.807548652972506442e+00
-4.691723689189715607e+00
-5.467568757929958778e+00
-5.303635400445464221e+00
-3.924835185017596206e+00
-2.808755799749496962e+00
-8.297627887764473520e-02
1.331404057002188779e+00
3.807329976883351730e+00
4.691502484183000199e+00
5.467347682458564506e+00
5.303417437741162033e+00
2.172195889098065713e+00
7.986365390703972222e-01
-2.016445893754435836e+00
-3.264098644765031754e+00
-5.023898283793177377e+00
-5.414857457083289916e+00
-5.088569880825447811e+00
-4.393773080056509350e+00
-2.172411300052507599e+00
-7.988527905661454431e-01
2.016229691075114072e+00
3.263881312424022685e+00
5.023676674445070489e+00
5.414635729032097444e+00
5.088353523681793611e+00
4.393558804773594062e+00
8.439048162266089836e-02
-1.334625903175830741e+00
-3.810761071720990323e+00
-4.697833854123464548e+00
-5.473739608732343775e+00
-5.309265968445600059e+00
-3.930348240463624521e+00
-2.810610942191593686e+00
-8.460652405218875571e-02
1.334410026855571196e+00
3.810543182326314060e+00
4.697613416662951735e+00
5.473518875432959341e+00
5.309048301359670319e+00
3.930134504922913941e+00
2.810396510830174943e+00
-2.017108883305578804e+00
-3.262482400150388706e+00
-5.023309055937365208e+00
-5.413551841753705851e+00
-5.087068559155062175e+00
-4.393539856970825497e+00
-2.170881124883611513e+00
-7.998333990246192515e-01
2.016893373031278358e+00
3.262265852950811951e+00
5.023088049150065793e+00
5.413330505159577477e+00
5.086852564031647539e+00
4.393326144075994755e+00
2.170666438467665049e+00
7.996177898075365054e-01
-3.810611462535703708e+00
-4.697423396134554174e+00
-5.473354462296931011e+00
-5.308925949477489858e+00
-3.929951725379813965e+00
-2.810543475835245442e+00
-8.443572234689578071e-02
1.334164392215176909e+00
3.810394375293331137e+00
4.697203687023431939e+00
5.473134093348312135e+00
5.308708568451139698e+00
3.929738550203291769e+00
2.810329728646286718e+00
8.422033546952634175e-02
-1.334379585571983773e+00
-5.024280237269550753e+00
-5.415271786171688362e+00
-5.088950711823449602e+00
-4.394084193871559130e+00
-2.172577183169278392e+00
-7.988897855181529284e-01
2.016378591155601807e+00
3.264150744010969607e+00
5.024059920810465485e+00
5.415050966051588865e+00
5.088735028530258830e+00
4.393870881843968235e+00
2.172363149328213616e+00
7.986748440029137752e-01
-2.016593387422620953e+00
-3.264366518757392033e+00
-5.471489369106862455e+00
-5.307325769118707015e+00
-3.927947210626347108e+00
-2.810369072104027754e+00
-8.347169540814584898e-02
1.332809916121666660e+00
3.809760435460646910e+00
4.695119669917664496e+00
5.471269491973279386e+00
5.307108740962434013e+00
3.927734501037029702e+00
2.810155913056164412e+00
8.325696916970498629e-02
-1.333024423311941264e+00
-3.809976744744150601e+00
-4.695338604531758442e+00
-5.088712593969679787e+00
-4.393972642521023708e+00
-2.172389825676335651e+00
-7.989583886126657708e-01
2.016407398512648275e+00
3.263949272988356576e+00
5.023917807296393256e+00
5.414832870860692537e+00
5.088497241666102511e+00
4.393759688619596204e+00
2.172176377303236983e+00
7.987440694313746592e-01
-2.016621530161496256e+00
-3.264164294879674078e+00
-5.024137305895774119e+00
-5.415053009456987532e+00
-3.929741130734202947e+00
-2.810365598472277071e+00
-8.443685992183851130e-02
1.334123529426734622e+00
3.810198599130012465e+00
4.696981577080573622e+00
5.472849004446551646e+00
5.308419147699426688e+00
3.929528775344852232e+00
2.810152915777456961e+00
8.422275091245452761e-02
-1.334337423376964038e+00
-3.810414109963523810e+00
-4.697199595378101833e+00
-5.473068222459087195e+00
-5.308635761050425117e+00
-2.171051735686004402e+00
-7.995652496411861376e-01
2.016661724604174477e+00
3.262439551562954509e+00
5.022944677025851234e+00
5.413302476965792920e+00
5.086857401298956027e+00
4.393100285763723356e+00
2.170838815850762771e+00
7.993515213010403686e-01
-2.016875251186851514e+00
-3.262653817117321164e+00
-5.023163212798445798e+00
-5.413521794986964508e+00
-5.087072371352962641e+00
-4.393312935339416470e+00
-8.437060585861533291e-02
1.334060328149830221e+00
3.810209112557174205e+00
4.696910292761218741e+00
5.472791661701316812e+00
5.308371227925308133e+00
3.929435596880226367e+00
2.810162884074787204e+00
8.415706685116575159e-02
-1.334273651280404982e+00
-3.810423808336014240e+00
-4.697127306109885048e+00
-5.473010071304037716e+00
-5.308587341433911533e+00
-3.929647665477075780e+00
-2.810375149018083718e+00
2.016415196596864412e+00
3.263980104845776165e+00
5.023933842084578494e+00
5.414846366201173211e+00
5.088491782661312079e+00
4.393737190270903703e+00
2.172171049568413892e+00
7.987197451775924772e-01
-2.016628150312258061e+00
-3.264193643020575131e+00
-5.024151265931806165e+00
-5.415064672321903139e+00
-5.088706377100502110e+00
-4.393949621967029096e+00
-2.172383507722269957e+00
-7.989329100604450895e-01
3.809840290063354562e+00
4.695348690999385788e+00
5.471445293341996141e+00
5.307239568452964740e+00
3.927898549848551468e+00
2.810131336500172772e+00
8.333951588551419265e-02
-1.333184807886489187e+00
-3.810054107716716487e+00
-4.695564597358805159e+00
-5.471662789049282161e+00
-5.307455136203743429e+00
-3.928110409699237859e+00
-2.810343253886526504e+00
-8.355250304309518039e-02
1.332972021115595318e+00
5.023929567032970667e+00
5.414825276190398995e+00
5.088455327728584443e+00
4.393717855549569506e+00
2.172134796037459292e+00
7.987260569811222011e-01
-2.016645869226985077e+00
-3.264175902637437066e+00
-5.024145760525838611e+00
-5.415042423703046559e+00
-5.088669516723652642e+00
-4.393930135229510370e+00
-2.172346856364808954e+00
-7.989387000204611899e-01
2.016433445816927517e+00
3.263963103342095273e+00
5.472791620153068415e+00
5.308356726357812860e+00
3.929412930455151276e+00
2.810134992033499479e+00
8.414586730529947933e-02
-1.334294682350167793e+00
-3.810440854665034571e+00
-4.697147710306373014e+00
-5.473008024623891465e+00
-5.308571683573482858e+00
-3.929624669159442529e+00
-2.810346636568512579e+00
-8.435833602837979062e-02
1.334082398938119862e+00
3.810227910240242100e+00
4.696933019232843343e+00
5.086894217835007836e+00
4.393090887197128147e+00
2.170856969314055362e+00
7.993045363547596205e-01
-2.016894923091883118e+00
-3.262742339405327652e+00
-5.023226421948200127e+00
-5.413589608188941860e+00
-5.087107977975517947e+00
-4.393303039239915719e+00
-2.171068696380013652e+00
-7.995166871331592651e-01
2.016683027322380362e+00
3.262530277656864985e+00
5.023011564675621266e+00
5.413373726062095770e+00
3.929430076747177925e+00
2.810119446872124893e+00
8.415536651073694807e-02
-1.334328412224753624e+00
-3.810458336091902876e+00
-4.697190591540942428e+00
-5.473033474189233694e+00
-5.308585090615944857e+00
-3.929641760841070308e+00
-2.810330894380866251e+00
-8.436734141914445373e-02
1.334116611751504866e+00
3.810246290168003203e+00
4.696977193287618313e+00
5.472818274030432306e+00
5.308370812999005928e+00
2.172109668531152948e+00
7.987125442835345535e-01
-2.016674238169819056e+00
-3.264201168315293167e+00
-5.024173752344845312e+00
-5.415056308797697504e+00
-5.088655002839142405e+00
-4.393911998244798944e+00
-2.172321098759580238e+00
-7.989242237537871327e-01
2.016462825002518056e+00
3.263989811599552482e+00
5.023960377162173252e+00
5.414841893366991066e+00
5.088441671078774320e+00
4.393699900879163067e+00
8.328128103588697262e-02
-1.333173606959499269e+00
-3.810081485623745046e+00
-4.695543595170486029e+00
-5.471616939988530604e+00
-5.307396229087241402e+00
-3.928013996228810534e+00
-2.810305508151616838e+00
-8.349278238211421677e-02
1.332962263184869878e+00
3.809870335009288844e+00
4.695331552409264475e+00
5.471403069614517278e+00
5.307182678681297894e+00
3.927802306853654724e+00
2.810094223478812658e+00
-2.016654840883384647e+00
-3.264298501519933726e+00
-5.024218087167618307e+00
-5.415129845443232171e+00
-5.088722925524298724e+00
-4.393912005098004947e+00
-2.172385523109598982e+00
-7.988645087134585987e-01
2.016443885361686839e+00
3.264087820789518535e+00
5.024006275029148760e+00
5.414916997708819402e+00
5.088510035670380738e+00
4.393699913253684919e+00
2.172174365403884533e+00
7.986532716652658959e-01
-3.810495188772333730e+00
-4.697210864702348054e+00
-5.473034185392063655e+00
-5.308572696055443352e+00
-3.929603405292797724e+00
-2.810311507072220216e+00
-8.433485604414329984e-02
1.334128743209989976e+00
3.810284895408856176e+00
4.697000243511777029e+00
5.472821780060432850e+00
5.308359890433290040e+00
3.929391669554763933e+00
2.810100355003888328e+00
8.412382191054587621e-02
-1.334339665675843722e+00
-5.023145019068651962e+00
-5.413421767005655028e+00
-5.086883459121931850e+00
-4.393183888562863793e+00
-2.170870577074405450e+00
-7.995574055063215946e-01
2.016751276448472741e+00
3.262394196392960577e+00
5.022934852929239469e+00
5.413210607288490905e+00
5.086670984455039957e+00
4.392971791670951198e+00
2.170659718291924278e+00
7.993466501002836067e-01
-2.016961852137761468e+00
-3.262604269020887404e+00
-5.473242607694686512e+00
-5.308742242654199472e+00
-3.929811341980166794e+00
-2.810312387727564865e+00
-8.443265607142440288e-02
1.334295333751628565e+00
3.810371430141814564e+00
4.697250553287816821e+00
5.473031778113117696e+00
5.308530172857132357e+00
3.929599587814173400e+00
2.810101427880761449e+00
8.422208400443527421e-02
-1.334505817092981106e+00
-3.810580961364558483e+00
-4.697459715943769432e+00
-5.088963891471009582e+00
-4.394123707439636206e+00
-2.172456115758953032e+00
-7.988996836107039590e-01
2.016593887249420014e+00
3.264279119342071489e+00
5.024307007494973831e+00
5.415214404914372892e+00
5.088751755279472988e+00
4.393911625511616847e+00
2.172245639820022944e+00
7.986894243774435020e-01
-2.016804101590155440e+00
-3.264488739479584734e+00
-5.024515456566311045e+00
-5.415423717446815388e+00
-3.927852550530408937e+00
-2.810506315104329911e+00
-8.321751296501088413e-02
1.332784525110443541e+00
3.810148884015958082e+00
4.695322299599185456e+00
5.471491427849235478e+00
5.307296037327404292e+00
3.927640842126144616e+00
2.810295719718276963e+00
8.300742811848088598e-02
-1.332994574479683170e+00
-3.810357848651623414e+00
-4.695530014081597869e+00
-5.471700535293374301e+00
-5.307507510409286589e+00
-2.172742663180731615e+00
-7.987848004734724450e-01
2.016602848568660455e+00
3.264657286216894772e+00
5.024615379168473339e+00
5.415630305544832268e+00
5.089160985545884586e+00
4.394111688127197546e+00
2.172532636702509734e+00
7.985749917415545518e-01
-2.016812642025767488e+00
-3.264866582837116393e+00
-5.024821977287001751e+00
-5.415837539280231816e+00
-5.089372992114940430e+00
-4.394323784940505462e+00
-8.438718910591326561e-02
1.334208590281478424e+00
3.810131778756342680e+00
4.696924768621017598e+00
5.472627048387828097e+00
5.308119707525754905e+00
3.929260134177859243e+00
2.809870671404851805e+00
8.417754860385230631e-02
-1.334418156470976058e+00
-3.810340360118499525e+00
-4.697130896556142687e+00
-5.472834190587344771e+00
-5.308330862932209904e+00
-3.929471784769646980e+00
-2.810080826624909101e+00
2.015767278195472745e+00
3.259746590291781931e+00
5.019556250436703060e+00
5.409287212584720450e+00
5.082822403931968935e+00
4.390039439362793949e+00
2.168647006834812707e+00
7.991798588699552397e-01
-2.015976606283463202e+00
-3.259955788827126444e+00
-5.019760514689814990e+00
-5.409491770694947022e+00
-5.083034857380466676e+00
-4.390251734731487332e+00
-2.168856548545940566e+00
-7.993893873918765935e-01
3.805652926579247364e+00
4.692241179970312537e+00
5.466785219981064259e+00
5.302300178442191481e+00
3.925470018124037175e+00
2.806339444801082994e+00
8.467729310660342124e-02
-1.333594260677634979e+00
-3.805861666623887363e+00
-4.692445428666500717e+00
-5.466989872576077936e+00
-5.302511758503595907e+00
-3.925681613744171461e+00
-2.806548705148394163e+00
-8.488646850071544792e-02
1.333385189306939056e+00
5.017801285748823226e+00
5.408414719601551290e+00
5.082385123517672021e+00
4.388029129271626694e+00
2.169807758292738420e+00
7.972341886181422144e-01
-2.013910793474134930e+00
-3.260713570335728395e+00
-5.018002512427494288e+00
-5.408615459805151460e+00
-5.082599384483466487e+00
-4.388241919823686388e+00
-2.170016066960701373e+00
-7.974432835689047039e-01
2.013701834977245753e+00
3.260503454189899397e+00
5.476915605525440434e+00
5.312829329336276274e+00
3.930456488238232016e+00
2.814237852134138240e+00
8.162327989440248954e-02
-1.332965919949571809e+00
-3.815184841937009796e+00
-4.699458869704486119e+00
-5.477116327128977780e+00
-5.313043137580830688e+00
-3.930668347838582211e+00
-2.814445218863252940e+00
-8.183176523393885515e-02
1.332757218757001372e+00
3.814974595410034475e+00
4.699257420850414313e+00
5.148592094205715952e+00
4.446759311910700063e+00
2.196772408947806454e+00
8.094043131835330085e-01
-2.042009436175705073e+00
-3.302246720126956081e+00
-5.084697925843627786e+00
-5.479527800894698153e+00
-5.148808878869892247e+00
-4.446972825719520905e+00
-2.196979156594787153e+00
-8.096128802038229377e-01
2.041800766154899360e+00
3.302035277026594606e+00
5.084500226561829983e+00
5.479331423153579017e+00
4.030737019215524519e+00
2.918919420758588235e+00
5.982027498873354610e-02
-1.349198149917886003e+00
-3.946299346158245847e+00
-4.827084694769672168e+00
-5.640748138209890072e+00
-5.477298683878054852e+00
-4.030947411065490371e+00
-2.919124710233904185e+00
-6.002807398487891577e-02
1.348990394987361174e+00
3.946088033489273617e+00
4.826883819471265546e+00
5.640549134907386630e+00
5.477084110258142680e+00
2.148040110945045100e+00
9.444897791637673068e-01
-2.202282674081474934e+00
-3.295522785141114852e+00
-5.262588661487237474e+00
-5.605141177692394727e+00
-5.240105451748971355e+00
-4.631288015202852826e+00
-2.148242768194657870e+00
-9.446963857686129229e-01
2.202072977381180241e+00
3.295307139171582023e+00
5.262396159413551544e+00
5.604951419713876781e+00
5.239883128561235281e+00
4.631072798624951581e+00
