-4.719250199999999729e-01
-4.719232300000000269e-01
-4.719233999999999374e-01
-4.719252500000000738e-01
-4.719257399999999825e-01
-4.719244200000000111e-01
-4.719238900000000125e-01
-4.719245699999999877e-01
-4.719238700000000786e-01
-4.719227999999999756e-01
-4.719226300000000096e-01
-4.719236800000000120e-01
-4.719239100000000020e-01
-4.719228100000000259e-01
-4.719233600000000139e-01
-4.719250500000000126e-01
6.248253359257487372e-01
6.248251901880028658e-01
6.248246456291635109e-01
6.248243107010647002e-01
6.248211513316171972e-01
6.248215038915913011e-01
6.248230241905335935e-01
6.248232102384881914e-01
6.248262441335067363e-01
6.248265115520301727e-01
6.248263258134829634e-01
6.248261705394333454e-01
6.248221567804499443e-01
6.248216626901231807e-01
6.248228316679594885e-01
6.248231560003674190e-01
1.827836803818496891e+00
1.827836351251204139e+00
1.827836401845778225e+00
1.827834502582767362e+00
1.827836145988053884e+00
1.827836925704175997e+00
1.827835902939717760e+00
1.827837998353659676e+00
1.827838876162686699e+00
1.827838205182855669e+00
1.827837845979414899e+00
1.827836120767308170e+00
1.827835847513745948e+00
1.827836033334104160e+00
1.827836339554040235e+00
1.827838041752626097e+00
3.047914820110944945e+00
3.047916096818550802e+00
3.047911826657369261e+00
3.047913897841584507e+00
3.047915280712411690e+00
3.047913022772458014e+00
3.047918075029093732e+00
3.047917888083781168e+00
3.047916764931206668e+00
3.047917774044787809e+00
3.047913008128728229e+00
3.047913841511160182e+00
3.047914496902011994e+00
3.047913380938076955e+00
3.047917849792033174e+00
3.047916219378521419e+00
4.269523083364971328e+00
4.269519641542138366e+00
4.269521913845392369e+00
4.269522604834752322e+00
4.269520586851705879e+00
4.269525112370874176e+00
4.269526169219809653e+00
4.269524792379919553e+00
4.269524699963288761e+00
4.269521286047961439e+00
4.269521257867818775e+00
4.269521358536845668e+00
4.269521339262576376e+00
4.269525623784398149e+00
4.269524007200769411e+00
4.269522648773706130e+00
5.485108047304393608e+00
5.485110180659991563e+00
5.485111427511628612e+00
5.485109019203744829e+00
5.485115663509672501e+00
5.485115676233312421e+00
5.485113998553955206e+00
5.485114868737684723e+00
5.485109198931794161e+00
5.485110058827795676e+00
5.485110445919633371e+00
5.485109375720030656e+00
5.485115740408449625e+00
5.485114029035368155e+00
5.485111795540810853e+00
5.485113119013823813e+00
6.705461409946265938e+00
6.705462098775067936e+00
6.705460907671574766e+00
6.705464556227195061e+00
6.705466012342530924e+00
6.705465111098216191e+00
6.705464167672254838e+00
6.705460964419967418e+00
6.705460771853365642e+00
6.705461089558522048e+00
6.705461523722540562e+00
6.705465024851628542e+00
6.705464011459651097e+00
6.705462783517958769e+00
6.705462416330342457e+00
6.705459601211082088e+00
7.925066862780218102e+00
7.925066495508652054e+00
7.925070725447582731e+00
7.925071426717991585e+00
7.925070781001466003e+00
7.925070190867261388e+00
7.925065687531645864e+00
7.925065637541482744e+00
7.925066370618909062e+00
7.925066542828067107e+00
7.925070571435334443e+00
7.925070226864346701e+00
7.925068384704169411e+00
7.925068073131614987e+00
7.925064993590933859e+00
7.925065786318680416e+00
9.141565126880150771e+00
9.141565891552229317e+00
9.141567874332823251e+00
9.141567951488539734e+00
9.141565203267818518e+00
9.141564056889386336e+00
9.141562595518394119e+00
9.141562859630479210e+00
9.141564938373043958e+00
9.141565642617907272e+00
9.141566612839490347e+00
9.141565769389597307e+00
9.141563180154749446e+00
9.141563145614265196e+00
9.141562852105453274e+00
9.141563063894249552e+00
1.036100566591940364e+01
1.036100698724056812e+01
1.036100752252925794e+01
1.036100527807285765e+01
1.036100506511664321e+01
1.036100377122046368e+01
1.036100389886351891e+01
1.036100569794223958e+01
1.036100511550947978e+01
1.036100645807426623e+01
1.036100502149350788e+01
1.036100272120705945e+01
1.036100486944665278e+01
1.036100381592344633e+01
1.036100378011259160e+01
1.036100620267321126e+01
1.158039517812331809e+01
1.158039615553977697e+01
1.158039203934807482e+01
1.158039450693498118e+01
1.158039196012953731e+01
1.158039160697463821e+01
1.158039506887009118e+01
1.158039205265651184e+01
1.158039460197275261e+01
1.158039416582815839e+01
1.158038988172650896e+01
1.158039403313155802e+01
1.158039169014742242e+01
1.158039097960261721e+01
1.158039614505121229e+01
1.158039306142574532e+01
1.279742830383170649e+01
1.279742516058082913e+01
1.279742938358375604e+01
1.279742730011875373e+01
1.279742673016310306e+01
1.279742951695521924e+01
1.279742436454989729e+01
1.279742671595589520e+01
1.279742602637080573e+01
1.279742265303524107e+01
1.279742938703406097e+01
1.279742697704767629e+01
1.279742609231122152e+01
1.279743049792316256e+01
1.279742549360902615e+01
1.279742697989716227e+01
1.401670421735490102e+01
1.401670863120094346e+01
1.401670652097828196e+01
1.401670580823269319e+01
1.401670841175161009e+01
1.401670356151018915e+01
1.401670568649875293e+01
1.401670564820569531e+01
1.401670234273377247e+01
1.401670818984066713e+01
1.401670561966311723e+01
1.401670464881224554e+01
1.401671009944570834e+01
1.401670531542436748e+01
1.401670609369493370e+01
1.401670718398580462e+01
1.523599823516133434e+01
1.523599694378182257e+01
1.523599583362175913e+01
1.523599739260897579e+01
1.523599054759094429e+01
1.523599187531537424e+01
1.523599195210524826e+01
1.523599008418687184e+01
1.523599780319490904e+01
1.523599600525698428e+01
1.523599513574748876e+01
1.523599858935592088e+01
1.523599224674196506e+01
1.523599248863172839e+01
1.523599357532410536e+01
1.523599195195200373e+01
1.645325943034531235e+01
1.645325856442169510e+01
1.645325770390468634e+01
1.645325309788385937e+01
1.645325240190162575e+01
1.645325279312976718e+01
1.645325344720740546e+01
1.645325831620132462e+01
1.645325804344264142e+01
1.645325747042641495e+01
1.645325948541908545e+01
1.645325521954722703e+01
1.645325322600430695e+01
1.645325380436873175e+01
1.645325471060526823e+01
1.645325920182442303e+01
1.767245336165559166e+01
1.767245179277228218e+01
1.767244555841611131e+01
1.767244425626506654e+01
1.767244514403922651e+01
1.767244681883433799e+01
1.767245251326996680e+01
1.767245313076925584e+01
1.767245307918052077e+01
1.767245293246931581e+01
1.767244769799672000e+01
1.767244578389430032e+01
1.767244579464452414e+01
1.767244755183853755e+01
1.767245396079770359e+01
1.767245482758326602e+01
1.889166337051713995e+01
1.889166060062000696e+01
1.889165588903167858e+01
1.889165657715545876e+01
1.889166276870836114e+01
1.889166479113522712e+01
1.889166850254752461e+01
1.889166878463750265e+01
1.889166488800795918e+01
1.889166278746906968e+01
1.889165751555324135e+01
1.889165707893620194e+01
1.889166326819495723e+01
1.889166643209153662e+01
1.889167023802873047e+01
1.889166938111261729e+01
2.010902487559488350e+01
2.010902075669722322e+01
2.010902241786556033e+01
2.010902790761392822e+01
2.010903127422103509e+01
2.010903486264448148e+01
2.010903570390419759e+01
2.010903122277220589e+01
2.010902730784041026e+01
2.010902319026664031e+01
2.010902221210066187e+01
2.010902760611139328e+01
2.010903371991971156e+01
2.010903718958434538e+01
2.010903546639615413e+01
2.010903022307783417e+01
2.132818469970678876e+01
2.132818572444821825e+01
2.132819661885370621e+01
2.132819701277800917e+01
2.132820465541117727e+01
2.132820548696994933e+01
2.132819592378247009e+01
2.132819491000269352e+01
2.132818692312343245e+01
2.132818595303590925e+01
2.132819662803500904e+01
2.132819916731105181e+01
2.132820655120993081e+01
2.132820566122382999e+01
2.132819467313809980e+01
2.132819276392262609e+01
2.254736234830694386e+01
2.254737011935306157e+01
2.254737398865811926e+01
2.254737963883834340e+01
2.254738059889818658e+01
2.254737319519350081e+01
2.254736824367622816e+01
2.254736285314497835e+01
2.254736184720799841e+01
2.254736942350875850e+01
2.254737682848186964e+01
2.254738219650199582e+01
2.254738012744834208e+01
2.254737227605182426e+01
2.254736571667377731e+01
2.254736002399478423e+01
2.376476927211195189e+01
2.376477093417550890e+01
2.376478061885072890e+01
2.376478128648557941e+01
2.376476889952498794e+01
2.376476644102450564e+01
2.376475724888559782e+01
2.376475660792253564e+01
2.376476926691469771e+01
2.376477311103026935e+01
2.376478256694995750e+01
2.376478147143004094e+01
2.376476758582354876e+01
2.376476423493832968e+01
2.376475499108185474e+01
2.376475636434244976e+01
2.498394976694822134e+01
2.498395541409413312e+01
2.498395533597548734e+01
2.498394804585015905e+01
2.498393827447372573e+01
2.498393310289383251e+01
2.498393344838828867e+01
2.498394063813870503e+01
2.498395218742120605e+01
2.498395778376135823e+01
2.498395512420725950e+01
2.498394698991250706e+01
2.498393574681673357e+01
2.498393061165115370e+01
2.498393359069907049e+01
2.498394089501192283e+01
2.620312494485954957e+01
2.620312451497438389e+01
2.620311274012087210e+01
2.620310597962539134e+01
2.620309724065356605e+01
2.620309787989832984e+01
2.620310971494802388e+01
2.620311717596958090e+01
2.620312674886176652e+01
2.620312516930244229e+01
2.620311110155416046e+01
2.620310364711574280e+01
2.620309550858638659e+01
2.620309727950490242e+01
2.620310919261431337e+01
2.620311555436291684e+01
2.742048890212034351e+01
2.742048345089904160e+01
2.742046698284852013e+01
2.742046278677559457e+01
2.742046526169450615e+01
2.742047075194376404e+01
2.742048782613395019e+01
2.742049261180605768e+01
2.742048921676783380e+01
2.742048219462225944e+01
2.742046463597899830e+01
2.742046110543288862e+01
2.742046453587235177e+01
2.742046997875301528e+01
2.742048637620289497e+01
2.742049083715907543e+01
2.863969425224086152e+01
2.863968301716691300e+01
2.863967507629128662e+01
2.863967714643377249e+01
2.863968754697747343e+01
2.863969868748737468e+01
2.863970753396603186e+01
2.863970547724202120e+01
2.863969228661714439e+01
2.863968063081091842e+01
2.863967404389049776e+01
2.863967604565252500e+01
2.863968630596805198e+01
2.863969775850629418e+01
2.863970600597837191e+01
2.863970430807722423e+01
2.985887114492325267e+01
2.985886775371034929e+01
2.985887207591068560e+01
2.985887622762225746e+01
2.985889755763968267e+01
2.985890145399715578e+01
2.985889754149394903e+01
2.985889169030959778e+01
2.985886912569186080e+01
2.985886683228091698e+01
2.985887040365227918e+01
2.985887436968396358e+01
2.985889704823457080e+01
2.985890038020711046e+01
2.985889680490094733e+01
2.985889300751696140e+01
3.107612860889546624e+01
3.107613163805762468e+01
3.107614211860011366e+01
3.107615536221094743e+01
3.107616388864401458e+01
3.107616158606040102e+01
3.107614866574830970e+01
3.107613451100288771e+01
3.107612791431015964e+01
3.107612993560155346e+01
3.107614022051093627e+01
3.107615488654252545e+01
3.107616290361923106e+01
3.107616034451374176e+01
3.107615051196390255e+01
3.107613657475019409e+01
3.229542109508580694e+01
3.229542603341102591e+01
3.229544853343548994e+01
3.229545249073559887e+01
3.229544845267354702e+01
3.229544237040656895e+01
3.229541834277952717e+01
3.229541531209300587e+01
3.229541867065964311e+01
3.229542345985805696e+01
3.229544848402934321e+01
3.229545212915549257e+01
3.229544779718885650e+01
3.229544340881671616e+01
3.229541980408533419e+01
3.229541596696752492e+01
3.351471048889678173e+01
3.351472313081247734e+01
3.351473238288392054e+01
3.351473016648228054e+01
3.351471598043819000e+01
3.351470243303754870e+01
3.351469350251644386e+01
3.351469526113065456e+01
3.351470825677098730e+01
3.351472261352958526e+01
3.351473210633221811e+01
3.351472949786754896e+01
3.351471717824679786e+01
3.351470375356243636e+01
3.351469446584531653e+01
3.351469750775053313e+01
3.473176102519365571e+01
3.473176587875701671e+01
3.473176198443547236e+01
3.473175449800636727e+01
3.473173218128441420e+01
3.473172693881110007e+01
3.473172992253718405e+01
3.473173730578440654e+01
3.473176083738270847e+01
3.473176602798153567e+01
3.473176189022117200e+01
3.473175496553869124e+01
3.473173302747866131e+01
3.473172791141423232e+01
3.473173272385590593e+01
3.473174004167980655e+01
3.595115522788018581e+01
3.595115325496541203e+01
3.595113696640314771e+01
3.595112591386485690e+01
3.595111316933963508e+01
3.595111461203689629e+01
3.595113194377374555e+01
3.595114366765782421e+01
3.595115571031028878e+01
3.595115362856099495e+01
3.595113711568473747e+01
3.595112622272593228e+01
3.595111488163909286e+01
3.595111725800697400e+01
3.595113419546185440e+01
3.595114465897182754e+01
3.717059120487622437e+01
3.717058176511163481e+01
3.717056230565265196e+01
3.717055440968213986e+01
3.717055711874385082e+01
3.717056765242389105e+01
3.717058805894253481e+01
3.717059527446233602e+01
3.717059180037134780e+01
3.717058168607642443e+01
3.717056265734137810e+01
3.717055592364862093e+01
3.717055994882588266e+01
3.717057019633239889e+01
3.717058871847058299e+01
3.717059487867051359e+01
3.838707331714819304e+01
3.838706426854400888e+01
3.838704885595207372e+01
3.838705021846080001e+01
3.838707053127912872e+01
3.838707986208100920e+01
3.838709368748109085e+01
3.838709218959772329e+01
3.838707272786970748e+01
3.838706393617175650e+01
3.838705125013396469e+01
3.838705295172708531e+01
3.838707257311196486e+01
3.838708138023904581e+01
3.838709282846068760e+01
3.838709098037988099e+01
3.960666555323007998e+01
3.960665663513156431e+01
3.960665937466369968e+01
3.960667094710370861e+01
3.960668924354071407e+01
3.960669676222854463e+01
3.960669384860259612e+01
3.960668307797465815e+01
3.960666576500354097e+01
3.960665855251861700e+01
3.960666199251260622e+01
3.960667314565891672e+01
3.960669035349090450e+01
3.960669645905326774e+01
3.960669283055797507e+01
3.960668337969731567e+01
4.082700525566733063e+01
4.082700667639559811e+01
4.082702680392566208e+01
4.082703574588159512e+01
4.082704882182957107e+01
4.082704746717213595e+01
4.082702886276135246e+01
4.082702029529744436e+01
4.082700780186674905e+01
4.082700942451671011e+01
4.082702878770017918e+01
4.082703738464915943e+01
4.082704791059742888e+01
4.082704607046377276e+01
4.082702958862793707e+01
4.082702076779842315e+01
4.204260010141425852e+01
4.204261027560812636e+01
4.204262922202833863e+01
4.204263551786552711e+01
4.204263244048642179e+01
4.204262345987796579e+01
4.204260551779704969e+01
4.204259903584070202e+01
4.204260288398115364e+01
4.204261270362981406e+01
4.204263005176530044e+01
4.204263515072447888e+01
4.204263164882993209e+01
4.204262360222934092e+01
4.204260526493686001e+01
4.204259739815114472e+01
4.326422129718905296e+01
4.326423352644631137e+01
4.326424417739137596e+01
4.326424204111157934e+01
4.326422754217990985e+01
4.326421600029282644e+01
4.326420602366705026e+01
4.326420864298069802e+01
4.326422359811614626e+01
4.326423450948583138e+01
4.326424370568952327e+01
4.326424164626100577e+01
4.326422733505734897e+01
4.326421570284698959e+01
4.326420438117155953e+01
4.326420598875967727e+01
4.448431741393809347e+01
4.448432194044991661e+01
4.448431784040312920e+01
4.448431185812039246e+01
4.448428945489344954e+01
4.448428482676592921e+01
4.448429005943787473e+01
4.448429665205100747e+01
4.448431753624261376e+01
4.448432172166455700e+01
4.448431788641791229e+01
4.448431129006215201e+01
4.448428873339152290e+01
4.448428401589851688e+01
4.448428707540795557e+01
4.448429372127944248e+01
4.568733398280723179e+01
4.568733043572187569e+01
4.568732210877767130e+01
4.568730526844413475e+01
4.568729870115578251e+01
4.568730318892158948e+01
4.568731186215674711e+01
4.568732669957835668e+01
4.568733407968933591e+01
4.568733176475447522e+01
4.568732033331472309e+01
4.568730374682766637e+01
4.568729860339023929e+01
4.568730045236284099e+01
4.568730879197744343e+01
4.568732689546703796e+01
4.678407427176354361e+01
4.678407991034529090e+01
4.678404444212858238e+01
4.678404576125727488e+01
4.678405479263219746e+01
4.678405187699681989e+01
4.678408378554334490e+01
4.678408020210073204e+01
4.678407497196249665e+01
4.678407946394946038e+01
4.678404429337157922e+01
4.678404595051509318e+01
4.678405018562208539e+01
4.678404737404589753e+01
4.678408528608256489e+01
4.678408152069548009e+01
