-4.719250199999999729e-01
-4.719232300000000269e-01
-4.719233999999999374e-01
-4.719252500000000738e-01
-4.719257399999999825e-01
-4.719244200000000111e-01
-4.719238900000000125e-01
-4.719245699999999877e-01
-4.719238700000000786e-01
-4.719227999999999756e-01
-4.719226300000000096e-01
-4.719236800000000120e-01
-4.719239100000000020e-01
-4.719228100000000259e-01
-4.719233600000000139e-01
-4.719250500000000126e-01
6.132103930154858551e-01
6.132065648851376949e-01
6.131090340722670229e-01
6.131035104869709818e-01
6.131585522314391135e-01
6.131675444086205351e-01
6.131664579110336355e-01
6.131578246716353764e-01
6.131102921971424147e-01
6.131165156437149433e-01
6.132074327114920287e-01
6.132094854712246690e-01
6.131234925033020033e-01
6.131120510054909323e-01
6.131199059080785219e-01
6.131320627394222234e-01
1.803419991260107436e+00
1.803178943766479581e+00
1.803214905848607108e+00
1.803347742930424324e+00
1.803291666587200304e+00
1.803287554545295324e+00
1.803342605698779577e+00
1.803230274966904245e+00
1.803193716135356839e+00
1.803412690743190216e+00
1.803398937879875819e+00
1.803190191072254533e+00
1.803260573173865122e+00
1.803278049671651173e+00
1.803201579757969686e+00
1.803398577602036479e+00
3.014710581964483715e+00
3.014711994178583154e+00
3.014678492112608410e+00
3.014665766660965307e+00
3.014667949489957088e+00
3.014682416375890739e+00
3.014712700493502151e+00
3.014709968860882494e+00
3.014665226958498589e+00
3.014657580344938914e+00
3.014690806196842043e+00
3.014699305730048629e+00
3.014698648557599725e+00
3.014691056843974426e+00
3.014656805908002557e+00
3.014663115103132895e+00
4.227713506516637132e+00
4.227699834044176264e+00
4.227685948925816284e+00
4.227685921305120331e+00
4.227706203027490339e+00
4.227718599835115221e+00
4.227729747873112842e+00
4.227706506660229735e+00
4.227687035495448775e+00
4.227709131737982240e+00
4.227699087951467760e+00
4.227698141137735455e+00
4.227714417061284813e+00
4.227691571276006144e+00
4.227702662035388137e+00
4.227728936435379836e+00
5.433452494320523130e+00
5.433445751268298096e+00
5.433444484202969882e+00
5.433456894371169632e+00
5.433465735355468063e+00
5.433479065321531465e+00
5.433450637438869357e+00
5.433435632017269867e+00
5.433469176236119580e+00
5.433454203441892894e+00
5.433452437593725648e+00
5.433473565136731409e+00
5.433436677402696979e+00
5.433444267474275335e+00
5.433481005562861732e+00
5.433463338824790156e+00
6.645350421987414435e+00
6.645349646011436739e+00
6.645374442697662865e+00
6.645381587435115200e+00
6.645395038906114493e+00
6.645374130652703215e+00
6.645351414821346836e+00
6.645374415089512432e+00
6.645364534966772041e+00
6.645362672787050506e+00
6.645379901036954529e+00
6.645355962220754087e+00
6.645369666936962183e+00
6.645395221801759789e+00
6.645376240075973051e+00
6.645367934711297053e+00
7.856102637952824708e+00
7.856118197987040475e+00
7.856152696151132098e+00
7.856159832277166188e+00
7.856126026520373173e+00
7.856113243475773444e+00
7.856121097845989887e+00
7.856116099757840310e+00
7.856118326190482115e+00
7.856127583576656193e+00
7.856118538268362705e+00
7.856126561729583457e+00
7.856156645798270333e+00
7.856145650272543079e+00
7.856109598544863459e+00
7.856098459712311133e+00
9.063475625815129888e+00
9.063512894730374470e+00
9.063505567298319576e+00
9.063483397465038394e+00
9.063486967170996778e+00
9.063475767678383477e+00
9.063484053263719531e+00
9.063488527331521993e+00
9.063477479961546734e+00
9.063489193050481063e+00
9.063486762507313443e+00
9.063499108170208984e+00
9.063509572883946319e+00
9.063471098869928966e+00
9.063470205290508730e+00
9.063476293185368959e+00
1.027421674377770167e+01
1.027420258813862475e+01
1.027416870475776633e+01
1.027418372300558325e+01
1.027416942569077740e+01
1.027418443117001701e+01
1.027418950264887165e+01
1.027416763901126551e+01
1.027418499729267154e+01
1.027417561335563967e+01
1.027419355113971378e+01
1.027421470641593615e+01
1.027415855459769745e+01
1.027416801916950284e+01
1.027417676037060268e+01
1.027416145509149992e+01
1.148477919268085756e+01
1.148474831059751899e+01
1.148474414478456751e+01
1.148473888100153495e+01
1.148475524209980136e+01
1.148475753643743502e+01
1.148473864593415250e+01
1.148474872212950437e+01
1.148475465500584214e+01
1.148477270624738544e+01
1.148478091099075726e+01
1.148473598382229532e+01
1.148472653624467199e+01
1.148473328324876164e+01
1.148474271912848721e+01
1.148478661754000107e+01
1.269277342483530546e+01
1.269275593837009630e+01
1.269277092602278501e+01
1.269277408082955105e+01
1.269277192195468551e+01
1.269277252949112089e+01
1.269276687207940313e+01
1.269278119395190885e+01
1.269281929210767146e+01
1.269280862190382031e+01
1.269275671268829875e+01
1.269273724787762347e+01
1.269274462457725683e+01
1.269276942204193581e+01
1.269281978090748453e+01
1.269282451672096101e+01
1.390322635616313995e+01
1.390324695869604632e+01
1.390326266153072510e+01
1.390325831200933315e+01
1.390324631281628065e+01
1.390323079641938975e+01
1.390325656494864859e+01
1.390327588949219795e+01
1.390326550887903423e+01
1.390325743287775850e+01
1.390322071384563785e+01
1.390322069765251101e+01
1.390326631149440573e+01
1.390327503739094972e+01
1.390327441782615914e+01
1.390325378498299003e+01
1.511372225310448947e+01
1.511373793073003924e+01
1.511373216848267731e+01
1.511371738370766593e+01
1.511369827950359124e+01
1.511371432335913845e+01
1.511373549732721067e+01
1.511373528325175464e+01
1.511372746538597234e+01
1.511370091934813154e+01
1.511369986313572511e+01
1.511373125921151406e+01
1.511374160548120749e+01
1.511373516727357291e+01
1.511371154417818019e+01
1.511369634829424413e+01
1.632201499468239092e+01
1.632201276323916872e+01
1.632198719880006621e+01
1.632197682183214837e+01
1.632201409567499439e+01
1.632202650279871747e+01
1.632202089465301142e+01
1.632201485577461852e+01
1.632195098927212484e+01
1.632195096298974946e+01
1.632202793768906446e+01
1.632203425568114952e+01
1.632202244160871274e+01
1.632200960507953269e+01
1.632197261734327398e+01
1.632198536243261699e+01
1.753238311669436911e+01
1.753237202474514334e+01
1.753235092831884501e+01
1.753237350881768108e+01
1.753240534017519536e+01
1.753239730368592220e+01
1.753237487255861637e+01
1.753233792484494913e+01
1.753234183828740100e+01
1.753238724089037248e+01
1.753240561024491484e+01
1.753240233702522133e+01
1.753237089979971586e+01
1.753234767900416102e+01
1.753237087249026871e+01
1.753238550471854751e+01
1.874275956416124345e+01
1.874274197953503318e+01
1.874276146220416805e+01
1.874277615006277031e+01
1.874277735445069837e+01
1.874277829494599246e+01
1.874274554544536997e+01
1.874274525926477608e+01
1.874278469789726387e+01
1.874278240390383843e+01
1.874277150257266200e+01
1.874276090703693143e+01
1.874274460643700735e+01
1.874276192957281850e+01
1.874278688620707811e+01
1.874278466020038536e+01
1.995114477519727103e+01
1.995114353456647649e+01
1.995116431208191443e+01
1.995117673123891322e+01
1.995116035305688840e+01
1.995115729720081887e+01
1.995115997454095336e+01
1.995116189930064365e+01
1.995117596043078478e+01
1.995116440802132018e+01
1.995114377543263728e+01
1.995114889302659833e+01
1.995116432337085755e+01
1.995117772247697729e+01
1.995117767338672721e+01
1.995116061993121548e+01
2.116149416328668309e+01
2.116150933180185589e+01
2.116152364703038202e+01
2.116149924088620793e+01
2.116149131796317562e+01
2.116149561997414708e+01
2.116150356749760775e+01
2.116152502453113371e+01
2.116151129633340844e+01
2.116149289079515938e+01
2.116149640498278117e+01
2.116149983835343917e+01
2.116151502328132139e+01
2.116151688559597943e+01
2.116149870782435016e+01
2.116149529180962929e+01
2.237186763866953854e+01
2.237187231934322185e+01
2.237184056500934304e+01
2.237184873954016950e+01
2.237185546488603194e+01
2.237184555125598706e+01
2.237187161591481654e+01
2.237187033571536432e+01
2.237184159743753753e+01
2.237184692734335201e+01
2.237185785310729713e+01
2.237185981109562860e+01
2.237186148969210109e+01
2.237185842703942029e+01
2.237184677155102364e+01
2.237184091554329513e+01
2.358028158822331477e+01
2.358027785879869143e+01
2.358031616377396489e+01
2.358031721439766315e+01
2.358027028598013430e+01
2.358027339222481444e+01
2.358027341140256183e+01
2.358026723938336389e+01
2.358029000182412815e+01
2.358029505059551312e+01
2.358029598389052239e+01
2.358029610748617344e+01
2.358029067694256398e+01
2.358028498889796865e+01
2.358026153445442930e+01
2.358026781326959309e+01
2.479064123289258958e+01
2.479066567588699499e+01
2.479066266505614280e+01
2.479063129555330391e+01
2.479062012587678865e+01
2.479061554108586307e+01
2.479062476267242587e+01
2.479064281297084449e+01
2.479064436009401362e+01
2.479064796179812902e+01
2.479064811736688156e+01
2.479064011405965928e+01
2.479063675507546094e+01
2.479061984616808090e+01
2.479061053844101536e+01
2.479062527072340671e+01
2.600100162384146074e+01
2.600100074795079408e+01
2.600097140997376854e+01
2.600096781817566338e+01
2.600096370351326414e+01
2.600097231225610983e+01
2.600098924829417868e+01
2.600098215461702367e+01
2.600098529895272748e+01
2.600098696257571973e+01
2.600098035799614138e+01
2.600098586005873358e+01
2.600096802008372165e+01
2.600095754579765739e+01
2.600097191805561891e+01
2.600097819141223709e+01
2.720939366198322418e+01
2.720938517771338994e+01
2.720934123772695301e+01
2.720934594756903024e+01
2.720938134096083871e+01
2.720938360896628794e+01
2.720938168235047883e+01
2.720937711566348938e+01
2.720937689576133778e+01
2.720938274058650919e+01
2.720937792834627089e+01
2.720937237754814575e+01
2.720934486773327521e+01
2.720934276317480993e+01
2.720939349362346960e+01
2.720940135837549434e+01
2.841976652812433457e+01
2.841972265290875299e+01
2.841972642735060006e+01
2.841975669916265446e+01
2.841977889664607915e+01
2.841978462012525952e+01
2.841977464601314907e+01
2.841977246470964857e+01
2.841978060288946395e+01
2.841976989824570410e+01
2.841974445697833573e+01
2.841972374736704410e+01
2.841973173495338045e+01
2.841978195618257530e+01
2.841981594321702431e+01
2.841980722685769933e+01
2.963008610470703275e+01
2.963008400579647628e+01
2.963013729360043769e+01
2.963014973075538450e+01
2.963016049821177944e+01
2.963015548341668648e+01
2.963015187925153882e+01
2.963015570463018733e+01
2.963013673517295388e+01
2.963012325917768663e+01
2.963008570660128527e+01
2.963009315259462184e+01
2.963017863212492387e+01
2.963019041443832435e+01
2.963017473372386945e+01
2.963015980149335249e+01
3.083838620688879928e+01
3.083841072113038706e+01
3.083843259201557174e+01
3.083843914080355120e+01
3.083842301886726034e+01
3.083842148425485519e+01
3.083843654575766990e+01
3.083842589035740644e+01
3.083840065180363510e+01
3.083838423186791644e+01
3.083839682621441369e+01
3.083843520161454776e+01
3.083845392649527639e+01
3.083844690613476303e+01
3.083842436127542541e+01
3.083839053243918116e+01
3.204888087092909643e+01
3.204889343619849740e+01
3.204891573767898194e+01
3.204889840034654469e+01
3.204889386944860519e+01
3.204891224096542857e+01
3.204888333099592757e+01
3.204886654091820475e+01
3.204884960681616946e+01
3.204885208569786670e+01
3.204891617168792806e+01
3.204893082999704745e+01
3.204892008526429947e+01
3.204890351275590632e+01
3.204884413917390162e+01
3.204884681259734691e+01
3.325937849376686017e+01
3.325939963346970529e+01
3.325938073033027820e+01
3.325937651627170766e+01
3.325938836200229787e+01
3.325936425643406835e+01
3.325931344457342220e+01
3.325931078099660709e+01
3.325933918008708190e+01
3.325937612016696932e+01
3.325942996226950044e+01
3.325942348506011825e+01
3.325935605361095782e+01
3.325932091643638699e+01
3.325931298359241595e+01
3.325932746265019091e+01
3.446741348609690192e+01
3.446741225507374651e+01
3.446741000883392303e+01
3.446740240885701922e+01
3.446738318853902427e+01
3.446734734062008698e+01
3.446734179586342606e+01
3.446737236129310844e+01
3.446740199231058455e+01
3.446744041271654879e+01
3.446743566246202306e+01
3.446738506752146947e+01
3.446735721257550722e+01
3.446734278803020857e+01
3.446735736007804718e+01
3.446739802158737120e+01
3.567798307917858125e+01
3.567798516557047606e+01
3.567795873462743828e+01
3.567796436156081086e+01
3.567791764643659036e+01
3.567791309688169576e+01
3.567796170707263315e+01
3.567795571338233174e+01
3.567800565254435696e+01
3.567800697093177575e+01
3.567793988120085658e+01
3.567794639483830821e+01
3.567791981494916342e+01
3.567792124682863175e+01
3.567797785894592977e+01
3.567797145217085841e+01
3.688868022465574370e+01
3.688866151759723522e+01
3.688864419546072781e+01
3.688861609133519437e+01
3.688861453140678037e+01
3.688864487174157603e+01
3.688866550284962642e+01
3.688869712485143282e+01
3.688869360843701628e+01
3.688865086189820630e+01
3.688863213324638934e+01
3.688861581784304633e+01
3.688862281793430498e+01
3.688865746207360274e+01
3.688867390360363885e+01
3.688868314161650375e+01
3.809602634632933871e+01
3.809600286946361081e+01
3.809596536105867415e+01
3.809596855730134735e+01
3.809600275694028682e+01
3.809603017403874503e+01
3.809607142694891024e+01
3.809606668593757206e+01
3.809601120150830411e+01
3.809598492399128133e+01
3.809596934313556460e+01
3.809597511853274199e+01
3.809601896106698860e+01
3.809604192785099031e+01
3.809605147251126311e+01
3.809604661101421641e+01
3.930674654656756672e+01
3.930672968391903055e+01
3.930673882796047991e+01
3.930674820446436257e+01
3.930679527457024136e+01
3.930681417651381082e+01
3.930680583786949711e+01
3.930678116626707208e+01
3.930673537310558174e+01
3.930673451075014668e+01
3.930674236120738385e+01
3.930675909188366290e+01
3.930680431850328205e+01
3.930680191000357127e+01
3.930679268112734803e+01
3.930679247957311873e+01
4.051864477145949195e+01
4.051865431496564440e+01
4.051867282363254219e+01
4.051869578370542513e+01
4.051872536933046831e+01
4.051872143014514194e+01
4.051868262418015831e+01
4.051865944699473943e+01
4.051865463395181166e+01
4.051865431005791862e+01
4.051868059322848836e+01
4.051870961318685715e+01
4.051871185843937440e+01
4.051870599709277343e+01
4.051869815510233508e+01
4.051866992852689009e+01
4.172440527424777201e+01
4.172441506339174566e+01
4.172445864266017423e+01
4.172447749744012668e+01
4.172446935722494032e+01
4.172444525979951635e+01
4.172440306678812050e+01
4.172440188865607524e+01
4.172440914200739570e+01
4.172442493818235931e+01
4.172446898608206567e+01
4.172446330282463833e+01
4.172445462532142102e+01
4.172445810658719978e+01
4.172441361872178334e+01
4.172439665156279176e+01
4.293743807759172881e+01
4.293746700148379603e+01
4.293750245806369037e+01
4.293749695828672941e+01
4.293745127663237326e+01
4.293742478876880142e+01
4.293742104386220859e+01
4.293743268437205529e+01
4.293746576812463189e+01
4.293748201483056448e+01
4.293746811781450390e+01
4.293746495566252719e+01
4.293747441055688085e+01
4.293745597874163167e+01
4.293742090244172971e+01
4.293741769799979835e+01
4.414893157994740847e+01
4.414880601085240386e+01
4.414878961426216364e+01
4.414893812901458148e+01
4.414886717971638319e+01
4.414879788193200483e+01
4.414885465686727173e+01
4.414879539512017459e+01
4.414879803385956336e+01
4.414895788908660279e+01
4.414895673030127909e+01
4.414877941477625001e+01
4.414876473604874718e+01
4.414886912084425319e+01
4.414882967514504486e+01
4.414884817228993086e+01
4.533897346400564743e+01
4.533897030207601375e+01
4.533902312403575507e+01
4.533900788539961724e+01
4.533897049339378071e+01
4.533896687323272090e+01
4.533895356647456509e+01
4.533897964246595791e+01
4.533905291743830190e+01
4.533904860118688873e+01
4.533896337401293408e+01
4.533893717511178778e+01
4.533897313532720830e+01
4.533898487734873584e+01
4.533900478004204615e+01
4.533901946751760903e+01
4.642407432754353636e+01
4.642407992273679440e+01
4.642404472744537713e+01
4.642404603642349770e+01
4.642405499830266535e+01
4.642405210510287361e+01
4.642408376811552984e+01
4.642408021224719761e+01
4.642407502235450067e+01
4.642407947977596905e+01
4.642404457983303701e+01
4.642404622422495919e+01
4.642405042674314330e+01
4.642404763680182356e+01
4.642408525710820300e+01
4.642408152069546645e+01
