-4.719250199999999729e-01
-4.719232300000000269e-01
-4.719233999999999374e-01
-4.719252500000000738e-01
-4.719257399999999825e-01
-4.719244200000000111e-01
-4.719238900000000125e-01
-4.719245699999999877e-01
-4.719238700000000786e-01
-4.719227999999999756e-01
-4.719226300000000096e-01
-4.719236800000000120e-01
-4.719239100000000020e-01
-4.719228100000000259e-01
-4.719233600000000139e-01
-4.719250500000000126e-01
6.191609326252663914e-01
6.191621507536133606e-01
6.191611890000073837e-01
6.191590768910469889e-01
6.191533997128810807e-01
6.191523888306742496e-01
6.191545061374514880e-01
6.191567010679839278e-01
6.191622007211148304e-01
6.191634775965979554e-01
6.191625010796817374e-01
6.191606342160715926e-01
6.191545783918567247e-01
6.191529787384906225e-01
6.191544448340231543e-01
6.191563468973111384e-01
1.816003520832478957e+00
1.815997878608407223e+00
1.816018297058492381e+00
1.815979505858456244e+00
1.815996096699438400e+00
1.816002659012043940e+00
1.815981997906171541e+00
1.816020896075603019e+00
1.816005768809937138e+00
1.815998633711909838e+00
1.816018875601967508e+00
1.815981664549320973e+00
1.815996865828324092e+00
1.816002102501117266e+00
1.815981799503898264e+00
1.816019935452255263e+00
3.032218426524331711e+00
3.032219550176984413e+00
3.032214847359136822e+00
3.032216376670958891e+00
3.032218123648978469e+00
3.032217035256524529e+00
3.032222667856391940e+00
3.032221605735160974e+00
3.032219796786641997e+00
3.032220893876595547e+00
3.032215990841487407e+00
3.032217062586074263e+00
3.032217976979271867e+00
3.032216686124565630e+00
3.032221588245147093e+00
3.032220204855523793e+00
4.249583802402313815e+00
4.249581511598338857e+00
4.249581610000137566e+00
4.249582250737418576e+00
4.249584229513796885e+00
4.249587820244509651e+00
4.249588922605465058e+00
4.249587293347898864e+00
4.249585098102113712e+00
4.249582969949695865e+00
4.249582005766119330e+00
4.249582040108346170e+00
4.249583830641359583e+00
4.249587062452145680e+00
4.249587346541946253e+00
4.249585903543495746e+00
5.460576454502523269e+00
5.460573124879709361e+00
5.460574220159050363e+00
5.460579966031552601e+00
5.460583165292906216e+00
5.460586982831181935e+00
5.460584869457023593e+00
5.460579053843601649e+00
5.460577715501671925e+00
5.460574061697477610e+00
5.460574011949453244e+00
5.460579441582809501e+00
5.460582042840407269e+00
5.460585540093811474e+00
5.460583576027499220e+00
5.460577902201244171e+00
6.676696343742187345e+00
6.676696275611040399e+00
6.676710552959843170e+00
6.676708510729165269e+00
6.676717384656842391e+00
6.676716955724849356e+00
6.676702996868660200e+00
6.676705894974514166e+00
6.676697134196833083e+00
6.676696592857128465e+00
6.676709685936764949e+00
6.676707330033680776e+00
6.676716068151868910e+00
6.676715622365666292e+00
6.676701767863512771e+00
6.676704757596082729e+00
7.891954709070770235e+00
7.891964587931957986e+00
7.891966001597715774e+00
7.891972066457464408e+00
7.891970857451218180e+00
7.891961257260025064e+00
7.891960416834982617e+00
7.891954429506610857e+00
7.891954858205591172e+00
7.891963847740832705e+00
7.891964706341988212e+00
7.891970904239579809e+00
7.891969419784549800e+00
7.891959877022553194e+00
7.891959485904560090e+00
7.891953484540732866e+00
9.104043789901410832e+00
9.104046339695715417e+00
9.104052174454563939e+00
9.104051417883797015e+00
9.104041118931160526e+00
9.104038615798980771e+00
9.104032735408305044e+00
9.104033369907108764e+00
9.104042692898483224e+00
9.104044982439832623e+00
9.104051114717428561e+00
9.104050046222845083e+00
9.104039710572193300e+00
9.104037651504931716e+00
9.104031904407021258e+00
9.104032820270434812e+00
1.031917706029077131e+01
1.031917667953513984e+01
1.031917315875632113e+01
1.031917258946008964e+01
1.031915632232626479e+01
1.031915666254348452e+01
1.031915992915518743e+01
1.031915998861381389e+01
1.031917584869307980e+01
1.031917565471496800e+01
1.031917158261637724e+01
1.031917098175934022e+01
1.031915547297071178e+01
1.031915584415728482e+01
1.031915979236255509e+01
1.031916075762566365e+01
1.153423357981020203e+01
1.153423076865560226e+01
1.153423056629263144e+01
1.153421593008424040e+01
1.153421698152359021e+01
1.153421978373950196e+01
1.153421926288508637e+01
1.153423359529500836e+01
1.153423240216461032e+01
1.153422926664084613e+01
1.153422910622837172e+01
1.153421489772142650e+01
1.153421630271748555e+01
1.153421943485507839e+01
1.153422021714835211e+01
1.153423473912997643e+01
1.274687464453819352e+01
1.274687663086103662e+01
1.274685881117119735e+01
1.274686068464589717e+01
1.274686444881342595e+01
1.274686220022710614e+01
1.274687934416930268e+01
1.274687722746786278e+01
1.274687304111651365e+01
1.274687509482184922e+01
1.274685780899403476e+01
1.274685999476507448e+01
1.274686454397865987e+01
1.274686272932314779e+01
1.274688042098842722e+01
1.274687851768519842e+01
1.396181982595790849e+01
1.396181597822873677e+01
1.396181082009454499e+01
1.396181183833916783e+01
1.396181989540289869e+01
1.396182344409804088e+01
1.396182770004232232e+01
1.396182648420684203e+01
1.396181838082112669e+01
1.396181470897051646e+01
1.396181048741356001e+01
1.396181196434537419e+01
1.396182034112504944e+01
1.396182418868612451e+01
1.396182930859587401e+01
1.396182815314073267e+01
1.517677615047885631e+01
1.517676925202333749e+01
1.517676969382796059e+01
1.517677979823104728e+01
1.517677792206077214e+01
1.517678411554250317e+01
1.517678337738458083e+01
1.517677347985874547e+01
1.517677498927903201e+01
1.517676875732066222e+01
1.517677008241209258e+01
1.517677999641722231e+01
1.517677880871995200e+01
1.517678570204281208e+01
1.517678506627511403e+01
1.517677499004283703e+01
1.638964783529170788e+01
1.638964690845408256e+01
1.638966172021415346e+01
1.638965445082552819e+01
1.638966301584496321e+01
1.638966379048332200e+01
1.638964935778560772e+01
1.638965645389025738e+01
1.638964779571237784e+01
1.638964731693925359e+01
1.638966183423606182e+01
1.638965491541587127e+01
1.638966485486430003e+01
1.638966564789490121e+01
1.638965087336424631e+01
1.638965781132621302e+01
1.760451386268078977e+01
1.760451949826043005e+01
1.760451741147447891e+01
1.760452032531740940e+01
1.760451967819867747e+01
1.760451433399176224e+01
1.760451645143707111e+01
1.760451344808996410e+01
1.760451424346853599e+01
1.760451962767408318e+01
1.760451817275523467e+01
1.760452186697106924e+01
1.760452162600931203e+01
1.760451607844800392e+01
1.760451745629355003e+01
1.760451372633333733e+01
1.881939758814897701e+01
1.881940117577497062e+01
1.881939928404972662e+01
1.881939812091032138e+01
1.881939873723467826e+01
1.881939539246231874e+01
1.881939717754783103e+01
1.881939815918093473e+01
1.881939778683272380e+01
1.881940163298598634e+01
1.881940096145466512e+01
1.881940020838322170e+01
1.881940050716347557e+01
1.881939653500369403e+01
1.881939709257769522e+01
1.881939788749757270e+01
2.003238909367157916e+01
2.003238349385966899e+01
2.003238084175234235e+01
2.003238784413142426e+01
2.003237993764019365e+01
2.003238551942083490e+01
2.003238759456100837e+01
2.003238075549868924e+01
2.003238982092920395e+01
2.003238470772644320e+01
2.003238314869564718e+01
2.003239001686918996e+01
2.003238055514687233e+01
2.003238559563236620e+01
2.003238744195691368e+01
2.003238048225149370e+01
2.124721193593890334e+01
2.124721024927839608e+01
2.124722090494440252e+01
2.124721569847605451e+01
2.124722417159660637e+01
2.124722534085958969e+01
2.124721504692746876e+01
2.124722100707744588e+01
2.124721335420193924e+01
2.124721242619601824e+01
2.124722284771733527e+01
2.124721660432745907e+01
2.124722415902359529e+01
2.124722534604650903e+01
2.124721457464596241e+01
2.124722034432668494e+01
2.246205356216483295e+01
2.246205939197182744e+01
2.246206178942095377e+01
2.246206622668102071e+01
2.246206635535495977e+01
2.246206075814196979e+01
2.246205972065227741e+01
2.246205562392736610e+01
2.246205597807618304e+01
2.246206171103336757e+01
2.246206226011325313e+01
2.246206630298253160e+01
2.246206633156378274e+01
2.246206035261410250e+01
2.246205891748494565e+01
2.246205455468446388e+01
2.367507586556388333e+01
2.367508387734443076e+01
2.367508771812926582e+01
2.367508661092585953e+01
2.367508233067820100e+01
2.367507500533727693e+01
2.367507193545261757e+01
2.367507331757041555e+01
2.367507777802155289e+01
2.367508483626575355e+01
2.367508779934004082e+01
2.367508663920563095e+01
2.367508175048297403e+01
2.367507423036120073e+01
2.367507050501314581e+01
2.367507117761414648e+01
2.488993369733227823e+01
2.488993328557572582e+01
2.488992990451892595e+01
2.488993099645164619e+01
2.488990984194083111e+01
2.488991070927187010e+01
2.488991459827041197e+01
2.488991354656283050e+01
2.488993447251739966e+01
2.488993359189483101e+01
2.488992974775181821e+01
2.488993057998603931e+01
2.488990887691931775e+01
2.488990937190053643e+01
2.488991245047609624e+01
2.488991151297849669e+01
2.610476818886789729e+01
2.610476542260373023e+01
2.610476188373754880e+01
2.610474528511375070e+01
2.610474319645202357e+01
2.610474619230165771e+01
2.610474967935421020e+01
2.610476629364812595e+01
2.610476838937005795e+01
2.610476526161782829e+01
2.610476138132023749e+01
2.610474445826564249e+01
2.610474144243385552e+01
2.610474426096465450e+01
2.610474802383568615e+01
2.610476501948483730e+01
2.731775435549909048e+01
2.731775004007116081e+01
2.731772825254357429e+01
2.731772552064290238e+01
2.731772957612739106e+01
2.731773378537122454e+01
2.731775581060827918e+01
2.731775854619782251e+01
2.731775398725800486e+01
2.731774963844160098e+01
2.731772708359974544e+01
2.731772377747171632e+01
2.731772784895985851e+01
2.731773221850890820e+01
2.731775457005246466e+01
2.731775793382279716e+01
2.853262251535917926e+01
2.853261574277902213e+01
2.853260153688844980e+01
2.853260286246773703e+01
2.853262387348049245e+01
2.853263085752850259e+01
2.853264505383920024e+01
2.853264336996894102e+01
2.853262197532432154e+01
2.853261476644570038e+01
2.853259961059010763e+01
2.853260114426964478e+01
2.853262244754852972e+01
2.853262935800243127e+01
2.853264466451129522e+01
2.853264360036479985e+01
2.974747483350425981e+01
2.974746227608204663e+01
2.974746467117271820e+01
2.974748302073071571e+01
2.974749476392722869e+01
2.974750734260351592e+01
2.974750437298218486e+01
2.974748580243628737e+01
2.974747343984626013e+01
2.974746043469036749e+01
2.974746315224984627e+01
2.974748164261676564e+01
2.974749337461154397e+01
2.974750649098927724e+01
2.974750470591659735e+01
2.974748631498968265e+01
3.096033615500098435e+01
3.096033716263113789e+01
3.096036667168288758e+01
3.096037116848989612e+01
3.096039115258229302e+01
3.096038991113075411e+01
3.096035974742985886e+01
3.096035488046159401e+01
3.096033438991395315e+01
3.096033557212390974e+01
3.096036528247521602e+01
3.096036975257775836e+01
3.096039049932467790e+01
3.096038986403878113e+01
3.096036060839270831e+01
3.096035619991942411e+01
3.217529975812112042e+01
3.217531279856432747e+01
3.217533882393557576e+01
3.217534747133191786e+01
3.217534205052478313e+01
3.217532868240905231e+01
3.217530183687271972e+01
3.217529298670147142e+01
3.217529819379483058e+01
3.217531129355473496e+01
3.217533763399326574e+01
3.217534653692900548e+01
3.217534213226858952e+01
3.217532945203762296e+01
3.217530340272636380e+01
3.217529460415275366e+01
3.339026564595192070e+01
3.339028806799791482e+01
3.339029996887699525e+01
3.339029567375179397e+01
3.339027650279529524e+01
3.339025355679412854e+01
3.339024145273305066e+01
3.339024563722041705e+01
3.339026413130353177e+01
3.339028691180768504e+01
3.339029915178280561e+01
3.339029526230283551e+01
3.339027774444426200e+01
3.339025515099402242e+01
3.339024291512793496e+01
3.339024725474600785e+01
3.460294187493212803e+01
3.460294508356001586e+01
3.460293681875371163e+01
3.460293103642752044e+01
3.460288829314379200e+01
3.460288503896077117e+01
3.460289295633670292e+01
3.460289836019531151e+01
3.460294092195145765e+01
3.460294417065447448e+01
3.460293670962560242e+01
3.460293195746578476e+01
3.460288992751903692e+01
3.460288644810665204e+01
3.460289467482164838e+01
3.460290005641333266e+01
3.581800497098964087e+01
3.581800061462882212e+01
3.581797883341252486e+01
3.581795643334611157e+01
3.581794241575380511e+01
3.581794655567799168e+01
3.581796776709182950e+01
3.581799016555683579e+01
3.581800412687108803e+01
3.581800010577193660e+01
3.581798017101408504e+01
3.581795808063289144e+01
3.581794378702560522e+01
3.581794820792982392e+01
3.581796933712102771e+01
3.581799124797572631e+01
3.703312391847438079e+01
3.703310823834608811e+01
3.703307567595113881e+01
3.703306528162425337e+01
3.703307155618144719e+01
3.703308691479985271e+01
3.703311942000385670e+01
3.703312977116029714e+01
3.703312383104439931e+01
3.703310916240098294e+01
3.703307729696554418e+01
3.703306667587085599e+01
3.703307329777035051e+01
3.703308864273854795e+01
3.703312037573936522e+01
3.703313066916953744e+01
3.824517615738380982e+01
3.824516478247344509e+01
3.824514155455802467e+01
3.824514392270953067e+01
3.824517785826242289e+01
3.824518914179490992e+01
3.824521203623174159e+01
3.824520991431158734e+01
3.824517725336104945e+01
3.824516624211931770e+01
3.824514316688959781e+01
3.824514557141895210e+01
3.824517934204062186e+01
3.824519042613118813e+01
3.824521276724075847e+01
3.824521013834031891e+01
3.946041534713425847e+01
3.946040175426590224e+01
3.946040670503846570e+01
3.946042635813139299e+01
3.946045077581788263e+01
3.946046377994947107e+01
3.946045941815900449e+01
3.946044075479985480e+01
3.946041688394661406e+01
3.946040345793907989e+01
3.946040827681008523e+01
3.946042784438220963e+01
3.946045205068482886e+01
3.946046471500575592e+01
3.946045922202676337e+01
3.946044001850333416e+01
4.067652632306536020e+01
4.067652873739474018e+01
4.067656009252859661e+01
4.067657249397388597e+01
4.067659300901499364e+01
4.067659087328618739e+01
4.067656130326154340e+01
4.067654917019460470e+01
4.067652816172397223e+01
4.067653052670311808e+01
4.067656161887532562e+01
4.067657389429156467e+01
4.067659346952228105e+01
4.067659078416129859e+01
4.067656054333693305e+01
4.067654804219268527e+01
4.188753077122318302e+01
4.188754394713200924e+01
4.188757619691656942e+01
4.188758443437861700e+01
4.188757864641357997e+01
4.188756670268134030e+01
4.188753538097419238e+01
4.188752654745549364e+01
4.188753300552086500e+01
4.188754606325469609e+01
4.188757699722781069e+01
4.188758474218036554e+01
4.188757845313378425e+01
4.188756621020660020e+01
4.188753431158774276e+01
4.188752512384402138e+01
4.310491598465575436e+01
4.310493554805285044e+01
4.310494950650318913e+01
4.310494599472202992e+01
4.310492635735007383e+01
4.310490733752510550e+01
4.310489383907830074e+01
4.310489772927984831e+01
4.310491791587853783e+01
4.310493660534780247e+01
4.310494967054241044e+01
4.310494602905778549e+01
4.310492562817092477e+01
4.310490635553045280e+01
4.310489230694751228e+01
4.310489560982664869e+01
4.432116848555339317e+01
4.432115626567871658e+01
4.432114609346101730e+01
4.432116476021904816e+01
4.432111207673305131e+01
4.432112250641836937e+01
4.432113382901135878e+01
4.432111711542860633e+01
4.432116811248568666e+01
4.432115692065664803e+01
4.432114727046835156e+01
4.432116305356438346e+01
4.432111017021140498e+01
4.432112250692757272e+01
4.432113131305638376e+01
4.432111425270710470e+01
4.551800149567537090e+01
4.551799771865493938e+01
4.551798838002733305e+01
4.551797042608213673e+01
4.551796328977006567e+01
4.551796790575512830e+01
4.551797772012150745e+01
4.551799383358011397e+01
4.551800153269667248e+01
4.551799892378250689e+01
4.551798675944339578e+01
4.551796900724469452e+01
4.551796302819738571e+01
4.551796515171376711e+01
4.551797472652870624e+01
4.551799395585040031e+01
4.660907429887881648e+01
4.660907991636894110e+01
4.660904458082425350e+01
4.660904589501862461e+01
4.660905489261089230e+01
4.660905198788170622e+01
4.660908377707148986e+01
4.660908020703304544e+01
4.660907499645860952e+01
4.660907947164290732e+01
4.660904443262367636e+01
4.660904608356850076e+01
4.660905030283370820e+01
4.660904750177446232e+01
4.660908527199780593e+01
4.660908152069546873e+01
