-4.719250199999999729e-01
-4.719232300000000269e-01
-4.719233999999999374e-01
-4.719252500000000738e-01
-4.719257399999999825e-01
-4.719244200000000111e-01
-4.719238900000000125e-01
-4.719245699999999877e-01
-4.719238700000000786e-01
-4.719227999999999756e-01
-4.719226300000000096e-01
-4.719236800000000120e-01
-4.719239100000000020e-01
-4.719228100000000259e-01
-4.719233600000000139e-01
-4.719250500000000126e-01
6.167164080658849024e-01
6.167189214253885332e-01
6.167169240600935964e-01
6.167128717026006957e-01
6.167019505657248546e-01
6.166996366079351422e-01
6.167025391823467428e-01
6.167067781492329148e-01
6.167178590027168061e-01
6.167202837471470467e-01
6.167180082317270662e-01
6.167142252570234628e-01
6.167032721108487436e-01
6.167004839617599155e-01
6.167025061550830412e-01
6.167062662090494474e-01
1.810841466890646290e+00
1.810837713970823160e+00
1.810831865128360585e+00
1.810814382888952911e+00
1.810811816754857473e+00
1.810814554734592852e+00
1.810820781650953837e+00
1.810839876904434043e+00
1.810843077879246366e+00
1.810838814298780575e+00
1.810832885717955199e+00
1.810815985038121800e+00
1.810812587200378188e+00
1.810814439189327940e+00
1.810820131017784052e+00
1.810838844685521698e+00
3.025320188535989274e+00
3.025313010249944146e+00
3.025295385022984451e+00
3.025291050204369725e+00
3.025295283860332862e+00
3.025302732971589137e+00
3.025321197817857577e+00
3.025325699189159501e+00
3.025321662928151856e+00
3.025314492287236590e+00
3.025296330077026585e+00
3.025291681211269346e+00
3.025295308850197706e+00
3.025302317904853489e+00
3.025320070880642476e+00
3.025324445472243884e+00
4.240881623540194489e+00
4.240870531125929155e+00
4.240858407644459760e+00
4.240860704988956620e+00
4.240880376788056516e+00
4.240892837196561516e+00
4.240905438427824414e+00
4.240902324855243322e+00
4.240883086330257790e+00
4.240871704119479446e+00
4.240858862954241637e+00
4.240860827938740307e+00
4.240879722186230438e+00
4.240891887621806688e+00
4.240904160067865192e+00
4.240900867996624690e+00
5.449813939417905928e+00
5.449806483721335582e+00
5.449812540517863901e+00
5.449824386182738678e+00
5.449853556978267122e+00
5.449861320110572116e+00
5.449854509987679840e+00
5.449842774754371177e+00
5.449815015192914558e+00
5.449807243349791719e+00
5.449812406865457426e+00
5.449823909500352670e+00
5.449852509830667380e+00
5.449859983945575692e+00
5.449853032393124685e+00
5.449841421756778104e+00
6.664173526876693288e+00
6.664177000343982193e+00
6.664204011339358580e+00
6.664220230228981023e+00
6.664238041846940241e+00
6.664234265868605789e+00
6.664207283793677661e+00
6.664191728419118554e+00
6.664173957972921336e+00
6.664176971429045970e+00
6.664203574158725552e+00
6.664219437597918017e+00
6.664236474087982032e+00
6.664232729071137840e+00
6.664205977286618676e+00
6.664190491706277975e+00
7.877587494084887787e+00
7.877601645961595622e+00
7.877636247148026349e+00
7.877645833089914618e+00
7.877638421866296703e+00
7.877623981518154572e+00
7.877589699077605978e+00
7.877580291354225217e+00
7.877587170502049041e+00
7.877601440204463401e+00
7.877635382868720448e+00
7.877644268276845274e+00
7.877636846825945227e+00
7.877622631617151150e+00
7.877588531720795650e+00
7.877579703736484085e+00
9.087789494698675696e+00
9.087807137710457894e+00
9.087827103175371235e+00
9.087823451442806899e+00
9.087793179135209343e+00
9.087775463933924769e+00
9.087755743405686815e+00
9.087759368448995900e+00
9.087789274729750844e+00
9.087806576153237614e+00
9.087825440443442204e+00
9.087821757013289314e+00
9.087791743046450321e+00
9.087774157048263746e+00
9.087755555922900186e+00
9.087759624286096738e+00
1.030111538907524782e+01
1.030112561127000426e+01
1.030111854493272183e+01
1.030110298404384395e+01
1.030106742483051718e+01
1.030105735423462754e+01
1.030106474208791134e+01
1.030108005899108292e+01
1.030111467307194140e+01
1.030112436631152306e+01
1.030111665514924191e+01
1.030110121988585092e+01
1.030106651587000144e+01
1.030105697980621926e+01
1.030106499907527606e+01
1.030108035935869815e+01
1.151434744282916789e+01
1.151434423559040710e+01
1.151431359475289185e+01
1.151429620843919643e+01
1.151427634082878093e+01
1.151428009203844027e+01
1.151431020911342884e+01
1.151432687189086401e+01
1.151434612160054805e+01
1.151434223751344454e+01
1.151431181045373719e+01
1.151429524269317817e+01
1.151427626562751705e+01
1.151428014088840079e+01
1.151431063326799986e+01
1.151432739017501206e+01
1.272510369613739911e+01
1.272508917576576515e+01
1.272505609441915375e+01
1.272504668476733336e+01
1.272505391954050324e+01
1.272506813949437365e+01
1.272509979947336234e+01
1.272510897343511971e+01
1.272510140513982080e+01
1.272508697235707409e+01
1.272505561285986886e+01
1.272504657917722604e+01
1.272505396697956215e+01
1.272506850394061750e+01
1.272510042980735712e+01
1.272510990967137090e+01
1.393819482456163250e+01
1.393817933898584194e+01
1.393816241529767908e+01
1.393816583007419929e+01
1.393819148259062857e+01
1.393820628071919998e+01
1.393822245151506856e+01
1.393821876833176532e+01
1.393819292482874594e+01
1.393817845104564945e+01
1.393816240448549237e+01
1.393816583017146016e+01
1.393819192364309068e+01
1.393820682497515229e+01
1.393822374862009816e+01
1.393822084843184861e+01
1.515129349069497344e+01
1.515128610231386652e+01
1.515129212158871574e+01
1.515130338783277786e+01
1.515133010366326261e+01
1.515133693027966189e+01
1.515133032853018769e+01
1.515131914170797067e+01
1.515129289528024970e+01
1.515128605007433649e+01
1.515129229470252525e+01
1.515130361011359739e+01
1.515133072761728528e+01
1.515133804888868063e+01
1.515133260217359812e+01
1.515132130265006793e+01
1.636229588521856826e+01
1.636229834599095057e+01
1.636231718796888757e+01
1.636232840728444415e+01
1.636233927772777008e+01
1.636233643264801429e+01
1.636231801099776817e+01
1.636230706442499283e+01
1.636229602068938860e+01
1.636229866915230957e+01
1.636231732194623945e+01
1.636232878390412537e+01
1.636234092314546018e+01
1.636233849770262339e+01
1.636231979160304562e+01
1.636230822084868208e+01
1.757532819863273943e+01
1.757533571599708466e+01
1.757535270548367023e+01
1.757535666349065551e+01
1.757535216934579836e+01
1.757534504781632734e+01
1.757532848385076463e+01
1.757532436215661065e+01
1.757532860984692746e+01
1.757533582081088852e+01
1.757535343566146580e+01
1.757535820629270518e+01
1.757535413700355065e+01
1.757534682012674665e+01
1.757532950312142361e+01
1.757532460342675051e+01
1.878838318126867080e+01
1.878838859510415560e+01
1.878839405193539491e+01
1.878839240900593666e+01
1.878838211504287514e+01
1.878837694643490863e+01
1.878837123858865255e+01
1.878837274345999475e+01
1.878838328665584356e+01
1.878838905073066456e+01
1.878839592621131160e+01
1.878839434026149391e+01
1.878838370202674923e+01
1.878837832596229163e+01
1.878837121941709043e+01
1.878837230141246550e+01
1.999950221625581648e+01
1.999950317337658845e+01
1.999950116796585675e+01
1.999949869111994616e+01
1.999949448211389225e+01
1.999949341642102141e+01
1.999949519449978652e+01
1.999949779500740021e+01
1.999950312909593819e+01
1.999950476525436827e+01
1.999950300685431870e+01
1.999950035405100834e+01
1.999949558778390823e+01
1.999949384396921204e+01
1.999949482383717836e+01
1.999949754336365970e+01
2.121249121591485931e+01
2.121249083943724756e+01
2.121249113187172597e+01
2.121249238064405063e+01
2.121249363678650823e+01
2.121249384708977104e+01
2.121249399154073956e+01
2.121249335552252191e+01
2.121249284699615600e+01
2.121249264392364964e+01
2.121249269358857603e+01
2.121249359182088057e+01
2.121249396078374616e+01
2.121249379780875088e+01
2.121249342941677440e+01
2.121249246350106787e+01
2.242548859546189632e+01
2.242549185561414404e+01
2.242549951893771265e+01
2.242550221552693657e+01
2.242550160654788982e+01
2.242549866634171707e+01
2.242549199786409986e+01
2.242548950438628452e+01
2.242549039535158428e+01
2.242549358467666565e+01
2.242550042464880633e+01
2.242550287688968780e+01
2.242550159056023062e+01
2.242549802711204876e+01
2.242549075124941282e+01
2.242548817335771361e+01
2.363664230392003773e+01
2.363664977261460010e+01
2.363665871972596477e+01
2.363665773400059322e+01
2.363664643122825026e+01
2.363663937139835269e+01
2.363663067477931889e+01
2.363663197461522358e+01
2.363664386597778844e+01
2.363665081133821388e+01
2.363665942266046827e+01
2.363665814709959534e+01
2.363664532279686981e+01
2.363663797887069862e+01
2.363662936034876338e+01
2.363663032157744226e+01
2.484965987633431439e+01
2.484966640348241640e+01
2.484966342344853985e+01
2.484965473068724506e+01
2.484963475260895294e+01
2.484962828586263939e+01
2.484963204231210199e+01
2.484964107776475117e+01
2.484966081799508331e+01
2.484966727834190081e+01
2.484966354099166708e+01
2.484965390632758542e+01
2.484963323283797365e+01
2.484962695311287817e+01
2.484963039629614912e+01
2.484963943633714933e+01
2.606266795977822781e+01
2.606266582882614813e+01
2.606264434230367755e+01
2.606263051647254869e+01
2.606261517323176591e+01
2.606261779322805339e+01
2.606263980162880500e+01
2.606265348413383265e+01
2.606266883209048402e+01
2.606266624204619831e+01
2.606264316427558470e+01
2.606262893679015846e+01
2.606261370133400135e+01
2.606261633918243703e+01
2.606263841583763252e+01
2.606265227331097734e+01
2.727378269113816245e+01
2.727376892842088196e+01
2.727373575840541164e+01
2.727372616148277373e+01
2.727373237006031204e+01
2.727374633282807892e+01
2.727377953758054829e+01
2.727378913630408874e+01
2.727378260315069269e+01
2.727376815931340914e+01
2.727373405444135557e+01
2.727372442702793620e+01
2.727373110484044716e+01
2.727374511563590076e+01
2.727377816404130328e+01
2.727378801125231078e+01
2.848680289958514322e+01
2.848678285155477496e+01
2.848676148674892517e+01
2.848676519486325986e+01
2.848679668136355403e+01
2.848681685393881224e+01
2.848683820871940497e+01
2.848683420497465946e+01
2.848680195413905736e+01
2.848678138041521279e+01
2.848675966977426199e+01
2.848676383351590502e+01
2.848679549617360252e+01
2.848681533289460432e+01
2.848683735997612132e+01
2.848683409991920712e+01
2.969979417651670062e+01
2.969978174149206041e+01
2.969978976811635007e+01
2.969980822214640170e+01
2.969985135952424926e+01
2.969986377756410079e+01
2.969985506457308233e+01
2.969983633544049084e+01
2.969979250257926395e+01
2.969977976399514930e+01
2.969978857824955298e+01
2.969980715394866877e+01
2.969984977724943320e+01
2.969986261195479216e+01
2.969985533454194027e+01
2.969983698046316078e+01
3.091078080182042243e+01
3.091078533172359144e+01
3.091082566893647865e+01
3.091085000270313188e+01
3.091087702823119443e+01
3.091087208326933222e+01
3.091083118878747982e+01
3.091080659120664365e+01
3.091077894706686280e+01
3.091078388423328249e+01
3.091082445220165198e+01
3.091084850176869736e+01
3.091087621090341742e+01
3.091087200796644652e+01
3.091083211112629670e+01
3.091080803380692643e+01
3.212390903334109993e+01
3.212393158989639375e+01
3.212398146746006233e+01
3.212399649542677338e+01
3.212398628721451388e+01
3.212396352838608493e+01
3.212391317681451142e+01
3.212389775436642481e+01
3.212390750792788197e+01
3.212393017485091207e+01
3.212398020211557537e+01
3.212399552949565873e+01
3.212398643330330827e+01
3.212396424964153852e+01
3.212391473051258117e+01
3.212389947638681775e+01
3.333705928035572441e+01
3.333708616347322362e+01
3.333711631275164677e+01
3.333711081679145138e+01
3.333706504914329116e+01
3.333703794940450393e+01
3.333700717437037753e+01
3.333701221932231817e+01
3.333705770777520883e+01
3.333708500778914186e+01
3.333711568150478399e+01
3.333711056893270808e+01
3.333706608262303916e+01
3.333703931622628147e+01
3.333700874697472472e+01
3.333701400719417762e+01
3.454786646241747405e+01
3.454788218262980592e+01
3.454787074297965432e+01
3.454784685207761186e+01
3.454779076515180236e+01
3.454777467111828315e+01
3.454778502005798657e+01
3.454780884644047489e+01
3.454786564336995980e+01
3.454788158313078128e+01
3.454787075133081231e+01
3.454784756295740777e+01
3.454779210656015920e+01
3.454777606720844574e+01
3.454778704738910022e+01
3.454781077598243400e+01
3.576110529696566687e+01
3.576109917433568341e+01
3.576105321086126310e+01
3.576102322912654330e+01
3.576099208477558022e+01
3.576099750349673201e+01
3.576104350064591841e+01
3.576107406689361312e+01
3.576110492843208277e+01
3.576109900148232867e+01
3.576105411048455096e+01
3.576102438820088025e+01
3.576099360866044918e+01
3.576099951458534321e+01
3.576104530089120459e+01
3.576107513488727108e+01
3.697439099927778017e+01
3.697436803684486506e+01
3.697431097170774450e+01
3.697429536589267229e+01
3.697430581184510601e+01
3.697432878011431967e+01
3.697438681445703423e+01
3.697440234405726756e+01
3.697439114136368232e+01
3.697436857205898519e+01
3.697431209359635318e+01
3.697429676286702716e+01
3.697430803024495560e+01
3.697433090472200945e+01
3.697438759588996504e+01
3.697440268412583464e+01
3.818453108463769752e+01
3.818450319861548081e+01
3.818447130904848308e+01
3.818447646503202009e+01
3.818452309655788213e+01
3.818455136833055974e+01
3.818458302526229886e+01
3.818457761313482735e+01
3.818453150881126135e+01
3.818450394036075579e+01
3.818447317103809979e+01
3.818447859560004787e+01
3.818452490685567113e+01
3.818455269113638906e+01
3.818458304754199162e+01
3.818457730084725199e+01
3.939790116878717896e+01
3.939788401347726676e+01
3.939789327972707156e+01
3.939791814924429048e+01
3.939796768540092842e+01
3.939798437538038911e+01
3.939797509474782089e+01
3.939795070812159139e+01
3.939790213276001651e+01
3.939788570815921531e+01
3.939789539445004607e+01
3.939792008711952320e+01
3.939796877022509847e+01
3.939798468038963364e+01
3.939797462235575409e+01
3.939795041180453694e+01
4.061225566042521251e+01
4.061225968382646556e+01
4.061230466657116978e+01
4.061232611548054905e+01
4.061235627653395142e+01
4.061235235951016165e+01
4.061230833962889619e+01
4.061228725965571584e+01
4.061225771660907924e+01
4.061226190326895136e+01
4.061230647688636708e+01
4.061232756187148141e+01
4.061235611549010827e+01
4.061235177443033706e+01
4.061230817670350746e+01
4.061228677746322546e+01
4.182122381103379638e+01
4.182124438964628155e+01
4.182128624829902463e+01
4.182129984454473970e+01
4.182129211277995040e+01
4.182127231521587163e+01
4.182123139422810709e+01
4.182121778155932645e+01
4.182122634868537858e+01
4.182124674407140930e+01
4.182128697601172718e+01
4.182129979464510683e+01
4.182129171487994768e+01
4.182127208799084173e+01
4.182123067998483634e+01
4.182121634019917877e+01
4.303682652984375778e+01
4.303684992107422147e+01
4.303687121197549459e+01
4.303686686257083949e+01
4.303683648648181759e+01
4.303681366714480561e+01
4.303679350695951200e+01
4.303679848202889247e+01
4.303682880697619595e+01
4.303685081950509073e+01
4.303687092407871972e+01
4.303686671054656898e+01
4.303683604166236165e+01
4.303681310587214881e+01
4.303679202178416574e+01
4.303679596138160690e+01
4.425134085105688797e+01
4.425134096331649403e+01
4.425133214122949710e+01
4.425133257046861956e+01
4.425128705405176532e+01
4.425128479660834557e+01
4.425129496979365484e+01
4.425129682281406929e+01
4.425134030682226438e+01
4.425134164124230551e+01
4.425133347704832687e+01
4.425133071942099861e+01
4.425128514947687108e+01
4.425128492380599710e+01
4.425129235447680998e+01
4.425129387034267836e+01
4.544545367842532357e+01
4.544544923191710950e+01
4.544543769130931565e+01
4.544541613173520034e+01
4.544540682882620075e+01
4.544541233486867782e+01
4.544542487287971255e+01
4.544544427954361510e+01
4.544545398990475604e+01
4.544545081795605057e+01
4.544543567260475925e+01
4.544541436977038984e+01
4.544540685775547217e+01
4.544540968347011045e+01
4.544542186747082724e+01
4.544544459764576771e+01
4.653407431049965481e+01
4.653407991895049634e+01
4.653404464026525744e+01
4.653404595234492547e+01
4.653405493545890437e+01
4.653405203540380342e+01
4.653408377344069891e+01
4.653408020914689303e+01
4.653407500695693955e+01
4.653407947494009278e+01
4.653404449230313844e+01
4.653404614059138567e+01
4.653405035306727200e+01
4.653404755651527580e+01
4.653408526596148675e+01
4.653408152069546588e+01
