9.807535898832763464e-04
1.388044089984433703e-03
-5.078078939578147682e-04
1.962361799429789000e-03
-1.698902089833424084e-03
1.386982330683622991e-03
-1.894728992862540484e-03
-7.556442106343430609e-07
-9.807628193612223568e-04
-1.388036274745727081e-03
5.078081154427510624e-04
-1.962372461166144756e-03
1.698900324470028686e-03
-1.386987275419198848e-03
1.894732823830284907e-03
7.520375836849932383e-07
5.761884025456964764e-15
2.099015405931936584e-16
-4.909267437014364077e-16
1.179611963664228824e-16
9.645062526431047445e-16
-4.723652025084845718e-15
-1.842276331487369134e-15
-3.270604273519772676e-15
-6.663940232964904453e-15
-1.821459649775647449e-16
-4.822531263215523722e-16
1.762479051592436008e-15
-1.981054209565513702e-15
3.066991105526994943e-15
9.593020822151743232e-16
3.229838271834317709e-15
-1.598721155460225418e-14
1.377370439925584833e-14
-5.044922812835750392e-14
5.301835359627915523e-14
-3.871902798380233435e-15
1.761958634549642966e-14
2.226756105894178717e-14
1.418656858653832842e-14
2.565309076274502331e-14
-2.080974281781777790e-14
8.869988077364610035e-14
-9.471243234138171374e-14
7.598088824778415074e-16
-6.663940232964904453e-15
-1.918777636777946327e-14
-1.444504238445887268e-14
3.785166624581393080e-15
-7.589415207398531038e-15
-1.006139616066548115e-15
-5.178149575790769177e-15
-1.290634266126744478e-15
-1.027303242473465161e-14
-1.319517412001758316e-14
-4.644722106927900995e-15
-7.072467611557442524e-15
1.349267919614760558e-14
-1.769417945496343236e-15
1.424207973776958625e-15
6.969251564736822502e-16
8.162307635339871581e-15
1.324981790951085259e-14
3.629041511743480442e-15
1.743397093356691130e-15
1.429412144204889046e-15
-1.847480501915299556e-15
-2.593411596585326606e-16
3.441257695468991074e-15
-1.377370439925584833e-15
1.734723475976807094e-18
4.274358644806852681e-15
-2.785965902418752194e-15
-2.215241878822382660e-15
1.689620665601410110e-15
5.637851296924623057e-16
-2.219578687512324677e-15
-2.255140518769849223e-16
4.163336342344337027e-16
-2.239528007486057959e-15
-2.576237834173156216e-14
2.728199610668724517e-14
6.938893903907228378e-17
-9.606031248221569285e-16
2.456021497287963484e-14
-1.963706974805745631e-14
3.351485755587191306e-15
-4.780897899792080352e-15
3.078613752816039550e-14
-3.251565683370927218e-14
1.418136441611039800e-15
-2.038083243838251235e-15
-1.208321637191644982e-14
9.485467966641181192e-15
-1.162264728904460753e-16
7.355227538141662080e-16
-7.251144129583053655e-16
8.257283745649601769e-16
-1.048423500793482788e-16
-1.798040882849960553e-15
-2.406061461179831440e-15
-3.799044412389207537e-16
3.903127820947815962e-15
-2.619432448724978713e-15
3.989863994746656317e-17
1.214306433183764966e-17
6.376192976387251576e-16
2.085137618124122127e-15
3.365363543395005763e-16
-4.996003610813204432e-16
-2.027891743416887493e-15
3.295974604355933479e-16
-2.138914045879403147e-15
-2.964425580009866223e-15
-2.799843690226566650e-15
7.261552470438914497e-15
-3.521488656232918402e-16
1.131039706336878226e-15
-7.273695534770752147e-15
3.337607967779376850e-15
3.157196726277788912e-16
1.727784582072899866e-15
1.381707248615526851e-15
-1.899522206194603768e-15
3.556183125752454544e-16
2.810252031082427493e-16
5.370703881624194764e-15
-3.302913498259840708e-15
1.296120329119521131e-14
-7.664875678603522147e-15
2.177771851741283626e-14
-1.726049858596923059e-14
9.860168237452171525e-14
-1.073811178864403360e-13
2.348815586472596806e-15
6.930220286527344342e-16
-9.054389182860944629e-15
4.424412225478846494e-15
-7.653599976009672901e-15
1.892583312290696540e-15
-2.721434189112414970e-14
3.165002981919684544e-14
-1.916175551563981116e-14
1.635497293150933729e-14
1.132774429812855033e-14
-1.693957474291352128e-14
-1.072059108153666784e-15
2.105607355140648451e-14
1.284042316918032611e-14
-2.838874968436044810e-14
-2.092076512028029356e-15
7.864802559209849164e-16
-3.911801438327699998e-15
8.722189637211386071e-15
6.376843497690742879e-15
-7.851358452271028909e-15
-1.923634862510681387e-14
1.901430402018178256e-14
8.246008043055752523e-15
-9.441232518003772611e-16
-1.126355952951740846e-14
4.909267437014364077e-16
-3.221728439584126136e-14
3.754462019056603594e-14
-2.151057110211240797e-15
-1.244664094013359090e-15
-4.018703772534770735e-15
-5.925815393936773035e-15
-3.087807787238716628e-16
7.476658181460038577e-16
-1.136937766155199370e-14
2.504940699310509444e-15
1.352043477176323449e-14
-5.257079493947713900e-15
-2.667137344314340908e-17
1.422126305605786456e-14
1.880440247958858890e-15
9.374445664178665538e-15
-1.147866524053853254e-14
-6.973588373426764520e-15
1.121498727219005787e-15
-2.662800535624398890e-16
1.139192906673969219e-14
-2.011238398047510145e-14
7.714315297668861149e-15
-1.183428355311377800e-14
1.672793847884435081e-14
-4.158132171916406605e-15
2.836272883222079599e-15
-2.494749198889145703e-15
1.284822942482222174e-14
-3.153727279325835298e-15
4.480443793752897363e-14
-1.197132670771594576e-14
-2.684658051421706659e-14
-6.395925455926487757e-15
-6.889996385928132128e-15
1.073793831629643591e-15
1.327410403817452789e-14
5.462644225850965540e-15
-3.021888295151597958e-14
-7.100223187173071437e-15
1.211183930927006713e-14
1.144657285623296161e-14
1.032203836293099641e-14
7.231194809609320373e-15
-2.245599539651976784e-14
-3.396588565962588291e-15
7.358176568050822652e-14
-8.739016454928361100e-14
4.068793912903601040e-15
-2.400857290751901019e-15
-5.560395893722258620e-14
4.849072532397968871e-14
-1.230959778553142314e-14
4.746203430272544210e-15
-6.956935028057387171e-14
8.960193698115404004e-14
-3.585673424844060264e-15
9.855397747893235305e-16
4.908920492319168716e-14
-3.825585681571652685e-14
1.218816714221304665e-14
-1.998401444325281773e-15
-3.368312573304166335e-14
5.629177679544739021e-16
-3.063521658575041329e-15
-1.947487310305362485e-14
1.894144563419075666e-14
3.689756833402668690e-15
7.917277944358147579e-15
-4.757479132866393456e-14
2.485858741074764566e-14
3.845014584502592925e-15
3.164135620181696140e-15
2.430347589843506739e-14
-2.348468641777401444e-14
-7.070732888081465717e-15
1.321859288694327006e-15
3.549591176543742677e-14
1.693957474291352128e-15
-1.778091562876227272e-15
-7.984064798183254652e-15
7.651865252533696093e-15
-7.906869603502286736e-15
-3.083297506201176930e-14
2.020952849512980265e-14
2.600177018141636154e-14
4.735795089416683368e-16
1.376936759056590631e-15
3.964710504344992614e-15
-2.038300084272748336e-15
8.191364253562483100e-15
3.645000967722467067e-14
-2.423582168287197192e-14
-2.635218432356367657e-14
-6.348220560337125562e-15
-2.379606928171185132e-14
2.158863365853136429e-14
1.241541591756600837e-14
-1.593170040337099636e-14
-2.976438540081005613e-14
3.540744086816260960e-14
2.763414497231053701e-15
5.263584706982626926e-15
2.348121697082206083e-14
-2.465215531710640562e-14
-8.949438412564347800e-15
-6.938893903907228378e-17
4.723825497432443399e-14
-2.922141695282931551e-14
-7.361299070307580905e-15
-4.025859506873175064e-14
2.806088694740083156e-14
-1.075702027453218079e-14
-1.586925035823583130e-14
-5.756506382681436662e-14
9.914465082250245587e-14
-3.299444051307887094e-15
1.147085898489663691e-16
7.192510476095037575e-14
-6.402690877482797305e-14
2.063800519369607400e-14
-4.669875597329564698e-15
8.107750582020400998e-14
-1.032472718431876046e-13
3.902260459209827559e-15
-1.299524723941125615e-15
3.457477359969374220e-14
1.688926776211019387e-14
-6.966302534827661930e-14
-4.310787837802365630e-15
3.892546007744357439e-14
1.537658889105841808e-14
1.491211668036562799e-14
1.298527257942438951e-14
-2.896467787838474806e-14
-1.170244456893954066e-14
5.704811623097327811e-14
1.013251982318053024e-14
-4.241398898763293346e-14
-2.139174254400799668e-14
-1.593115830228475360e-14
-1.657007864253046137e-14
-1.107447467063593649e-14
-3.148176164202709515e-14
5.899447597101925567e-14
4.517219931443605674e-15
-3.903995182685804366e-15
7.229460086133343566e-16
-4.546710230535211394e-15
1.499321500286754372e-14
4.867634073590920707e-15
2.697148060448739670e-14
-4.777775397535322099e-14
8.076872504148013832e-15
3.472916398905567803e-15
-1.485356976305141075e-15
-1.046905617752003081e-15
-1.410677130664339529e-14
-3.354955202539144921e-15
-4.023170685485411013e-14
3.733992282040077271e-14
2.648922747816584433e-15
7.572718493942254270e-15
2.785792430071154513e-14
-2.091035677942443272e-14
-8.553921460041635783e-15
-2.765149220707030508e-15
5.055157681344013554e-14
-3.181482854941464211e-14
-5.397592095501835274e-15
-6.691912649015030468e-15
-3.366404377480591847e-14
2.317243619209818917e-14
1.587618925213973853e-14
-4.897124372682526428e-15
6.581540867856006116e-14
3.829402073218801661e-15
1.151422707179605709e-15
1.513719705137361871e-14
-2.339448079702322048e-14
2.171873791922962482e-15
4.671610320805541505e-14
1.122539561304591871e-14
-6.209789626954176356e-14
-8.983265520345895538e-15
-1.219076922742701186e-15
-2.037259250187162252e-14
2.702872647919463134e-14
-8.135853102331225273e-15
-5.877590081304617797e-14
-8.463715839290841814e-15
2.968545548265311140e-14
2.135574703188147794e-14
-3.929148673087468069e-16
1.557261264384379729e-14
-3.184084940155429422e-14
1.304650831812637080e-13
-1.041059599637961242e-13
-9.152401059253634230e-15
-1.095217666557957159e-14
-2.084096784038536043e-14
-4.734927727678694964e-15
3.323730179971562393e-15
2.148108080302080225e-14
-6.552397513459595757e-14
4.230470140864639461e-14
-1.904726376622534190e-15
-3.413068438984367958e-16
-5.950101522600448334e-15
1.040313668543291215e-14
3.424344141578217204e-15
3.236300116782331315e-14
-4.119968255444916849e-14
-2.040034807748725143e-15
1.632374790894175476e-15
-1.059048682083840731e-15
-1.828398543679554678e-15
-2.414735078559715475e-15
-8.285039321265230683e-15
-3.015990235333276814e-14
3.980149543281186197e-14
6.623174231279449486e-15
8.415902523484231068e-15
2.158603157331739908e-14
-2.435725232619034841e-14
-1.436697982803991636e-14
2.365468931841974154e-14
3.031255801921872717e-14
-3.001938975177864677e-14
-1.180479325402217228e-14
-8.594036940423599447e-15
-1.969258089928871414e-14
2.093811235504006163e-14
1.331920684854992487e-14
-3.247402347028582881e-14
-1.744784872137472576e-14
3.570060913560269000e-14
9.711849380256154518e-15
-4.154662724964452991e-15
1.011170314146880855e-14
3.750472155061856938e-15
3.131175874138136805e-14
-5.108760636751696893e-14
2.480654570646834145e-15
1.004404892590571308e-15
-1.242495689668388081e-16
9.678022272474606780e-15
-1.353257783609507214e-14
-2.289834988289385365e-16
-2.470246229790973302e-14
3.870861964294647350e-14
-1.403911709108029982e-14
-5.846018114041839908e-16
1.621315928734823331e-15
1.179091546621435782e-14
-2.145159050392919653e-14
7.855521788613373246e-14
-6.908015826034841211e-14
1.251602987917266319e-14
-1.673401001101026964e-14
-1.681771041872615058e-14
2.522287934070277515e-15
-1.361757928641793569e-14
2.133536403103875045e-14
-9.239831122442865308e-14
8.609432611272893610e-14
-3.528427550136825630e-15
1.485270240131342234e-14
1.613119360310832917e-14
-2.936886844828734411e-15
-6.973588373426764520e-16
3.872249743075428796e-14
5.488665077990617647e-15
-4.407064990719078423e-14
-3.913536161803676805e-15
1.914701036609400830e-15
-6.240667704826563522e-15
1.364880430898551822e-14
9.749145934989655871e-16
-2.066402604583572611e-14
-2.329907100584449609e-14
3.156849781582593550e-14
9.894862706971707667e-15
3.729655473350135253e-17
1.586664827302186609e-14
-2.048014535738218456e-14
1.749642097870207635e-14
-1.133294846855648075e-14
-1.552750983346840030e-14
9.151533697515645827e-15
-3.073496318561907970e-15
-9.990272498150432057e-15
1.035282970462958474e-14
-7.027364801182045539e-15
2.824823708280632673e-14
-3.280535565419739896e-14
3.228320388792838003e-15
6.114032891080256604e-15
5.116566892393592525e-15
8.862702238765507445e-15
-5.535502611841991438e-15
-4.354155924701785807e-15
-3.333791576132227874e-14
1.053324094613117268e-14
-4.024558464266192459e-16
8.998878031629686802e-18
-4.677681852971460330e-15
4.159866895392383412e-15
-1.797173521111972150e-15
2.331468351712828735e-15
1.340594302234876523e-14
-1.466882171285988079e-14
-3.744400622895938113e-15
-1.241411487495902577e-15
-1.105539271240019161e-14
2.583697145119856486e-14
-8.864436962241484252e-16
1.093916623950974554e-14
-8.631984016460592102e-15
2.480654570646834145e-16
-2.895904002708782343e-15
2.687954026026062593e-15
4.184153024056058712e-15
-4.420075416788904477e-15
-1.403044347370041578e-14
4.801714581503802037e-15
7.781969513231956626e-15
9.036174586363188155e-15
6.467916480179525252e-15
-1.936818760928105121e-15
-1.218122824830913942e-14
-7.528699885739342790e-16
3.250871793980536495e-14
-1.547026395876116567e-14
2.579533808777512149e-15
-5.193545246640063340e-15
-2.049315578345201061e-14
1.620925615952728549e-14
5.049780038568485452e-15
-5.481726184086710418e-16
-6.312658729079601017e-14
5.957560833547148604e-14
1.521352488431659822e-15
-3.389215991189686861e-15
6.513452971423916438e-14
-5.283794235477756729e-14
8.285039321265230683e-15
-1.191408083300871112e-14
6.966129062480064249e-14
-7.366329768387913646e-14
-1.556914319689184367e-15
-1.496198998029996119e-15
1.257674520083185143e-15
-3.313321839115701550e-16
9.055256544598933033e-16
-8.257283745649601769e-16
1.207367539279857738e-15
-6.435824095873954320e-16
9.482432200558221780e-16
9.315465065995454097e-16
-3.295974604355933479e-15
-1.190020304520089667e-15
-8.010953012060895162e-15
8.382183835919931880e-15
3.035766082959412415e-15
5.611830444784970950e-16
7.251144129583053655e-16
1.573394192710964035e-15
7.771561172376095783e-16
2.445960101127298003e-16
-3.889250033140001506e-15
1.153591111524576718e-15
4.770489558936219510e-17
-9.107298248878237246e-16
9.107298248878237246e-17
-3.056582764671134100e-15
1.196959198423996895e-16
1.627170620466245055e-15
2.262079412673756451e-15
-3.462508058049706960e-15
1.110223024625156540e-16
6.912873051767576271e-16
-3.318526009543631972e-15
2.931682674400803990e-15
-1.764213775068412815e-14
1.784336567389743777e-14
-7.422881753704757557e-15
7.521760991835435561e-15
6.645075115163656676e-15
-3.473783760643556207e-15
7.856562622698959331e-15
-6.406333796782348600e-15
3.801819969950770428e-14
-3.952567440013154965e-14
1.531760829287520664e-15
-1.331400267812199445e-15
-4.181334098407596400e-15
1.224714774039625809e-15
1.542169170143381507e-15
-8.933825901280556536e-16
2.428612866367529932e-17
6.366435156834882036e-16
7.251144129583053655e-16
-1.436025777457050623e-15
2.122434172857623480e-15
3.988129271270679510e-15
-3.243932900076629267e-15
-7.927686285214008421e-16
1.635844237846129090e-15
6.401129626354418178e-16
-2.980254931728154588e-15
1.134780203831953216e-15
-4.657732532997727048e-16
-2.369632268184318491e-15
-3.018418848199644344e-16
-1.311797892533661525e-14
-1.068589661201713170e-15
-2.498001805406602216e-15
-3.606381686338533399e-15
-1.040357036630190635e-14
-1.995625886763718881e-14
1.791969350684041729e-15
-5.030698080332740574e-16
1.087845091785055729e-14
-2.152791833687217604e-15
4.005476506030447581e-15
4.287152230442181633e-15
6.983129352544636959e-15
1.072059108153666784e-14
-8.187894806610529486e-16
-5.555278459468127039e-14
8.055708877741096785e-14
-1.958502804377815210e-15
4.579886817013267830e-15
7.579006866542670195e-14
-3.442385265728375998e-14
1.256980630692794421e-14
-7.611966612586229530e-15
6.471906344174271908e-14
-8.755669800297738448e-14
5.576268613527446405e-15
-1.174245162910425577e-14
-4.462836350471732771e-14
2.176731017655697542e-14
-6.149594722337781150e-15
2.484124017598787759e-15
-1.845745778439322748e-15
-8.664943762504151437e-16
-2.354019756900527227e-15
-3.989863994746656317e-15
-5.868569519229538400e-15
-9.055256544598933033e-16
-2.765149220707030508e-15
6.390721285498557336e-15
1.706967900361178181e-15
8.326672684688674053e-16
2.073861915530272881e-15
3.253473879194501706e-15
2.458103165459135653e-15
9.957312752106872722e-16
1.505739977147868558e-15
-6.380312944642696493e-15
-1.556243636582093151e-03
-7.515237451102981490e-04
-2.560608608550094673e-04
-1.813145928762683462e-03
1.194309424165958602e-03
-1.812686832309660413e-03
1.944855202331482839e-03
-7.501921008676824820e-04
1.556264372200574526e-03
7.515154606615799711e-04
2.560554961634139981e-04
1.813169857116712566e-03
-1.194315753618934231e-03
1.812689309212444852e-03
-1.944862743472014315e-03
7.501908199773173538e-04
