9.778640129669013709e-04
1.370129247100332261e-03
-4.716254023781280350e-04
1.913192216911819427e-03
-1.644727475094564725e-03
1.335760727395449501e-03
-1.854336838918109291e-03
-2.443043913665995936e-05
-9.778772031502514384e-04
-1.370119625589667246e-03
4.716222989233744348e-04
-1.913198985102480126e-03
1.644729146274967121e-03
-1.335768165634507176e-03
1.854341756284810620e-03
2.442567671777102351e-05
8.760353553682875827e-17
4.163336342344337027e-17
3.747002708109903324e-16
-2.255140518769849223e-16
-3.226585665316861196e-16
-1.734723475976807094e-16
-6.938893903907228378e-18
-9.421716878899033532e-17
-2.445960101127298003e-16
2.393918396847993790e-16
1.422473250300981817e-16
2.185751579730776939e-16
5.377642775528101993e-16
-4.232725281383409310e-16
-5.030698080332740574e-17
7.578573185673675994e-17
4.093947403305264743e-16
-1.186550857568136053e-15
-3.139849491518020841e-15
3.812922200197021994e-15
4.250072516143177381e-16
-6.678685382510707313e-17
2.450296909817240021e-16
4.917941054394248113e-16
-9.992007221626408864e-16
1.337471799978118270e-15
2.917804886592989533e-15
-3.653327640407155741e-15
-3.851086116668511750e-16
3.573530360512222614e-16
-2.842778096256992626e-16
-4.085273785925380707e-16
7.979727989493312634e-16
1.387778780781445676e-16
-1.682681771697502882e-16
-3.608224830031758756e-16
-1.431146867680865853e-16
-2.255140518769849223e-17
-2.853620117981847670e-16
1.656660919557850775e-16
-5.516420653606246560e-16
-1.405126015541213746e-16
-2.775557561562891351e-17
4.024558464266192459e-16
-1.305379415672547339e-16
1.275021754842953214e-16
1.951563910473907981e-16
-2.896988204881267848e-16
7.979727989493312634e-17
-2.602085213965210642e-16
2.914335439641035919e-16
1.353084311261909534e-16
1.066854937725736363e-16
-3.209238430557093125e-17
-2.810252031082427493e-16
1.630640067418198669e-16
5.377642775528101993e-17
4.683753385137379155e-17
-2.775557561562891351e-17
6.765421556309547668e-17
-1.114559833315098558e-16
9.974659986866640793e-17
1.838806884535415520e-16
-9.887923813067800438e-17
2.428612866367529932e-17
-5.846018114041839908e-16
2.272487753529617294e-16
-3.404394821604483923e-16
2.307182223049153436e-16
2.289834988289385365e-16
8.673617379884035472e-16
-7.389922007661198222e-16
-1.526556658859590243e-16
9.367506770274758310e-17
-3.747002708109903324e-16
2.769052348527978324e-16
-3.087807787238716628e-16
3.122502256758252770e-16
-7.632783294297951215e-16
5.828670879282071837e-16
4.302114220422481594e-16
2.367897544708341684e-16
-3.545341104027599499e-16
-6.765421556309547668e-17
-5.030698080332740574e-16
4.683753385137379155e-17
-9.194034422677077600e-16
-7.147060721024445229e-16
-2.445960101127298003e-16
8.153200337090993344e-17
4.091778998960293734e-16
4.076600168545496672e-17
-8.326672684688674053e-17
-1.960237527853792017e-16
9.783840404509192012e-16
8.638922910364499330e-16
-7.190428807923865406e-16
1.804112415015879378e-16
-6.531233887052678710e-16
3.313321839115701550e-16
-6.349087922075113966e-16
6.661338147750939243e-16
3.098216128094577471e-15
-1.620231726562337826e-15
7.814929259275515960e-16
-2.072994553792284478e-16
7.121039868884793123e-16
1.734723475976807094e-17
1.023486850826316186e-15
-9.298117831235686026e-16
-2.884845140549430198e-15
1.389513504257422483e-15
5.404097308536748301e-15
-1.311450947838466163e-15
-1.646252578701989933e-15
1.361757928641793569e-15
2.322447789637749338e-14
-2.407796184655808247e-14
-1.582067810090848070e-15
1.165734175856414367e-15
-5.388701637687454138e-15
1.266348137463069179e-15
8.066464163292152989e-16
-8.604228440844963188e-16
-2.300937218535636930e-14
2.382816166601742225e-14
1.521352488431659822e-15
-1.262011328773127161e-15
-2.194425197110660974e-15
-7.129713486264677158e-16
3.868433351428279821e-16
1.606353938754523369e-15
2.439021207223390775e-15
7.303185833862357867e-16
1.786765180256111307e-16
2.084703937255127926e-15
2.263814136149733258e-15
9.194034422677077600e-16
-4.423544863740858091e-16
-1.356553758213863148e-15
-2.792904796322659422e-15
-5.152128723651117070e-16
-1.118896642005040576e-16
-2.088607065076075742e-15
-3.885780586188047891e-16
7.025630077706068732e-16
-1.443289932012703503e-15
-3.878841692284140663e-15
9.540979117872439019e-17
-1.890848588814719733e-16
-2.164934898019055254e-15
-3.292505157403979865e-15
4.163336342344337027e-16
-4.631711680858074942e-16
1.328798182598234234e-15
3.792105518485300308e-15
1.908195823574487804e-16
8.847089727481716182e-17
2.183800015820303031e-15
3.254341240932490109e-15
2.491062911502694988e-15
-4.864164626638967093e-15
-7.320533068622125938e-16
2.498001805406602216e-16
-8.847089727481716182e-16
1.178961442360737522e-15
-1.761611689854447604e-15
-6.765421556309547668e-17
-2.896988204881267848e-15
5.377642775528101993e-15
6.140921104957897114e-16
-2.307182223049153436e-16
9.844555726168380261e-16
-1.253337711393243126e-15
1.691355389077386917e-15
3.799044412389207537e-16
1.356553758213863148e-15
-9.367506770274758310e-17
9.749145934989655871e-16
7.112366251504909087e-17
1.975416358268589079e-16
2.765149220707030508e-15
3.210973154033069932e-15
-4.836409051023338179e-15
-1.360023205165816762e-15
3.590877595271990685e-16
-1.368696822545700797e-15
1.249000902703301108e-16
-1.985174177820958619e-16
-2.794639519798636229e-15
-3.420874694626263590e-15
4.577935253102793922e-15
-2.404326737703854633e-15
2.144118216307333569e-15
-2.813721478034381107e-15
3.089542510714693435e-15
-1.455346260170742312e-14
1.046038256014014678e-14
-2.797415077360199120e-14
3.092665012971451688e-14
2.603819937441187449e-15
-2.190955750158707360e-15
2.857956926671789688e-15
-3.057233285974625403e-15
1.481800793179388620e-14
-1.106059688282812203e-14
2.882243055335464987e-14
-3.125277814319815661e-14
2.220446049250313081e-16
2.515349040166370287e-16
-2.983724378680108202e-16
-2.420806610725634300e-15
3.093011957666647049e-15
-5.296110772157192059e-15
3.008010507343783502e-15
3.266484305264327759e-15
-1.266348137463069179e-16
1.292368989602721285e-16
2.704000218178848058e-16
2.331468351712828735e-15
-2.950764632636548868e-15
4.645589468665889399e-15
-2.817190924986334721e-15
-3.988129271270679510e-15
-7.008282842946300661e-16
6.307888239520664797e-16
1.261143967035138758e-15
-1.358288481689839955e-15
2.199629367538591396e-15
-2.435551760271437161e-15
-1.056446596869875520e-15
-1.630640067418198669e-16
4.319461455182249665e-16
-6.281867387381012691e-16
-1.221245327087672194e-15
1.550842787523265542e-15
-2.445960101127298003e-15
2.269018306577663679e-15
1.288899542650767671e-15
6.175615574477433256e-16
7.472321372770096559e-16
-8.543513119185774940e-16
2.223915496202266695e-15
-4.328135072562133701e-15
4.482525461924069532e-15
1.854419395819206784e-15
-1.424207973776958625e-15
8.005748841632964741e-16
-7.778066385411008810e-16
1.055579235131887117e-15
-2.820660371938288336e-15
4.654263086045773434e-15
-4.093947403305264743e-15
-1.738192922928760709e-15
7.494005416219806648e-16
-9.246076126956381813e-16
-1.479198707965423409e-14
1.209969624493822948e-14
-3.217391630894184118e-14
3.244279844771824628e-14
1.488392742388100487e-15
-1.894318035766673347e-15
2.554380318375848447e-15
-3.076965765513861584e-15
1.480239542051009494e-14
-1.158448337257311778e-14
3.132563652918918251e-14
-3.215830379765804992e-14
-1.108488301149179733e-15
1.585537257042801684e-15
-2.176210600612904500e-15
3.070677392913445658e-15
2.855354841457824477e-15
-3.719247132494274410e-15
1.866562460151044434e-15
2.772088114610937737e-15
-1.833602714107485099e-15
5.785302792382651660e-16
-3.442341897641476578e-16
-1.194357113210031685e-15
-2.343611416044666385e-15
3.769554113297601816e-15
-1.804112415015879378e-15
-3.153727279325835298e-15
1.635844237846129090e-15
-2.515349040166370287e-16
3.563772540959853075e-16
8.959846753420208643e-16
1.273287031366976407e-15
-5.159067617555024299e-15
3.927413949611491262e-15
-2.931682674400803990e-15
9.896597430447684474e-16
-3.740497495074990297e-16
-1.798908244587948957e-15
1.382574610353515254e-15
-6.366435156834882036e-16
5.547645676173829088e-15
-3.368832990346959377e-15
2.659331088672445276e-15
-1.150989026310611507e-15
3.705803025555454155e-16
1.736458199452783902e-15
-1.606353938754523369e-15
1.204591981718294846e-14
-4.111294638065032814e-16
9.211381657436845671e-16
5.551115123125782702e-16
-9.174518783572338521e-16
4.372370521199542281e-15
-2.411265631607761861e-16
1.521352488431659822e-15
-1.229571999772360869e-14
3.799044412389207537e-16
-5.707240235963695341e-16
-6.262351748276273611e-16
8.385219602002891293e-16
-4.015017485148320020e-15
-6.938893903907228378e-18
-1.807581861967832992e-15
-4.354155924701785807e-15
-2.197894644062614589e-15
1.205632815803880931e-16
-1.580116246180374162e-15
-1.314053033052431374e-15
-1.732988752500830287e-15
2.607289384393141063e-15
4.714978407704961683e-15
4.524158825347512902e-15
2.020952849512980265e-15
-2.350550309948573613e-16
1.681380729090520276e-15
1.220377965349683791e-15
2.230854390106173923e-15
-3.285566263500072637e-15
-4.461708780212347847e-15
1.297573160030651707e-15
-2.064320936412400442e-16
4.518087293181594077e-15
-1.952431272211896385e-15
-1.125835535908947804e-15
1.314920394790419778e-15
2.622901895676932327e-14
-3.327199626923516007e-14
-1.844011054963345941e-15
2.055647319032516407e-16
-4.501173739290820208e-15
1.862225651461102416e-15
8.899131431761020394e-16
-7.945033519973776492e-16
-2.668004706052329311e-14
3.352179644977582029e-14
-4.701100619897147226e-16
-2.049142105997603380e-16
-1.970645868709652859e-15
-2.636779683484746784e-16
8.743006318923107756e-16
5.724587470723463412e-15
6.591949208711866959e-16
3.356689926015121728e-15
2.411265631607761861e-16
1.888680184469748724e-16
1.679212324745549267e-15
4.510281037539698445e-16
-7.216449660063517513e-16
-5.724587470723463412e-15
-1.009609063018501729e-15
-2.707903345999795874e-15
-1.878597104265633533e-15
2.156261280639171218e-15
5.204170427930421283e-17
7.147060721024445229e-16
-9.714451465470119729e-15
-4.024558464266192459e-15
-1.108488301149179733e-15
-1.144917494144692682e-15
1.857563582119414747e-15
-2.102484852883890198e-15
-3.122502256758252770e-16
-6.626643678231403101e-16
9.690165336806444429e-15
3.812922200197021994e-15
1.706967900361178181e-15
1.131039706336878226e-15
-2.843211777125986828e-15
6.973588373426764520e-16
-4.414871246360974055e-15
1.296879270640260984e-14
3.864963904476326206e-15
-2.796374243274613036e-15
2.917804886592989533e-15
-3.931100236997941977e-15
2.577799085301535342e-15
-3.747002708109903324e-16
4.038436252074006916e-15
-1.285083151003618696e-14
-5.172945405362838756e-15
2.850150671029894056e-15
-2.856222203195812881e-15
4.024558464266192459e-15
-1.804112415015879378e-16
9.645062526431047445e-16
2.361999484890020540e-14
-3.197268838572853156e-14
-3.481590016285451838e-15
9.480263796213250771e-16
-3.919607693969595630e-15
2.023554934726945476e-15
2.688821387764050996e-16
-4.458239333260394233e-16
-2.396000065019165959e-14
3.270474169259074415e-14
3.151992555849858491e-15
-7.858297346174936138e-16
3.980539856063280979e-15
-1.963706974805745631e-15
2.994132719535969045e-15
1.259409243559161951e-15
6.154798892765711571e-15
6.310924005603624209e-15
-1.845745778439322748e-15
1.906244259664013896e-15
9.358833152894874274e-16
1.245531455751347494e-15
-3.125971703710206384e-15
-1.918604164430348646e-15
-5.479991460610733611e-15
-6.534703334004632325e-15
2.033963275582806318e-15
-2.042853733397187455e-15
-5.126107871511464964e-16
-1.970645868709652859e-15
2.359223927328457648e-16
-9.386588728510503188e-15
-3.150257832373881683e-15
1.071191746415678381e-15
2.248635305734936196e-16
-3.365363543395005763e-16
-9.367506770274758310e-17
-4.059252933785728601e-16
-6.557254739192330817e-16
9.619041674291395339e-15
2.062586212936423635e-15
-7.216449660063517513e-16
-2.732189474663471174e-16
5.672545766444159199e-16
-1.908195823574487804e-17
1.216041156659741773e-15
4.413136522884997248e-15
-6.439293542825907934e-15
1.240327285323417073e-15
-4.180575156886856547e-15
1.290634266126744478e-15
-2.515349040166370287e-15
6.701236787698405806e-15
-8.666678485980128244e-15
-4.888450755302642392e-15
7.053385653321697646e-15
-1.566455298807056806e-15
4.136231288032199416e-15
-1.260276605297150354e-15
2.489328188026718180e-15
-7.537373503119226825e-15
9.121176036686051702e-15
2.022687572988957072e-15
2.931682674400803990e-16
1.701438469281502108e-15
1.694824836029340531e-15
1.748601263784621551e-15
-3.151992555849858491e-15
4.649058915617843013e-16
2.619432448724978713e-16
-2.312386393477083857e-15
-3.122502256758252770e-16
-1.662190350637526848e-15
-1.937686122666093524e-15
-8.933825901280556536e-16
1.759009604640482394e-15
2.220446049250313081e-16
-1.509209424099822172e-16
1.490127465864077294e-15
-2.703132856440859655e-15
-9.387456090248491591e-15
7.055120376797674453e-15
-1.549108064047288735e-14
1.480413014398607174e-14
-4.617833893050260485e-15
7.681355551625301814e-15
-1.504872615409880154e-15
2.685568781246594483e-15
9.409140133698201680e-15
-6.472253288869467269e-15
1.397146287551720434e-14
-1.483882461350560789e-14
5.131312041939395385e-15
-7.690029169005185850e-15
-2.422107653332616906e-16
7.667477763817487357e-16
3.243932900076629267e-16
1.137978600240785454e-15
-2.907396545737128690e-15
1.471045507628332416e-15
1.283695372222837250e-16
-3.391384395534657870e-16
1.335737076502141463e-16
-6.192962809237201327e-16
-1.098079960293318891e-15
-1.977584762613560088e-16
3.323730179971562393e-15
-1.942890293094023946e-15
1.387778780781445676e-17
1.137111238502797050e-15
-1.647987302177966740e-16
-2.116362640691704655e-16
1.550842787523265542e-15
1.443289932012703503e-15
-1.786765180256111307e-15
-9.714451465470119729e-16
5.143455106271233035e-16
-8.456776945386934585e-18
-4.883246584874711971e-16
4.163336342344337027e-17
-5.325601071248797780e-16
3.469446951953614189e-18
-2.359223927328457648e-16
6.088879400678592901e-16
-3.304648221735817515e-16
8.261620554339543787e-17
7.372574772901430151e-16
-2.654126918244514854e-16
-7.632783294297951215e-17
3.504141421473150331e-16
9.627715291671279374e-16
-7.060324547225604874e-16
8.066464163292152989e-17
1.127570259384924611e-17
4.458239333260394233e-16
1.271552307890999600e-15
-6.002143226879752547e-16
-9.159339953157541458e-16
1.387778780781445676e-17
2.524022657546254322e-16
3.295974604355933479e-17
-2.168404344971008868e-16
-1.700029006457270953e-16
-1.033895191682177028e-15
2.203098814490545010e-16
-1.942890293094023946e-16
1.682681771697502882e-16
5.941427905220564298e-17
1.669671345627676828e-16
-1.873501354054951662e-16
2.411265631607761861e-16
-6.418476861114186249e-17
8.066464163292152989e-16
3.070460552478948557e-16
-3.747002708109903324e-16
2.921924854848434450e-17
1.357421119951851551e-16
1.301042606982605321e-16
9.280770596475917955e-16
-2.359223927328457648e-16
1.335737076502141463e-16
6.184289191857317292e-16
-2.309350627394124444e-16
-2.667137344314340908e-16
1.370431546021677605e-16
-5.256212132209725496e-16
6.817463260588851881e-16
7.892991815694472280e-16
-3.330669073875469621e-16
4.492933802779930375e-16
2.953366717850514078e-16
3.313321839115701550e-16
2.688821387764050996e-16
-1.103284130721249312e-15
-6.609296443471635030e-16
8.257283745649601769e-16
-7.910339050454240351e-16
1.647987302177966740e-17
1.730386667286865077e-15
-2.360958650804434455e-15
2.598615767013257027e-15
-1.672273430841642039e-15
5.793976409762535695e-16
-9.645062526431047445e-16
-1.908195823574487804e-17
-8.664943762504151437e-16
-1.155325835000553525e-15
8.066464163292152989e-16
-2.980254931728154588e-15
2.033095913844817915e-15
-4.267419750902945452e-16
-1.708702623837154988e-16
2.949029909160572061e-16
5.377642775528101993e-17
1.023486850826316186e-16
-1.804112415015879378e-16
-1.172673069760321596e-15
2.428612866367529932e-17
2.480654570646834145e-16
-6.852157730108388023e-17
3.074797361168890575e-16
-2.602085213965210642e-16
-1.960237527853792017e-16
6.453171330633722391e-16
-3.157196726277788912e-16
5.759281940242999553e-16
-1.532844108894398493e-03
-7.547331197514115311e-04
-2.740376720353782797e-04
-1.776820092022883373e-03
1.145389518932154321e-03
-1.758376040337045199e-03
1.893610339645197815e-03
-7.097233144543729083e-04
1.532871705066421800e-03
7.547163149678457524e-04
2.740321179360563283e-04
1.776844648062295313e-03
-1.145400522860620662e-03
1.758384548766417713e-03
-1.893611449658248042e-03
7.097161790678620935e-04
