8.667718443926928241e-04
1.301049836640729871e-03
-6.541868756068805815e-04
1.985225346674750722e-03
-1.791921819565520622e-03
1.506569690822981422e-03
-1.880006077580374454e-03
1.453289426777593270e-04
-8.667811222919511501e-04
-1.301039757686743136e-03
6.541847357226394238e-04
-1.985244341692090145e-03
1.791911755378997398e-03
-1.506560532368874349e-03
1.880017842442943850e-03
-1.453329625250021628e-04
2.038300084272748336e-16
-5.898059818321144121e-17
-7.702172233337023499e-16
-9.089951014118469175e-16
-8.430756093247282479e-16
-4.215378046623641239e-16
-4.310787837802365630e-16
2.743573597474568970e-16
2.753873518113181262e-16
-4.093947403305264743e-16
-3.694961003830599111e-16
-1.412064909445120975e-15
-7.372574772901430151e-16
-9.488937413593134806e-16
-1.726049858596923059e-16
1.864827736675067626e-16
7.533904056167273211e-15
-6.451436607157745584e-15
1.533495552763497471e-15
3.240463453124675652e-15
-1.365574320288942545e-14
1.532801663373106749e-14
-1.285538515916062607e-15
-4.965645949983610308e-16
7.849623728795052102e-15
-6.892056370055854586e-15
4.475586568020162304e-16
4.640385298237958978e-15
-1.409115879535960403e-14
1.586317882606991247e-14
-1.292694250254466937e-15
-6.262351748276273611e-16
-8.933825901280556536e-15
7.681355551625301814e-15
1.510944147575798979e-15
-2.938621568304711218e-15
-5.234528088760015407e-15
8.137696246024450630e-15
3.449931312848875109e-15
-3.688022109926691883e-15
-9.027500968983304119e-15
7.939829349545846071e-15
1.883909694910812505e-15
-3.319393371281620375e-15
-5.460909502374988733e-15
8.492555617078956232e-15
3.492865718879301085e-15
-3.780829815891451062e-15
-1.405126015541213746e-16
-4.492933802779930375e-16
4.145989107584568956e-16
1.552577510999242349e-16
-1.528508222770064151e-15
-3.764349942869671395e-16
1.040834085586084257e-16
-2.307182223049153436e-16
6.418476861114186249e-17
-7.927686285214008421e-16
2.046973701652632371e-16
-2.463307335887066074e-16
-1.570575267062501723e-15
-4.150325916274510973e-16
1.821459649775647449e-16
3.122502256758252770e-17
-1.908195823574487804e-17
-2.584737979205442571e-16
-4.241398898763293346e-16
6.255846535241360584e-17
-4.996003610813204432e-16
2.541369892306022393e-16
1.578598363138894456e-16
-4.787836793695987581e-16
-4.180683577104105098e-16
3.556183125752454544e-16
-2.853620117981847670e-16
1.103717811590243514e-16
-1.522219850169648225e-16
2.524022657546254322e-16
3.885780586188047891e-16
-6.574601973952098888e-16
-4.250072516143177381e-16
1.214306433183764966e-16
4.878909776184769953e-17
2.923009057020919954e-16
6.375108774214766072e-16
-5.447031714567174276e-16
3.122502256758252770e-17
3.903127820947815962e-16
6.765421556309547668e-17
3.122502256758252770e-17
4.857225732735059864e-17
2.831936074532137582e-16
2.818925648462311528e-16
-4.961309141293668290e-16
3.400058012914541905e-16
1.734723475976807094e-16
1.847480501915299556e-16
-6.548581121812446781e-17
-4.076600168545496672e-17
-1.387778780781445676e-16
1.214306433183764966e-16
2.567390744445674500e-16
1.474514954580286030e-16
-5.481726184086710418e-16
1.110223024625156540e-16
-1.543903893619358314e-16
1.179611963664228824e-16
-2.029626466892864300e-16
-1.942890293094023946e-16
2.654126918244514854e-16
-2.810252031082427493e-16
6.262351748276273611e-16
-8.771195575407730871e-17
8.673617379884035472e-19
-1.804112415015879378e-16
6.765421556309547668e-17
2.931682674400803990e-16
-3.989863994746656317e-16
-2.445960101127298003e-16
4.293440603042597559e-16
1.257674520083185143e-17
-3.295974604355933479e-17
-5.100087019371812858e-16
2.168404344971008868e-16
3.556183125752454544e-16
-1.821459649775647449e-16
-4.041905699025960530e-16
1.942890293094023946e-16
2.558717127065790464e-17
1.413799632921097782e-16
-5.724587470723463412e-16
4.128641872824800885e-16
-4.041905699025960530e-16
8.847089727481716182e-17
2.532696274926138358e-16
-1.522219850169648225e-16
2.584737979205442571e-16
-1.543903893619358314e-16
-3.330669073875469621e-16
1.422473250300981817e-16
-2.046973701652632371e-16
9.540979117872439019e-17
3.330669073875469621e-16
-1.378020961229076136e-16
2.740863092043355209e-16
7.632783294297951215e-17
-5.204170427930421283e-17
2.567390744445674500e-16
-6.418476861114186249e-17
1.292368989602721285e-16
-6.830473686658677934e-17
7.546047120499110861e-17
-5.290906601729261638e-17
2.758210326803123280e-16
1.231653667943533037e-16
4.388850394221321949e-16
-6.886852199627924165e-16
4.501607420159814410e-16
-1.214306433183764966e-17
-3.512815038853034366e-17
-4.996003610813204432e-16
4.128641872824800885e-16
-2.792904796322659422e-16
-5.100087019371812858e-16
1.647987302177966740e-17
1.567756341414039412e-16
-1.700029006457270953e-16
2.064320936412400442e-16
-3.677613769070831040e-16
1.196959198423996895e-16
-1.249000902703301108e-16
-1.457167719820517959e-16
-1.569924745759010420e-16
6.624475273886432092e-17
-2.580401170515500553e-16
2.983724378680108202e-16
7.147060721024445229e-16
7.632783294297951215e-16
4.770489558936219510e-16
-5.819997261902187802e-16
1.061433926863308841e-16
1.105886215935214523e-16
-3.356689926015121728e-16
5.533767888366014631e-16
9.315465065995454097e-16
4.093947403305264743e-16
3.504141421473150331e-16
-4.597017211338538800e-16
5.518589057951217569e-17
7.242470512203169619e-17
-6.600622826091750994e-16
6.383782391594650107e-16
-5.724587470723463412e-16
-6.730727086790011526e-16
-8.933825901280556536e-17
2.102268012449393098e-16
2.086004979862110531e-16
-4.857225732735059864e-16
-9.072603779358701104e-16
-2.255140518769849223e-16
-4.527628272299466516e-16
-3.625572064791526827e-16
-5.811323644522303766e-17
2.712673835558732094e-16
-4.943961906533900219e-17
-3.955169525227120175e-16
-1.106753577673202926e-15
1.647987302177966740e-16
8.881784197001252323e-16
-1.270684946153011197e-15
1.136243876764808647e-16
1.092875789865388469e-16
-5.898059818321144121e-16
1.049507702965968292e-15
1.210836986231811352e-15
4.284766985662713523e-16
8.361367154208210195e-16
-1.207367539279857738e-15
1.218643241873706984e-16
3.109491830688426717e-16
-6.791442408449199775e-16
1.089406342913434855e-15
9.141992718397773388e-16
6.297046217795809753e-16
-7.381248390281314187e-16
7.013703853808728184e-16
6.917209860457518289e-16
-1.314053033052431374e-15
-1.351349587785932727e-15
4.597017211338538800e-16
-1.009609063018501729e-15
2.515349040166370287e-16
-9.055256544598933033e-16
7.821434472310428987e-16
7.858297346174936138e-16
-1.419003803349028203e-15
-1.632374790894175476e-15
3.295974604355933479e-17
-5.655198531684391128e-16
-7.806255641895631925e-17
1.877838162744893680e-16
3.274290560906223391e-16
-8.239936510889833698e-16
1.283695372222837250e-15
2.374836438612248912e-15
-2.046973701652632371e-16
7.181755190543981371e-16
-9.697104230710351658e-16
1.219727444046192488e-16
3.864096542738337803e-16
-1.131039706336878226e-15
1.823194373251624256e-15
1.873501354054951662e-15
9.714451465470119729e-16
7.424616477180734364e-16
-4.848552115355175829e-16
4.185020385794047115e-16
-1.538699723191427893e-15
-1.207367539279857738e-15
-4.354155924701785807e-16
-4.857225732735059864e-17
-4.805184028455755652e-16
-5.056718932472392680e-16
6.260183343931302602e-16
2.133709875451472726e-16
-1.231653667943533037e-15
-1.058181320345852328e-15
-1.578598363138894456e-16
-1.543903893619358314e-15
-4.336808689942017736e-17
-5.698566618583811305e-16
5.916491255253397696e-16
-1.633242152632163879e-15
1.844011054963345941e-15
1.956768080901838402e-15
9.020562075079396891e-17
1.628905343942221862e-15
-1.844011054963345941e-15
2.852535915809362166e-16
5.377642775528101993e-16
-1.252470349655254722e-15
2.357489203852480841e-15
1.864827736675067626e-15
-4.163336342344337027e-17
1.868297183627021241e-15
-1.726917220334911462e-15
2.912167035296064910e-16
5.572799166575492791e-16
-1.040834085586084257e-15
2.064320936412400442e-16
-1.077263278581597206e-15
-3.053113317719180486e-16
-5.447031714567174276e-16
5.424263468944978683e-16
3.920475055707584033e-16
-1.582067810090848070e-15
-1.082467449009527627e-15
2.931682674400803990e-16
-1.379105163401561640e-15
-4.458239333260394233e-16
-5.325601071248797780e-16
6.200552224444599858e-16
5.342948306008565851e-16
-1.710437347313131795e-15
1.786765180256111307e-15
2.255140518769849223e-17
1.006139616066548115e-15
-1.213439071445776563e-15
1.279358563532895232e-16
4.297777411732539576e-16
-8.170547571850761415e-16
1.295838436554674900e-15
1.764213775068412815e-15
8.413408858487514408e-16
1.153591111524576718e-15
-1.573394192710964035e-15
2.042636892962690354e-16
3.851086116668511750e-16
4.250072516143177381e-17
7.719519468096791570e-16
-3.486794186713382260e-16
-6.591949208711866959e-17
-8.664943762504151437e-16
8.698554029851202074e-16
5.095750210681870840e-16
-1.574261554448952438e-15
-1.026956297778269800e-15
5.117434254131580929e-16
-6.192962809237201327e-16
2.428612866367529932e-17
-1.222980050563649002e-15
7.483163394494951604e-16
7.259817746962937690e-16
-2.045238978176655564e-15
-7.424616477180734364e-16
-3.295974604355933479e-17
1.512678871051775786e-15
-9.896597430447684474e-16
1.043002489931055266e-16
5.126107871511464964e-16
-7.919012667834124386e-16
9.159339953157541458e-16
1.703498453409224567e-15
-2.220446049250313081e-16
6.522560269672794675e-16
-1.197826560161985299e-15
6.657001339060997225e-17
5.390653201597928046e-16
-7.945033519973776492e-16
1.363492652117770376e-15
1.542169170143381507e-15
-3.348016308635237692e-16
-7.051650929845720839e-16
3.971432557814402742e-16
3.664603343001004987e-16
-9.506284648352902877e-16
-7.719519468096791570e-16
1.075528555105620399e-16
-1.054711873393898713e-15
4.475586568020162304e-16
-3.634245682171410863e-16
3.976853568676830264e-16
3.122502256758252770e-16
-1.056446596869875520e-15
-9.159339953157541458e-16
7.233796894823285584e-16
-4.354155924701785807e-16
4.163336342344337027e-17
2.082752373344654018e-16
1.045170894276026274e-16
-3.469446951953614189e-16
8.066464163292152989e-16
1.734723475976807094e-15
-8.604228440844963188e-16
9.887923813067800438e-16
-1.122366088956994190e-15
1.811701830223277909e-16
3.100818213308542681e-16
-4.969982758673552325e-16
1.370431546021677605e-15
1.137978600240785454e-15
-7.945033519973776492e-16
9.957312752106872722e-16
-1.183081410616182438e-15
9.887923813067800438e-17
-3.261280134836397337e-16
8.500145032286354763e-17
3.053113317719180486e-16
-4.336808689942017736e-16
-4.250072516143177381e-16
1.214306433183764966e-17
2.518601646683826800e-16
3.816391647148975608e-17
-8.534839501805890905e-16
-2.775557561562891351e-17
-3.816391647148975608e-16
-1.144917494144692682e-16
-2.064320936412400442e-16
-3.625572064791526827e-16
1.553661713171727854e-16
-4.215378046623641239e-16
3.868433351428279821e-16
7.476658181460038577e-16
-8.222589276130065628e-16
3.712308238590367182e-16
-4.276093368282829488e-16
5.757113535898028545e-17
7.242470512203169619e-17
-1.439820485060749888e-16
-1.509209424099822172e-16
5.984795992119984476e-16
-5.741934705483231483e-16
2.289834988289385365e-16
-2.246466901389965187e-16
-1.203464411458909922e-17
2.792904796322659422e-16
2.081668171172168513e-17
-3.556183125752454544e-16
-1.040834085586084257e-17
2.307182223049153436e-16
-2.532696274926138358e-16
1.616545439175887111e-16
9.714451465470119729e-17
5.195496810550537248e-16
3.469446951953614189e-16
4.718447854656915297e-16
-1.925543058334255875e-16
6.071532165918824830e-17
-2.255140518769849223e-16
1.726049858596923059e-16
-2.125036258071588691e-16
-1.162264728904460753e-16
-2.550043509685906429e-16
-9.332812300755222168e-16
-1.578598363138894456e-16
2.445960101127298003e-16
-9.443400922348743620e-17
-1.452830911130575942e-16
1.934216675714139910e-16
-4.857225732735059864e-17
1.422473250300981817e-16
-4.354155924701785807e-16
2.393918396847993790e-16
1.483188571960170066e-16
-5.616167253474912968e-17
2.732189474663471174e-17
-2.055647319032516407e-16
2.012279232133096230e-16
3.105155021998484699e-16
7.303185833862357867e-16
-4.597017211338538800e-17
-1.203464411458909922e-16
3.816391647148975608e-17
1.960237527853792017e-16
2.567390744445674500e-16
8.847089727481716182e-17
-2.428612866367529932e-16
2.844946500601963635e-16
-1.292368989602721285e-16
-1.091791587692902965e-16
-4.744468706796567403e-16
7.251144129583053655e-16
-6.817463260588851881e-16
2.758210326803123280e-16
-4.579669976578770729e-16
1.977584762613560088e-16
-1.093959992037873974e-16
-3.903127820947815962e-18
2.341876692568689577e-17
-7.684824998577255428e-16
5.880712583561376050e-16
-1.266348137463069179e-15
3.330669073875469621e-16
-4.709774237277031261e-16
-2.038300084272748336e-17
2.602085213965210642e-18
5.377642775528101993e-17
3.573530360512222614e-16
4.336808689942017736e-17
5.152128723651117070e-16
-4.683753385137379155e-17
1.229485263598562028e-16
-1.452830911130575942e-16
1.283695372222837250e-16
9.020562075079396891e-17
-1.630640067418198669e-16
5.256212132209725496e-16
-3.295974604355933479e-16
1.387778780781445676e-16
-1.447409900268148419e-16
1.821459649775647449e-16
1.162264728904460753e-16
2.393918396847993790e-16
-1.162264728904460753e-16
5.551115123125782702e-17
-3.105155021998484699e-16
4.987329993433320396e-17
-5.204170427930421283e-18
-6.245004513516505540e-17
-5.499073418846478489e-16
6.817463260588851881e-16
6.539907504432562746e-16
1.613292832658430598e-16
-1.691355389077386917e-16
-3.686287386450715076e-18
3.035766082959412415e-17
-4.510281037539698445e-17
-3.469446951953614189e-17
8.430756093247282479e-16
2.428612866367529932e-16
2.185751579730776939e-16
1.275021754842953214e-16
-4.922277863084190130e-16
1.700029006457270953e-16
-2.428612866367529932e-16
-4.527628272299466516e-16
1.994931997373328159e-16
6.054184931159056759e-16
-1.144917494144692682e-16
-9.681925400295554596e-17
-1.569924745759010420e-16
4.336808689942017736e-17
-7.320533068622125938e-16
-1.273287031366976407e-15
-1.873501354054951662e-16
2.550043509685906429e-16
-3.469446951953614189e-17
-8.586881206085195117e-17
8.881784197001252323e-16
6.054184931159056759e-16
-5.377642775528101993e-17
-5.030698080332740574e-17
-2.203098814490545010e-16
6.097553018058476937e-16
3.176712365382527992e-17
2.805915222392485475e-16
4.033232081646076495e-16
3.053113317719180486e-16
-2.792904796322659422e-16
-4.770489558936219510e-16
-2.029626466892864300e-16
6.427150478494070285e-16
2.821094052807282537e-16
-1.604619215278546562e-17
1.497066359767984522e-15
9.540979117872439019e-17
-1.314920394790419778e-15
2.093811235504006163e-15
3.816391647148975608e-16
-8.239394409803590946e-16
-5.793976409762535695e-16
2.506675422786486251e-16
2.078198724220214899e-15
2.775557561562891351e-17
-7.095019016745141016e-16
1.915134717478395032e-15
1.613292832658430598e-16
-9.880876498946644659e-16
-1.040834085586084257e-16
6.097553018058476937e-16
9.364037323322804696e-15
-7.410738689372919907e-15
9.559193714370195494e-15
-1.305032470977351977e-14
1.873501354054951662e-15
9.471590178833366735e-16
-1.220291229175884951e-14
1.030252272382625733e-14
9.006684287271582434e-15
-6.369904603786835651e-15
9.760421637583505117e-15
-1.372860158888045135e-14
1.852142571256987225e-15
6.899862625697750218e-16
-1.144050132406704279e-14
9.986803051198478443e-15
-3.486794186713382260e-15
5.342948306008565851e-15
-1.127570259384924611e-16
-5.699867661190793910e-15
-6.854759815322353234e-15
9.506284648352902877e-16
1.560557238988735662e-14
-1.238592561847440265e-14
-3.989863994746656317e-15
5.270089920017539953e-15
2.610758831345094677e-16
-6.349087922075113966e-15
-4.684620746875367558e-15
-1.321859288694327006e-15
1.504352198367087112e-14
-1.316481645918798904e-14
2.428612866367529932e-17
1.280225925270883636e-15
1.047772979489991485e-15
1.025221574302292993e-15
1.525689297121601840e-15
-3.018418848199644344e-16
6.088879400678592901e-16
-5.846018114041839908e-16
3.174543961037556983e-16
1.245531455751347494e-15
1.216908518397730177e-15
7.858297346174936138e-16
1.006139616066548115e-15
4.354155924701785807e-16
-6.487865800153258533e-16
3.400058012914541905e-16
-1.486538837248810134e-03
-6.254705039277871264e-04
-1.150528567257997140e-04
-1.778508799526202014e-03
1.323861387184812818e-03
-1.889716221748349335e-03
1.987240066112056294e-03
-8.939918522921285957e-04
1.486572636494806103e-03
6.254608576166834988e-04
1.150523472452646967e-04
1.778548570745201989e-03
-1.323846161052162108e-03
1.889682461186924754e-03
-1.987278090655213679e-03
8.939984911548399041e-04
