7.298137845297145761e-04
1.117489840807396086e-03
-6.109544916740711727e-04
1.745222532697442413e-03
-1.593847676847778144e-03
1.350658592654735424e-03
-1.643094712777151863e-03
1.648923907460395077e-04
-7.298210963209197369e-04
-1.117483150213662317e-03
6.109544631594104880e-04
-1.745231533638460543e-03
1.593843531956816439e-03
-1.350657940549871393e-03
1.643100565802933788e-03
-1.648957017168798875e-04
-6.604959634781693012e-16
-9.317199789471430904e-15
1.017762263355592722e-14
1.023486850826316186e-14
-1.261664384077931800e-14
-6.265821195228227225e-15
6.083675230250662480e-15
-1.522490900712769601e-15
1.768984264627349035e-15
1.010563160930288973e-14
-1.006660033109341157e-14
-1.226276025168004935e-14
9.582612481295882390e-15
7.358696985093615694e-15
-6.713379852030243455e-15
9.134403303190374857e-16
8.500145032286354763e-15
-2.512053065562014353e-14
-2.277518451609950034e-14
1.758662659945287032e-14
2.294171796979327382e-14
-2.258609965721802837e-15
-1.129012248274330332e-14
-1.753154912909060670e-14
-7.729927808952652413e-15
2.657422892848870788e-14
2.445266211736907280e-14
-1.683375661087893604e-14
-2.339448079702322048e-14
2.267283583101686872e-15
1.084484065050350665e-14
1.743093516748395189e-14
3.239682827560486089e-14
2.950938104984146548e-14
-7.598088824778415074e-16
-5.256038659862127815e-14
-7.310124727766265096e-14
9.045357778764140377e-14
9.180069898695464303e-14
-5.992602247761880108e-14
-3.340470261514738581e-14
-2.960305611754421307e-14
7.884318198314588244e-16
5.461603391765379456e-14
7.253052325406628142e-14
-9.116145338605718962e-14
-9.302714848447024565e-14
6.080032310951111185e-14
-1.993891163287742074e-14
1.587098508171180811e-14
2.212813265956015130e-14
-3.994200803436598335e-16
-1.185488339439100258e-14
-1.661778353811982356e-14
-5.954438331290390352e-15
2.401377707794694061e-14
1.950870021083517258e-14
-1.528985271725957773e-14
-2.232849322103547252e-14
9.254749744336265849e-16
1.192828388146827123e-14
1.594167506335786300e-14
6.583275591331982923e-15
-2.254446629379458500e-14
-1.540434446667404700e-15
-2.159730727591124833e-16
-2.981122293466142992e-15
2.714733819686454552e-15
2.921708014413937349e-15
-1.612425470920442194e-15
0.000000000000000000e+00
-4.123437702396870463e-15
2.577799085301535342e-15
-8.482797797526586692e-16
1.725182496858934655e-15
-1.842926852790860437e-15
-2.445960101127298003e-15
5.898059818321144121e-16
2.966377143920340131e-16
3.439956652862008468e-15
-5.017687654262914521e-15
2.173608515398939289e-15
9.276433787785975937e-16
4.206704429243757204e-15
4.261348218737026627e-15
-6.158268339717665185e-15
-6.271025365656157646e-15
7.747275043712420484e-15
4.637783213023993767e-15
-2.359223927328457648e-15
-1.052651889266176255e-15
-4.683753385137379155e-15
-4.064457104213659022e-15
5.398459457239823678e-15
6.989200884710555783e-15
-6.444497713253838356e-15
-9.887923813067800438e-16
4.450649918052995702e-16
-5.846018114041839908e-16
-2.604687299179175852e-15
4.609160275670376450e-15
3.016684124723667537e-15
-3.969047313034934632e-15
-5.144322468009221438e-15
2.435551760271437161e-15
1.233822072288504046e-16
3.443426099813962082e-16
2.824129818890241950e-15
-5.006411951669065274e-15
-4.836409051023338179e-15
2.872702076217592548e-15
2.838874968436044810e-15
-1.024028951912558938e-15
-2.844946500601963635e-16
-6.756747938929663633e-16
-4.770489558936219510e-16
3.903127820947815962e-16
8.448103328007050550e-16
-2.688821387764050996e-17
1.543903893619358314e-16
8.250778532614688743e-16
6.331740687315345895e-17
6.080205783298708866e-16
-1.446759378964657117e-15
2.331468351712828735e-15
8.864436962241484252e-16
-1.221245327087672194e-15
1.152723749786588314e-15
-1.734723475976807094e-17
1.061650767297805942e-15
-3.556183125752454544e-16
-6.852157730108388023e-16
-1.023486850826316186e-16
-1.876103439268916873e-15
5.152128723651117070e-16
-7.827939685345342014e-16
8.821068875342064075e-16
-2.879640970121499777e-16
7.337880303381894009e-16
1.514413594527752593e-15
-1.105018854197226119e-15
6.279698983036041682e-16
-1.115427195053086962e-15
3.783865581974410475e-17
1.242062008799393880e-15
1.214306433183764966e-17
3.139849491518020841e-16
-3.833738881908743679e-16
-2.246466901389965187e-16
-2.558717127065790464e-16
1.093201050517134121e-15
-3.907464629637757980e-16
1.320991926956338602e-15
-1.150121664572623104e-15
7.632783294297951215e-17
4.614364446098306871e-16
3.460773334573730153e-16
9.636388909051163409e-16
-9.748061732817170366e-16
-5.637851296924623057e-18
1.313185671314442970e-15
8.361367154208210195e-16
1.686151218649456496e-15
-2.246466901389965187e-16
-2.220446049250313081e-16
-1.116728237660069567e-16
-3.157196726277788912e-16
-3.642919299551294898e-16
-1.233388391419509844e-15
-9.194034422677077600e-16
-5.360295540768333922e-16
-9.601694439531627268e-16
-4.675079767757495119e-16
-7.936359902593892457e-17
2.463307335887066074e-16
8.673617379884035472e-16
2.301978052621223014e-15
-1.080732725533550820e-15
-6.435824095873954320e-16
-1.691355389077386917e-15
1.182972990398933888e-15
1.048640341227979889e-15
1.552577510999242349e-16
-7.233796894823285584e-16
-5.793976409762535695e-16
3.504141421473150331e-16
5.490399801466594454e-16
4.909267437014364077e-16
6.071532165918824830e-17
-7.116703060194851105e-16
1.131039706336878226e-15
-3.521488656232918402e-16
3.660266534311062969e-16
-8.847089727481716182e-16
3.877106968808163856e-16
-7.024545875533583228e-16
1.292368989602721285e-16
-9.003214840319628820e-16
3.590877595271990685e-16
-2.019218126037003458e-15
-2.602085213965210642e-17
6.878178582248040129e-16
-6.149594722337781150e-16
6.249341322206447558e-16
4.232725281383409310e-16
-2.324529457808921507e-16
1.989727826945397737e-15
2.064320936412400442e-16
1.435483676370807871e-15
2.506675422786486251e-16
1.558865883599658275e-15
-3.217912047936977160e-16
1.275021754842953214e-16
-3.660266534311062969e-16
-1.158795281952507139e-15
2.862293735361731706e-16
-5.048045315092508645e-16
5.759281940242999553e-16
-5.967448757360216405e-16
-1.045170894276026274e-16
4.206704429243757204e-16
-6.852157730108388023e-16
-2.428612866367529932e-16
-2.832803436270125985e-15
4.510281037539698445e-16
-3.691708397313142598e-16
-2.151057110211240797e-16
-1.838806884535415520e-16
2.983724378680108202e-16
-1.386044057305468868e-15
-4.440892098500626162e-16
-5.126107871511464964e-16
7.112366251504909087e-17
-2.870967352741615741e-16
5.950101522600448334e-16
-8.448103328007050550e-16
1.320124565218350199e-15
-1.216041156659741773e-15
-1.977584762613560088e-16
-1.162264728904460753e-16
2.015531838650552743e-16
9.311128257305512079e-16
1.318389841742373392e-16
4.163336342344337027e-17
2.602085213965210642e-16
-4.926614671774132148e-16
-1.110223024625156540e-16
-1.140580685454750665e-15
3.295974604355933479e-17
1.296705798292663303e-16
-5.325601071248797780e-16
3.313321839115701550e-16
1.413799632921097782e-15
-7.840950111415168067e-16
8.326672684688674053e-16
-8.066464163292152989e-17
1.877838162744893680e-15
-4.085273785925380707e-16
-3.434752482434078047e-16
-2.498001805406602216e-16
-7.129713486264677158e-16
3.929148673087468069e-16
-3.295974604355933479e-16
2.340792490396204073e-16
3.538835890992686473e-16
2.645453300864630819e-16
4.666406150377611084e-16
-8.916478666520788465e-16
2.029626466892864300e-16
-1.137111238502797050e-15
6.678685382510707313e-17
-1.108054620280185532e-16
-9.887923813067800438e-17
-1.231653667943533037e-16
-1.254205073131231529e-15
-1.405126015541213746e-15
-5.169475958410885141e-16
-8.578207588705311082e-16
2.630274470449833757e-16
3.161533534967730930e-16
5.169475958410885141e-16
-1.301042606982605321e-16
1.542169170143381507e-15
-1.491862189340054101e-15
1.929879867024197893e-15
-4.145989107584568956e-16
1.093417890951631222e-15
-2.771220752872949333e-16
-3.625572064791526827e-16
4.059252933785728601e-16
7.008282842946300661e-16
1.550842787523265542e-15
-9.454242944073598665e-17
-1.859406725812640104e-16
-5.204170427930421283e-18
-6.843484112728503987e-16
8.621575675604731259e-16
-1.682681771697502882e-15
9.159339953157541458e-16
-1.314920394790419778e-15
2.870967352741615741e-16
6.705790436822844924e-16
-2.393918396847993790e-16
1.483188571960170066e-16
-2.949029909160572061e-17
-2.255140518769849223e-17
-6.635317295611287136e-16
-1.813653394133751817e-15
6.865168156178214076e-16
1.344410693882025498e-16
6.505213034913026604e-16
1.006139616066548115e-15
1.535230276239474279e-15
-7.112366251504909087e-16
5.429684479807406206e-16
-1.569924745759010420e-16
1.999268806063270176e-16
1.198260241030979500e-15
1.474514954580286030e-16
6.748074321549779597e-16
1.561251128379126385e-15
1.934216675714139910e-16
-4.770489558936219510e-16
8.641091314709470339e-16
-3.022755656889586362e-16
1.344410693882025498e-16
-9.350159535514990239e-16
-3.955169525227120175e-16
5.030698080332740574e-16
-6.461844948013606427e-16
-2.714842239903703103e-16
-5.160802341031001106e-17
8.526165884426006869e-16
-2.801578413702543457e-16
-7.216449660063517513e-16
-5.412337245047638135e-16
6.800116025829083810e-16
3.972516759986888246e-16
-1.212463289490539609e-15
-7.641456911677835251e-16
7.624109676918067180e-16
1.353084311261909534e-16
1.521352488431659822e-15
6.713379852030243455e-16
2.081668171172168513e-16
8.899131431761020394e-16
1.137978600240785454e-15
6.427150478494070285e-16
-2.550043509685906429e-16
-8.274630980409369840e-16
-6.782768791069315739e-16
-1.113692471577110155e-15
2.349682948210585209e-15
-8.289809810824166902e-16
-6.461844948013606427e-16
2.775557561562891351e-16
-1.779826286352204079e-15
3.382710778154773834e-16
-5.689893001203927270e-16
-7.589415207398531038e-16
5.915407053080912192e-16
1.076070656191863151e-15
-4.241398898763293346e-16
-3.903127820947815962e-17
-1.646252578701989933e-15
1.538699723191427893e-15
-9.922618282587336580e-16
-5.785302792382651660e-16
-4.798678815420842625e-16
2.302845414359211418e-16
-4.900593819634480042e-16
-9.280770596475917955e-16
7.060324547225604874e-16
-1.037364638634130642e-15
-2.602085213965210642e-18
3.946495907847236140e-16
-4.151410118446996478e-16
-4.930951480464074166e-16
1.136243876764808647e-15
-1.195224474948020088e-15
9.176687187917309529e-16
1.942890293094023946e-16
-1.295838436554674900e-15
-1.916869440954371839e-16
-4.263082942213003435e-16
4.813857645835639687e-16
-1.118896642005040576e-15
-3.261280134836397337e-16
1.228184220991579423e-15
5.715913853343579376e-16
1.824061734989612660e-15
1.151205866745108608e-15
4.215378046623641239e-16
6.088879400678592901e-16
-1.127570259384924611e-16
8.743006318923107756e-16
-2.289834988289385365e-16
-2.064320936412400442e-16
-1.409462824231155764e-15
-2.651958513899543846e-16
-1.268082860939045986e-15
-8.187894806610529486e-16
-2.175343238874916096e-15
-5.880712583561376050e-16
1.092875789865388469e-16
-5.290906601729261638e-17
-4.013716442541337415e-16
-2.281161370909501329e-16
4.336808689942017736e-18
-3.903127820947815962e-16
-4.631711680858074942e-16
1.592476150946708913e-15
4.683753385137379155e-17
6.166941957097549221e-16
3.080218372031318097e-16
6.839147304038561970e-16
4.180683577104105098e-16
7.615436059538183144e-16
6.071532165918824830e-16
1.161397367166472350e-15
1.769417945496343236e-16
4.792173602385929598e-16
1.188285581044112860e-16
-8.907805049140904430e-16
-1.654926196081873968e-15
1.535230276239474279e-15
-9.558326352632207090e-16
1.222980050563649002e-16
-6.652664530371055207e-16
4.717363652484429792e-16
-3.079134169858832593e-16
6.661338147750939243e-16
-4.787836793695987581e-16
1.127570259384924611e-15
-6.626643678231403101e-16
-1.370431546021677605e-16
-6.288372600415925717e-17
1.253771392262237327e-15
-1.664467175199746407e-15
1.419003803349028203e-15
-7.615436059538183144e-16
2.740863092043355209e-16
4.163336342344337027e-17
-9.575673587391975161e-16
-4.163336342344337027e-17
-7.415942859800850329e-16
-1.006139616066548115e-15
3.243932900076629267e-16
2.428612866367529932e-17
2.565656020969697693e-15
-2.263814136149733258e-16
3.821812658011403130e-16
-6.245004513516505540e-17
5.741934705483231483e-16
1.908195823574487804e-16
3.642919299551294898e-16
-4.458239333260394233e-16
2.030493828630852704e-15
-1.674008154317618846e-16
-2.799410009357572449e-16
-7.507015842289632701e-16
1.611558109182453791e-15
-9.662409761190815516e-16
1.696559559505317338e-15
-1.183081410616182438e-15
-3.070460552478948557e-16
1.378020961229076136e-16
-7.454974138010328488e-16
-6.938893903907228378e-16
7.580741590018647003e-16
-8.829742492721948111e-16
1.111957748101133348e-15
-1.110223024625156540e-16
8.439429710627166514e-16
-8.443766519317108532e-16
1.253337711393243126e-16
-7.407269242420966293e-16
-1.769417945496343236e-16
-1.892583312290696540e-15
-3.469446951953614189e-18
3.790370795009323501e-16
7.014788055981213688e-17
1.851817310605241573e-16
5.204170427930421283e-17
1.474514954580286030e-16
5.082739784612044787e-16
-1.587271980518778491e-15
7.251144129583053655e-16
-6.938893903907228378e-17
4.542807102714263578e-16
-9.120308674948063299e-16
4.883246584874711971e-16
4.822531263215523722e-16
1.032160468206200221e-15
-1.753805434212551972e-15
1.384309333829492061e-15
-3.393552799879628878e-16
6.795779217139141792e-16
-1.876103439268916873e-15
1.422473250300981817e-16
-7.719519468096791570e-16
1.828398543679554678e-15
-3.929148673087468069e-16
3.903127820947815962e-16
4.054916125095786583e-16
-3.963843142607004211e-16
-7.459310946700270506e-17
1.486658018912123680e-15
-8.569533971325427046e-16
-1.647987302177966740e-16
-1.084202172485504434e-15
6.305719835175693788e-16
-3.339342691255353657e-16
-8.664943762504151437e-16
-1.734723475976807094e-18
4.770489558936219510e-16
6.938893903907228378e-18
1.287164819174790864e-15
6.557254739192330817e-16
-2.156478121073668319e-16
-9.653736143810931480e-16
-9.835882108788496225e-16
4.024558464266192459e-16
8.725659084163339685e-16
9.194034422677077600e-16
-5.533767888366014631e-16
-1.708702623837154988e-15
4.106957829375090796e-16
-9.063930161978817068e-16
9.783840404509192012e-16
-9.749145934989655871e-16
4.128641872824800885e-16
-7.467984564080154541e-16
6.591949208711866959e-16
-1.639313684798082704e-16
1.574261554448952438e-16
2.905661822261151883e-16
5.828670879282071837e-16
-1.169203622808367982e-15
-3.122502256758252770e-17
7.788908407135863854e-16
-5.906733435701028156e-16
7.934191498248921448e-16
1.986258379993444123e-16
-4.137315490204684920e-16
3.032296636007458801e-15
1.191755027996066474e-15
2.053045233818551196e-15
-2.335805160402770753e-15
-9.880876498946644659e-16
5.290906601729261638e-17
1.557781681427172771e-15
2.714842239903703103e-16
-2.603819937441187449e-15
-2.227384943154220309e-15
2.161465451067101640e-15
6.401129626354418178e-16
5.972327667136401175e-16
-1.977584762613560088e-16
-2.036565360796771529e-15
-3.734859643778065674e-15
-2.803313137178520265e-15
-4.369768435985577071e-15
4.889318117040630796e-15
7.613863966388079163e-15
-6.410670605472290617e-15
-6.603224911305716205e-15
3.442558738075973679e-15
2.003605614753212194e-15
4.052314039881821373e-15
1.667069260413711618e-15
-6.332608049053334298e-15
-7.678645046194088053e-15
6.458375501061652812e-15
8.095087100645770306e-15
-1.020017403874362572e-15
2.105954299835843813e-15
1.301042606982605321e-16
-1.193923432341037483e-15
-1.707076320578426731e-15
6.375108774214766072e-16
1.276756478318930021e-15
1.680947048221526074e-15
-1.195224474948020088e-15
-3.500671974521196717e-15
3.348016308635237692e-15
5.256212132209725496e-16
1.002670169114594501e-15
-8.604228440844963188e-16
-2.879640970121499777e-16
-2.647188024340607626e-15
1.717376241217039023e-15
1.472780231104309223e-15
5.035034889022682592e-16
-6.448834521943780373e-16
4.978656376053436361e-16
2.558717127065790464e-16
-7.233796894823285584e-16
1.953298633949884788e-15
1.918604164430348646e-15
7.979727989493312634e-16
-5.906733435701028156e-16
1.595945597898662527e-16
-4.857225732735059864e-16
4.796510411075871616e-16
-4.753142324176451439e-16
-1.639313684798082704e-15
-2.650657471292561240e-15
-1.284216566587941194e-03
-5.155394376683598585e-04
-6.432672199722152401e-05
-1.549270917902632536e-03
1.193238740587581823e-03
-1.675459512521732322e-03
1.751834246413008778e-03
-8.202090602538779709e-04
1.284234078376060399e-03
5.155307294058643136e-04
6.432273379808643374e-05
1.549288760378921947e-03
-1.193236712574447661e-03
1.675453825958799978e-03
-1.751843863817405082e-03
8.202102797876869786e-04
