6.101418471762976720e-04
9.441053644431986972e-04
-5.377227522044007897e-04
1.492023261007200535e-03
-1.370582155554510642e-03
1.166004584424189597e-03
-1.400606582921106336e-03
1.568895228046809573e-04
-6.101502030149850899e-04
-9.440988177969503702e-04
5.377306825205107471e-04
-1.492034858433647672e-03
1.370568504464418115e-03
-1.165994343107279625e-03
1.400616091773727433e-03
-1.568985977222461976e-04
8.565197162635485029e-17
3.469446951953614189e-18
-3.217912047936977160e-16
5.967448757360216405e-16
-6.505213034913026604e-17
1.674008154317618846e-16
6.938893903907228378e-18
-2.257851024201062984e-17
1.173106750629315798e-16
-1.257674520083185143e-16
-4.128641872824800885e-16
1.491862189340054101e-16
1.058181320345852328e-16
1.465841337200401995e-16
5.377642775528101993e-17
8.342935717275956620e-17
-4.111294638065032814e-16
1.856154119295183591e-16
-1.422473250300981817e-16
-1.734723475976807094e-17
-4.111294638065032814e-16
1.860490927985125609e-16
1.271769148325496701e-16
-9.020562075079396891e-17
2.090341788552052549e-16
-1.127570259384924611e-16
8.847089727481716182e-17
-1.665334536937734811e-16
-9.540979117872439019e-17
5.204170427930421283e-18
-2.420481350073888649e-16
1.994931997373328159e-16
-4.354155924701785807e-16
5.846018114041839908e-16
-7.138387103644561194e-16
6.886852199627924165e-16
2.445960101127298003e-16
-1.784596775911140298e-16
1.595945597898662527e-16
1.873501354054951662e-16
9.471590178833366735e-16
-9.757819552369539906e-16
4.805184028455755652e-16
-1.977584762613560088e-16
-2.615095640035036695e-16
-2.981555974335137194e-17
-2.857956926671789688e-16
2.766883944183007316e-16
1.092875789865388469e-16
-8.673617379884035472e-19
6.245004513516505540e-17
-1.292368989602721285e-16
7.686993402922226437e-17
-4.597017211338538800e-17
1.647987302177966740e-16
-7.953707137353660528e-16
2.784231178942775387e-16
-1.214306433183764966e-16
-3.495467804093266295e-16
1.392115589471387693e-16
-6.993104012531503599e-17
1.331400267812199445e-16
-2.792904796322659422e-16
2.315855840429037471e-16
-2.584737979205442571e-16
6.938893903907228378e-17
-3.989863994746656317e-17
3.241764495731658258e-17
2.155393918901182815e-16
1.023486850826316186e-16
5.880712583561376050e-16
-1.127570259384924611e-16
-1.058181320345852328e-16
7.806255641895631925e-17
1.301042606982605321e-17
6.467265958876033949e-17
-2.311519031739095453e-16
1.387778780781445676e-16
2.593411596585326606e-16
-5.637851296924623057e-17
6.331740687315345895e-17
4.206704429243757204e-17
8.819984673169578571e-17
-1.110223024625156540e-16
-2.281161370909501329e-16
-2.775557561562891351e-17
-2.229119666630197116e-16
-1.734723475976807094e-18
1.370431546021677605e-16
-8.413408858487514408e-17
-7.193681414441321920e-17
2.688821387764050996e-17
-2.324529457808921507e-16
-1.058181320345852328e-16
-8.673617379884035472e-17
4.718447854656915297e-16
-6.375108774214766072e-17
-3.594130201789447199e-17
1.175275154974286806e-16
6.765421556309547668e-17
-1.257674520083185143e-16
7.979727989493312634e-17
4.683753385137379155e-16
-3.408731630294425941e-16
4.423544863740858091e-17
-2.276824562219559311e-18
-1.608956023968488580e-16
2.237793284010081152e-16
2.168404344971008868e-17
1.994931997373328159e-16
-1.760744328116459201e-16
-1.422473250300981817e-16
1.951563910473907981e-18
-8.196568423990413521e-17
-1.838806884535415520e-16
2.515349040166370287e-17
1.110223024625156540e-16
-5.160802341031001106e-16
-2.680147770384166961e-16
4.254409324833119399e-16
-1.940721888749052937e-17
5.464378949326942347e-17
-2.090341788552052549e-16
3.877106968808163856e-16
-2.888314587501383812e-16
-5.030698080332740574e-17
2.593411596585326606e-16
-1.799775606325937360e-16
-5.204170427930421283e-17
3.209238430557093125e-16
-6.158268339717665185e-17
-7.979727989493312634e-17
-6.245004513516505540e-17
3.807718029769091572e-16
4.770489558936219510e-18
-9.194034422677077600e-17
9.367506770274758310e-17
-2.688821387764050996e-16
-3.348016308635237692e-16
2.844946500601963635e-16
4.224051664003525275e-16
-2.177077962350892903e-16
4.900593819634480042e-17
5.713745448998608367e-17
9.540979117872439019e-18
-1.006139616066548115e-16
1.084202172485504434e-16
-2.437286483747413968e-16
1.240327285323417073e-16
-2.537033083616080376e-16
5.746271514173173500e-17
5.160802341031001106e-17
-2.506675422786486251e-16
2.515349040166370287e-16
1.743397093356691130e-16
-1.222980050563649002e-16
5.984795992119984476e-17
-4.770489558936219510e-17
-5.854691731421723944e-18
-6.461844948013606427e-17
-1.006139616066548115e-16
4.770489558936219510e-17
2.550043509685906429e-16
-2.324529457808921507e-16
2.515349040166370287e-17
1.404041813368728242e-17
2.359223927328457648e-16
-2.454633718507182039e-16
-2.307182223049153436e-16
-2.645453300864630819e-16
-1.301042606982605321e-16
2.107689023311820620e-16
-3.382710778154773834e-17
7.106945240642481565e-17
2.775557561562891351e-17
1.370431546021677605e-16
2.133709875451472726e-16
2.949029909160572061e-17
1.387778780781445676e-17
-2.341876692568689577e-17
1.924458856161770370e-17
-7.719519468096791570e-17
8.153200337090993344e-17
4.692427002517263190e-16
-1.621966450038314633e-16
2.732189474663471174e-16
1.318389841742373392e-16
-9.671083378570699551e-17
2.114194236346733646e-17
-4.597017211338538800e-17
-1.821459649775647449e-16
3.174543961037556983e-16
6.505213034913026604e-17
-2.038300084272748336e-16
-6.028164079019404653e-17
-7.117787262367336609e-17
9.801187639268960083e-17
-3.339342691255353657e-16
-4.597017211338538800e-16
1.700029006457270953e-16
5.724587470723463412e-17
-5.846018114041839908e-16
1.309716224362489356e-16
-1.902774812712060282e-17
1.305379415672547339e-16
-2.714842239903703103e-16
-4.492933802779930375e-16
5.637851296924623057e-17
-8.413408858487514408e-17
2.524022657546254322e-16
-1.940721888749052937e-17
-1.682681771697502882e-16
3.495467804093266295e-16
1.422473250300981817e-16
-4.874572967494827935e-16
3.382710778154773834e-17
-1.561251128379126385e-17
2.602085213965210642e-17
2.602085213965210642e-17
3.079134169858832593e-17
4.961309141293668290e-16
-3.582203977892106650e-16
-1.760744328116459201e-16
2.272487753529617294e-16
2.255140518769849223e-17
-3.155028321932817903e-17
-1.431146867680865853e-16
4.076600168545496672e-17
3.313321839115701550e-16
-2.211772431870429045e-16
-8.500145032286354763e-17
4.692427002517263190e-16
-5.898059818321144121e-17
-3.079134169858832593e-17
-4.553649124439118623e-17
4.232725281383409310e-16
-1.812786032395763414e-16
-4.250072516143177381e-17
-6.930220286527344342e-16
6.990935608186532590e-16
2.526191061891225331e-17
1.392115589471387693e-16
-3.469446951953614189e-17
-1.066854937725736363e-16
6.973588373426764520e-16
7.025630077706068732e-17
-1.890848588814719733e-16
-9.540979117872439019e-17
-2.537033083616080376e-17
1.561251128379126385e-17
3.417405247674309976e-16
-2.116362640691704655e-16
-5.377642775528101993e-17
-9.020562075079396891e-17
1.613292832658430598e-16
-1.522219850169648225e-16
-5.030698080332740574e-17
2.272487753529617294e-16
-1.023486850826316186e-16
-1.942890293094023946e-16
1.639313684798082704e-16
-1.153591111524576718e-16
-1.734723475976807094e-17
-1.734723475976807094e-17
9.801187639268960083e-17
-4.649058915617843013e-16
4.510281037539698445e-17
2.437286483747413968e-16
-2.255140518769849223e-16
1.170938346284344789e-16
-6.245004513516505540e-17
2.065405138584885947e-17
-8.239936510889833698e-17
6.071532165918824830e-17
-1.613292832658430598e-16
-6.297046217795809753e-16
-4.510281037539698445e-17
2.658463726934456872e-16
1.832301671500502493e-17
-2.905661822261151883e-16
5.854691731421723944e-16
-5.264885749589609532e-16
6.938893903907228378e-18
2.376571162088225719e-16
-4.380176776841437913e-16
9.540979117872439019e-18
2.000353008235755681e-17
-6.722053469410127491e-17
-4.683753385137379155e-17
1.361757928641793569e-16
2.064320936412400442e-16
3.321995456495585586e-16
-1.934216675714139910e-16
4.022390059921221450e-17
7.199102425303749442e-17
-4.336808689942017736e-17
-8.673617379884035472e-18
3.920475055707584033e-16
2.463307335887066074e-16
-1.127570259384924611e-16
9.497611030973018842e-17
8.023096076392732812e-18
4.727121472036799332e-17
1.058181320345852328e-16
-1.231653667943533037e-16
8.673617379884035472e-18
2.454633718507182039e-16
9.584347204771859197e-17
-7.101524229780054043e-17
1.782428371566169290e-16
-6.262351748276273611e-16
1.778091562876227272e-16
7.910339050454240351e-16
-6.591949208711866959e-17
-2.636779683484746784e-16
3.903127820947815962e-17
1.105886215935214523e-17
9.367506770274758310e-17
-6.418476861114186249e-17
-3.226585665316861196e-16
3.868433351428279821e-16
-4.232725281383409310e-16
2.870967352741615741e-16
-5.702903427273753323e-17
1.127570259384924611e-16
-7.459310946700270506e-17
-3.174543961037556983e-16
-4.839878497975291793e-16
2.992397996059992238e-16
3.651592916931178934e-16
-1.717376241217039023e-16
-4.011548038196366406e-17
2.736526283353413191e-16
-3.122502256758252770e-17
-3.790370795009323501e-16
2.298508605669269400e-16
2.081668171172168513e-16
2.949029909160572061e-16
2.992397996059992238e-17
-1.040834085586084257e-16
5.872038966181492015e-16
3.816391647148975608e-17
7.207776042683633477e-16
-7.979727989493312634e-16
-3.825065264528859643e-16
-5.074066167232160751e-17
-2.439454888092384977e-17
2.168404344971008868e-18
-3.105155021998484699e-16
-1.821459649775647449e-17
-2.029626466892864300e-16
5.100087019371812858e-16
-1.019150042136374168e-16
-1.788933584601082316e-18
-3.048776509029238468e-16
4.692427002517263190e-16
-4.597017211338538800e-16
1.994931997373328159e-17
-5.611830444784970950e-16
-1.309716224362489356e-16
-2.298508605669269400e-17
-2.385244779468109755e-18
-7.762887554996211747e-17
1.665334536937734811e-16
8.847089727481716182e-17
-1.448494102440633924e-16
-3.903127820947815962e-17
-5.386316392907986028e-16
3.664603343001004987e-17
5.594483210025202879e-17
2.702699175571865453e-15
-1.258541881821173547e-15
3.364496181657017360e-15
-3.527560188398837226e-15
3.304648221735817515e-16
-5.347285114698507869e-16
-3.702550419037997642e-17
-1.422473250300981817e-16
-1.819724926299670642e-15
1.478851763270228048e-15
-2.714842239903703103e-15
2.942091015256664832e-15
-7.251144129583053655e-16
1.409462824231155764e-15
-2.558717127065790464e-17
2.315855840429037471e-16
-1.859623566247137205e-15
1.895185397504661751e-15
-1.317522480004384988e-15
4.969982758673552325e-16
-2.862293735361731706e-17
-2.846030702774449139e-17
1.366094737331735587e-16
2.914335439641035919e-16
9.627715291671279374e-16
-1.451963549392587538e-15
7.164407955784213300e-16
-1.184816134092159245e-15
-1.621966450038314633e-16
-2.233456475320139134e-17
6.466181756703548444e-15
-4.511148399277686849e-15
7.423749115442745961e-15
-8.020493991178767601e-15
-9.280770596475917955e-17
-9.020562075079396891e-16
-2.103352214621878602e-16
-3.165870343657672947e-16
-3.100818213308542681e-15
1.877838162744893680e-15
-5.717648576819556183e-15
6.734196533741965141e-15
-1.731254029024853480e-15
3.101685575046531085e-15
2.087089182034596035e-16
1.647987302177966740e-16
-3.799911774127195940e-15
4.629109595644109731e-15
-2.992397996059992238e-15
1.714774156003073813e-15
7.199102425303749442e-17
7.860465750519907147e-17
4.640385298237958978e-17
-5.126107871511464964e-16
1.861358289723114012e-15
-2.631575513056816362e-15
2.445092739389309600e-15
-1.561251128379126385e-15
5.464378949326942347e-16
-1.208885422321337444e-16
-2.432949675057471950e-16
1.251602987917266319e-15
6.465314394965560041e-15
-9.853229343548264296e-15
-5.334274688628681815e-16
-4.896257010944538024e-16
-3.661350736483548474e-16
1.851817310605241573e-16
-2.784231178942775387e-15
1.169203622808367982e-15
-6.871239688344132901e-15
4.820796539739546915e-15
-2.596881043537280220e-15
4.705437428587089244e-15
8.630249292984615295e-17
3.508478230163092348e-16
7.324869877312067956e-15
-5.186823193170653212e-15
-3.245667623552606074e-15
1.364360013855758780e-15
4.987329993433320396e-17
-6.134415891922984088e-16
-1.206500177541869334e-15
-5.750608322863115518e-16
1.613292832658430598e-15
-2.647188024340607626e-15
4.113029361541009621e-15
4.588343593958654765e-16
1.548240702309300332e-15
7.911423252626725855e-16
5.165139149720943124e-16
2.668872067790317715e-15
-1.160530005428483946e-15
4.737529812892660175e-15
-1.216041156659741773e-15
2.567390744445674500e-16
6.101889826748418955e-16
6.041174505089230706e-16
1.013078509970455343e-15
-1.191755027996066474e-15
2.445960101127298003e-16
-1.675742877793595653e-15
-1.033027829944188625e-15
-4.228388472693467293e-16
-1.143670661646334352e-15
-1.234255753157498248e-15
5.715913853343579376e-16
-3.504141421473150331e-16
-1.586404618780790088e-15
-2.992397996059992238e-16
1.011213682233780276e-14
-8.345104121620927629e-15
-1.066681465378138682e-14
1.489520312647485412e-14
1.049507702965968292e-16
5.014218207310960906e-15
-1.683288924914094764e-14
1.001716071202807257e-14
-1.415187411701879228e-14
1.316216016386539955e-14
1.784943720606335660e-14
-2.474062621438122278e-14
2.567390744445674500e-15
-8.502747117500319973e-15
1.744958344485070256e-14
-5.867702157491549997e-15
2.883218837290701941e-15
-6.280566344774030085e-15
-1.983135877736685870e-14
-4.172009959724221062e-16
-3.988042535096880670e-14
4.395615815777631497e-14
1.678691907702756225e-14
1.485443712478939915e-14
-4.588126753524157664e-15
5.105291189799743279e-15
4.799112496289836827e-14
-6.245004513516505540e-17
4.489117411132781399e-14
-6.845218836204480795e-14
-1.519704501129481855e-14
-5.803083708011413933e-15
-4.896257010944538024e-14
8.644213816966228592e-14
3.060399156318283076e-14
3.543953325246818054e-14
-6.291321630325086289e-14
-4.193520530826333470e-14
-1.587211265197119303e-13
1.012938647890204713e-13
1.468820724770392161e-13
-2.804145804446989132e-13
-9.116752491822310844e-14
1.572093150103981429e-14
1.890805220727820313e-13
-3.258851521970029808e-14
6.857795581405312646e-14
-6.250945941421726104e-14
-1.036341151783304326e-13
-3.112093915902391927e-14
-3.486265096053209334e-13
3.102787124453776357e-13
2.106301244531039174e-14
2.458541183136819797e-13
2.264627287779097387e-14
1.057773660328997778e-13
5.425746657516938853e-13
-1.641247901473796844e-13
4.007722972931837546e-13
-6.422336620848234645e-13
-1.811328864675942896e-13
-7.235965299168256593e-15
-6.693972633142752926e-15
-4.703269024242118235e-14
2.155393918901182815e-14
2.364827084155862735e-13
-8.119373229309445605e-15
-2.493595607777621126e-13
-7.291550176147243434e-13
4.137826149427925593e-13
7.402819676705085783e-13
-1.386616516052541215e-12
-2.718042804716880312e-13
9.138349799098222093e-14
9.958553079392196139e-13
-3.500602585582157644e-13
2.133358593947587423e-13
-2.270343743733527209e-13
-7.622852002397983995e-14
1.523997941732524453e-13
-2.151894114288399606e-12
2.148040426086517130e-12
-1.481415684567721769e-12
1.938074267043843335e-12
2.421581815278961436e-13
4.488054893003745605e-13
3.840427975632110247e-12
-3.307927716467151669e-12
3.952466826051548310e-12
-4.159188618513276481e-12
-6.225506221646526228e-13
2.699103961167903520e-13
-1.672327640950266314e-13
1.031119634120614137e-14
-1.589891412967503470e-13
-1.335216659459348421e-14
2.294709561256880193e-13
-4.212394322244961131e-13
-9.283147167638006181e-13
9.289242552251719687e-13
1.745913309758595489e-12
-1.896087453712169690e-12
-3.561812303431999283e-13
2.119658615296060589e-13
1.312194276847922225e-12
-1.090121048985537300e-12
3.106378002049048348e-13
-3.885122475469349190e-13
-5.130357944027608141e-14
9.035914377841791634e-14
-1.910312186215179509e-13
2.874159243937413066e-13
4.705177220065692723e-14
-1.418960435262128783e-14
-1.517121931554621383e-13
-1.963490134371248530e-13
7.160331355615667803e-14
5.246497680744255376e-14
-3.792972880223288712e-14
-9.407231937874627192e-14
8.048943456184787237e-14
2.162679757500285405e-14
6.310728849212576819e-14
5.491267163204582857e-15
1.228184220991579423e-15
4.735795089416683368e-15
-2.293911588457930861e-14
-2.615529320904030897e-14
-1.088209718995890958e-03
-4.260357532518068042e-04
-3.920800617033984130e-05
-1.318419041344756539e-03
1.032796647440774492e-03
-1.438494323659875174e-03
1.499752433392110423e-03
-7.159414754183560450e-04
1.088227566363567577e-03
4.260228181928066597e-04
3.919511021625832724e-05
1.318438850803538634e-03
-1.032774928221472967e-03
1.438472281504885909e-03
-1.499774226654229398e-03
7.159602179613554218e-04
