4.014905776204360805e-04
-3.436605214378937040e-04
4.045394291133941073e-04
-5.300064444578936329e-05
1.706035374147512294e-04
2.687064163139306610e-04
-1.632637956189771393e-04
4.330033379539429891e-04
-4.014926002947090530e-04
3.436587825736606540e-04
-4.045384432344677596e-04
5.299998278499945753e-05
-1.706040612217232832e-04
-2.687070075496459948e-04
1.632632817661272204e-04
-4.330023984272683224e-04
-6.872824791920306708e-13
3.656866476298148427e-13
-4.684505821445084095e-13
-1.536886598345853228e-13
2.631130990166097305e-14
-5.820055808819502019e-13
5.051293584801275216e-13
-6.713332147134654093e-13
6.872028987525702348e-13
-3.656671319907101037e-13
4.678916759245921320e-13
1.532909473726633276e-13
-2.513148109756224713e-14
5.819262172829242630e-13
-5.058002627844615517e-13
6.712445269757560951e-13
-1.654080518387335275e-13
4.335500057919827732e-13
2.316348610316432133e-13
1.037408006721030063e-13
4.933414787799961232e-13
-2.872071070553205985e-13
4.657778069488971440e-13
-5.099596959989849410e-13
1.651964155746643570e-13
-4.337444032415094242e-13
-2.320658042901518892e-13
-1.034078421849327079e-13
-4.927122078390855364e-13
2.872979631973748837e-13
-4.653241767599292089e-13
5.096886454558635648e-13
-9.608850173870031597e-14
-1.091385825029850265e-13
-1.059844486478445091e-13
-7.941867649630118819e-14
-5.256797601382867668e-14
-1.976066879572080381e-15
3.113958743639066995e-14
7.513260846803149207e-14
9.612211200604736661e-14
1.100754958103383752e-13
1.053342526050049521e-13
7.889435632568719825e-14
5.343490407094808603e-14
2.452682154596708131e-15
-3.164569301050690342e-14
-7.633542235818691069e-14
5.247546646346135102e-14
6.255868219284810294e-14
9.183409241386719657e-15
6.043906694563894177e-14
-4.010572256241129452e-14
2.464825218928545780e-14
-6.532643349876909866e-14
-2.607896537609732945e-14
-5.381223353202735371e-14
-6.139945323002660160e-14
-8.689013050733329635e-15
-6.181903947077849182e-14
3.977005356980978235e-14
-2.492298901979328463e-14
6.631262379486191350e-14
2.593042967846681535e-14
-2.039969755618376013e-14
-1.529679161116348496e-14
-8.019626629440779197e-15
-2.646971183906110525e-15
7.441963711940502435e-15
1.254421913565728630e-14
1.884701162496726923e-14
2.134491856268377896e-14
1.891531636183385601e-14
1.487351908302514403e-14
8.892409378291610267e-15
1.986041539558947022e-15
-6.806187557995002635e-15
-1.306615406149180814e-14
-1.882326759738983668e-14
-1.936519250077956000e-14
3.888599511836510203e-15
1.255722956172711235e-15
1.425509016383941230e-15
-2.520986891463294910e-15
-2.995216921708454549e-15
-5.026686532294544207e-15
-6.599159153158895563e-15
-4.463985604774567406e-15
-3.036199763828406617e-15
-2.784231178942775387e-15
-8.769027171062759862e-16
1.328147661294742932e-15
3.992682920395118629e-15
5.043166405316323875e-15
3.779203512632722806e-15
6.778974083465616474e-15
4.750973919831480430e-16
-1.873501354054951662e-16
1.769417945496343236e-16
-3.135512682828078823e-16
2.881809374466470786e-16
1.520579994383763900e-15
-5.919743861770854210e-16
-1.801510329801914168e-15
1.315137235224916878e-15
-1.160096324559489744e-16
1.046255096448511779e-15
-1.552577510999242349e-15
1.939637686576567432e-16
2.093851893085474369e-15
-2.611626193083083081e-15
8.870942175276397279e-16
1.092875789865388469e-16
6.223320470066795451e-16
2.037866403403754134e-15
1.983547874562230362e-15
4.783771035549166939e-16
2.696627643405946628e-15
3.230488793137809012e-15
-6.652664530371055207e-16
-3.237427687041716240e-16
-1.189152942782101263e-15
1.106103056369711624e-15
-2.041119009921210647e-15
-4.961390456456604703e-15
1.174190952801801302e-15
-2.244081656610497078e-15
-1.775923158531256263e-15
-8.831910897066919119e-16
-2.595363160495800514e-15
-3.090735133104427490e-15
-9.345822726825048221e-16
-3.454268121538817127e-15
-3.521922337101912603e-15
3.547509508372570508e-16
1.745565497701662139e-16
1.128871301991907217e-15
-1.370214705587180504e-15
2.888097747066886711e-15
6.542075908777533755e-15
-1.313402511748940071e-15
2.606855703524146861e-15
2.594712639192309211e-15
1.077696959450591407e-16
2.089691267248561246e-15
1.957635442639826806e-15
-2.929785320598954357e-16
2.314988478691049067e-15
3.402876938563004217e-15
-1.430930027246368752e-15
1.975416358268589079e-16
-1.739710805970240415e-15
2.904794460523163480e-15
-2.378739566433196728e-15
-6.066490625816767235e-15
3.084338340286763014e-15
-1.805630298057359084e-15
-2.386979502944086562e-15
-3.339342691255353657e-17
4.080936977235438690e-16
-4.868067754459914909e-16
2.519265720514474172e-15
-1.797607201980966352e-16
-2.206351421008001523e-15
1.900823248801586374e-15
-3.042271295994325442e-16
2.118097364167681462e-15
-4.404679745939610314e-15
8.368956569415608726e-16
4.682642077910581513e-15
-5.836693975358464570e-15
2.068657745102342460e-16
1.336387597805632765e-15
-6.930220286527344342e-16
2.033963275582806318e-16
-3.946495907847236140e-16
-4.150908674942221932e-15
-1.196850778206748345e-15
1.915568398347389234e-15
-2.822828776283259344e-15
1.513546232789764190e-16
-2.020952849512980265e-15
6.048980760731126338e-15
-1.241411487495902577e-16
-4.064565524430907573e-15
8.054429519177563890e-15
4.800847219765813634e-16
-6.617970060851519065e-16
6.665674956440881260e-16
-6.626643678231403101e-16
-4.852888924045117847e-16
-5.712661246826122863e-16
8.088148206741863078e-16
-2.292653913937847676e-15
3.229838271834317709e-15
-1.569924745759010420e-16
2.391749992503022781e-15
-6.106009795003863871e-15
9.318717672512910610e-16
5.491009665188617550e-15
-8.355837723128534122e-15
-1.279358563532895232e-16
1.134075472419837638e-15
-8.567365566980456038e-16
1.208451741452343242e-15
-2.164067536281066850e-16
-2.930598472228318485e-16
3.644139026995341091e-15
3.959723174351559294e-15
-2.993265357797980641e-15
-1.843143693225357538e-16
-2.345779820389637393e-15
6.550966366591914891e-15
-2.686652983419079987e-15
-7.803978817333412366e-15
7.829023887517827518e-15
-1.426159537687432532e-15
-2.863594777968714311e-15
6.312225048210606815e-16
-4.054916125095786583e-16
1.304295213500061834e-15
2.602952575703199045e-15
-2.153225514556211806e-15
5.835176092316984864e-16
2.219578687512324677e-15
-7.784571598445921836e-17
2.025506498637419384e-15
-6.360363624668963212e-15
4.206053907940265901e-15
9.476875664424233570e-15
-7.713014255061878544e-15
1.945492378307989156e-15
3.636847767385376073e-15
-2.096847001586965575e-16
3.918306651362613025e-16
-2.466126261535528386e-15
-3.329584871702984117e-15
1.362300029728036321e-15
-1.416076457483317341e-15
-4.396439809428720480e-15
4.358492733391727825e-16
-2.051310510342574389e-15
6.658736062536974032e-15
-3.909633033982728989e-15
-9.111255586807809337e-15
8.839283471839820550e-15
-1.217559039701221479e-15
-3.818776891928443717e-15
-8.803721640582296004e-17
-7.450637329320386470e-16
2.147804503693784284e-15
3.016033603420176235e-15
-2.333121760025869129e-15
9.212465859609331176e-16
3.832220998867263972e-15
-2.581919053556980259e-15
2.856222203195812881e-15
-7.211245489635587091e-15
2.758535587454868931e-15
7.912873373032425217e-15
-1.071831425697444828e-14
-2.042636892962690354e-16
2.725684261628558147e-15
-7.131881890609648167e-16
1.284996414829819855e-15
-6.934557095217286360e-16
-1.819508085865173541e-15
4.227426243265386407e-15
6.959493745184452962e-16
-3.272772677864743684e-15
3.307467147384279826e-15
-1.634976876108140686e-16
7.538240864857215229e-15
-1.989510986510900636e-15
-7.071993273106980116e-15
1.190280513041486188e-14
7.706509042026965517e-16
-2.211989272304926146e-15
1.072059108153666784e-15
-1.312101469141957466e-15
1.277190159187924223e-16
1.191429767344320823e-15
-5.662598211511604696e-15
-1.432014229418854256e-15
3.071544754651434062e-15
-3.679565332981304948e-15
2.580401170515500553e-16
-2.738694687698384200e-15
2.874762060345315007e-15
8.055337538497020500e-15
-1.172120126652353989e-14
4.154662724964452991e-16
2.734574719442939283e-15
-8.873110579621368288e-16
1.478418082401233846e-15
-1.356770598648360249e-15
-1.504872615409880154e-15
5.090125911912102286e-15
6.622306869541461083e-16
-3.615380564370163086e-15
3.484408941933914150e-15
-1.188285581044112860e-16
2.118964725905669866e-15
-7.358263304224621493e-15
-9.374472769232977676e-15
1.027693555255559943e-14
-1.982138411737999206e-15
-4.493584324083421677e-15
6.017322057294549609e-16
-8.389556410692833310e-16
2.694892919929969821e-15
2.530311030146670248e-15
-3.941616998071051370e-15
1.084310592702752984e-15
4.529579836209940424e-15
-2.580618010949997654e-15
6.049848122469114742e-17
-2.265982540494704267e-15
6.604959634781693012e-15
-3.914078262889919557e-15
-9.290419995811038945e-15
2.134577237189461130e-15
4.375189446848004593e-15
4.662069341687669066e-17
5.230191280070073390e-16
-3.457520728056273640e-15
-3.193192238404307659e-15
3.234039555252699039e-15
-2.055864159467013508e-15
-5.105941711103234582e-15
2.714191718600211800e-15
7.979727989493312634e-17
2.218060804470844971e-15
-7.177635222288536454e-15
4.593547764386585186e-15
1.029647829671465065e-14
-2.270969870488137587e-15
-3.565940945304824083e-15
2.636779683484746784e-16
-9.276433787785975937e-16
2.609457788738112072e-15
2.651416412813301093e-15
-4.421539089721759908e-15
1.108488301149179733e-15
4.878042414446781549e-15
-3.836991488426200192e-15
7.045145716810807812e-16
-2.682099334294640869e-15
7.255264097838498571e-15
-3.307141886732534175e-15
-8.947703689088370993e-15
1.002746063266668486e-14
2.407796184655808247e-15
-5.188991597515624221e-16
1.374768354711619622e-15
-1.280659606139877837e-15
-8.821068875342064075e-16
6.033964560642202102e-15
2.084920777689625027e-16
-4.044290943805428640e-15
3.540570614468663280e-15
-2.667137344314340908e-16
2.584304298336448369e-15
-7.405317678510492385e-15
1.850733108432756069e-15
7.142100496085324046e-15
-1.109691765560638643e-14
1.101549407245272505e-15
1.420088005521513708e-15
-1.605920257885529168e-15
7.368237964211488134e-16
-1.431146867680865853e-17
-6.751218507849987560e-15
-3.932401279604924582e-16
3.192541717100816356e-15
-2.864028458837708513e-15
-3.020587252544615353e-16
-2.434250717664454555e-15
7.397728263303093854e-15
-1.153374271090079617e-15
-5.925490133285027383e-15
1.085470689027312474e-14
-8.051285332877355927e-16
-1.356770598648360249e-15
1.508342062361833769e-15
-1.615678077437898708e-15
-8.105495441501631149e-16
5.417324575041071455e-15
-1.046797197534754531e-15
-3.749604793323868535e-15
3.303130338694337809e-15
-9.872744982653003376e-16
2.950114111333057565e-15
-6.434523053266971715e-15
1.601583449195587150e-15
6.627782090512512880e-15
-9.443509342565992171e-15
9.779503595819249995e-16
2.963775058706374921e-15
-1.520485126693671418e-15
3.394637002052114383e-15
1.947443942218463064e-15
-3.504331156853335294e-15
2.753548257461435611e-15
3.790804475878317703e-15
-2.883544097942447593e-15
6.171278765787491238e-16
-2.582569574860471562e-15
5.527696356200095806e-15
-2.391749992503022781e-15
-7.869274893171351870e-15
7.104126314994019253e-15
-1.735807678149292599e-15
-3.841761977985136411e-15
3.660266534311062969e-16
-5.969617161705187414e-16
-2.450080069382742920e-15
2.585198765128748910e-15
-3.675879045594854233e-15
-4.061204497696202509e-15
3.002806336915853080e-15
3.671108556035918014e-16
1.646252578701989933e-15
-4.958707056079703079e-15
2.747801985947262438e-15
8.091617653693816692e-15
-6.200552224444599858e-15
2.386762662509589461e-15
3.268652709609298768e-15
2.454633718507182039e-16
-4.169841555379250053e-16
-3.711874557721372980e-15
-3.667639109083964399e-15
2.081668171172168513e-15
3.048993349463735569e-15
-2.368548066011832987e-15
-2.890482991846354821e-16
-2.223481815333272493e-15
4.639084255630976372e-15
-8.747343127613049774e-16
-6.132491433066822317e-15
6.576445117645324245e-15
-1.987125741731432527e-15
-1.999268806063270176e-15
2.263814136149733258e-16
-4.759647537211364465e-16
2.820443531503791235e-15
9.532305500492554984e-16
6.104058231093389963e-17
-1.579032044007888658e-15
4.009379633851395397e-15
-7.474489777115067568e-16
2.217843964036347870e-15
-5.811106804087806665e-15
-4.010463836023880901e-16
3.469433399426458120e-15
-7.442288972592248086e-15
-3.304648221735817515e-16
9.263423361716149884e-16
-1.028257340385252405e-15
8.628080888639644286e-16
-7.791076811480834863e-16
1.366636838417978339e-15
5.483704853051496464e-15
-1.407294419886184755e-16
-4.027160549480157670e-15
1.031943627771703120e-15
-1.053410830786916108e-15
4.975403769535979848e-15
1.998726704977027424e-15
-1.405451276192959398e-15
7.588439425443294084e-15
2.252972114424878214e-15
-9.606031248221569285e-16
1.298874202637634312e-15
-8.955509944730266625e-16
-8.112000654536544175e-16
-2.574221218132333178e-15
-6.275267306656007182e-15
-1.277406999622421324e-15
2.292003392634356373e-15
-2.927345865710861972e-17
9.519295074422728931e-16
-4.322930902134203279e-15
-2.184125276472048682e-15
1.023663033679345080e-15
-6.786563498673015005e-15
-1.885644418386789312e-15
-2.645453300864630819e-17
-7.875644580934704209e-16
1.551710149261253946e-15
5.841681305351897890e-16
2.286582381771928851e-15
5.508329794894073483e-15
1.101115726376278303e-15
8.363535558553181204e-16
-5.572799166575492791e-16
-1.304945734803553137e-15
4.443277343280094271e-15
1.143291190885964426e-15
-1.603047122128442581e-15
5.359536599247594069e-15
7.090682208055198998e-17
5.785302792382651660e-16
-7.402932433731024275e-16
-7.528699885739342790e-16
4.005042825161453379e-16
-1.507041019754851163e-15
-3.780965341163011750e-15
-2.905661822261151883e-17
-5.824334070592129819e-16
-2.071693511185301873e-15
4.737963493761654377e-16
8.491471414906470727e-16
3.122502256758252770e-15
6.157021507219306855e-15
8.547849927875716958e-16
2.545056179692473108e-15
3.817042168452466910e-15
-1.058181320345852328e-15
-3.838075690598685696e-16
-4.457371971522405829e-15
-2.659656349324190927e-15
-1.799477450728503847e-15
-4.843673205578991059e-15
-3.313755519984695752e-15
-2.818925648462311528e-17
9.638557313396134418e-16
-1.392224009688636244e-14
-2.022427364467560551e-14
-2.503325238073506043e-14
-1.997967763456287571e-14
-1.670950704191209724e-14
-1.158188128735915257e-14
-7.810592450585573943e-16
5.826936155806095030e-15
1.697838918068850234e-14
2.061523694807387841e-14
2.166721121098225122e-14
2.273138274833108596e-14
1.762175474984140067e-14
8.757100947165419313e-15
1.912749472698926922e-15
-7.390789369399186626e-15
8.730971674808518657e-14
6.450267024064176846e-14
4.283184050490884687e-14
9.084486635169142232e-14
-2.391576520155425101e-14
6.479365655120972178e-14
-7.933584345032329566e-14
4.909267437014364077e-16
-8.694542481813005708e-14
-6.223812426802560749e-14
-4.457816494413124886e-14
-9.138241378880973542e-14
2.501753144923402061e-14
-6.485415503243441293e-14
8.030013286253190330e-14
-1.648637823481458042e-15
-1.662787068408208557e-13
-1.576409358952646222e-13
-1.231870508378030138e-13
-7.680206297322467179e-14
-7.528049364435851487e-15
5.191073265686796390e-14
1.112055326296657043e-13
1.474692763736573653e-13
1.653185780544491612e-13
1.584686158337400563e-13
1.233275634393571352e-13
7.710932586890706375e-14
6.988984044276058682e-15
-5.174940337360212084e-14
-1.112651637491524070e-13
-1.481373617523429331e-13
6.602688231230335880e-13
-1.851611312192469327e-13
8.893712589302937843e-13
-7.475966460473992825e-13
5.964545263942300224e-13
-8.707776253530363775e-13
-4.601972015266797555e-14
-4.839711259790185904e-13
-6.612928520749461470e-13
1.860894251193290216e-13
-8.883289069616662204e-13
7.474090790715592902e-13
-5.962333491510429795e-13
8.694798353525712287e-13
4.592539456366173667e-14
4.839838924595996072e-13
4.725061487909076874e-13
-1.251743500518820440e-12
1.159797518440752739e-12
-9.924715129588923546e-13
1.168386134370313911e-12
-1.532050311267574294e-13
4.924768275474389334e-13
7.764216786859678976e-13
-4.713018170177107891e-13
1.249477084297456742e-12
-1.160846592462849713e-12
9.942493876813340847e-13
-1.167457623629797325e-12
1.518158428831517526e-13
-4.928943809091174133e-13
-7.752076975134358783e-13
-3.056428748309273843e-04
4.203306722553565343e-04
-4.362155831157614027e-04
2.146717417565692987e-04
-3.112659693973666552e-04
-1.167357527383930469e-04
-3.974067373875588872e-06
-3.797679463895390945e-04
3.056452624797816216e-04
-4.203266012724443234e-04
4.362123632783878983e-04
-2.146720017235997317e-04
3.112675943506730612e-04
1.167358768285109210e-04
3.975139104352035189e-06
3.797662734795670858e-04
