1.734401633315864159e-03
-1.420785640271625579e-03
1.921942647483032736e-03
-1.581672673077200858e-05
9.833810101652668174e-04
1.398570569527443023e-03
-5.309826984195489125e-04
1.993450060825154718e-03
-1.734417059574139275e-03
1.420781759392762515e-03
-1.921939812229125216e-03
1.580952578332864289e-05
-9.833844650536072932e-04
-1.398575839803709205e-03
5.309803830619626991e-04
-1.993451579071740462e-03
3.573530360512222614e-16
1.281960648746860443e-15
5.117434254131580929e-16
1.230569465771047533e-15
2.350550309948573613e-16
-4.926614671774132148e-16
-2.456368441983158846e-15
4.229255834431455696e-15
-2.300243329145246207e-15
4.225786387479502082e-15
2.187486303206753746e-15
7.502679033599690683e-17
-3.739196452468007692e-15
1.654926196081873968e-15
-1.635844237846129090e-15
9.540979117872439019e-16
4.440892098500626162e-16
9.532305500492554984e-16
-2.478486166301863136e-16
-8.864436962241484252e-16
-1.682681771697502882e-15
-2.827599265842195564e-16
-3.295974604355933479e-16
1.575128916186940842e-15
-1.065120214249759556e-15
1.624568535252279844e-15
2.026157019940910686e-15
1.256807158345196740e-15
3.295974604355933479e-15
-8.777700788442643898e-16
-7.459310946700270506e-17
1.052977149917921906e-15
-4.505944228849756428e-15
4.997304653420187037e-15
-4.753142324176451439e-16
7.589415207398531038e-16
1.295838436554674900e-15
2.154526557163194411e-15
4.232725281383409310e-16
2.393918396847993790e-15
-3.087807787238716628e-15
4.236194728335362925e-15
-1.960237527853792017e-16
1.612425470920442194e-15
1.665334536937734811e-15
4.992534163861250818e-15
3.727920749874158446e-15
2.628106066104862748e-15
-7.719519468096791570e-17
-7.780234789755979818e-16
3.313321839115701550e-16
-3.771288836773578623e-15
-2.005340338229189001e-15
-8.083811398051921060e-16
-2.393918396847993790e-16
1.821459649775647449e-17
1.452830911130575942e-16
5.533767888366014631e-16
2.223915496202266695e-15
-3.691491556878645497e-15
3.231789835744791617e-15
-1.427677420728912239e-15
7.320533068622125938e-16
-1.760744328116459201e-16
-1.287164819174790864e-15
-2.879640970121499777e-16
5.204170427930421283e-18
-3.292505157403979865e-15
9.506284648352902877e-16
-2.164934898019055254e-15
3.061786935099064522e-16
1.200645485810447610e-15
-1.295838436554674900e-15
-1.014813233446432150e-15
1.160530005428483946e-15
-3.361894096443052149e-15
1.196959198423996895e-15
1.146652217620669489e-15
1.063385490773782749e-15
-1.001369126507611895e-15
7.754213937616327712e-16
-6.220718384852830241e-15
-1.963706974805745631e-15
-2.962907696968386517e-15
5.741934705483231483e-16
1.588139342256766895e-15
6.117068657163216017e-16
-1.435483676370807871e-15
4.104355744161125585e-15
6.036837696399288689e-16
-3.174543961037556983e-16
4.492933802779930375e-16
-2.742597815519332016e-15
1.607221300492511773e-15
2.286582381771928851e-16
-1.148386941096646297e-15
-1.595945597898662527e-15
4.614364446098306871e-16
-3.226585665316861196e-16
1.235123114895486651e-15
-2.194425197110660974e-16
-1.390380865995410886e-15
-4.683753385137379155e-16
3.573530360512222614e-16
1.566455298807056806e-15
2.494532358454648602e-15
1.649722025653943547e-15
7.077671781985372945e-16
-2.650657471292561240e-15
-3.252606517456513302e-16
3.469446951953614189e-18
2.515349040166370287e-16
-7.160938508832259686e-15
6.933689733479297956e-15
-4.496403249731883989e-15
1.062518129035794345e-15
-3.833738881908743679e-16
-7.398595625041082258e-16
-1.892583312290696540e-15
-5.263151026113632724e-15
-3.108624468950438313e-15
3.899658373995862348e-15
-1.054711873393898713e-15
2.935152121352757604e-15
1.409679664665652865e-15
-5.212844045310305319e-16
-2.857089564933801284e-15
-1.406860739017190554e-15
-3.729655473350135253e-16
-1.493596912816030908e-15
1.630640067418198669e-16
-1.006573296935542317e-15
7.355227538141662080e-16
1.172673069760321596e-15
3.001071613439876273e-16
-4.822531263215523722e-16
4.857225732735059864e-17
-1.094610513341365277e-15
1.193489751472043281e-15
-1.724965656424437555e-15
1.855286757557195187e-15
2.484124017598787759e-15
3.698430450782552725e-15
3.986394547794702703e-15
3.021888295151597958e-15
-2.011411870395107826e-15
3.608224830031758756e-16
-2.515349040166370287e-16
1.457167719820517959e-15
-8.422082475867398443e-15
8.531370054853937290e-15
-1.324634846255889897e-14
-3.058317488147110907e-15
1.257674520083185143e-15
1.051025586007447998e-15
1.050375064703956696e-15
1.632374790894175476e-15
-5.717648576819556183e-15
2.144118216307333569e-15
1.065120214249759556e-15
-2.315855840429037471e-16
-1.207367539279857738e-15
2.593411596585326606e-16
2.775557561562891351e-17
1.601149768326592948e-15
-4.510281037539698445e-16
-1.786765180256111307e-16
-6.817463260588851881e-16
-7.199102425303749442e-16
-5.325601071248797780e-16
-1.741662369880714323e-15
1.955033357425861595e-15
2.045238978176655564e-15
2.928213227448850375e-15
-2.031361190368841108e-15
3.197095366225255475e-15
-1.434399474198322366e-16
3.651592916931178934e-16
4.701100619897147226e-16
3.729655473350135253e-16
-1.167468899332391175e-15
5.667341596016228777e-15
-6.245004513516505540e-16
1.399054483375294922e-15
-1.465082395679662142e-15
-1.231653667943533037e-16
-2.858824288409778092e-15
5.655198531684391128e-16
5.793976409762535695e-16
5.519890100558200174e-15
-3.290770433928003058e-15
3.442558738075973679e-15
1.770285307234331640e-15
-6.834810495348619952e-16
3.663735981263016583e-15
-1.755540157688528780e-15
-3.268219028740304566e-15
2.546574062733952815e-15
-2.359223927328457648e-15
-1.457818241124009262e-15
-2.479787208908845741e-15
1.533495552763497471e-15
1.408595462493167361e-15
-1.471045507628332416e-15
-3.186687025369394632e-15
7.750744490664374098e-15
-8.847089727481716182e-17
-9.146329527087715405e-16
1.573394192710964035e-15
-1.014813233446432150e-15
1.922073611382302261e-15
-4.208439152719734011e-15
-1.353084311261909534e-16
1.769417945496343236e-15
-1.968694304799178951e-15
-1.153591111524576718e-15
1.613292832658430598e-16
-4.017619570362285231e-15
-5.485195631038664033e-15
2.041769531224701950e-15
3.632510958695434056e-15
2.378305885564202526e-15
9.701441039400293675e-16
-1.758142242902493990e-15
-1.340941246930071884e-15
-6.834810495348619952e-16
-1.394717674685352904e-15
-8.673617379884035472e-18
-1.994931997373328159e-16
-1.258758722255670648e-15
-1.734723475976807094e-16
2.012279232133096230e-16
-3.660266534311062969e-16
3.450364993717869311e-15
-3.764349942869671395e-16
-2.520553210594300708e-15
-3.001071613439876273e-16
2.276390881350565110e-15
8.630249292984615295e-16
-2.128505705023542305e-15
-1.009609063018501729e-15
9.575673587391975161e-16
5.793976409762535695e-16
-6.166941957097549221e-16
-1.400789206851271729e-16
-1.691355389077386917e-16
9.610368056911511303e-16
7.528699885739342790e-16
1.398187121637306518e-15
1.405126015541213746e-15
-2.289834988289385365e-16
7.147060721024445229e-16
-5.035034889022682592e-16
-7.129713486264677158e-16
2.751271432899216052e-15
-7.598088824778415074e-16
3.871902798380233435e-15
-2.949029909160572061e-15
9.246076126956381813e-16
6.886852199627924165e-16
6.591949208711866959e-16
4.045375145977914144e-15
2.775557561562891351e-17
4.746203430272544210e-15
1.861358289723114012e-15
-2.567390744445674500e-15
-3.105155021998484699e-16
-2.257308923114820232e-16
1.819724926299670642e-15
2.284630817861454943e-15
2.584737979205442571e-15
3.119032809806299156e-15
-3.313321839115701550e-16
-9.992007221626408864e-16
-3.082386776376289106e-16
5.715913853343579376e-16
-8.621575675604731259e-16
-2.773822838086914544e-15
-4.902328543110456849e-15
-6.789707684973222968e-15
-1.649722025653943547e-15
6.158268339717665185e-16
1.514955695613995346e-15
1.397319759899318115e-15
-4.284766985662713523e-16
-1.344410693882025498e-15
-3.974251483462865053e-15
-6.210310043996969398e-15
6.878178582248040129e-16
3.045957583380776157e-15
-6.938893903907228378e-18
4.909267437014364077e-16
-3.764349942869671395e-15
6.133982211053989886e-15
1.961972251329768824e-15
2.532696274926138358e-16
7.199102425303749442e-17
-1.101983088114266707e-15
-1.821459649775647449e-15
1.439820485060749888e-15
2.418204525511669090e-15
-2.765149220707030508e-15
9.428222091933946558e-15
-7.197367701827772635e-15
4.985161589088349388e-16
-2.723515857283587138e-16
2.973316037824247360e-15
-1.767683222020366429e-15
-1.807581861967832992e-15
-1.767683222020366429e-15
-2.954234079588502482e-15
-2.012279232133096230e-15
-1.130389185033386923e-15
-1.510944147575798979e-15
6.144390551909850728e-15
-7.587680483922554231e-15
3.275157922644211794e-15
-2.664535259100375697e-15
3.276892646120188601e-15
3.226585665316861196e-16
-3.762615219393694588e-15
1.880440247958858890e-15
-5.610095721308994143e-15
-1.871766630578974855e-15
-2.149322386735263990e-15
9.679756995950583587e-16
-8.673617379884035472e-19
-7.374743177246401160e-16
-2.781629093728810176e-15
1.486658018912123680e-15
-4.538036613155327359e-15
1.483188571960170066e-15
-3.018418848199644344e-16
-1.373900992973631219e-15
8.708311849403571614e-16
5.659535340374333146e-16
-2.298508605669269400e-15
5.403663627667754099e-15
2.674943599956236540e-15
1.892583312290696540e-15
1.193489751472043281e-15
-1.045170894276026274e-15
2.812420435427398502e-16
5.724587470723463412e-17
2.914335439641035919e-16
3.216177324461000353e-15
2.383510055992132948e-15
-3.712308238590367182e-16
3.580469254416129843e-15
8.239936510889833698e-17
1.847263661480802455e-15
1.736458199452783902e-15
-1.599415044850616141e-15
3.028827189055505187e-15
-1.592476150946708913e-15
2.374836438612248912e-15
-7.546047120499110861e-16
-1.113041950273618852e-15
-5.412337245047638135e-16
-6.834810495348619952e-16
-6.938893903907228378e-17
-2.196159920586637782e-15
4.654263086045773434e-15
-9.159339953157541458e-16
6.323067069935461859e-16
-3.582203977892106650e-16
-1.201296007113938913e-15
1.188285581044112860e-15
1.521352488431659822e-15
1.602884491802569755e-15
-3.382710778154773834e-16
3.122502256758252770e-17
4.788920995868473085e-16
5.299580219109145673e-16
-1.051242426441945099e-15
9.315465065995454097e-16
3.842412499288627714e-15
-1.422473250300981817e-15
-5.741934705483231483e-16
-1.301042606982605321e-15
-2.467752564794256642e-15
-2.836272883222079599e-16
2.949029909160572061e-16
1.394717674685352904e-15
-1.431146867680865853e-15
9.315465065995454097e-16
-1.854419395819206784e-15
3.299444051307887094e-15
1.980186847827525298e-15
-1.313185671314442970e-15
-2.640249130436700398e-15
-6.314393452555577824e-16
-9.242606680004428199e-15
8.149730890139039730e-15
-3.252606517456513302e-16
-1.631290588721689971e-15
2.116362640691704655e-16
-2.978520208252177781e-15
-7.754213937616327712e-16
-5.655198531684391128e-15
1.089406342913434855e-15
6.245004513516505540e-16
-2.198762005800602992e-16
-3.113828639378368734e-16
1.011343786494478536e-15
1.916869440954371839e-15
2.636779683484746784e-15
-1.280225925270883636e-15
1.892583312290696540e-15
6.106226635438360972e-16
-2.283329775254472338e-16
-1.613292832658430598e-16
1.137978600240785454e-15
4.562322741819002658e-16
1.786765180256111307e-15
2.602085213965210642e-16
-1.122366088956994190e-15
2.419939248987645897e-16
1.092875789865388469e-16
-1.826663820203577870e-15
-1.601149768326592948e-15
2.321060010856967892e-15
4.799979858027825230e-15
-4.270889197854899066e-15
8.196568423990413521e-16
-1.410763866838138370e-15
-1.494464274554019312e-15
7.268491364342821726e-16
-2.463307335887066074e-16
2.256875242245826030e-15
7.251144129583053655e-16
1.512678871051775786e-15
1.763780094199418613e-15
-1.739927646404737516e-15
-2.407796184655808247e-15
2.550043509685906429e-16
1.006139616066548115e-15
-1.804112415015879378e-16
-2.907396545737128690e-15
-3.044439700339296451e-16
1.565371096634571302e-15
-7.494005416219806648e-16
-2.393918396847993790e-15
2.312386393477083857e-15
-9.263423361716149884e-16
4.937023012629992991e-15
1.495331636292007715e-15
-8.933825901280556536e-16
-6.531233887052678710e-16
1.224714774039625809e-15
1.150121664572623104e-15
-3.035766082959412415e-15
-1.337124855282922908e-14
8.791578576250458354e-15
1.962839613067757227e-15
-2.180547409302846518e-15
6.418476861114186249e-16
-1.422473250300981817e-15
-2.367897544708341684e-15
-1.144917494144692682e-16
-2.572594914873604921e-15
-2.447694824603274810e-15
-1.582067810090848070e-15
1.125401855039953602e-16
1.049507702965968292e-15
-1.436351038108796274e-15
6.191228085761224520e-15
2.584737979205442571e-16
1.729519305548876673e-15
2.099882767669924988e-15
6.005395833397209060e-16
2.746067262471285630e-15
4.449565715880510197e-15
4.229255834431455696e-15
5.065392549852276716e-15
5.139985659319279421e-15
5.620504062164854986e-16
-1.249000902703301108e-15
-1.210836986231811352e-15
-4.996003610813204432e-16
-5.011616122096995696e-15
-4.714978407704961683e-15
-1.058181320345852328e-15
-1.908195823574487804e-16
1.412932271183109378e-15
7.806255641895631925e-16
1.543903893619358314e-15
-3.165870343657672947e-15
-1.250735626179277915e-15
-4.628242233906121328e-15
-1.146652217620669489e-15
-2.688821387764050996e-15
1.114559833315098558e-15
-1.834470075845473502e-16
-3.743533261157949710e-15
-5.289171878253284831e-15
-2.831068712794149178e-15
7.058589823749628067e-15
4.326400349086156893e-15
-5.048045315092508645e-16
-3.391384395534657870e-16
2.779027008514844965e-15
-9.679756995950583587e-16
6.335210134267299509e-15
5.655198531684391128e-16
2.242997454438011573e-15
-1.351349587785932727e-15
-6.687358999890591349e-16
-3.699297812520541129e-16
4.961309141293668290e-16
-7.962380754733544563e-16
5.214578768786282126e-15
-2.813721478034381107e-15
1.859623566247137205e-15
2.428612866367529932e-17
3.469446951953614189e-17
-3.703634621210483147e-16
-8.847089727481716182e-16
-3.705369344686459954e-15
-2.563921297493720886e-15
8.378714388967978266e-16
3.080868893334809400e-15
-2.506675422786486251e-16
-2.881809374466470786e-16
2.288100264813408558e-15
-9.506284648352902877e-16
2.284630817861454943e-15
-2.293304435241338979e-15
-1.020017403874362572e-15
3.989863994746656317e-16
-7.732529894166617623e-16
9.176687187917309529e-16
-3.462508058049706960e-15
-1.693090112553363724e-15
-4.728856195512776139e-15
8.951173136040324607e-16
-8.153200337090993344e-16
-2.281161370909501329e-16
1.520051445824677216e-16
1.038232000372119046e-15
-1.726049858596923059e-15
-1.838806884535415520e-15
2.005340338229189001e-15
1.786765180256111307e-16
3.998537612126540353e-16
-3.743208000506204058e-16
-4.401860820291148002e-15
1.287164819174790864e-15
-9.714451465470119729e-16
2.173608515398939289e-15
-8.899131431761020394e-16
-1.852684672343229977e-15
2.502338614096544234e-15
-1.038584366078176835e-15
-5.941427905220564298e-17
-1.236857838371463458e-15
1.618497003086361019e-15
1.216041156659741773e-15
-4.215378046623641239e-16
3.205768983605139510e-15
2.699229728619911839e-15
-3.695394684699593313e-15
3.864963904476326206e-15
-1.356553758213863148e-15
2.014013955609073037e-15
-3.167605067133649754e-15
-8.002279394681011127e-15
7.046446759417790418e-15
3.444618722203696137e-15
-3.867999670559285619e-15
5.549380399649805895e-15
-3.054848041195157293e-15
1.620231726562337826e-15
-3.103420298522507892e-15
-7.960646031257567756e-15
5.774894451526790817e-15
-1.398187121637306518e-15
1.717376241217039023e-16
2.380040609040179334e-15
5.204170427930421283e-16
3.781697177629439466e-16
2.510144869738439866e-15
2.478919847170857338e-15
-3.890117394877989909e-16
-2.489328188026718180e-16
7.962380754733544563e-16
2.489328188026718180e-15
1.987993103469420930e-15
3.554448402276477736e-15
1.502270530195914944e-15
1.266348137463069179e-15
-1.199778124072459207e-15
2.803313137178520265e-15
-1.457167719820517959e-15
8.187894806610529486e-16
-3.361894096443052149e-15
6.002143226879752547e-16
-3.389649672058681062e-15
-2.574763319218575930e-15
1.456300358082529556e-15
2.428612866367529932e-17
-1.922073611382302261e-15
2.227384943154220309e-15
-4.558853294867049044e-15
7.962380754733544563e-16
-1.331400267812199445e-15
-1.728651943810888270e-15
9.480263796213250771e-16
-1.226024197703718885e-03
1.847779053969270807e-03
-1.978730773519324707e-03
7.774617043930119251e-04
-1.572280069359595009e-03
-7.483851390645878190e-04
-2.447668796388704181e-04
-1.835885140362339581e-03
1.226035865609453358e-03
-1.847759134896258260e-03
1.978717595126610815e-03
-7.774603264425394497e-04
1.572291419952894908e-03
7.483859025357063929e-04
2.447769552103074876e-04
1.835879395772167973e-03
