1.716778882452805674e-03
-1.404006488541588438e-03
1.908929252206812040e-03
-7.783047694628550395e-06
9.825942127324549611e-04
1.393151573466453168e-03
-5.191008839342510853e-04
1.977763432580683517e-03
-1.716790589254680796e-03
1.403997452368574601e-03
-1.908925677690443377e-03
7.775733109162581702e-06
-9.825992162939159533e-04
-1.393154824140047186e-03
5.190967202691604276e-04
-1.977762437734485040e-03
-1.630640067418198669e-16
9.714451465470119729e-17
2.289834988289385365e-16
2.404760418572848835e-16
2.393918396847993790e-16
6.852157730108388023e-16
3.833738881908743679e-16
6.938893903907228378e-18
7.632783294297951215e-17
1.283695372222837250e-16
2.255140518769849223e-16
8.492555617078956232e-16
9.558326352632207090e-16
3.122502256758252770e-16
-4.319461455182249665e-16
-1.526556658859590243e-16
7.806255641895631925e-17
-1.283695372222837250e-16
-1.993414114331848452e-15
-1.625435896990268247e-15
4.826000710167477337e-15
-4.137315490204684920e-15
7.771561172376095783e-16
-1.866562460151044434e-15
2.671474153004282925e-16
-5.802650027142419731e-16
-6.128778040626059465e-15
-2.208302984918475431e-15
5.908468159177004964e-15
-3.289035710452026251e-15
6.591949208711866959e-17
-3.035766082959412415e-16
-3.105155021998484699e-16
1.074661193367631995e-15
1.081600087271539223e-15
3.469446951953614189e-16
-1.654926196081873968e-15
1.615027556134407405e-15
-6.938893903907228378e-18
2.168404344971008868e-16
7.199102425303749442e-17
2.427311823760547327e-15
3.313321839115701550e-15
2.081668171172168513e-17
-2.033095913844817915e-15
3.122502256758252770e-16
1.561251128379126385e-16
1.023486850826316186e-16
-2.489328188026718180e-16
-1.925543058334255875e-16
1.804112415015879378e-16
2.393918396847993790e-16
-4.319461455182249665e-16
-4.354155924701785807e-16
3.365363543395005763e-16
1.162264728904460753e-16
-7.138387103644561194e-16
-4.423544863740858091e-16
7.441963711940502435e-16
7.042977312465836803e-16
-3.295974604355933479e-16
3.989863994746656317e-17
4.996003610813204432e-16
-2.853620117981847670e-16
1.103284130721249312e-15
-2.636779683484746784e-16
9.593020822151743232e-16
-9.887923813067800438e-16
3.856290287096442171e-15
-3.580469254416129843e-15
1.535230276239474279e-16
4.618701254788248889e-17
-2.341876692568689577e-16
-4.128641872824800885e-16
-2.310651670001107050e-15
2.432082313319483546e-15
-1.734723475976807094e-18
-5.412337245047638135e-16
3.018418848199644344e-16
-1.799775606325937360e-17
-3.625572064791526827e-16
-1.084202172485504434e-15
5.152128723651117070e-16
2.099015405931936584e-16
-9.020562075079396891e-16
-6.192962809237201327e-16
3.604972223514302243e-16
6.852157730108388023e-16
2.931682674400803990e-16
1.139713323716762261e-15
-2.289834988289385365e-16
4.458239333260394233e-16
9.037909309839164962e-16
7.979727989493312634e-17
-9.562663161322149108e-17
-8.283304597789253876e-16
6.140921104957897114e-16
-1.630640067418198669e-16
-3.604755383079805142e-15
4.066191827689635829e-15
4.579669976578770729e-16
6.085626794161136388e-16
1.136243876764808647e-16
1.873501354054951662e-16
-8.170547571850761415e-16
-6.938893903907228378e-18
9.159339953157541458e-16
-2.277691923957547715e-15
-1.214306433183764966e-17
-1.061433926863308841e-16
-5.204170427930421283e-18
4.458239333260394233e-16
-4.652528362569796627e-15
7.622374953442090373e-15
2.498001805406602216e-16
-1.113692471577110155e-15
-4.468213993247260873e-15
7.155734338404329264e-16
3.956904248703096982e-15
-3.419139971150286783e-15
-1.724315135120946252e-15
2.949029909160572061e-16
2.171873791922962482e-15
-2.218711325774336274e-15
1.778308403310724373e-15
1.114559833315098558e-15
-2.326264181284898314e-15
2.489328188026718180e-15
1.675742877793595653e-15
-1.516148318003729401e-15
-2.688821387764050996e-17
2.125253098506085792e-15
1.972380592185629666e-15
4.597017211338538800e-16
-1.072059108153666784e-15
5.724587470723463412e-17
7.459310946700270506e-16
-1.710437347313131795e-15
3.148523108897904876e-16
-2.592761075281835303e-15
-1.429412144204889046e-15
6.418476861114186249e-16
-2.052177872080562793e-15
-6.626643678231403101e-16
-7.497474863171760262e-15
4.033232081646076495e-15
-4.636048489548016960e-15
-2.222180772726289888e-15
2.981989655204131395e-15
-2.976785484776200974e-15
9.093420461070422789e-15
-3.984659824318725896e-15
3.120767533282275963e-15
-2.614228278297048291e-15
6.309622962996641604e-15
-1.417269079873051396e-15
-8.106362803239619552e-15
9.632919462099209795e-15
-2.584737979205442571e-15
4.477321291496139111e-15
1.557781681427172771e-15
-6.954072734322025440e-16
-1.798908244587948957e-15
7.962380754733544563e-16
-1.828051598984359316e-14
1.628558399247026500e-14
7.906869603502286736e-15
-8.926887007376649308e-15
-1.425942697252935432e-15
1.507041019754851163e-15
-8.500145032286354763e-17
4.943961906533900219e-16
9.572204140440021547e-15
-9.960782199058826336e-15
4.947431353485853833e-15
-3.899658373995862348e-15
-4.798678815420842625e-16
8.994541222939744785e-16
3.720981855970251218e-15
-1.028691021254246607e-15
1.353084311261909534e-16
9.783840404509192012e-16
5.811323644522303766e-16
-1.734723475976807094e-17
-7.271743970860278239e-16
7.173081573164097335e-16
1.028691021254246607e-15
-9.367506770274758310e-16
2.373101715136272105e-15
3.519753932756941595e-15
-5.117434254131580929e-15
-1.663599813461758004e-15
-1.643650493488024722e-15
-1.052977149917921906e-15
1.535230276239474279e-15
-2.737393645091401595e-15
-3.472916398905567803e-15
3.275157922644211794e-15
-3.295974604355933479e-17
-3.456436525883788136e-16
-8.326672684688674053e-17
-1.665334536937734811e-16
-2.327998904760875121e-15
1.769417945496343236e-16
-2.895253481405291041e-15
1.788499903732088114e-15
1.422473250300981817e-15
4.466912950640278268e-17
2.452898995031205231e-15
2.099015405931936584e-16
3.375771884250866606e-15
-4.909267437014364077e-16
7.615436059538183144e-16
6.253678130896389575e-16
-2.129373066761530708e-16
-7.008282842946300661e-16
1.325328735646280620e-15
-1.644517855226013126e-15
8.500145032286354763e-16
3.544040061420616894e-15
2.348815586472596806e-15
-3.648990831717213723e-15
2.413434035952732870e-16
2.081668171172168513e-17
1.167468899332391175e-15
-4.780897899792080352e-15
-1.443289932012703503e-15
1.979319486089536895e-15
-5.707240235963695341e-16
4.566659550508944676e-16
7.945033519973776492e-16
-5.516420653606246560e-16
1.127570259384924611e-16
-2.046973701652632371e-16
-3.637715129123364477e-15
2.064320936412400442e-15
5.776629175002767624e-16
-5.885049392251318068e-16
-2.020952849512980265e-16
-1.939420846142070332e-15
2.914335439641035919e-16
-5.950101522600448334e-16
-7.239001065251216005e-15
8.339683110758500106e-15
-5.590146401335260862e-16
1.088538981175446452e-15
-3.330669073875469621e-15
2.558717127065790464e-15
1.120631365481017383e-15
3.903127820947815962e-16
4.198030811863873168e-16
-2.338407245616735963e-15
1.506607338885856961e-15
-1.561251128379126385e-15
4.123437702396870463e-15
-1.904726376622534190e-15
3.864963904476326206e-15
-3.903127820947815962e-15
2.298508605669269400e-16
-9.287275809510830982e-16
-1.028691021254246607e-15
-7.632783294297951215e-16
3.266484305264327759e-15
-2.327998904760875121e-15
1.399227955722892602e-14
-1.498801083243961330e-14
-3.105155021998484699e-16
5.277896175659435585e-16
-6.866035517916202480e-15
3.873637521856210242e-15
-8.791578576250458354e-15
8.472389456670725849e-15
5.018555016000902924e-15
5.967448757360216405e-16
1.328364501729240033e-15
-2.550043509685906429e-16
-2.862293735361731706e-16
6.106226635438360972e-16
1.058181320345852328e-15
-7.389922007661198222e-16
-1.734723475976807094e-18
1.364360013855758780e-15
6.505213034913026604e-19
1.882174971434835697e-16
5.221517662690189354e-16
4.328135072562133701e-15
-1.693090112553363724e-15
-1.543903893619358314e-15
-8.673617379884035472e-17
4.503775824504785419e-16
1.991462550421374544e-15
-2.522287934070277515e-15
3.236994006172722038e-15
-1.575128916186940842e-15
-7.393391454613151836e-15
6.286637876939948910e-15
-2.619432448724978713e-16
-1.307547820017518347e-16
4.675079767757495119e-16
-3.507610868425103945e-15
-2.591676873109349799e-15
-1.013078509970455343e-15
5.915407053080912192e-15
-8.094219738907781903e-15
-2.142383492831356762e-16
1.405993377279202150e-15
-1.066854937725736363e-15
-1.425942697252935432e-15
-3.965577866082981018e-15
-2.914335439641035919e-16
9.540979117872439019e-16
-2.541369892306022393e-16
1.164649973683928863e-15
-1.426810058990923835e-15
-1.021752127350339379e-15
1.958502804377815210e-15
-6.866035517916202480e-15
5.002942504717111660e-15
-1.047772979489991485e-15
5.036769612498659399e-15
5.837344496661955873e-16
-1.285430095698814057e-15
2.331468351712828735e-15
2.640249130436700398e-15
3.885780586188047891e-16
-7.285838599102589797e-17
-8.647596527744383366e-16
7.324869877312067956e-16
-6.062858548538940795e-16
7.910339050454240351e-16
2.518818487118323901e-15
-1.047772979489991485e-15
-4.810388198883686073e-15
4.591813040910608379e-15
-1.055579235131887117e-15
2.313687436084066462e-16
8.305856002976952368e-15
-8.541778395709798133e-15
8.319733790784766825e-15
-1.119417059047833618e-14
5.273559366969493567e-16
2.636779683484746784e-16
-2.437069643312916867e-15
2.336672522140759156e-15
-7.979727989493312634e-16
-7.112366251504909087e-17
7.632783294297951215e-17
-5.721118023771509797e-15
4.706304790325077647e-15
-3.920475055707584033e-16
3.178880769727499001e-16
1.156193196738541928e-15
-1.759009604640482394e-15
3.264749581788350952e-15
-7.344819197285801238e-15
6.845218836204480795e-15
1.481453848484193259e-15
-2.349466107776088108e-15
-3.677613769070831040e-16
8.760353553682875827e-16
3.037500806435389222e-15
-3.056582764671134100e-15
5.766220834146906782e-15
-5.318662177344890551e-15
-5.290906601729261638e-16
1.908846344877979107e-15
-1.968911145233676052e-16
4.406197628981090020e-16
-1.006139616066548115e-15
1.334002353026164656e-15
-1.356553758213863148e-15
6.140921104957897114e-16
7.281501790412647779e-16
-1.624568535252279844e-15
-1.474514954580286030e-16
-5.689893001203927270e-16
-8.743006318923107756e-16
1.734723475976807094e-16
1.304512053934558935e-15
-1.500535806719938137e-16
-3.016250443854673335e-16
2.602085213965210642e-18
-2.704433899047842260e-15
-3.573530360512222614e-16
-2.171873791922962482e-15
1.963706974805745631e-15
-1.140580685454750665e-15
2.883977778811441794e-17
1.053844511655910310e-15
6.245004513516505540e-17
-1.108488301149179733e-15
1.436351038108796274e-15
-1.006139616066548115e-15
-1.526556658859590243e-16
-1.474514954580286030e-16
1.408812302927664462e-15
4.597017211338538800e-17
2.206568261442498624e-15
-8.725659084163339685e-16
3.309852392163747936e-15
-3.816391647148975608e-17
-1.301042606982605321e-17
-5.401495223322783090e-16
-1.131039706336878226e-15
3.694961003830599111e-16
-9.593020822151743232e-16
2.428612866367529932e-16
-6.973588373426764520e-16
4.996003610813204432e-16
-6.895525817007808200e-16
5.353790327733420895e-16
-1.059916043821829135e-15
-2.477185123694880531e-15
1.026956297778269800e-15
-9.679756995950583587e-16
-2.232589113582150731e-15
-3.972516759986888246e-16
-8.161873954470877379e-16
4.588343593958654765e-16
1.103284130721249312e-15
-3.330669073875469621e-16
7.771561172376095783e-16
2.164934898019055254e-15
-1.117161918529063769e-15
-8.951173136040324607e-16
3.306816626080788524e-16
1.266348137463069179e-15
7.441963711940502435e-16
-6.730727086790011526e-16
4.517219931443605674e-15
3.910066714851723191e-15
-3.167605067133649754e-15
-5.084908188957015795e-16
4.735795089416683368e-16
-6.166941957097549221e-15
4.982125823005389975e-15
-2.279426647433524522e-15
1.307981500886512549e-15
-3.051378594243203679e-15
3.556183125752454544e-15
-1.661214568682289894e-15
1.020884765612350975e-15
1.400268789808478687e-14
-1.441381736189129015e-14
5.034167527284694188e-15
-5.245803791353864654e-15
3.526692826660848823e-15
-4.531097719251420131e-15
2.659331088672445276e-15
-1.229918944467556230e-15
1.372686686540447454e-14
-1.034936025767763113e-14
-1.810357419529395884e-14
1.913573466350015906e-14
4.041905699025960530e-16
-1.145676435665432535e-15
-3.616898447411642792e-15
6.611031166947611837e-15
-7.391656731137175029e-15
5.460909502374988733e-15
-2.491062911502694988e-15
2.425143419415576318e-15
-1.630640067418198669e-16
1.504872615409880154e-15
-3.816391647148975608e-16
-3.620367894363596406e-15
-4.579669976578770729e-16
7.892991815694472280e-16
-1.122366088956994190e-15
-5.117434254131580929e-16
7.722772074614248083e-16
4.224051664003525275e-16
6.626643678231403101e-16
-1.144917494144692682e-15
2.019218126037003458e-15
1.098079960293318891e-15
-3.250871793980536495e-15
-4.102621020685148778e-16
-1.347880140833979112e-15
-1.134509153288831840e-15
7.785438960183910240e-15
-5.957040416504355562e-15
-7.247674682631100040e-15
9.426487368457969751e-15
6.800116025829083810e-16
-1.059048682083840731e-15
2.767751305920995719e-15
-2.612493554821071484e-15
-5.842548667089886294e-15
5.238864897449957425e-15
2.514655150775979564e-14
-2.782669927814396260e-14
-2.584737979205442571e-16
9.400032835449323443e-16
2.699229728619911839e-15
-3.712308238590367182e-16
3.295974604355933479e-16
8.500145032286354763e-16
8.187894806610529486e-16
-6.366435156834882036e-16
-6.583275591331982923e-16
-3.226585665316861196e-16
1.283695372222837250e-16
2.185751579730776939e-16
1.214306433183764966e-16
-1.146652217620669489e-15
3.972516759986888246e-16
2.272487753529617294e-16
3.571361956167251606e-16
-7.034303695085952768e-16
1.769417945496343236e-16
-3.989863994746656317e-16
-1.233388391419509844e-15
-1.609823385706476984e-15
1.821459649775647449e-17
1.136243876764808647e-16
1.439820485060749888e-16
-4.614364446098306871e-16
9.974659986866640793e-16
-1.179611963664228824e-16
2.949029909160572061e-16
2.744332538995308823e-15
3.911801438327699998e-16
-1.634976876108140686e-16
-3.556183125752454544e-16
9.436895709313830594e-16
-1.099814683769295698e-15
-7.771561172376095783e-16
-1.734723475976807094e-17
6.678685382510707313e-16
-1.942890293094023946e-16
-1.110223024625156540e-16
2.404326737703854633e-15
-1.580333086614871263e-15
3.122502256758252770e-16
-1.627170620466245055e-15
6.192962809237201327e-16
-2.139781407617391551e-15
-3.569193551822280597e-16
1.439820485060749888e-16
-7.233796894823285584e-16
8.101158632811689131e-16
3.261280134836397337e-16
9.506284648352902877e-16
1.682681771697502882e-16
5.963111948670274387e-19
-3.321995456495585586e-16
1.266348137463069179e-16
-3.087807787238716628e-16
1.556046957951195964e-15
3.209238430557093125e-16
-1.334002353026164656e-15
-4.024558464266192459e-16
4.231098978124681054e-16
-4.163336342344337027e-17
-1.075528555105620399e-16
-7.008282842946300661e-16
-3.295974604355933479e-16
8.777700788442643898e-16
-3.452099717193846118e-16
1.304295213500061834e-16
1.201296007113938913e-16
4.753142324176451439e-16
-1.306246777410535742e-15
3.174543961037556983e-16
3.887515309664024699e-15
-6.227657278756737469e-16
8.465450562766818621e-16
3.753507921144816351e-16
2.810252031082427493e-16
9.454242944073598665e-16
-9.992007221626408864e-16
8.448103328007050550e-16
1.981054209565513702e-15
-3.712308238590367182e-16
4.215378046623641239e-16
-4.570996359198886694e-16
-3.469446951953614189e-17
-4.985595269957343589e-15
5.235395450498003811e-15
1.419003803349028203e-14
-1.687712469777835622e-14
1.708702623837154988e-16
-3.985527186056714299e-16
-1.765081136806401219e-15
3.781697177629439466e-16
-2.966377143920340131e-15
2.584737979205442571e-15
3.800779135865184344e-15
-7.853093175747005716e-15
-2.255140518769849223e-16
-3.317658647805643568e-16
-2.237793284010081152e-16
-1.217775880135718580e-15
1.422473250300981817e-15
7.667477763817487357e-16
-6.938893903907228378e-17
-1.795438797635995343e-16
1.942890293094023946e-16
8.673617379884035472e-18
6.834810495348619952e-16
4.232725281383409310e-16
1.176142516712275210e-15
1.561251128379126385e-15
-3.469446951953614189e-17
2.298508605669269400e-16
1.830133267155531485e-16
1.700029006457270953e-16
-1.210059133861064902e-03
1.830194915496683068e-03
-1.962162431440876015e-03
7.640344063825780033e-04
-1.564819486392915373e-03
-7.497977883586881900e-04
-2.507735707201635446e-04
-1.824452727050301752e-03
1.210071787843500571e-03
-1.830174194801809616e-03
1.962147519393905512e-03
-7.640316925979261445e-04
1.564829951628617273e-03
7.497981817260715616e-04
2.507849271967460200e-04
1.824445241652006625e-03
