1.792945245573300192e-03
-1.477710889752832310e-03
1.962289487880204859e-03
-4.591336318521613280e-05
9.821204983552146890e-04
1.412740848608679423e-03
-5.733694384726746238e-04
2.043863962694839574e-03
-1.792945053491010882e-03
1.477694072926334125e-03
-1.962271218065999960e-03
4.589113654490314942e-05
-9.821262093424329778e-04
-1.412751496027418860e-03
5.733396387717169113e-04
-2.043831502337651804e-03
6.591949208711866959e-16
-9.124645483638005317e-16
1.769417945496343236e-16
1.279358563532895232e-17
6.852157730108388023e-17
-1.040834085586084257e-16
-4.753142324176451439e-16
5.655198531684391128e-16
-7.494005416219806648e-16
8.031769693772616847e-16
-2.775557561562891351e-16
2.710505431213761085e-17
1.413799632921097782e-16
-1.890848588814719733e-16
1.257674520083185143e-15
-9.194034422677077600e-16
6.099287741534453744e-15
-2.276824562219559311e-15
1.177226718884760714e-15
8.604228440844963188e-16
-3.117298086330322349e-15
7.906869603502286736e-15
-6.678685382510707313e-16
-1.044303532538037871e-15
-5.747138875911161904e-15
2.272487753529617294e-15
-1.219402183394446837e-15
-9.298117831235686026e-16
2.622901895676932327e-15
-7.865236240078843366e-15
7.632783294297951215e-16
7.129713486264677158e-16
3.591744957009979089e-15
-1.031076266033714717e-15
-1.569057384021022017e-15
5.279630899135412392e-15
-1.218122824830913942e-14
5.773159728050814010e-15
-3.748737431585880131e-15
9.509754095304856492e-15
-3.504141421473150331e-15
9.740472317609771835e-16
1.700896368195259356e-15
-4.879777137922758357e-15
1.247960068617715024e-14
-5.868569519229538400e-15
4.345482307321901772e-15
-1.027823659516258203e-14
7.611099250848241127e-17
-4.328135072562133701e-16
-2.831068712794149178e-15
5.818262538426210995e-15
1.949829186997931174e-15
-2.792904796322659422e-15
-4.539771336631304166e-15
1.759876966378470797e-15
-1.084202172485504434e-18
3.677613769070831040e-16
2.622901895676932327e-15
-5.884182030513329664e-15
-2.300243329145246207e-15
2.756475603327146473e-15
4.895389649206549620e-15
-1.857888842771160398e-15
4.872838244018851128e-15
-3.783431901105416273e-15
4.579669976578770729e-15
-4.569261635722909887e-15
4.902328543110456849e-15
-5.577135975265434809e-15
1.452830911130575942e-15
-2.308049584787141839e-15
-4.851154200569141040e-15
3.800779135865184344e-15
-4.697631172945193612e-15
4.518954654919582481e-15
-4.675079767757495119e-15
4.727121472036799332e-15
-1.444157293750691906e-15
2.267066742667189772e-15
-1.890848588814719733e-16
4.336808689942017736e-16
-9.540979117872439019e-17
2.879640970121499777e-16
5.863365348801607979e-16
-1.821459649775647449e-17
4.548228113576691101e-16
3.877106968808163856e-16
-6.071532165918824830e-17
3.660266534311062969e-16
-5.898059818321144121e-17
-7.285838599102589797e-17
-5.551115123125782702e-17
1.734723475976807094e-16
-4.763984345901306483e-16
-4.978656376053436361e-16
-6.557254739192330817e-16
9.263423361716149884e-16
-6.904199434387692236e-16
1.387778780781445676e-16
5.204170427930421283e-17
1.353084311261909534e-16
8.803721640582296004e-16
-5.412337245047638135e-16
9.714451465470119729e-17
-4.093947403305264743e-16
4.371503159461553878e-16
-1.925543058334255875e-16
5.551115123125782702e-17
-1.871332949709980653e-16
-4.614364446098306871e-16
-2.428612866367529932e-17
-7.927686285214008421e-16
9.367506770274758310e-17
1.474514954580286030e-16
9.471590178833366735e-16
-7.663140955127545340e-16
-1.578598363138894456e-15
1.247266179227324301e-15
5.204170427930421283e-17
9.974659986866640793e-16
1.734723475976807094e-18
-1.665334536937734811e-16
-1.020017403874362572e-15
7.435458498905589408e-16
1.486658018912123680e-15
-8.187894806610529486e-16
-1.942890293094023946e-16
3.427813588530170819e-15
-2.473715676742926917e-15
-2.810252031082427493e-16
4.150325916274510973e-16
-3.227453027054849599e-15
2.315855840429037471e-15
-2.282896094385478136e-15
2.539635168830045586e-15
-4.399258735077182791e-15
2.969846590872293746e-15
4.015884846886308424e-16
-3.374037160774889799e-16
3.114696001116357138e-15
-2.345346139520643192e-15
2.503205975834532637e-15
-3.108624468950438313e-15
5.273559366969493567e-16
1.387778780781445676e-17
-4.968898556501066821e-15
3.170207152347614965e-15
6.106226635438360972e-16
4.805184028455755652e-16
-2.706515567219014429e-14
2.682923327945729852e-14
-9.367506770274758310e-16
8.413408858487514408e-17
4.961092300859171189e-15
-3.000204251701887870e-15
-6.886852199627924165e-16
-3.053113317719180486e-16
2.700444035053095604e-14
-2.680668187426960003e-14
1.518750403217694611e-15
-9.442316720176258116e-16
2.560451850541767271e-15
7.233796894823285584e-16
3.538835890992686473e-16
-5.726322194199440219e-15
6.947567521287112413e-15
-4.180683577104105098e-16
-1.395585036423341307e-15
9.040077714184135971e-16
-2.665402620838364101e-15
-7.892991815694472280e-16
-3.504141421473150331e-16
6.402864349830394985e-15
-6.784503514545292546e-15
1.439820485060749888e-16
-6.845652517073474996e-16
-4.978656376053436361e-15
-1.970645868709652859e-15
2.020952849512980265e-15
1.177356823145458975e-14
-1.134335680941234159e-14
-1.764213775068412815e-15
8.404735241107630372e-16
6.828305282313706925e-16
4.976921652577459554e-15
2.442490654175344389e-15
-2.886579864025407005e-15
-1.163479035337644518e-14
1.166601537594402771e-14
1.779826286352204079e-15
-1.031293106468211818e-15
-3.365363543395005763e-15
5.107025913275720086e-15
-3.913536161803676805e-15
1.438085761584773081e-15
-4.864164626638967093e-15
7.049916206369744032e-15
-1.421605888562993414e-15
1.110873545928647843e-15
3.413068438984367958e-15
-5.433153926759359820e-15
4.385380947269368335e-15
-2.178812685826869711e-15
5.020289739476879731e-15
-6.786238238021269353e-15
1.515280956265740997e-15
-1.017632159094894462e-15
-2.896988204881267848e-16
-1.594210874422685720e-15
-1.944798488917598434e-14
1.838286467492622478e-14
1.373900992973631219e-15
1.075528555105620399e-16
1.780693648090192482e-15
-1.595945597898662527e-15
3.400058012914541905e-16
7.129713486264677158e-16
1.962145723677366504e-14
-1.917389857997164881e-14
-1.481453848484193259e-15
-3.356689926015121728e-16
-1.775055796793267859e-15
1.528291382335567050e-15
5.540706782269921860e-15
-8.250344851745694541e-15
1.079518419100367055e-14
-5.702036065535764919e-15
-1.268950222677034390e-15
-1.058398160780349428e-15
3.235259282696745231e-16
-3.342812138207307271e-15
-5.384581669432009221e-15
7.889522368742518665e-15
-9.971190539914687179e-15
6.229392002232714276e-15
9.671083378570699551e-16
1.115860875922081163e-15
-4.232725281383409310e-16
3.859759734048395785e-15
8.984132882083883942e-15
-1.050895481746749738e-14
2.477185123694880531e-15
-8.578207588705311082e-16
5.612914646957456455e-15
7.173948934902085739e-15
-1.157060558476530332e-15
2.262079412673756451e-15
-8.708311849403571614e-15
1.005619199023755073e-14
-2.780761731990821772e-15
1.124100812432970997e-15
-5.658234297767350540e-15
-7.139254465382549597e-15
1.023486850826316186e-15
-2.284630817861454943e-15
-1.849909114781667085e-14
2.068310800407147099e-14
-4.867634073590920707e-15
3.986286127577454153e-15
1.041354502628877299e-14
-1.193489751472043281e-14
1.498107193853570607e-14
-1.278144257099711467e-14
1.874368715792940066e-14
-2.133015986061082003e-14
5.184221107956688002e-15
-3.993658702350355583e-15
-1.023486850826316186e-14
1.197653087814387618e-14
-1.493770385163628589e-14
1.310236641405282398e-14
6.002143226879752547e-16
1.439820485060749888e-16
2.686869823853577088e-15
-3.628174150005492038e-15
-1.011343786494478536e-15
1.134509153288831840e-15
1.881481082044444975e-14
-1.825102569075198744e-14
-7.095019016745141016e-16
-2.055647319032516407e-16
-2.703783377744350958e-15
3.547509508372570508e-15
1.422473250300981817e-15
-1.471045507628332416e-15
-1.813826866481349498e-14
1.804979776753867782e-14
3.833738881908743679e-16
-1.770502147668828741e-16
-2.845813862339952038e-15
1.759009604640482394e-15
-3.327199626923516007e-15
8.422082475867398443e-15
-9.678022272474606780e-15
4.551914400963141816e-15
-4.093947403305264743e-16
1.795438797635995343e-16
2.672341514742271329e-15
-1.996666720849304966e-15
3.740063814205996096e-15
-8.749945212827014984e-15
1.001976279724203778e-14
-4.017619570362285231e-15
1.381490408181029750e-15
5.512951206654292946e-15
-8.031769693772616847e-16
1.465841337200401995e-15
-1.290981210821939840e-14
1.284389261613227973e-14
-2.076464000744238092e-15
5.620504062164854986e-16
-1.399271323809792023e-15
-5.385449031169997625e-15
7.337880303381894009e-16
-8.066464163292152989e-16
1.263052162858713245e-14
-1.259756188254357312e-14
1.448494102440633924e-15
-6.852157730108388023e-16
-2.297641243931280997e-15
-1.387778780781445676e-15
5.405398351143730906e-15
-9.697104230710351658e-16
1.838806884535415520e-15
-5.584074869169342037e-15
-2.471980953266950110e-16
2.627455544801371445e-15
2.845813862339952038e-15
1.065120214249759556e-15
-5.525094270986130596e-15
1.294103713078698092e-15
-1.984523656517467316e-15
4.831204880595407758e-15
4.649058915617843013e-16
-2.724816899890569744e-15
-1.406860739017190554e-15
4.701100619897147226e-16
5.022718352343247261e-14
-5.066259911590265119e-14
7.320533068622125938e-16
3.235259282696745231e-16
-1.220508069610382051e-14
7.402932433731024275e-15
1.243796732275370687e-15
-6.279698983036041682e-16
-4.924012586560166937e-14
4.953502885651772658e-14
2.706168622523819067e-16
-5.230191280070073390e-16
1.208083112713698171e-14
-7.385585198971256204e-15
-4.232725281383409310e-16
1.269297167372229751e-14
-1.208061428670248461e-14
1.769417945496343236e-16
2.712240154689737892e-15
-4.484260185400046339e-15
-2.785098540680763790e-15
3.344546861683284078e-15
4.649058915617843013e-16
-1.272246197281390323e-14
1.191408083300871112e-14
-3.295974604355933479e-16
-2.577799085301535342e-15
4.452384641528972509e-15
2.805915222392485475e-15
-3.512815038853034366e-15
-1.548067229961702651e-14
1.440861319146335973e-14
8.881784197001252323e-16
-8.760353553682875827e-17
3.829402073218801661e-16
5.238864897449957425e-16
1.006139616066548115e-16
3.018418848199644344e-16
1.542689587186174549e-14
-1.438085761584773081e-14
-2.324529457808921507e-16
-1.769417945496343236e-16
-4.069010753338098141e-16
-7.546047120499110861e-16
8.847089727481716182e-16
-5.585809592645318844e-16
-3.885780586188047891e-16
-3.797309688913230730e-15
-1.856154119295183591e-16
1.334761294546904509e-15
1.474514954580286030e-15
2.099015405931936584e-16
-3.930883396563444876e-15
-6.123573870198129043e-16
1.647987302177966740e-16
3.304648221735817515e-15
1.604619215278546562e-16
-1.240002024671671421e-15
-1.028691021254246607e-15
-5.672545766444159199e-16
3.887515309664024699e-15
8.274630980409369840e-16
-4.145989107584568956e-16
6.279698983036041682e-16
-7.935275700421406953e-15
4.254409324833119399e-15
1.556046957951195964e-15
-9.471590178833366735e-16
-2.445960101127298003e-14
2.487419992203143693e-14
5.585809592645318844e-16
-8.092485015431805095e-16
7.906219082198795434e-15
-3.980323015628783878e-15
-1.875236077530928469e-15
5.568462357885550773e-16
2.441276347742160624e-14
-2.479613736561248061e-14
-1.769417945496343236e-16
3.469446951953614189e-16
2.006207699967177405e-15
-1.033895191682177028e-15
2.529226827974184744e-15
-5.637851296924623057e-15
6.786238238021269353e-15
-2.711372792951749489e-15
3.469446951953614189e-18
-3.673276960380889022e-16
-2.023554934726945476e-15
5.724587470723463412e-16
-2.354019756900527227e-15
6.314393452555577824e-15
-5.901529265273097735e-15
2.272487753529617294e-15
-5.043708506402566627e-16
-3.859759734048395785e-15
7.441963711940502435e-16
-8.014422459012848776e-16
9.766493169749423942e-15
-8.642392357316452944e-15
-1.214306433183764966e-16
-2.515349040166370287e-17
3.946495907847236140e-16
3.923077140921549244e-15
-7.199102425303749442e-16
3.174543961037556983e-16
-8.801986917106319197e-15
9.372710940702688731e-15
-8.465450562766818621e-16
4.848552115355175829e-16
-3.013214677771713923e-15
4.284766985662713523e-15
-9.169748294013402301e-15
7.683090275101278621e-15
-8.564329800897496625e-15
9.589551375199789618e-15
-1.369564184283689201e-15
1.476683358925257039e-16
2.897855566619256251e-15
-3.963843142607004211e-15
8.519226990522099641e-15
-8.101158632811689131e-15
8.911274496092858044e-15
-9.299852554711662833e-15
1.281093287008872039e-15
8.673617379884035472e-19
1.713906794265085409e-15
-8.222589276130065628e-16
-9.516692989208763720e-15
8.456776945386934585e-15
9.055256544598933033e-16
-8.673617379884035472e-16
4.750973919831480430e-15
-1.867429821889032837e-15
-1.592476150946708913e-15
1.094610513341365277e-15
8.605963164320939995e-15
-9.081277396738585139e-15
-3.313321839115701550e-16
5.854691731421723944e-16
-4.752600223090208686e-15
1.911665270526441418e-15
2.406061461179831440e-15
-7.632783294297951215e-16
2.376571162088225719e-16
-4.822531263215523722e-16
2.766883944183007316e-16
-1.009825903452998830e-15
-1.162264728904460753e-15
1.432881591156842660e-15
-1.540434446667404700e-15
1.122366088956994190e-15
-1.210836986231811352e-15
1.328798182598234234e-15
-5.707240235963695341e-16
1.200645485810447610e-15
1.204765454065892527e-15
-1.457167719820517959e-15
1.750335987260598358e-15
-1.708702623837154988e-15
-3.642919299551294898e-16
2.610758831345094677e-16
-8.196568423990413521e-17
5.048045315092508645e-16
-3.469446951953614189e-18
-2.133709875451472726e-16
-1.731254029024853480e-15
2.088607065076075742e-15
-5.863365348801607979e-16
1.509209424099822172e-16
1.023486850826316186e-16
-5.143455106271233035e-16
-2.723515857283587138e-16
6.210310043996969398e-16
-5.898059818321144121e-17
-3.608224830031758756e-16
8.239936510889833698e-17
-8.226926084820007645e-16
-7.971054372113428599e-16
4.319461455182249665e-16
-3.868433351428279821e-16
-4.336808689942017736e-17
8.673617379884035472e-17
1.856154119295183591e-16
9.020562075079396891e-17
6.481360587118345506e-16
6.609296443471635030e-16
-1.249000902703301108e-16
-5.308253836489029709e-16
-5.204170427930421283e-17
-2.046973701652632371e-16
-7.025630077706068732e-17
3.542955859248131389e-15
-7.112366251504909087e-16
-1.942890293094023946e-16
-8.673617379884035472e-17
1.256633685997599059e-14
-1.386044057305468868e-14
1.026956297778269800e-15
5.490399801466594454e-16
-3.588600770709771126e-15
1.032160468206200221e-15
2.341876692568689577e-16
-1.082467449009527627e-15
-1.214306433183764966e-14
1.301736496372996044e-14
3.526692826660848823e-15
3.733721231496955895e-16
4.310787837802365630e-16
3.873637521856210242e-15
-4.732325642464729754e-15
-9.384854005034526381e-16
1.361757928641793569e-15
3.417405247674309976e-15
-3.748737431585880131e-15
-1.715207836872068015e-16
-8.161873954470877379e-16
-3.967312589558957825e-15
4.921410501346201727e-15
1.474514954580286030e-15
-2.057382042508493214e-15
-3.597816489175897914e-15
-9.212465859609331176e-16
-4.232725281383409310e-16
-1.260450077644748035e-14
1.443463404360301183e-14
-1.540434446667404700e-15
1.875236077530928469e-15
-1.199387811290364425e-14
9.971190539914687179e-15
5.716455954429822128e-16
1.500535806719938137e-16
1.252817294350450084e-14
-1.401830040936857813e-14
1.089406342913434855e-15
-2.983724378680108202e-16
1.153244166829381356e-14
-9.408272771960213277e-15
-7.068998164605488910e-16
8.767292447586783055e-15
-6.538172780956585939e-15
-2.765149220707030508e-15
2.811986754558404300e-15
5.537237335317968245e-15
-7.461913031914235717e-15
4.659900937342698057e-16
3.668940151690947005e-16
-8.324937961212697246e-15
7.707376403764953920e-15
1.951563910473907981e-15
-1.667069260413711618e-15
-5.077535614184114365e-15
6.821800069278793899e-15
-1.990595188683386141e-16
-3.504141421473150331e-16
1.304512053934558935e-15
1.179611963664228824e-16
-2.411265631607761861e-16
-1.493596912816030908e-15
4.137315490204684920e-16
3.087807787238716628e-16
-1.526556658859590243e-16
1.063385490773782749e-15
-8.500145032286354763e-16
-3.053113317719180486e-16
-2.775557561562891351e-17
1.228184220991579423e-15
-4.909267437014364077e-16
-3.768686751559613413e-16
3.365363543395005763e-16
-1.280718288349171931e-03
1.905954829017276336e-03
-2.032157941523692057e-03
8.244864465034706241e-04
-1.593423220574720876e-03
-7.397392395043593787e-04
-2.211733531865410669e-04
-1.870860073371478829e-03
1.280710696311500654e-03
-1.905922221202746222e-03
2.032103813824416225e-03
-8.244438695739634074e-04
1.593461387332802993e-03
7.397259731061851459e-04
2.212145056923837602e-04
1.870814834816296544e-03
