1.370576595178706752e-03
-1.165991556019004179e-03
1.400616121049207043e-03
-1.568937259727280764e-04
6.101444548949174883e-04
9.440999407918207508e-04
-5.377226508537047249e-04
1.492019566860980709e-03
-1.370579997269485116e-03
1.165990715766110006e-03
-1.400619833512286617e-03
1.568910770486742299e-04
-6.101460691583470135e-04
-9.440979240203330918e-04
5.377230632365231563e-04
-1.492026429647748398e-03
-3.434752482434078047e-16
1.387778780781445676e-16
2.142383492831356762e-16
-2.124223106442224562e-16
3.621235256101584810e-17
1.778091562876227272e-16
-3.295974604355933479e-17
1.812786032395763414e-16
-2.055647319032516407e-16
9.107298248878237246e-17
1.006139616066548115e-16
1.301042606982605321e-17
-4.098284211995206761e-17
1.309716224362489356e-16
1.257674520083185143e-16
-2.428612866367529932e-17
4.328135072562133701e-16
-3.408731630294425941e-16
6.201636426617085363e-17
2.125036258071588691e-17
-6.158268339717665185e-16
3.287300986976049444e-16
-8.101158632811689131e-16
8.387388006347862301e-16
-1.838806884535415520e-16
1.214306433183764966e-16
-1.626303258728256651e-17
-6.375108774214766072e-17
-1.630640067418198669e-16
3.035766082959412415e-17
3.781697177629439466e-16
-3.729655473350135253e-16
-1.734723475976807094e-17
-1.375852556884105127e-16
-2.996734804749934256e-16
1.830133267155531485e-16
5.802650027142419731e-16
-5.863365348801607979e-16
-5.377642775528101993e-17
-1.838806884535415520e-16
-2.315855840429037471e-16
2.184125276472048682e-16
3.786033986319381484e-16
-2.602085213965210642e-18
-8.344019919448442124e-16
7.884318198314588244e-16
5.551115123125782702e-16
-2.671474153004282925e-16
6.158268339717665185e-17
-2.992397996059992238e-17
1.066854937725736363e-16
-2.038300084272748336e-16
-3.712308238590367182e-16
3.799044412389207537e-16
-4.943961906533900219e-17
4.987329993433320396e-16
2.439454888092384977e-17
-4.597017211338538800e-17
-4.137315490204684920e-16
1.899522206194603768e-16
1.674008154317618846e-16
-6.730727086790011526e-16
2.220446049250313081e-16
-2.918672248330977936e-16
-1.214306433183764966e-16
7.112366251504909087e-17
-9.367506770274758310e-17
1.049507702965968292e-16
-3.894454203567931927e-16
-4.857225732735059864e-17
-2.550043509685906429e-16
6.131163285405527574e-17
-6.418476861114186249e-17
1.023486850826316186e-16
-1.734723475976807094e-17
3.295974604355933479e-16
4.276093368282829488e-16
-2.680147770384166961e-16
-8.066464163292152989e-17
1.393199791643873198e-17
9.107298248878237246e-17
1.127570259384924611e-16
-1.925543058334255875e-16
6.297046217795809753e-16
2.489328188026718180e-16
3.989863994746656317e-17
-1.214306433183764966e-17
-1.431146867680865853e-17
1.101549407245272505e-16
-1.196959198423996895e-16
3.261280134836397337e-16
-3.712308238590367182e-16
2.385244779468109755e-16
-7.415942859800850329e-17
-4.239230494418322337e-17
1.010476424756490132e-16
-1.301042606982605321e-16
-2.619432448724978713e-16
-2.732189474663471174e-16
-1.474514954580286030e-17
-1.387778780781445676e-17
-3.984442983884228795e-17
1.730386667286865077e-16
-2.463307335887066074e-16
1.994931997373328159e-17
3.903127820947815962e-17
2.185751579730776939e-16
-4.189357194483989133e-16
-3.512815038853034366e-17
-3.079134169858832593e-17
-2.471980953266950110e-17
-7.806255641895631925e-17
-1.491862189340054101e-16
3.521488656232918402e-16
2.229119666630197116e-16
-9.107298248878237246e-18
3.361026734705063745e-17
-1.630640067418198669e-16
-2.792904796322659422e-16
6.565928356572214852e-16
3.556183125752454544e-17
-2.437286483747413968e-16
1.552577510999242349e-16
-2.116362640691704655e-16
1.604619215278546562e-17
3.469446951953614189e-18
2.949029909160572061e-16
-2.818925648462311528e-16
9.367506770274758310e-17
-4.562322741819002658e-16
1.691355389077386917e-17
-3.361026734705063745e-18
-3.035766082959412415e-17
2.636779683484746784e-16
1.335737076502141463e-16
-2.289834988289385365e-16
-2.151057110211240797e-16
4.033232081646076495e-16
1.170938346284344789e-16
-4.369334755116582869e-17
1.370431546021677605e-16
-1.734723475976807094e-16
7.199102425303749442e-17
7.372574772901430151e-17
1.127570259384924611e-16
7.415942859800850329e-17
-5.843849709696868899e-17
-1.604619215278546562e-17
1.726049858596923059e-16
-3.712308238590367182e-16
-1.838806884535415520e-16
1.110223024625156540e-16
2.220446049250313081e-16
-1.309716224362489356e-16
-4.987329993433320396e-18
-1.301042606982605321e-18
8.066464163292152989e-17
-3.816391647148975608e-17
-1.344410693882025498e-16
2.229119666630197116e-16
7.719519468096791570e-17
-2.043721095135175858e-17
1.674008154317618846e-16
-1.275021754842953214e-16
6.852157730108388023e-17
-4.857225732735059864e-17
-4.293440603042597559e-16
3.582203977892106650e-16
1.543903893619358314e-16
1.469093943717858508e-17
-7.676151381197371393e-17
1.474514954580286030e-16
3.382710778154773834e-17
1.353084311261909534e-16
-5.030698080332740574e-17
-2.168404344971008868e-16
-3.404394821604483923e-17
3.122502256758252770e-17
7.546047120499110861e-17
6.245004513516505540e-17
6.071532165918824830e-18
3.330669073875469621e-16
-1.110223024625156540e-16
-3.157196726277788912e-16
-7.377995783763857673e-17
1.032160468206200221e-16
1.292368989602721285e-16
-3.165870343657672947e-16
3.174543961037556983e-16
1.049507702965968292e-16
1.916869440954371839e-16
-2.203098814490545010e-16
2.862293735361731706e-17
-8.326672684688674053e-17
-1.222980050563649002e-16
-3.313321839115701550e-16
-1.734723475976807094e-16
4.675079767757495119e-16
1.166601537594402771e-16
-6.456423937151178905e-17
4.943961906533900219e-17
-4.276093368282829488e-16
2.723515857283587138e-16
-3.035766082959412415e-17
-2.471980953266950110e-16
3.087807787238716628e-16
1.478851763270228048e-16
-6.169110361442520230e-17
-7.372574772901430151e-17
3.642919299551294898e-16
1.656660919557850775e-16
4.345482307321901772e-16
-3.686287386450715076e-16
-9.107298248878237246e-17
-6.613633252161577047e-18
2.298508605669269400e-17
-3.989863994746656317e-17
2.515349040166370287e-17
1.561251128379126385e-16
-2.862293735361731706e-16
-3.972516759986888246e-16
2.419939248987645897e-16
-6.353424730765055983e-17
3.903127820947815962e-17
1.743397093356691130e-16
-1.387778780781445676e-17
2.576064361825558535e-16
-1.179611963664228824e-16
-1.296705798292663303e-16
5.540273101400927658e-17
-7.415942859800850329e-17
3.061786935099064522e-16
-4.510281037539698445e-17
-2.159730727591124833e-16
1.257674520083185143e-16
-6.106226635438360972e-16
7.806255641895631925e-17
3.306816626080788524e-17
-3.868433351428279821e-16
4.839878497975291793e-16
-3.764349942869671395e-16
-4.198030811863873168e-16
4.336808689942017736e-18
-8.673617379884035472e-19
-1.886511780124777715e-17
-2.038300084272748336e-17
-8.760353553682875827e-17
-2.289834988289385365e-16
-1.474514954580286030e-17
2.775557561562891351e-17
-3.374037160774889799e-16
1.209969624493822948e-16
2.049142105997603380e-17
5.204170427930421283e-18
1.205632815803880931e-16
-5.204170427930421283e-17
1.526556658859590243e-16
-3.426078865054194011e-16
2.515349040166370287e-17
-6.169110361442520230e-17
2.255140518769849223e-17
-8.326672684688674053e-17
-1.908195823574487804e-17
-2.246466901389965187e-16
-1.890848588814719733e-16
6.383782391594650107e-16
-2.992397996059992238e-17
1.458251921993003464e-17
-9.931291899967220616e-17
1.214306433183764966e-16
-1.023486850826316186e-16
1.994931997373328159e-16
1.222980050563649002e-16
-4.553649124439118623e-17
3.577867169202164632e-17
-1.587271980518778491e-16
-1.231653667943533037e-16
3.963843142607004211e-16
-3.625572064791526827e-16
9.081277396738585139e-16
-5.767955557622883589e-16
3.525825464922860419e-16
-1.008308020411519124e-17
1.327063459122257427e-16
-3.998537612126540353e-16
-1.856154119295183591e-16
3.165870343657672947e-16
9.020562075079396891e-17
8.673617379884035472e-17
5.366800753803246948e-17
7.849623728795052102e-17
3.087807787238716628e-16
-3.009745230819760309e-16
2.879640970121499777e-16
-3.434752482434078047e-16
8.500145032286354763e-17
-1.205632815803880931e-16
-1.450662506785604933e-16
1.461504528510459977e-16
-6.938893903907228378e-18
2.333203075188805542e-16
-1.613292832658430598e-16
1.474514954580286030e-17
-1.439820485060749888e-16
-2.038300084272748336e-17
-1.006139616066548115e-16
2.099015405931936584e-16
1.804112415015879378e-16
-2.879640970121499777e-16
-4.649058915617843013e-16
6.895525817007808200e-16
-1.491862189340054101e-16
2.721347452938616129e-17
-1.214306433183764966e-17
-1.908195823574487804e-16
8.673617379884035472e-18
7.372574772901430151e-17
-3.937822290467352104e-16
1.786765180256111307e-16
1.452830911130575942e-16
1.886511780124777715e-16
-3.365363543395005763e-16
6.713379852030243455e-16
-1.136243876764808647e-16
-2.550043509685906429e-16
1.509209424099822172e-16
1.058181320345852328e-16
2.168404344971008868e-19
1.318389841742373392e-16
3.105155021998484699e-16
-3.105155021998484699e-16
5.204170427930421283e-17
-4.683753385137379155e-16
8.847089727481716182e-17
1.864827736675067626e-16
-1.018065839963888664e-16
9.714451465470119729e-17
3.374037160774889799e-16
1.179611963664228824e-16
2.940356291780688025e-16
-4.189357194483989133e-16
1.149254302834634700e-16
1.425725856818438331e-16
-4.336808689942017736e-19
-4.033232081646076495e-16
-1.821459649775647449e-17
-2.159730727591124833e-16
-5.204170427930421283e-17
2.784231178942775387e-16
-9.107298248878237246e-18
-9.204876444401932645e-17
4.033232081646076495e-17
-2.419939248987645897e-16
-8.673617379884035472e-17
6.774095173689431704e-16
-7.554720737878994896e-16
2.740863092043355209e-16
6.760000545447120146e-17
-1.986258379993444123e-16
-1.136243876764808647e-16
4.857225732735059864e-17
-1.821459649775647449e-16
2.072994553792284478e-16
-1.847480501915299556e-16
-1.084202172485504434e-16
-5.968532959532701909e-17
3.599551212651874721e-17
-4.128641872824800885e-16
-5.117434254131580929e-17
-1.465841337200401995e-16
-1.991462550421374544e-15
1.285430095698814057e-15
5.688808799031441765e-16
-3.920475055707584033e-16
4.675079767757495119e-16
-6.670011765130823278e-16
-3.408731630294425941e-16
3.790370795009323501e-16
1.505739977147868558e-15
-1.093743151603376873e-15
-4.012632240368851910e-16
3.694961003830599111e-16
-1.137978600240785454e-15
1.804979776753867782e-15
-1.266348137463069179e-16
-1.179611963664228824e-16
9.922618282587336580e-16
6.949735925632083422e-17
-3.118165448068310752e-16
4.310787837802365630e-16
1.101549407245272505e-16
-9.627715291671279374e-17
-4.093947403305264743e-16
-4.631711680858074942e-16
-4.644722106927900995e-16
4.087442190270351716e-17
3.946495907847236140e-17
-9.679756995950583587e-16
-5.455705331947058312e-16
3.799044412389207537e-16
-4.719315216394903700e-15
3.590443914402996484e-15
1.127787099819421712e-15
-9.033572501149222944e-16
7.372574772901430151e-17
-1.075528555105620399e-15
7.381248390281314187e-16
7.632783294297951215e-16
2.181414771040834921e-15
-1.582935171828836474e-15
-8.475208382319188161e-16
8.170547571850761415e-16
-2.359223927328457648e-15
3.739196452468007692e-15
2.081668171172168513e-17
-3.009745230819760309e-16
2.400423609882906817e-15
2.146720301521298779e-16
-3.577867169202164632e-16
1.235990476633475055e-15
3.261280134836397337e-16
-8.760353553682875827e-17
-3.027092465579528380e-16
1.647987302177966740e-16
-1.088105300306452250e-15
-3.217912047936977160e-16
2.745199900733297227e-16
-1.802377691539902571e-15
7.077671781985372945e-16
4.163336342344337027e-16
1.821459649775647449e-16
-6.696032617270475384e-16
1.286731138305796662e-15
-9.645062526431047445e-16
-5.160802341031001106e-16
-7.632783294297951215e-17
1.552577510999242349e-16
-3.842412499288627714e-16
1.904726376622534190e-15
-9.623378482981337356e-16
-1.152398489134842663e-15
-2.602085213965210642e-18
-3.163268258443707737e-15
5.550247761387794299e-15
-1.000935445638617693e-15
-1.015680595184420554e-15
-4.636048489548016960e-15
4.038869932943001118e-15
-3.374037160774889799e-16
1.077263278581597206e-15
9.619041674291395339e-16
-1.327930820860245831e-15
1.577731001400906052e-15
6.331740687315345895e-17
-8.196568423990413521e-16
-4.381260979013923418e-16
9.302454639925628044e-16
-1.143182770668715875e-15
1.246398817489335897e-15
2.108556385049809023e-15
-1.075528555105620399e-16
-1.831867990631508292e-15
1.963706974805745631e-15
4.551480720094147614e-16
-1.473647592842297627e-15
-1.806714500229844589e-15
6.297046217795809753e-16
-4.701100619897147226e-16
-1.040834085586084257e-16
6.643990912991171172e-16
-1.676718659748832607e-16
-2.571727553135616517e-16
-8.725659084163339685e-16
1.994931997373328159e-16
-2.072127192054296074e-15
1.425942697252935432e-15
-1.258541881821173547e-15
4.753142324176451439e-16
2.003063513666969442e-16
3.469446951953614189e-18
3.479248139592883149e-14
-2.799670217878968970e-14
1.516148318003729401e-14
-2.170139068446985675e-14
-2.346213501258631595e-16
7.732529894166617623e-16
-6.102323507617413156e-15
3.936087566991375297e-15
-4.470382397592231882e-14
4.059860087002320483e-14
-2.406408405875026801e-14
3.538055265428496909e-14
-3.799044412389207537e-16
-6.442329308908867347e-16
5.678183617741083822e-15
-1.323594012170303813e-15
-5.492134524942571261e-15
2.063193366153015518e-14
2.035351054363587764e-14
-3.263882220050362548e-15
-1.999702486932264378e-15
8.413408858487514408e-15
9.747411211513679064e-15
3.936261039338972978e-14
1.230959778553142314e-14
-2.894733064362497998e-14
-5.642274841788363915e-14
7.977125904279347424e-15
6.041391345523727807e-15
-1.890675116467122052e-14
-1.205546079630082090e-14
-1.592562887120507753e-14
6.711471656206668968e-14
-1.454470224815374024e-13
-1.802204219192304890e-14
-6.039765042264999551e-15
-3.595171035875033283e-14
-4.459106694998382636e-14
-4.889985985578881866e-13
3.396623260432107827e-13
-2.227809950405834627e-13
4.195793018579863087e-13
4.114937557364584109e-14
3.841328297116142210e-16
8.870812071015699019e-14
-3.374037160774889799e-16
2.586767605672335435e-13
-2.531499315727714361e-13
7.594792850174059140e-14
-1.690054346470404312e-15
-2.249892980255019381e-14
4.972758316235115217e-14
-2.869579573960834296e-14
3.984538393675407519e-13
2.435794621558073914e-13
-3.126414058196580470e-13
-5.124789481669722591e-13
1.509413254108249447e-13
4.551350615833449353e-14
-1.455580447839999181e-13
-1.546592715007122365e-13
2.305620971920774309e-14
3.659399172573074566e-15
1.292663892593637343e-13
-3.165783607483874107e-14
-3.868693559949676342e-14
1.121151782523810425e-14
-1.979154687359319098e-13
-2.266721532695470387e-12
1.465989656057598012e-12
-1.209915848066067667e-12
2.109520891302452128e-12
8.684979818651683559e-14
-5.702155327774738325e-14
4.813449985818785137e-13
-1.479935965442713552e-13
8.275177418304302535e-13
-9.441197823534253075e-13
6.293923715539051500e-14
-2.786781222452461293e-13
-3.342588792559775257e-13
1.625709115937734595e-13
-1.786159761762995402e-12
1.885982689464604789e-12
9.294301439588537050e-13
-9.536902517703893523e-13
-2.417120323339183585e-12
2.518959433400747017e-12
6.678048955835458322e-13
-3.512580851183777497e-13
-7.017997294411770781e-13
6.401988314475026698e-13
2.585952285638626336e-14
8.045474009232833623e-14
2.605381188569566575e-14
1.205112398761087888e-14
2.004598743943208916e-13
-2.366631196570878615e-13
-3.525043104635194879e-12
3.116829710991808611e-12
-2.892278430643990816e-12
3.330474784846160219e-12
6.078297587475134378e-14
-1.379082395155939444e-13
7.807686788763312791e-13
-6.430732682471962391e-13
1.335137729541191476e-12
-1.406021132854817779e-12
7.006981800339318056e-14
-1.536193047768641406e-13
7.002818463996973719e-14
-7.427142668242625589e-14
1.552924455694437711e-14
2.723507183666207254e-13
-1.737906693555224535e-13
1.371585137133202181e-13
-2.900058665433746796e-13
-2.792471115453665220e-15
2.254901994291902412e-14
-8.814043245264358006e-14
5.693362448155880884e-15
-8.966612174976518190e-14
8.051025124355959406e-14
6.237198257874609908e-15
7.928553646951996825e-15
3.729655473350135253e-15
9.749145934989655871e-15
-2.931422465879407468e-14
-1.032777386551833858e-03
1.438509404587632202e-03
-1.499720753035586971e-03
7.159397207218967316e-04
-1.088221879258945493e-03
-4.260172526156781559e-04
-3.920426190839572736e-05
-1.318446440824229795e-03
1.032781990032071492e-03
-1.438508963001296128e-03
1.499725339991697052e-03
-7.159395147723545891e-04
1.088218538257587978e-03
4.260173469653460998e-04
3.920612385109904438e-05
1.318454639194735706e-03
