-1.549434638807120276e-02
-1.549446258754381099e-02
-1.549454588051599538e-02
-1.549450919503786786e-02
-1.549447691282452785e-02
-1.549452865632928826e-02
-1.549447729434567586e-02
-1.549427153156602253e-02
-1.549430511041243429e-02
-1.549456931452477398e-02
-1.549460986921119728e-02
-1.549446091147238178e-02
-1.549442734277454992e-02
-1.549448693114455558e-02
-1.549448110587901481e-02
-1.549437499232973921e-02
1.400789206851271729e-16
-1.201296007113938913e-15
-2.852102234940367964e-15
-2.694025558191981418e-15
-3.620367894363596406e-15
3.039235529911366029e-15
1.037581479068627743e-15
1.571225788365993026e-15
6.925883477837402324e-16
-2.375703800350237316e-15
-3.711874557721372980e-15
3.330669073875469621e-16
-2.927345865710861972e-15
1.448710942875131025e-15
-6.930220286527344342e-16
2.298074924800275198e-15
5.654331169946402724e-15
-5.209678174966647646e-14
-2.219101638556431055e-14
-1.618323530738763338e-14
1.591001635992128627e-14
9.164110442716477678e-15
3.422739522362938658e-14
-1.387995621215942776e-14
5.405398351143730906e-15
-2.294865686369718105e-14
-9.583046162164876591e-15
-1.860317455637527928e-14
1.060349724690823336e-15
5.715480172474585174e-15
2.267196846927888032e-14
-1.333872248765466395e-14
5.635357631927906397e-14
1.931267645804979338e-14
3.264424321136605300e-14
-2.895080009057693360e-14
-7.949804009532712712e-15
-3.572012477470742908e-14
1.530568206897786609e-14
1.404041813368728242e-15
2.570903559484527534e-14
8.425768763253849158e-15
2.326860492479765341e-14
-8.540043672233821326e-15
-3.790804475878317703e-15
-2.892889920669272641e-14
6.372073008131806660e-15
-4.700992199679898675e-15
1.060458144908071887e-15
3.594780723092938501e-15
-1.719544645562010032e-16
-1.621315928734823331e-15
-3.162075636053973682e-15
-1.513264340224917959e-14
-4.758238074387133310e-15
-2.952933036981519876e-15
7.760935991085737840e-15
1.736132938801038250e-15
-7.041893110293351299e-16
-2.394677338368733643e-15
5.864124290322347832e-15
5.299580219109145673e-15
1.525678455099876984e-14
-1.467576060676378802e-15
-1.049681175313565973e-14
9.690599017675438631e-15
-4.163336342344337027e-17
1.482776575134625574e-14
-4.466912950640278268e-15
7.450637329320386470e-16
2.257308923114820232e-15
-2.928430067883347476e-15
-3.793189720657785813e-15
4.301680539553487392e-15
-1.603751853540558159e-15
2.228252304892208713e-15
-1.672490271276139140e-15
6.192962809237201327e-15
-1.332029105072241038e-14
4.292790081739106256e-15
1.886945460993771917e-15
1.121932408087999988e-15
-9.491973179676094219e-15
1.531175360114378492e-14
-3.085856223328242720e-15
-1.105886215935214523e-15
-4.858093094473048268e-15
-4.347217030797878579e-15
-1.944408176135503652e-15
5.663655308629778062e-15
-2.235408039230613042e-15
5.740850503310745978e-15
-1.688146150646829824e-14
4.564924827032967869e-15
-5.985880194292469980e-15
-5.136082531498331605e-15
-2.303712776097199821e-15
-1.446000437443917264e-14
4.365431627295635053e-15
5.878761019650902142e-15
1.573611033145461136e-15
1.749902306391604156e-16
9.458796593198037783e-15
-5.665606872540251970e-15
1.100248364638289900e-15
-7.985149000355740156e-15
-6.367953039876361743e-15
-2.043721095135175858e-15
1.182344153138892295e-14
4.454336205439446417e-15
8.307590726452929175e-15
-1.028213972298352985e-14
1.263854472466352519e-14
-9.131150696672918343e-16
8.164042358815848388e-16
-5.063874666810797009e-15
-4.365214786861137952e-15
-4.469081354985249277e-15
6.569831484393162668e-15
1.270684946153011197e-15
1.176901458233015063e-14
-2.988061187370050220e-15
4.416172288967956661e-15
-7.257866183052463782e-15
-4.643854745189912592e-15
-2.953583558285011179e-15
7.336362420340414303e-15
3.460773334573730153e-16
-1.907111621402002299e-15
-1.868080343192524140e-15
1.360240045600313863e-15
2.517517444511341296e-15
-4.211908599671687625e-15
7.123208273229764131e-16
4.711942641622002270e-16
-2.354453437769521429e-15
2.824563499759236151e-15
1.371732588628660210e-15
-4.852888924045117847e-16
3.766518347214642404e-15
1.520485126693671418e-15
-9.018393670734425882e-16
-2.429480228105518336e-15
5.737597896793289465e-16
-1.270945154674407718e-14
-2.675594121259727842e-15
6.035970334661300285e-15
-8.527033246163995273e-15
1.441251631928430754e-14
-9.225259445244660128e-15
-3.469230111519117088e-15
6.108178199348834880e-15
2.740212570739863907e-15
-1.652324110867908757e-16
1.226666337950099717e-15
-9.656988750328387994e-15
3.306166104777297221e-15
-1.477550720663245443e-15
1.680079686483537671e-15
-4.898208574855011932e-15
3.831136796694778468e-15
-3.595648084830926905e-15
1.522306586343447066e-14
-1.774535379750474817e-14
5.780965983692709642e-16
2.949029909160572061e-15
-2.746500943340279832e-15
1.292368989602721285e-16
-3.248052868332074183e-15
-2.273355115267605697e-15
5.031565442070728977e-15
-1.684850176042473890e-15
1.050201592356359015e-14
4.952635523913784255e-16
1.713039432527097006e-17
9.807042331000381807e-15
-2.690989792109022005e-16
-1.827097501072572072e-15
-1.366094737331735587e-16
6.211611086603952003e-15
4.943094544795911816e-15
-5.915840733949906394e-15
-3.241113974428166955e-15
8.109832250191573166e-16
8.591218014775137135e-16
-1.399054483375294922e-15
1.701546889498750659e-15
-6.174531372304947752e-15
-1.924458856161770370e-15
2.263814136149733258e-15
5.833007687972013855e-15
-4.969115396935563922e-15
1.562769011420606091e-15
6.945399116942141404e-16
9.979864157294571214e-15
-3.828968392349807459e-15
4.209089674023225314e-15
-6.698201021615446393e-16
2.491713432806186290e-15
-4.182851981449076106e-15
2.108339544615311922e-15
-2.853620117981847670e-15
1.953081793515387687e-15
-1.685717537780462294e-15
7.247024161327608738e-15
-1.131451703162422717e-14
3.232006676179288718e-15
-8.973290860359028898e-15
-2.280510849606010026e-15
-2.245534487521627653e-14
-8.434659221068230295e-15
9.257351829550231059e-15
1.644951536095007327e-15
-3.136813725435061428e-15
-1.501836849326920742e-15
2.417770844642674888e-16
1.074661193367631995e-15
5.916924936122391898e-15
2.114411076781230747e-15
-8.659956432510718116e-15
2.905011300957660580e-15
3.389432831624183962e-15
1.841408969749380731e-14
1.903859014884545786e-15
-8.839066631405323449e-15
-1.683549133435491285e-14
3.199046930135729383e-15
-6.772577290647951997e-15
6.354292092503044387e-15
-2.267717263970681074e-15
-3.280362093072142216e-15
4.304282624767452603e-16
2.484557698467781961e-15
1.426810058990923835e-15
5.196581012723022752e-15
-9.208779572222880461e-15
1.477095355750801531e-14
-1.355252715606880543e-15
1.558215362296166973e-15
4.286935390007684532e-16
1.898004323153124062e-14
-1.316351541658100643e-14
1.146457061229622099e-14
-1.395433248119193337e-14
5.175113809707809764e-15
-2.748886188119747942e-15
6.688876882932071055e-15
-5.929718521757720850e-15
5.970050842574181615e-15
-7.736216181553068338e-15
1.080884513837698790e-14
-1.431602232593309765e-14
-6.436691457611942724e-15
-7.470152968425125550e-16
-5.004026706889597165e-15
1.453589852651315795e-14
-6.779516184551859226e-15
-1.469028891587509378e-14
1.162763461903804085e-14
6.505863556216517907e-15
9.446653528866200134e-15
-1.152853854047286575e-14
-8.699421391589190478e-15
-1.482212790004933112e-14
1.263876156509802229e-14
4.141001777591135635e-15
8.264439479988006099e-15
-6.483312151028819414e-15
1.136894398068299950e-15
1.322943490866812510e-15
3.859976574482892886e-15
-6.459676543668635418e-16
1.533864181502142543e-14
-4.927915714381114753e-15
1.657961962164833380e-15
-1.243189579058778804e-14
1.062539813079244055e-14
-8.448103328007050550e-16
1.544164102140754835e-14
-1.607026144101464382e-14
1.646707943614433844e-14
-8.139756230152173089e-15
2.857653350063493747e-14
4.121269298051899455e-15
-1.449578304613119428e-15
-3.535062867432436917e-14
-2.590375830502367194e-15
-4.032798400777082293e-15
-2.815022520641363712e-15
-3.140283172387015043e-15
3.987261909532691107e-15
-5.754945131553057536e-16
8.606613685624431298e-15
-4.854840487955591755e-15
1.377327071838685413e-14
-1.517015679741717804e-15
3.188421748845371440e-15
-2.729934334144701324e-14
-9.727028210670951580e-15
5.134564648456851899e-15
2.695283232712064603e-14
6.081289985471194370e-15
4.341145498631959754e-16
-1.388429302084936978e-14
1.446412434269461755e-14
-4.523291463609524499e-16
3.784082422408907576e-15
-1.920577412384272264e-14
2.245165858782982582e-15
-2.360958650804434455e-15
1.386217529653066549e-14
1.945492378307989156e-15
-1.334869714764153059e-15
-1.595490232986218615e-14
1.257132418996942391e-14
9.155653665771090743e-15
2.649356428685578635e-15
-1.911621902439541998e-14
-4.208439152719734011e-15
3.592612318747967493e-15
1.108791877757475675e-14
-1.253597919914639647e-14
2.115191702345420310e-14
-6.269724323049175041e-15
-4.496403249731883989e-15
-2.690165798457933022e-14
8.521829075736064851e-17
1.237421623501155921e-14
2.349704632254034919e-14
-2.508973931392155521e-14
-9.804223405351919496e-15
-6.872974411820109708e-15
2.998469528225911063e-14
1.236814470284564038e-14
3.322429137364579788e-15
-1.798474563718954755e-14
3.205985824039636611e-15
-1.978452124351548491e-15
8.583411759133241503e-15
-5.715913853343579376e-16
-1.995799359111316562e-15
-3.762181538524700386e-15
-1.001997963767653488e-14
-1.179286703012483173e-14
1.727047324595609723e-14
5.791374324548570485e-15
2.491496592371689189e-15
-2.892651396191325830e-16
1.078130640319585609e-15
-4.817543933222090402e-15
-1.277190159187924223e-15
-3.081085733769306501e-15
5.269656239148545751e-15
-5.598603178280647796e-15
3.738329090730019288e-16
7.085911718496262779e-15
7.085478037627268577e-15
-7.714315297668861149e-15
8.501662915327834469e-15
-6.322416548631970556e-15
9.513006701822313005e-15
-1.062713285426841736e-14
6.056353335504027768e-16
-3.584372382237077659e-16
2.719179048593645120e-15
-6.964481075177886282e-15
5.433587607628354021e-15
-7.064444515481049791e-15
1.790234627208064921e-15
1.585970937911795886e-15
-4.360010616433207531e-15
4.087442190270351716e-16
2.981555974335137194e-16
-6.644641434294662474e-15
3.372952958602404294e-15
-1.127570259384924611e-15
8.940331114315469563e-15
-3.209238430557093125e-17
-3.463375419787695364e-15
-2.585388500508933873e-15
9.178855592262280538e-15
-4.719748897263897902e-15
4.800196698462322331e-15
-6.242619268737037430e-15
-7.652298933402690295e-16
-5.988265439071938090e-15
-6.604742794347195911e-15
-2.780761731990821772e-15
2.376571162088225719e-16
8.849258131826687190e-16
-1.658178802599330481e-15
2.738261006829389999e-15
5.970050842574181615e-15
2.781629093728810176e-15
4.477321291496139111e-15
-1.695041676463837632e-15
6.277530578691070673e-15
-3.622969979577561617e-15
4.360227456867704632e-15
-6.860831347488272058e-16
7.010451247291271670e-16
2.680147770384166961e-16
9.021212596382888194e-15
-2.505591220614000747e-15
1.168986782373870881e-15
-5.306519113013052902e-15
2.517951125380335498e-15
-3.973384121724876650e-15
2.329083106933360625e-15
-3.856723967965436373e-15
2.282462413516483934e-15
-6.089963602851078406e-15
4.265901867861465746e-15
-7.167877402736166914e-15
3.835907286253714688e-15
-2.653259556506526451e-15
1.764864296371904118e-15
-5.854691731421723944e-18
7.253529374362521764e-15
-4.552564922266633118e-15
4.026726868611163468e-16
8.693133018988774552e-16
-7.053819334190691848e-16
2.305013818704182427e-15
4.510281037539698445e-16
-2.636779683484746784e-15
-2.431214951581495143e-15
9.276433787785975937e-16
5.890470403113745590e-15
-5.231058641808061793e-15
-3.529294911874814034e-15
-7.936359902593892457e-16
5.341864103836080346e-15
-1.245748296185844595e-15
-1.254205073131231529e-15
-5.105291189799743279e-15
-3.492865718879301085e-15
6.179952383167375274e-15
1.906439416055061287e-14
-5.838211858399944276e-15
3.134862161524587520e-15
4.805400868890252752e-15
-2.048708425128609179e-15
-2.091425990724538053e-15
4.312956242147336638e-15
-1.040161880239143244e-14
5.464378949326942347e-17
-1.552577510999242349e-15
1.340507566061077682e-15
4.298211092601533778e-15
4.838577455368309188e-15
-1.795221957201498242e-15
-1.253337711393243126e-16
-2.300438485536293598e-14
6.128561200191562364e-15
6.231994087446679487e-16
-1.335737076502141463e-15
3.135512682828078823e-16
-2.590375830502367194e-15
-4.285200666531707725e-15
1.011495574798626507e-14
-2.037866403403754134e-15
-2.082318692475659816e-15
-7.630398049518483106e-15
3.997887090823049050e-15
1.247266179227324301e-15
5.409952000268170025e-15
-7.220569628318962430e-15
-9.029235692459280926e-16
1.234038912723001147e-15
3.726836547701672941e-15
1.577731001400906052e-15
-2.514264837993884782e-15
-3.083687818983271711e-15
2.904794460523163480e-15
4.848118434486181627e-15
6.765855237178541870e-15
6.980960948199665950e-15
-1.181997208443696934e-15
-3.482891058892434444e-15
-6.100588784141436349e-15
-1.382704714614213515e-14
1.028625969123897477e-14
-5.063224145507305707e-15
2.247117422693456490e-15
-2.566740223142183197e-15
-2.769702869831469627e-15
8.605312643017448693e-15
2.305881180442170830e-15
-1.969539982493717645e-14
1.701113208629756457e-15
-8.290243491693161104e-15
-1.411631228576126773e-16
-3.053113317719180486e-16
3.070026871609954355e-15
-1.397102919464821014e-14
1.137284710850394731e-14
-8.249043809138711936e-15
6.679335903814198616e-15
-3.171074514085603369e-15
-2.810252031082427493e-16
-5.600337901756624603e-15
-7.923349476524066404e-15
2.700530771226894444e-15
1.580224666397622713e-14
-2.338624086051233064e-15
8.450271732352021559e-16
-1.263160583075961796e-14
8.131516293641283255e-16
-3.595214403961932703e-15
6.485914236242784625e-15
8.085762961962394968e-15
1.613292832658430598e-15
1.885861258821286413e-15
-2.824129818890241950e-15
8.128914208427318044e-15
6.199251181837617253e-15
-2.885061980983927299e-15
-4.146422788453563157e-15
-1.402523930327248536e-15
-5.323866347772820973e-15
1.752721232040066468e-15
6.255846535241360584e-15
4.701967981635135629e-15
-7.209944447028604486e-15
8.339032589455008804e-15
-1.063710751425528400e-14
6.205973235307027380e-15
2.637213364353740985e-15
3.744400622895938113e-15
-3.771722517642572825e-15
-3.599334372217377620e-15
1.157884552127619315e-14
-9.307658810353558465e-15
-4.744902387665561605e-15
-2.877906246645522970e-15
-2.200171468624834148e-14
2.082231956301860976e-14
2.513614316690393480e-15
4.251373558750159987e-15
-8.671882656408058665e-15
3.002806336915853080e-15
-1.988014787512870640e-14
1.389079823388428281e-14
-6.601490187829739398e-15
1.683115452566497083e-15
5.840380262744915285e-15
-3.677613769070831040e-15
1.188350633174461990e-14
9.707729412000709601e-15
1.070107544243192876e-14
1.329123443249979886e-14
3.469446951953614189e-18
-6.596286017401808977e-15
9.781238319295226802e-15
-2.716360122945182809e-15
-3.757411048965764166e-15
5.214145087917287924e-15
-9.067616449365267783e-15
-2.932550036138792393e-15
-1.241541591756600837e-14
-2.785879166244953353e-14
2.019022969645956067e-14
4.081804338973427093e-15
3.591918429357576770e-14
9.841086279216426647e-15
1.794614803984906359e-14
-4.856640263561917692e-14
-6.131813806709018877e-15
-4.157655122960512983e-14
3.212144092379354277e-14
1.294342237556644903e-14
3.280925878201834678e-14
-9.626197408629799668e-15
-1.197284459075742546e-14
-2.085462878775867779e-14
2.811032656646617056e-14
-2.384724362425316713e-14
-8.547849927875716958e-16
-3.623316924272756978e-14
-1.656444079123353674e-14
-6.300081983878769165e-15
3.563772540959853075e-14
8.705709764189606403e-15
3.875892662374980091e-14
-3.478250673594196485e-14
-6.937592861300245772e-15
-1.873154409359756301e-14
-3.044439700339296451e-16
1.153070694481783676e-14
2.213897468128500634e-14
7.855695260960970927e-15
-2.289184466985894062e-15
-7.029966886396010750e-16
-7.242253671768672518e-15
3.160232492360748324e-15
4.245735707453235364e-16
-3.816391647148975608e-16
1.784163095042146097e-15
3.845881946240581328e-15
2.994566400404963247e-16
-5.270089920017539953e-15
-5.316493772999919543e-15
6.320681825155993749e-15
-2.341876692568689577e-15
4.841179540582274399e-15
-7.415942859800850329e-17
2.939488930042699621e-15
1.549453441401846959e-02
1.549427953370961265e-02
1.549431943437036205e-02
1.549452251835971121e-02
1.549454527107117785e-02
1.549450760748846689e-02
1.549448778081843892e-02
1.549446431818007376e-02
1.549441424669971770e-02
1.549438379445618359e-02
1.549445146939569876e-02
1.549448340296293719e-02
1.549446253307683666e-02
1.549444390064104275e-02
1.549445471464569457e-02
1.549457908408807469e-02
