-2.130672893666610019e-03
-2.130672902087214077e-03
-2.130674571229897521e-03
-2.130677987467563539e-03
-2.130678219891560254e-03
-2.130674115705996803e-03
-2.130672209283485628e-03
-2.130672580079142828e-03
-2.130672491933166632e-03
-2.130673267858504936e-03
-2.130674842969756434e-03
-2.130677696235392347e-03
-2.130677827341299294e-03
-2.130673689651138743e-03
-2.130671990212350264e-03
-2.130672825198713302e-03
2.110571916888459576e-13
2.141847354857062680e-13
2.159435824600208775e-13
2.151820659591213714e-13
2.121608010802189526e-13
2.106932250195425738e-13
2.098850065100632545e-13
2.118112814048639381e-13
2.137292350479907954e-13
2.125980869214366686e-13
2.126466320737097071e-13
2.136486788265751224e-13
2.144338851449434369e-13
2.143417821703907933e-13
2.099983598471966140e-13
2.088565594342978171e-13
-4.397906734968093367e-13
-4.418400324432414372e-13
-4.417884786299397515e-13
-4.392202205237560886e-13
-4.397889387733333599e-13
-4.393139498015674604e-13
-4.397021483894258953e-13
-4.413887332889443460e-13
-4.399084720628498868e-13
-4.400582003828701350e-13
-4.402057060884367878e-13
-4.408529747854106340e-13
-4.418669748672277020e-13
-4.386667353147022386e-13
-4.380960112911058690e-13
-4.405753648191457206e-13
-8.360066111601227590e-15
-7.294214060885040318e-15
-7.054415645385558875e-15
-6.602601495056537040e-15
-6.348925291749241140e-15
-7.262961933263145653e-15
-6.711916179097388024e-15
-7.213386788926245963e-15
-7.395559858958122845e-15
-7.377372367514678508e-15
-7.484112071395876420e-15
-7.655144964105464744e-15
-6.441299316845006118e-15
-6.021198080061185287e-15
-6.177973714202589228e-15
-7.994174983441681981e-15
5.511888688525257152e-14
5.573235557949918206e-14
5.464498211565915753e-14
5.479874908877191420e-14
5.575328068142815230e-14
5.548775956938645226e-14
5.504966057653937206e-14
5.566413215779553170e-14
5.565526880503546270e-14
5.571256888985132161e-14
5.588612255261193873e-14
5.503296386308309529e-14
5.452531330087106998e-14
5.467737265556216197e-14
5.582150410313180267e-14
5.626971328123731020e-14
-8.909322932182384136e-15
-8.329328980011263539e-15
-8.995679635220854564e-15
-8.811121320409509572e-15
-8.958410185541665349e-15
-8.933175379977065234e-15
-9.130066494500432839e-15
-8.855410979155542428e-15
-9.158553906582489468e-15
-8.100779162051319204e-15
-9.305165145356841805e-15
-9.529107104083722746e-15
-8.413110702890080894e-15
-8.800197983521718115e-15
-8.025806581823946573e-15
-8.812964464102734929e-15
-4.122678760876130610e-17
1.182241153932506172e-15
-7.163865854697970548e-17
6.593575511970595215e-16
4.787836793695987581e-16
1.109247242669919586e-15
6.129536982146799318e-16
8.450542782895142935e-16
-4.724682017148706947e-16
1.767086910825499402e-15
3.729655473350135253e-16
2.465204689688915707e-16
9.072061678272458352e-16
-2.012821333219338982e-16
1.246263292217775209e-15
4.878367675098527201e-16
-5.598548968172023521e-16
-5.497718166130871609e-16
2.325613659981407011e-16
6.137668498440440601e-16
6.353966831851298736e-16
-1.739060284666749112e-16
-1.268787592351161564e-16
3.341511095600324666e-16
-1.425888487144311156e-15
8.125553181692612981e-16
-7.155734338404329264e-18
-6.108123989240210605e-16
1.191267137018447997e-15
-1.271118627022005398e-15
-3.815307444976490103e-16
9.362085759412330788e-17
1.498882398406897742e-15
-4.389121444764443325e-16
-2.137775633598293368e-16
-1.131093916445502501e-15
-8.790440163969348575e-16
1.701926360259120585e-16
9.521463478767699939e-16
4.030250525671741357e-16
-3.690895245683778469e-16
1.360592411306371652e-15
1.065255739521320244e-15
-3.444781352529568963e-16
1.629339024811216063e-15
-5.295514460962325032e-16
4.243838353651385731e-16
2.497459704320359464e-16
-5.046961112920023140e-17
-4.387495141505715068e-16
4.302385270965602970e-16
1.053139780243794732e-15
-1.240435705540665623e-15
1.900877458910210649e-16
1.187065853600066667e-15
-6.159623592433272066e-16
-8.959846753420208643e-16
-1.623050652210800138e-16
-3.036037133502533791e-16
-1.097483649098451863e-15
-2.777454915364740984e-16
1.329015023032731335e-15
6.465639655617305692e-16
-1.228888952403695001e-15
5.510728592200697662e-16
-6.861373448574514811e-16
8.065379961119667485e-16
1.414206208735779846e-15
1.369618394392313476e-16
-8.734332701543223720e-16
-9.758361653455782658e-16
-9.063388060892574316e-16
1.460366116229350197e-15
-1.734181374890564342e-15
-6.640738306473714658e-18
-5.486605093862895188e-16
-1.570765002442686686e-15
-2.443249595696084242e-16
1.064008907022961914e-15
9.531492348863190855e-16
8.803992691125417380e-16
-1.839620036164779648e-15
-7.086074348822135605e-16
-2.059984127722458425e-16
-3.693605751114992231e-16
1.405613906518832223e-15
-6.597370219574294481e-17
-1.349181183440961718e-15
1.729248255005755297e-15
3.299498261416511369e-16
3.441257695468991074e-16
5.604783130663815172e-16
-2.720534301309252001e-16
-9.520379276595214435e-16
-2.062857263479545011e-15
8.666027964676636941e-16
1.626465889054129477e-15
-1.811430779680156533e-16
-2.931140573314561237e-16
3.471886406841706574e-16
5.259464738727182009e-16
1.133343635953409922e-15
8.490387212733985223e-16
-1.189180047836413401e-15
-1.515443586591613823e-16
7.366611660952759877e-16
-8.901299836105991403e-16
6.705519386279723548e-16
6.849989325763417014e-16
1.468280792088494380e-15
-3.401413265630148786e-16
-3.245830253878478899e-16
-2.641116492174688801e-16
2.426173411479437547e-16
-9.424156333787125917e-16
-4.207788631416242708e-16
-9.312212459477997584e-16
-2.418583996272039016e-16
3.198125358289116704e-16
-4.980282679312164618e-16
-1.149796403920877452e-16
7.765598060427425509e-16
6.176157675563676008e-16
-9.577299890650703418e-16
4.765068548073791987e-17
2.116633691234826031e-16
-1.843685794311600290e-16
-9.424427384330247293e-16
-1.098866006868370881e-15
9.261526007914300251e-16
1.606191308428650544e-15
8.640820264166348963e-16
-1.960291737962416292e-15
1.778118667930539409e-15
8.812666308505301416e-16
-1.944760541841561441e-15
-8.763064059114089588e-16
1.453047751565073042e-15
-1.383984073177746410e-16
-1.867890607812339177e-15
7.385043097885013452e-16
-8.902384038278476908e-16
-7.752045533271356703e-18
-1.470855772248147453e-15
-1.160096324559489744e-16
-3.427434117769800892e-15
7.054903536363177352e-16
1.963706974805745631e-15
-2.640791231522943150e-15
-1.442070204568657310e-15
1.816960210759832606e-15
-9.601694439531627268e-16
-3.369510616704762818e-15
9.308417751874298318e-16
2.966810824789334333e-15
-2.698362366881923435e-15
1.667611361499954370e-15
1.429141093661767670e-15
7.451179430406629223e-17
2.716333017890870671e-15
3.385068917879929806e-15
-2.181983977181389811e-15
-7.780505840299101195e-16
1.532601085971196930e-15
1.208885422321337444e-16
1.540868127536398902e-15
4.424086964827100843e-16
2.515701405872428076e-15
6.477565879514646241e-16
-2.069850367492076515e-15
3.633242795161861771e-15
-2.493963152314093712e-15
-4.177973071672891336e-16
2.116986056940883820e-15
-2.951008578125358106e-15
-2.932766876573289494e-17
-2.646483292928492048e-15
3.129793516368217787e-15
-1.176630407689893687e-16
1.848944174848154987e-15
-1.091737377584278690e-15
9.667559721510121662e-16
-1.755729893068713743e-15
1.432420805233536321e-15
-8.847631828567958934e-16
-2.926207453429752192e-15
-3.840786196029899457e-16
-1.171751497913708917e-16
-3.755323959783729570e-15
3.783811371865786199e-15
5.028529675987769565e-16
-8.305530742325206717e-16
-2.824970075573918216e-15
9.469692825031517103e-16
-2.817678815963953198e-15
6.008106338828422821e-16
2.663342636710641642e-16
9.296762578520079146e-16
-2.749428289205990694e-15
1.007305133401970032e-15
3.089325670280196334e-15
9.594376074867350113e-16
-2.885522766907233638e-15
1.720628847734495537e-15
-2.856655884064807083e-15
4.586446240156805132e-16
-7.054632485820055976e-16
3.212111566314179711e-15
-1.577161795260351163e-15
1.863770639556894260e-15
2.322090002920829122e-16
-2.237630653684208326e-15
-1.968829830070739639e-15
2.086194715242295494e-15
2.348951111744157494e-15
-2.656241112480861588e-15
-7.280417588240162274e-16
2.668384176812699238e-15
9.495171576084926457e-16
8.174613329997582056e-16
1.807907122619578644e-16
-6.495184164817535688e-16
-7.415942859800850329e-16
1.435917357239802072e-15
-7.897328624384414297e-16
1.620231726562337826e-15
2.661987383995034762e-16
3.151504664872240014e-15
6.483528991463316515e-16
-3.420549433974517939e-15
1.179774593990101650e-15
9.273452231811640800e-16
-6.049577071925993366e-16
2.343123525067047908e-15
-1.419410379163710267e-15
1.571171578257368751e-15
9.973846835237276665e-16
1.475544946644147259e-15
1.376394657970347879e-16
-1.074444352933134894e-15
-1.216718783017545213e-15
1.419003803349028203e-15
-2.900430546778909324e-15
5.556536133988210224e-17
3.398485919764437924e-15
-1.819264140376364303e-15
1.528833483421809802e-15
-2.687086664288074189e-15
-3.092578276797652848e-15
2.117663683298687261e-15
-2.856872724499304184e-17
-1.843252113442606088e-15
-1.822760692382630054e-15
-3.021942505260222234e-16
1.415263305853953213e-15
2.473525941362741953e-15
-2.597965245709765725e-15
2.906583394107764562e-15
-1.346145417358002305e-15
-4.640385298237958978e-16
-2.711047532300003837e-16
-2.484557698467781961e-15
2.265006758539467313e-15
-1.022809224468512745e-15
-1.518370932457324685e-15
-2.484720328793654787e-15
3.781155076543196714e-16
-5.625654022484161132e-16
1.141258311812554105e-15
1.257213734159878804e-15
-1.984604971680403729e-15
-1.089677393456556231e-15
-3.572419053285424972e-15
4.345211256778780395e-16
-1.018445310724258590e-15
-2.220717099793434457e-16
3.948176421214588672e-15
-2.394704443423045781e-15
1.319446938860546759e-15
5.933025338383801639e-16
3.613916891437307655e-15
6.006751086112815941e-16
-4.236791039530229952e-16
-1.483649357883476405e-15
-3.046499684467018909e-15
-8.368143417786244598e-16
8.579833891964039339e-16
2.922466955934677202e-16
3.607249048076521802e-15
-2.828412417471559692e-16
1.196146046794632767e-15
-3.835310975058847660e-15
2.326806282371141066e-15
1.668532933346567049e-15
-2.433058095274720500e-15
-1.126377636995190556e-15
-2.543809347194114778e-16
-9.221139476989215211e-17
9.855939848979478057e-16
1.856343854675368554e-15
3.276458965251194400e-16
6.770300466085732438e-16
2.123952055899103186e-16
2.451543742315598351e-15
4.958056534776211777e-16
6.049848122469114742e-16
3.307223201895470588e-15
-3.076504979590555244e-15
-3.147601537051292198e-15
3.151369139600679325e-15
2.556955298535501520e-15
-3.534932763171738657e-15
2.177782693763008481e-15
-1.380351995899919970e-15
9.719872476332547251e-17
1.479393864356470800e-16
-1.808882904574815598e-15
1.198856552225846528e-15
2.351227936306377053e-15
-3.116837300407016009e-15
2.425522890175946245e-15
-7.530055138454949670e-16
5.513168047088790047e-16
4.644993157471022371e-16
3.320911254323100081e-16
-2.495996031387504033e-15
3.127787742349119604e-15
-2.348381905603602604e-16
-1.306843088605402770e-15
1.676854185020393295e-15
3.338529539625989528e-16
1.463672932855430986e-17
2.397821524668941606e-15
-2.794531099581387679e-15
-9.841845220737166500e-17
-6.824510574710007660e-16
-2.564138137928217986e-15
7.244096815461897876e-16
2.487430834224868548e-16
-2.166235940626037859e-15
1.765433502512459008e-15
3.217912047936977160e-16
1.675878403065156341e-15
4.923362065256675635e-16
-1.215336425247626195e-15
-1.565886092666501916e-15
-1.706696849818056805e-15
-3.536803011919276152e-15
-8.755474643906691057e-16
-7.083634893934043220e-16
-6.843213062185382611e-16
-3.454918642842308429e-15
-2.498652326710093519e-15
8.856847547034085721e-16
4.788351789727918195e-15
-3.801294131897114958e-15
1.184951659363719934e-15
-6.868962863781913342e-15
-4.861562541425001882e-16
3.994905534848713913e-15
2.390503160004664451e-15
3.078863119315711216e-15
4.333013982338318471e-16
-1.234038912723001147e-15
3.744346412787313838e-15
1.545990982801392910e-15
3.748737431585880131e-15
3.235232177642433093e-15
-1.806307924415162525e-15
-1.883530224150442578e-16
-2.698660522479356949e-15
-2.928863748752341678e-15
6.701019947263908705e-15
-5.637363405947004580e-15
-6.629950494857483889e-15
-3.599551212651874721e-17
-2.073834810475960744e-15
1.533278712329000371e-15
5.345685916494091749e-15
-6.315423444619439053e-15
-3.538293789906443720e-15
-3.353925210475283691e-15
-2.913793338554793166e-15
1.735319787171674122e-15
-6.179952383167375274e-18
1.425048230460634890e-15
1.730115616743743701e-15
-1.518940138597879574e-15
6.770544411574541677e-15
6.192014132336276511e-15
-4.203939713703919168e-15
3.271715580746570318e-15
1.843929739800409529e-15
1.993739374983594104e-15
2.266470431472322744e-15
1.932509057292475241e-15
2.230989915377734611e-15
1.152886380112461140e-15
3.132856387505489337e-15
-7.347096021848020797e-16
5.015519249917943512e-15
-1.095586295296602231e-15
2.841233108161200782e-15
-6.486375022166090965e-15
-5.168689911835833151e-15
6.230286469025014817e-15
-2.602003898802274229e-15
-3.186253344500400431e-15
-7.072386296394506111e-15
-2.282760569113917448e-15
3.778661411546480053e-15
-3.901664148014960531e-15
-1.310583586100477760e-15
-3.095397202446115159e-16
1.180967216379835705e-16
1.824007524880988385e-15
5.403094421527199209e-15
-4.260020071075731884e-15
-1.215526160627811159e-15
3.108244998190068387e-15
-4.956159180974362144e-15
9.661596609561451388e-16
-2.168783815731378795e-15
4.347433871232375679e-15
3.713311125599916274e-15
-3.595295719124869116e-15
1.868270078572709103e-15
4.079419094193958983e-15
-6.319624728037820383e-15
1.197934980379233849e-15
4.678332374274951633e-16
-6.156723351621873341e-15
5.250736911238673699e-15
7.463647755390212524e-16
-1.313023040988570145e-15
9.999596636833807395e-16
4.813776330672703274e-15
2.531069971667410101e-15
1.577405740749160401e-15
1.525065880872422674e-15
-2.311004035707164839e-15
2.030114357870482777e-15
-7.218157278485182182e-15
8.609405506218581472e-15
-1.038394630697991872e-15
-2.190088388420718957e-15
2.877418355667904493e-15
-5.325682386411734193e-15
9.928689814753255405e-15
1.161725338323649215e-14
1.699161644719282549e-14
2.764281858969042105e-15
8.869288766963356885e-15
6.695354990912671944e-15
4.632606147650375483e-15
1.446691616328876773e-14
1.215710474997133694e-14
1.124431494095579076e-14
7.588032849628612020e-15
1.040975031868507372e-14
1.320073065615157137e-14
7.229785346785089217e-15
1.119419769553264832e-14
3.949965354799189754e-15
-7.925916325167425835e-14
-7.986165439892445317e-14
-7.065561243718709861e-14
-7.445958996946111519e-14
-6.804772674159909052e-14
-7.124297896413112063e-14
-8.057177971684814644e-14
-7.605596924822877192e-14
-7.050745621031695443e-14
-7.396793138929325107e-14
-7.348009462178339835e-14
-7.728637608367394662e-14
-6.895745367947736515e-14
-6.952942453557209301e-14
-6.946323399294185297e-14
-7.363695157108773870e-14
5.769825806370421084e-15
-1.478851763270228048e-16
1.884451795997055257e-15
-5.715209121931463798e-15
-2.177999534197505582e-15
6.184695767671999356e-15
1.551547518935381120e-15
-1.338664422367852325e-15
-1.452722490913327391e-15
-1.103582286318682826e-15
8.507436291896319780e-15
-4.052964561185312675e-15
-5.767711612134074350e-15
1.629691390517273852e-15
-4.603956105242446029e-15
5.801077933992315749e-15
7.589052541771834637e-13
7.636073576840901600e-13
7.614657060277252310e-13
7.654346991306515413e-13
7.657529395733303490e-13
7.614236660884871055e-13
7.624726045853125189e-13
7.617957642740841306e-13
7.681488366391431288e-13
7.540658906752401025e-13
7.612289162732543968e-13
7.626217908042465243e-13
7.633515943916008295e-13
7.681828805873591737e-13
7.662729500403087091e-13
7.544290170878598101e-13
-3.274436115047879570e-13
-3.207174380671223846e-13
-3.297607141777153528e-13
-3.291302777194693441e-13
-3.291222004132843271e-13
-3.254819374090556217e-13
-3.254227941805465374e-13
-3.286499219469496413e-13
-3.227513742376508787e-13
-3.251881186203120500e-13
-3.243371554401824897e-13
-3.270260039330008528e-13
-3.324510805535751956e-13
-3.283594912899950868e-13
-3.224948791086951205e-13
-3.246230595530669172e-13
2.130673095156113486e-03
2.130672966516662832e-03
2.130672122187774777e-03
2.130672998847389470e-03
2.130674567722930669e-03
2.130678432182949583e-03
2.130679613178229452e-03
2.130673188407824960e-03
2.130671073753903806e-03
2.130674734650638436e-03
2.130673427108925079e-03
2.130670673247934271e-03
2.130672581900904753e-03
2.130677659148086031e-03
2.130678614248405611e-03
2.130674359592781703e-03
