-1.566635593797904846e-02
-1.566636327875437287e-02
-1.566646965403631700e-02
-1.566649666951510159e-02
-1.566645659815231115e-02
-1.566651606086542914e-02
-1.566644291716587714e-02
-1.566617373781398204e-02
-1.566623479953978271e-02
-1.566657181195309223e-02
-1.566659791984651925e-02
-1.566642746242271483e-02
-1.566639502080528074e-02
-1.566640300889176121e-02
-1.566639945184340743e-02
-1.566639878759115700e-02
5.707240235963695341e-16
9.319801874685396115e-16
2.837573925829062205e-15
1.165430599248118426e-14
1.298874202637634312e-14
1.269600743980525692e-14
1.149861456051226583e-14
3.246751825725091578e-15
9.150666335777657423e-16
6.980093586461677546e-16
2.516433242338855791e-15
8.980880275566427429e-15
1.111350594884541465e-14
1.143529715363911237e-14
8.900866155236997201e-15
2.341876692568689577e-15
-7.441530031071508233e-15
6.651016543068877240e-14
4.050102267449950944e-14
1.051559013476310867e-13
1.019362545762181327e-13
3.630689499045658408e-14
6.867032983914889144e-14
-7.438494264988548821e-15
-5.620937743033849188e-15
5.484111428866178528e-14
3.463548892135293045e-14
9.455283778159184749e-14
1.000462733491414014e-13
3.445290927550637150e-14
5.097658406505445328e-14
-4.949599757830824842e-15
-5.505394317512068980e-14
-5.527230149265927039e-14
-1.089081082261689204e-13
-1.047033553608356371e-13
-5.002595560021916299e-14
-5.803831807510428931e-14
6.669469664044580526e-15
5.453103246733093101e-15
-4.173809735330546999e-14
-4.773254274476057546e-14
-9.442034827611411885e-14
-1.012763007138262061e-13
-4.790970137974470688e-14
-3.778444571111982953e-14
5.598711598497896347e-15
7.400330348517059065e-15
4.765068548073791987e-15
4.168757353206764549e-15
6.479083762556125947e-15
6.919378264802489298e-15
-9.177012448569055181e-15
-8.528334288770977878e-15
-5.656282733856876632e-15
-8.818033109259104663e-15
3.927197109176994161e-15
2.999120049529402365e-15
1.556480638820190165e-15
1.601691869412835700e-15
-8.536899485933613363e-15
-5.630261881717224526e-15
-8.915177623913805860e-15
-8.348573568572881243e-15
-1.457384560255015060e-15
-2.052828393384054095e-15
1.024571052998801690e-14
2.045672659045649766e-15
5.486279833211149537e-15
1.031574999033058049e-14
-3.647906629544728219e-15
9.815932788814762944e-15
2.870967352741615741e-16
-1.166818378028899872e-15
6.750893247198241909e-15
-4.593764604821082287e-15
1.218925134438553215e-14
1.014596393011935049e-14
2.125036258071588691e-16
6.691912649015030468e-15
-3.261280134836397337e-15
-2.051180406081876129e-14
-1.383875652960497860e-15
-6.476590097559409287e-15
-1.562357014595061599e-14
2.281595051778495531e-15
-1.268646646068738448e-14
-4.109343074154558906e-15
-1.321208767390835703e-15
-8.013555097274860373e-15
3.966011546951975220e-15
-1.922528976294746172e-14
-1.208711949973739763e-14
9.606031248221569285e-16
-1.406188533670249541e-14
-2.385461619902606856e-15
2.640682811305694599e-15
8.741705276316125151e-15
9.222657360030694917e-15
5.908251318742507863e-15
5.977857098216077247e-15
-6.307888239520664797e-16
-1.318823522611367594e-15
7.548215524844081870e-16
-7.381248390281314187e-16
3.982274579539257786e-15
9.055907065902424335e-15
1.061824239645403622e-14
4.913387405269808994e-15
2.536165721878091972e-15
9.499779435317989851e-16
-4.315124646492307647e-16
-7.490319128833355933e-15
-6.138969541047423206e-15
-4.564491146163973667e-16
-3.356256245146127526e-15
3.432584078089107038e-16
2.442707494609841490e-15
-9.597357630841685250e-16
7.476658181460038577e-16
1.478851763270228048e-15
-6.395491775057493555e-15
-9.844989407037374463e-15
-2.448345345906766113e-15
1.629772705680210265e-15
1.822110171079138752e-15
2.694242398626478519e-15
3.608224830031758756e-16
3.903127820947815962e-16
-3.011263113861240015e-15
5.700735022928782314e-16
3.782130858498433668e-15
3.981190377366772282e-15
-9.174518783572338521e-16
-1.804979776753867782e-15
1.197392879292991097e-15
1.147953260227652095e-15
3.971432557814402742e-15
1.360023205165816762e-15
-2.657813205630965570e-15
-2.530311030146670248e-15
5.704204469880735928e-15
4.835541689285349776e-15
-1.945709218742486257e-15
5.454837970209069908e-15
-3.558568370531922653e-15
4.678766055143945835e-15
3.828751551915310358e-15
4.109559914589056007e-15
7.379513666805337380e-15
-5.017687654262914521e-15
2.860775852320252000e-15
7.572501653507757169e-15
-3.650291874324196328e-15
8.797216427547382978e-15
6.570265165262156870e-17
-3.150257832373881683e-15
8.496025064030909846e-15
-5.410168840702667126e-16
6.815945377547372175e-15
6.489600523629235340e-15
-1.095109246340708609e-14
-7.241169469596187014e-15
4.824049146257003429e-15
-2.975050761300224167e-16
1.291935308733727084e-15
-7.599606707819894780e-15
-1.128220780688415914e-14
-2.424059217243090814e-15
-8.415577262832485417e-16
9.754783786286580494e-15
-2.939488930042699621e-15
-1.419437484218022405e-14
2.519469008421815204e-15
-6.847604080983948904e-15
-6.613633252161577047e-15
2.790736391977688413e-16
-3.361894096443052149e-15
-8.384352240264902889e-15
-1.250952466613775016e-15
-3.203600579260168502e-15
-1.830566948024525686e-15
-2.515349040166370287e-16
-5.937524777399616482e-15
-1.130389185033386923e-15
-9.458146071894546481e-15
-5.608577838267514437e-15
1.065337054684256657e-15
-7.051867770280217940e-15
-1.798257723284457654e-15
-1.093309470734382671e-15
-5.418191936779059859e-15
-3.020587252544615353e-16
2.122867853726617682e-15
1.863158065329439950e-14
1.119677267569230139e-14
1.550647631132218152e-14
2.051158722038426419e-14
6.844568314900989492e-15
1.012623145058011431e-14
1.553444872737230753e-15
5.663872149064275163e-16
1.118246120701549273e-14
3.440173493296505569e-15
2.508301726045214508e-14
1.505176192018176096e-14
1.041527974976474979e-14
1.505913449495466239e-14
-3.794490763264768418e-15
-1.521330804388210112e-14
6.960577947356938466e-16
-1.754347535298794725e-14
-2.253058850598677054e-14
1.410330185969144168e-15
-9.640725717741105427e-15
-2.997168485618928457e-15
2.926044823103879366e-15
-1.092377056866045137e-14
-3.054631200760660192e-15
-1.916782704780572999e-14
-6.585010314807959730e-15
-9.815282267511271641e-15
-1.491862189340054101e-14
1.497066359767984522e-15
9.158472591419553055e-15
-2.343828256479163485e-15
5.598820018715144897e-15
3.127055905882691889e-15
2.812854116296392704e-15
7.403799795469012679e-15
1.645602057398498630e-15
-2.188353664944742150e-15
2.069525106840330864e-15
1.799992446760434461e-15
3.787335028926364089e-15
1.908412664008984905e-15
4.245302026584241162e-15
7.171563690122617629e-15
1.675309196924601451e-15
-8.829742492721948111e-16
-5.030698080332740574e-15
5.124373148035488157e-15
3.817042168452466910e-15
-4.924879948298155341e-15
5.474353609313808988e-15
1.764430615502909916e-15
-3.573096679643228413e-15
7.508533725331112407e-15
4.781331580661074554e-16
1.042351968627563963e-15
1.127808783862871422e-14
-9.687996932461473421e-15
7.721687872441762579e-16
-3.271471635257761079e-15
3.348666829938728995e-15
1.651239908695423253e-15
5.964412991277256992e-15
2.175126398440418996e-15
-7.984064798183254652e-15
-1.248762378225354297e-14
1.584453054870316180e-15
3.956470567834102781e-15
-5.447248555001671377e-15
8.602060036499992179e-16
-7.203872914862685661e-15
-1.242842634363583443e-14
1.028582601036998057e-14
2.604253618310181650e-15
5.971785566050158423e-16
1.880657088393355991e-15
-5.349019838174484676e-15
-9.870576578308032367e-16
3.113828639378368734e-15
2.680364610818664062e-15
3.766626767431890954e-14
4.300813177815498989e-15
2.945560462208618446e-15
3.054566148630311062e-14
-7.304053195600346271e-15
1.190388933258734738e-14
1.802811372408896773e-14
-1.167078586550296393e-14
2.802597563744679832e-14
7.274996577377734752e-16
8.782037597132585915e-16
3.362219357094797800e-14
-6.304201952134214082e-15
7.244855756982637729e-15
-4.944612427837391522e-15
-2.871747978305805304e-14
-7.536289300946741321e-15
-6.392022328105539941e-15
-2.504810595049811184e-14
-1.452180389827084639e-15
-1.451746708958090437e-14
-2.113456978869443503e-14
-6.946700159549124010e-15
-2.452378577988412189e-14
-1.069023342070707372e-15
-4.335507647335035131e-15
-2.720610195461325986e-14
-6.925016116099413921e-15
-2.093095662070165730e-14
-1.163088722555549737e-14
2.439584992353083237e-14
1.607134564318712933e-14
1.672034906363695228e-14
1.934758776800382662e-14
-1.878922364917379184e-15
1.938206539708886567e-14
2.033724751104859507e-14
5.059321017686357891e-15
2.254034632553914008e-14
9.430390496278917567e-15
1.222741526085702191e-14
2.584195878119199818e-14
2.774907040259400048e-15
1.808991324792064148e-14
1.493770385163628589e-14
1.314269873486928475e-15
-8.310843332970385688e-15
3.375988724685363707e-15
-1.585689045346949655e-14
3.793406561092282914e-15
-2.419505568118651695e-14
-2.650505682988413270e-14
2.661282652582919184e-15
-2.055235322206971915e-14
1.810617628050792405e-16
-5.211543002703322713e-15
-3.214399232898124126e-14
1.189629991737994885e-14
-2.226083900547237704e-14
-1.967371578148746636e-14
6.952554851280545734e-15
-2.655406276808047750e-14
-9.653952984245428581e-15
-4.329436115169116306e-15
1.767249541151372227e-15
3.058317488147110907e-15
-1.402957611196242738e-15
4.328135072562133701e-16
2.947512026119092354e-15
-2.059984127722458425e-16
7.758767586740766831e-15
1.636212866584774162e-14
-8.194400019645442512e-15
-4.225569547045004981e-15
7.032135290740981759e-16
-4.351553839487820596e-15
7.552335493099526786e-15
8.636537665585031220e-15
-3.948664312192207149e-16
4.560371177908528750e-15
-3.765650985476654000e-15
-4.688090193827321173e-16
6.663940232964904453e-15
-9.019261032472414286e-15
-2.726768463801043652e-15
-1.201296007113938913e-16
-1.113692471577110155e-14
6.185373394029802796e-15
8.669280571194093454e-16
-5.082739784612044787e-16
2.915202801379024322e-15
-2.850150671029894056e-15
4.954803928258755263e-16
2.825647701931721656e-15
1.372599950366648613e-16
-1.614810715699910304e-15
-5.001641462110129055e-15
4.146639628888060258e-15
-6.062858548538940795e-15
-2.828032946711189766e-15
-2.360958650804434455e-15
-5.987398077333949686e-15
-1.701763729933247760e-15
-9.011888457699512855e-16
1.717376241217039023e-16
-1.922724132685793563e-15
-9.454676624942592866e-15
-4.286501709138690330e-15
-1.703064772540230365e-15
-7.705424839854480012e-15
5.187690554908641616e-15
9.496743669235030438e-15
-7.840950111415168067e-15
1.620817195735479999e-14
1.570380110671454332e-14
9.130283334934929940e-15
9.210297455264360167e-15
1.579032044007888658e-15
5.387400595080471533e-15
2.513397476255896379e-15
-1.303644692196570531e-15
2.168534449231707129e-14
9.548568533079837550e-15
1.360456886034810964e-14
2.207110362528741376e-14
-3.225284622709878590e-15
-9.613186982559973615e-15
-2.051744191211568591e-15
-1.287208187261690284e-14
-1.556437270733290745e-14
-1.500340650328890746e-14
-1.325675680341475982e-14
-2.242780614003514472e-15
-7.760935991085737840e-15
-4.312305720843845336e-15
2.476100921522395026e-15
-2.382989638949339906e-14
-2.009547042658432758e-14
-1.716747403956997431e-14
-2.323597043940583973e-14
-1.147736419793154994e-15
-4.900160138765485840e-15
5.187690554908641616e-15
3.922643460052555042e-16
8.030902332034628444e-15
3.763916262000677193e-15
-2.857089564933801284e-15
1.078087272232686189e-14
4.516786250574611472e-15
1.291935308733727084e-15
7.840082749677179663e-15
-3.248269708766571284e-15
3.376639245988855009e-15
6.922630871319945811e-15
-3.736160686385048280e-16
4.406197628981090020e-15
3.624921543488035525e-15
5.273125686100499365e-15
1.258325041386676446e-14
4.591162519607117076e-15
4.072046519421057553e-15
6.871890209647624204e-15
-8.543729959620272041e-15
2.821527733676276739e-15
7.661839912520562734e-15
-2.718311686855656717e-15
9.477444870564788459e-15
-2.272921434398611495e-15
-4.942444023492420513e-15
1.221505535609068716e-14
4.438290013286660951e-15
-2.903710258350677975e-15
-3.695394684699593313e-15
-3.478337409767995325e-15
-5.165789671024434426e-15
2.019001285602506357e-15
-6.610814326513114736e-15
3.453183919366331622e-15
5.718082257688550385e-15
-4.738614015065145679e-15
-4.598101413511024305e-15
-9.281854798648403460e-15
5.406482553316216411e-15
3.597165967872406611e-15
-2.697061324274940830e-15
-3.033163997745447205e-15
-9.299635714277165732e-15
1.141881728061733270e-15
5.786820675424131366e-15
-4.785885229785513673e-15
-5.849487560993793522e-15
5.472402045403335080e-15
-1.232521029681521441e-15
-1.278577937968705669e-14
-4.184586704925052913e-15
2.008159263877651313e-15
2.705301260785830664e-15
8.239936510889833698e-17
-2.245382699217479683e-15
-7.440445828899022729e-15
-1.076395916843608802e-15
3.991815558657130225e-15
-5.142587744533244631e-15
-2.376571162088225719e-16
-1.901473770105077676e-15
5.919743861770854210e-16
-6.071749006353321931e-15
2.473932517177424018e-15
2.679714089515172759e-15
2.346213501258631595e-16
4.188272992311503629e-15
-4.931818842202062569e-15
-1.220811646218677993e-15
4.608076073497890945e-15
9.880551238294899008e-15
-4.375623127716998795e-15
-4.453685684135955114e-15
6.839580984907556171e-15
-4.267202910468448351e-15
6.826136877968735917e-16
1.124079128389521287e-14
6.809006483643464946e-15
-1.092658949430891369e-15
1.120631365481017383e-15
-3.002806336915853080e-15
-3.397239087266079594e-15
3.093228798101144150e-15
-7.593968856522970157e-15
-1.785030456780134500e-15
-9.950157017768468393e-15
-1.539133404060422095e-15
3.031646114703967498e-15
-7.920747391310101193e-15
1.606137098320026269e-15
-7.283670194757618788e-15
-1.425357228079793259e-14
-8.336647344675540694e-15
-2.612493554821071484e-15
1.086890993873268485e-14
1.029948695774329792e-14
1.357421119951851551e-15
7.244205235679146426e-15
3.043789179035805148e-15
5.898059818321144121e-16
2.021603370816471568e-14
-4.089610594615322725e-15
3.490697314534330076e-15
1.258845458429469488e-14
-5.506662834053877020e-15
2.656533847067432674e-14
7.352408612493199769e-15
1.455216155910044051e-15
2.189719759682073885e-14
-8.082293515010441354e-15
-6.068062718966871216e-15
2.471547272397955908e-15
-6.852374570542885124e-15
3.704501982948471550e-15
-4.665321948205125580e-15
-1.643216812619030520e-14
8.313662258618848000e-15
-4.857442573169556965e-15
-6.475072214517929581e-15
8.164476039684842590e-15
-1.064838321684913325e-14
-1.202250105025726157e-14
-2.225867060112740603e-15
-7.225556958312395750e-15
1.322162865302622947e-14
-8.986301286428854951e-15
1.112391428970127549e-16
5.538104697055956649e-15
5.939259500875593289e-15
2.017526770647926071e-14
7.396860901565105451e-15
-1.401222887720265931e-15
-1.444590974619686108e-15
-2.103569055056375703e-15
-1.151422707179605709e-15
-5.472618885837832181e-15
1.513090867877320278e-14
9.511488818780833299e-15
-8.704191881148126697e-15
-4.803449304979778844e-15
-5.970267683008678716e-15
-8.750595734130506287e-15
8.886771526994685644e-15
6.292492568671370634e-15
5.372655445534668672e-15
8.103327037156660140e-15
8.494051816076986228e-14
8.901191415888742853e-14
8.908347150227147182e-14
8.693718488161916724e-14
8.609432611272893610e-15
1.079041370144473433e-14
7.426784881525705373e-15
1.368328193807055726e-14
9.304688096400948183e-14
8.458359880558763422e-14
9.272725816356075512e-14
9.452248012076225336e-14
-1.742963412487696928e-14
-2.370239421400910373e-14
2.742164134650337814e-15
-8.848477506262497627e-14
-7.643018162806214377e-14
-8.487698391346221172e-14
-9.103134912535892909e-14
-3.119032809806299156e-15
-2.073948651704071722e-14
-1.718156866781228587e-14
-2.452898995031205231e-15
-9.176557083656611269e-14
-7.719649572357489831e-14
-8.365834067158850473e-14
-1.001226011820843809e-13
2.455501080245170442e-15
7.369539006818470739e-15
-9.130717015803924141e-15
-1.305162575238050238e-14
-1.675005620316305510e-14
-7.138387103644561194e-15
-1.017675527181793882e-14
-3.109058149819432515e-15
2.719612729462639322e-15
1.388646142519434079e-15
-1.814954436740734423e-15
-1.476639990838357619e-14
-6.438426181087919531e-15
-1.019800563439865471e-14
-6.706440958126336227e-15
-9.476360668392302955e-15
6.542509589646527957e-15
1.566658012009415971e-02
1.566612397258664718e-02
1.566616158843447959e-02
1.566655579038305282e-02
1.566659038448993055e-02
1.566648154678050228e-02
1.566644295208949669e-02
1.566634652812493728e-02
1.566629140494590205e-02
1.566644982177106682e-02
1.566653998127866959e-02
1.566635582262607129e-02
1.566632866144850034e-02
1.566642267851487899e-02
1.566641699624136616e-02
1.566661486735836106e-02
