-1.718764191486391729e-02
-1.718882726673150174e-02
-1.718536136871122097e-02
-1.718527387508822502e-02
-1.718817061984453248e-02
-1.718722114204955520e-02
-1.719088683868359724e-02
-1.719079664721995249e-02
-1.718765296843222101e-02
-1.718861491287895782e-02
-1.718521996779984184e-02
-1.718547616573518066e-02
-1.718835730113298793e-02
-1.718714696980662426e-02
-1.719076158856409908e-02
-1.719069635660730802e-02
6.785154035848783849e-15
-2.848849628422911451e-15
2.341659852134192477e-15
1.044086692103540770e-14
6.881214348330999542e-15
-6.221802587025315745e-15
1.849648906260270564e-16
3.274724241775217592e-15
1.077718643494041117e-14
-1.226883178384596818e-15
-1.289550063954258974e-15
6.278181099994561976e-15
1.959587006550300714e-15
-1.456083517648032455e-15
-6.119237061508187026e-16
8.001412032943022723e-17
4.387983032483333545e-15
2.874610272041167036e-14
4.660898403341384721e-14
2.147110614303393561e-14
2.126640877286867237e-14
2.417944316990272569e-14
2.724036274326380180e-14
2.893085077060320032e-14
1.335650340328342622e-14
2.018957917515606937e-14
4.503342143635791217e-14
1.431320340028463534e-14
2.159166942461432370e-14
2.321233483204565573e-14
2.583220096163962864e-14
2.697451637057035612e-14
4.160951097564868917e-15
-5.605433651967306474e-14
-2.440343933873823090e-14
1.494702799031966123e-14
1.067548827116127086e-14
-3.318395905282933711e-14
-4.168475460641918318e-14
1.896204547546798125e-14
7.864802559209849164e-15
-4.682430658486946840e-14
-1.781582693871630596e-14
1.143529715363911237e-14
9.740905998478766037e-15
-2.391468099938176550e-14
-3.687133064145253769e-14
1.747321905221088656e-14
1.864177215371576324e-15
-6.202937469224067968e-15
-2.268974938490764259e-14
-3.422435945754642717e-14
4.315775167795798950e-15
1.888463344035251623e-15
-2.481868877080017910e-14
-2.286951010510573923e-14
-5.919743861770854210e-16
-2.953366717850514078e-15
-2.418941782988959233e-14
-3.292505157403979865e-14
-2.689038228198548097e-15
-3.216827845764491656e-15
-2.409227331523489113e-14
-2.381081443125765418e-14
1.877968267005591940e-14
-1.705276544972100794e-14
-7.943732477366793887e-15
1.001217338203463925e-14
6.702537830305388411e-15
-4.082021179407924194e-15
-2.322794734332944699e-15
5.576051773092949304e-15
1.805261669318714013e-14
-1.037559795025178033e-14
-5.934272170882159969e-15
6.500008864485096183e-15
7.668995646858967064e-15
-3.784732943712398878e-15
-7.445866839761450251e-15
6.956674819535990650e-15
1.054278192524904512e-15
-6.107093997176349376e-15
1.903425334015551584e-15
-1.948094463521954367e-15
-6.370771965524824054e-16
1.780693648090192482e-15
-5.026578112077295657e-15
-7.923566316958563505e-15
3.551195795759021223e-15
-7.624109676918067180e-16
1.088538981175446452e-16
-5.298496016936660169e-15
-8.261620554339543787e-16
-9.723125082850003764e-16
-2.031794871237835309e-15
-8.104411239329145644e-15
1.056576701130573781e-14
-1.056338176652626970e-14
-2.447911665037771911e-15
1.247049338792827200e-15
1.348964343006464617e-15
-2.056948361639499012e-15
-3.564639902697841478e-15
-1.173323591063812898e-15
6.829172644051695329e-15
-7.111932570635914885e-15
-1.456083517648032455e-15
3.810970636286548086e-15
3.186470184934897532e-15
-2.082752373344654018e-15
-2.959871930885427105e-15
3.163918779747199039e-15
6.024260951198456837e-15
4.304716305636446805e-15
4.853539445348609149e-15
3.027092465579528380e-15
7.082008590675314963e-15
-4.263082942213003435e-16
8.030251810731137141e-15
3.502189857562676423e-15
6.024477791632953938e-15
6.290974685629890928e-15
7.984064798183254652e-16
1.777874722441730171e-15
4.717580492918926893e-15
1.443506772447200603e-15
1.006486560761743476e-14
1.301909968720593724e-15
-1.866345619716547333e-15
-1.070736381503234469e-14
-8.098773388032221021e-15
5.634815530841663644e-15
1.364793694724752982e-14
-1.438649546714465544e-14
-1.155087310522606714e-14
5.584291709603839138e-15
3.028176667752013884e-15
-1.361367615859698788e-14
-4.830120678422922254e-15
-2.603819937441187449e-15
1.571074000061845055e-14
-1.347121199313239259e-14
-1.244035256753317498e-14
4.725820429429816727e-15
3.926980268742497060e-15
-3.002372656046858879e-15
-7.422448072835763355e-16
-7.750527650229876997e-15
-1.662732451723769600e-15
-2.493664996716660198e-15
1.517883041479706208e-18
4.002657580381985269e-15
3.013865199075205226e-15
8.478460988836644674e-17
5.888735679637768783e-15
-5.362030264244310729e-15
1.404258653803225343e-15
-3.655929725621120951e-15
1.088538981175446452e-16
1.378671482532567438e-15
9.707078890697218299e-15
9.648098292514006857e-15
7.739251947636027751e-15
2.222028984422141917e-14
1.498801083243961330e-14
7.575320579156219480e-15
2.061458642677038711e-14
6.132030647143515978e-15
1.152745433830038024e-14
7.097621101959106227e-15
8.577123386532825577e-15
1.736436515409334191e-14
8.801119555368330793e-15
9.172350379227367512e-16
1.619320996737450002e-14
1.230439361510349272e-14
-1.311515999968815294e-14
-1.405906641105403310e-14
-1.268473173721140768e-14
-2.617480884814504805e-15
-1.621662873430018692e-14
-2.162723125587184825e-14
-1.389318347866375092e-14
-2.557416084458807859e-15
-1.158079708518666706e-14
-1.084635853354498636e-14
-1.182582677616839106e-14
7.108029442814967069e-16
-1.128307516862214754e-14
-2.117099898168994798e-14
-1.457297824081216220e-14
-7.415942859800850329e-16
7.296463780392947740e-15
-1.240392337453766203e-14
-1.306203409323636322e-14
7.771127491507101581e-15
5.814576251039760280e-15
-6.128778040626059465e-15
-7.726024681131704597e-15
6.758916343274634642e-15
7.420713349359786548e-15
-1.014097660012591717e-14
-7.310775249069756399e-15
2.646537503037116323e-15
1.054321560611803932e-14
-1.023031485913872274e-14
-1.119352006917484488e-14
1.259192403124664850e-15
-2.438804366788893674e-15
2.807433105433965181e-15
5.868352678795041300e-15
6.058521739848998777e-16
3.221164654454433673e-15
-3.854121882751471162e-15
2.576064361825558535e-15
4.385380947269368335e-15
-5.054116847258427470e-15
-5.885049392251318068e-16
3.684118982105744067e-15
2.752355635071701556e-15
4.547143911404205596e-16
6.624475273886432092e-16
6.255846535241360584e-15
5.421661383731013473e-15
9.267109649102600599e-15
2.021950315511666929e-14
9.094070982373914092e-15
-9.215718466126787689e-17
-6.717716660720185473e-16
4.471466599764717387e-15
2.231743435887612037e-14
2.411157211390513311e-14
1.137176290633146181e-14
1.933544470367198898e-14
3.111009713729906423e-15
6.903115232215206731e-15
2.196159920586637782e-15
6.527981280535222197e-15
2.082231956301860976e-14
2.220944782249656413e-14
-1.886620200342026266e-14
-3.073929999430902171e-15
-3.134211640221096218e-15
-1.282177489181357544e-15
5.104423828061754875e-16
-2.730129490535748715e-14
-1.842601592139114786e-14
-1.053931247829709150e-14
-1.702067306541543701e-14
2.505374380179503646e-15
-1.113475631142613054e-15
-1.408812302927664462e-15
-4.859394137080030873e-15
-2.337149571096652778e-14
-2.434402505968602526e-14
-4.625206467823161915e-15
4.302114220422481594e-15
-6.863650273136734370e-15
7.762887554996211747e-17
-4.021739538617730148e-15
2.535081519705606468e-15
-4.941359821319935008e-15
-5.283750867390857309e-15
6.552484249633394597e-15
1.705666857754195576e-15
-8.071885174154580511e-15
-5.613348327826450657e-15
-3.040970253387342837e-15
6.414140052424244232e-16
-2.306531701745662133e-15
-1.014574708968485339e-14
1.293735084340053021e-14
-7.342217112071836027e-16
-5.992819088196377209e-15
2.350550309948573613e-15
1.451421448306344786e-14
1.293561611992455340e-14
5.245370110484870452e-15
1.471045507628332416e-15
-1.310583586100477760e-15
4.386898830310848041e-15
2.164501217150061052e-15
4.448915194577018895e-15
1.184469189396963884e-14
1.429303723987640495e-14
8.909539772616881237e-15
6.793610812794170783e-16
1.429412144204889046e-15
9.122477079293034308e-15
8.372209175933065239e-15
1.825362777596595265e-15
-1.045973203883665548e-14
-5.888518839203271682e-15
3.502840378866167725e-15
1.221483851565619005e-14
3.744834303764932315e-16
4.924879948298155341e-15
7.607196123027293311e-15
1.229918944467556230e-15
-8.973941381662520200e-15
-7.812327174061550750e-15
8.541561555275301032e-15
9.072820619793198205e-15
-2.442707494609841490e-15
7.298849025172415850e-15
-1.181606895661602152e-14
-2.387413183813080764e-15
2.398255205537935808e-16
2.331034670843834533e-15
1.354385353868892139e-15
-1.658395643033827582e-15
-2.384377417730121351e-15
6.119453901942684126e-15
-1.160725161819531337e-14
-9.625113206457314163e-15
-5.975471853436609138e-15
-4.121269298051899455e-15
2.282028732647489733e-15
5.261633143072153018e-15
-7.715399499841346653e-15
1.190887666258078070e-15
2.247334263127953591e-15
-1.141881728061733270e-15
-1.388906351040830600e-14
-1.234103964853350277e-14
-2.742164134650337814e-15
-1.844444735832340143e-15
-1.166341329073006250e-14
-2.325613659981407011e-15
6.828738963182701127e-15
8.082944036313932656e-15
-1.248458801617058356e-14
-7.181972030978478472e-15
-8.250561692180191642e-15
-7.177418381854039353e-16
-1.909778758746316640e-14
-1.749902306391604156e-16
-4.784584187178531067e-15
-2.094461756807497466e-15
6.949735925632083422e-15
6.811174887988435955e-15
4.558202773563557741e-15
8.789193331470990245e-15
-1.168119420635882477e-14
-2.520336370159803607e-15
2.117013161995195958e-15
-3.310936594336233441e-15
6.672397009910291388e-15
3.785383465015890181e-15
2.510144869738439866e-15
1.229268423164064927e-14
-1.162308096991360173e-14
-5.825201432330118223e-15
1.841539074010078991e-14
3.609460820508392231e-14
-3.853037680578985658e-15
4.051663518578330070e-15
2.073948651704071722e-14
2.199737787755839946e-14
-1.108553353279528864e-14
-7.431121690215647391e-15
1.407923257146226348e-14
2.783060240596491042e-14
1.502704211064909146e-16
4.803882985848773046e-15
1.855980646947585910e-14
2.827707686059444114e-14
-1.207736168018502809e-14
-1.555656645169101182e-14
-2.809384669344439089e-14
8.640657633840476137e-15
-1.551710149261253946e-15
-9.518427712684740527e-15
-2.535645304835298930e-14
2.486726102812752970e-15
-4.960224939121182786e-15
-1.903728910623847526e-14
-2.227840308066664221e-14
1.525906137556098940e-15
-2.476751442825886329e-15
-1.041159346237829908e-14
-3.289512759407919873e-14
-4.044507784239925741e-15
-4.343097062542433662e-15
-6.842399910556018483e-15
-5.826068794068106627e-15
-1.331833948681193647e-15
-1.485877393347934117e-14
1.141448047192739068e-15
-1.250301945310283713e-15
-2.409097227262790852e-16
6.789057163669731665e-15
-1.015095126011278381e-14
-1.626953780031747954e-15
6.477023778428403489e-16
-1.049681175313565973e-14
6.887069040062421266e-15
-4.035400485991047503e-16
6.248257120033962053e-15
-4.057084529440757592e-15
1.608956023968488580e-15
1.276691426188580891e-14
8.612902058224847224e-16
-7.172431051860606033e-15
1.084419012920001535e-15
-1.419220643783525304e-15
-2.508843827131457260e-16
8.673617379884035472e-19
8.749945212827014984e-15
5.844500231000360202e-15
5.609662040439999942e-16
-2.229987028368185520e-15
8.753848340647962800e-15
-6.002793748183243849e-15
4.018053251231279432e-15
-6.251509726551418566e-15
-6.497623619705628073e-15
1.344367325795126078e-14
4.632882619204359287e-14
-2.140215088486385753e-15
4.937890374367981394e-15
3.024208487800716938e-14
1.549411640655584677e-14
-7.214064415284049403e-15
-1.665768217806729012e-15
7.760935991085737840e-15
4.244066036107607687e-14
-5.295460250853700757e-15
2.727418985104534954e-15
2.198480113235756761e-14
2.194555301371359235e-14
-4.057084529440757592e-16
-8.632851378198580505e-15
-5.123440734167150623e-14
4.897558053551520629e-15
-9.762156361059481924e-16
-3.440780646513097452e-14
-1.293171299210360559e-14
9.562663161322149108e-16
5.710926523350146056e-15
-6.200118543575605656e-15
-4.394032880605802660e-14
2.955968803064479289e-15
-1.125618695474450703e-15
-2.290095196810781886e-14
-1.913226521654820544e-14
4.465178227164301461e-15
2.990012751280524128e-15
5.295243410419203656e-16
-1.224714774039625809e-15
4.330303476907104709e-16
4.334640285597046727e-16
7.704123797247497407e-15
2.729804229884003064e-15
-3.209238430557093125e-16
1.652974632171400060e-15
1.706317379057686878e-15
1.051025586007447998e-15
-3.936954928729363701e-15
-1.896052759242650154e-15
5.058019975079375286e-15
-2.506458582351989151e-15
1.972163751751132565e-15
2.117663683298687261e-15
2.138480365010408946e-14
1.054278192524904512e-15
1.095976608078697012e-14
-1.261686068121381510e-14
5.339478859056612237e-15
-5.676665734699604116e-15
1.019800563439865471e-15
6.496539417533142569e-16
1.793877546507616216e-14
1.203247571024412821e-14
1.129088142426404318e-15
-1.844249579441292752e-14
5.746705195042167702e-15
-7.658804146437603322e-15
-1.559950085772143780e-15
-1.230352625336550432e-15
8.798083789285371381e-15
-1.149818087964327162e-14
5.216096651827761832e-15
-8.504481840976296780e-15
-5.284401388694348611e-15
1.354819034737886341e-15
-3.402226417259512914e-15
-1.555396436647704661e-14
-8.693349859423271653e-15
2.105520618966849611e-16
1.489780521168881933e-14
-6.898561583090767613e-15
-7.254613576535007269e-15
7.758550746306269730e-15
-6.066978516794385712e-15
-1.325415471820079460e-14
1.276257745319586689e-14
-8.701806636368658587e-15
-5.945764713910506316e-15
-6.229392002232714276e-15
-4.620002297395231494e-15
4.971500641715032032e-15
1.262358273468322523e-14
5.848837039690302220e-15
4.503342143635791217e-15
-1.256590317910699639e-14
-1.195246158991469798e-14
3.679999013850299150e-15
-9.311561938174506281e-15
5.267054153934580540e-15
4.507895792760230336e-15
-1.837722682362930016e-15
1.403304555891438099e-14
6.412405328948267424e-15
9.206828008312406553e-15
7.806906163199123228e-15
-4.978656376053436361e-15
-3.735076484212562775e-15
-2.005774019098183203e-16
-6.608429081733646626e-15
9.419548474554062523e-15
1.186811066089532574e-14
2.047407382521626573e-15
5.207423034447877797e-15
2.940573132215185126e-15
-7.814278737972024658e-15
7.196934020958778433e-16
-1.199344443203465005e-14
-1.020732977308203004e-14
-1.827097501072572072e-15
-7.547781843975087668e-15
7.953056616050169225e-15
-4.720399418567389205e-15
1.447019587486053638e-14
-1.301042606982605321e-15
-5.759281940242999553e-15
-1.682681771697502882e-15
-7.670947210769440971e-15
-3.685420024712726672e-15
2.042636892962690354e-16
6.177350297953410063e-15
2.288317105247905658e-15
1.981487890434507904e-15
-1.047274246490648153e-14
1.333438567896472193e-14
1.372990263148743395e-14
2.674509919087242338e-15
8.834512982280884330e-15
6.776697258903396914e-15
1.271985988759993802e-14
1.739450597448843894e-14
1.282090753007558703e-14
2.435898704966632522e-14
3.030128231662487792e-15
4.026293187742169266e-15
1.178354289144145639e-14
2.061892323546032912e-14
1.460376958251075052e-14
1.009088645975708687e-14
1.554789283431112779e-14
-1.138932698152572698e-14
5.395640531591361366e-15
4.505141919242117154e-14
4.343769267889374674e-14
-6.599321783484768389e-15
-1.747950742481130249e-14
1.699703745805525301e-14
5.337744135580635430e-15
-7.091549569793187402e-15
6.861048187922769159e-15
3.840829564116798878e-14
2.993807458884223394e-14
-8.029167608558651636e-15
-1.111155438493494074e-14
1.720412007299998436e-14
1.230005680641355070e-14
1.940288207880058735e-15
-5.345203446527335700e-14
-6.637182123347962204e-14
1.543903893619358314e-14
1.039793251500498172e-14
-4.304152520506754342e-14
-2.974183399562235763e-14
5.745404152435185097e-15
3.435619844172066450e-15
-4.739134432107938721e-14
-5.207943451490670839e-14
5.100954381109801261e-15
-3.266917986133321961e-15
-3.722846683706926285e-14
-3.991468613961934864e-14
3.824197902790871240e-15
-1.276496269797533500e-14
-5.118301615869569332e-15
-6.241101385695557724e-15
-3.022755656889586362e-15
3.416537885936321572e-15
-6.104925592831378367e-15
-6.670879126868811682e-15
-2.852319075374865065e-15
-9.390925537200445206e-15
-8.978061349917965117e-15
-5.404530989405742503e-15
4.084406424187392304e-15
-4.472984482806197093e-15
4.443927864583585574e-15
2.951631994374537271e-15
-9.318067151209419308e-15
1.718991866671704116e-02
1.719048129196930688e-02
1.718589456839120927e-02
1.718631521406102300e-02
1.718596027044267185e-02
1.718571214411373713e-02
1.719017145835450427e-02
1.718963599289363708e-02
1.719013456877004076e-02
1.719031250496944746e-02
1.718567001445391734e-02
1.718633513937536939e-02
1.718604389477070699e-02
1.718583837642377599e-02
1.719025874616255528e-02
1.718942305228671891e-02
