-5.674386599920336512e-03
-5.674381349957874354e-03
-5.674387709955670996e-03
-5.674402529855024704e-03
-5.674402976377622247e-03
-5.674385233389514852e-03
-5.674380095201379468e-03
-5.674384989419733842e-03
-5.674383430440443563e-03
-5.674384411151836734e-03
-5.674389736279821135e-03
-5.674399715596901289e-03
-5.674402403779192638e-03
-5.674385027544382246e-03
-5.674377219587571630e-03
-5.674386931687055644e-03
4.065214961532226390e-13
4.182181944506480065e-13
4.989762943108377868e-13
4.950937663311671955e-13
3.740799987481113753e-13
3.738352943177813970e-13
4.176167332954616729e-13
4.685245789427805452e-13
4.505925797412824174e-13
4.060332799149524163e-13
4.197106529511829276e-13
4.152352290134886381e-13
4.481562148293816161e-13
4.881778575133166598e-13
4.091865193033006332e-13
3.677798083440153576e-13
-7.709947047115917051e-13
-8.461295900041854168e-13
-8.643317181769583080e-13
-7.505764672982584429e-13
-7.830309751294395326e-13
-8.220445808435061785e-13
-8.258344095374292593e-13
-8.087670073583796970e-13
-7.971839334486308104e-13
-8.104580374868053383e-13
-7.861476226944663637e-13
-8.193814550472300340e-13
-8.549671387525492605e-13
-7.774592601650365253e-13
-7.830228436131458913e-13
-8.229112920601910908e-13
-6.559168356026767732e-14
-4.807422905941938218e-14
-2.703761693700901247e-14
-7.640643760048471123e-15
-2.611192512214088879e-14
-5.019107959108870531e-14
-5.044765603520739994e-14
-2.867422011637588142e-14
-1.835207333322763645e-14
-3.638652964002564438e-14
-4.994127941054804509e-14
-4.808794421690132381e-14
-3.727172650375143448e-14
-8.994215962287999133e-15
-6.137560078223192050e-15
-5.072564547223268328e-14
1.423479389917048366e-13
1.206519693180974073e-13
1.084316013713615412e-13
1.234283400312896628e-13
1.439075638168252347e-13
1.432703239899468795e-13
1.235799657051117606e-13
1.170802821012784101e-13
1.275728112558327521e-13
1.407568723035823588e-13
1.443963221561817001e-13
1.314250357847823736e-13
1.094380120379712107e-13
1.102225949400903460e-13
1.398749280463740252e-13
1.531018150799368094e-13
-2.365333406570413466e-14
-2.291710658047785287e-14
-1.298120682127756886e-14
-1.130508447272360328e-14
-1.480342541257395617e-14
-1.510423730533005937e-14
-1.818163675171291516e-14
-1.668581722444328896e-14
-1.098708797553360483e-14
-9.655362447069659737e-15
-1.835467541844160166e-14
-2.028385055405368398e-14
-2.025918495462963875e-14
-1.745099290767493372e-14
-4.866333030983938102e-15
-6.464013352358577436e-15
4.172335220375966713e-15
-2.911408093775325057e-15
-2.978411788034929231e-15
-9.179939794434766043e-16
-1.671406069103653635e-15
1.975199517834091978e-15
1.496957939550735972e-15
-4.345157046670156120e-15
-5.087456064062356731e-15
3.483704210521798572e-15
1.995094627699200984e-15
1.445675176792171612e-15
1.840541608011392327e-15
-7.319123605797894783e-15
-8.600542153458512473e-15
6.876281228446190497e-15
2.602681525160077669e-15
4.004825984726956278e-15
1.928416194091342462e-15
2.142383492831356762e-16
-2.831122922902773453e-15
1.897353801849632760e-17
3.899766794213110899e-15
4.884439207264446026e-15
-1.762262211157938907e-15
-3.451232355455857714e-15
-2.110616369177531482e-15
3.644545602810023155e-16
7.308715264942033940e-15
6.832750511220897494e-15
-5.395694741699985642e-15
-4.873434555213718156e-15
7.291259609965017319e-16
-1.183948772354170842e-16
2.161682291501598741e-15
4.783499985006045563e-16
-1.749577045739858505e-15
3.953434801751143368e-15
1.271010206804756848e-15
-1.653408313040394262e-16
1.844878416701334345e-15
-1.243363051406376485e-15
-2.843970718646726681e-15
4.654371506263021985e-15
5.695314012066354792e-15
-2.443141175478835692e-15
-8.245357521752261221e-16
8.295230821686594425e-16
-3.715127164238829494e-15
1.401548148372011582e-15
5.417541415475568556e-15
-3.685203184278229571e-16
-5.712444406391625762e-15
-4.846925812096447572e-15
-2.144877157828073422e-15
8.070800971982095007e-15
9.018718931386171533e-15
-4.318594093444261262e-15
-1.142304566909002617e-14
-5.571389703751261635e-15
1.856154119295183591e-15
9.354279503770435156e-15
3.564965163349587129e-15
-7.147277561458942330e-15
-2.003334564210090818e-15
-3.513031879287531467e-15
1.801401909584665617e-15
8.445392822575836789e-16
2.035535368732910300e-15
1.444482554402437557e-15
-4.011873298848112057e-15
-5.462210544981971339e-15
4.739264536368636982e-15
3.448630270241892504e-15
-2.570534930745882463e-15
2.987952767152801670e-15
-4.467184001183399644e-15
-2.727798455864904881e-15
4.223834823569028174e-15
1.048748761445228439e-15
-1.605703417451032067e-15
7.682656594232284419e-16
-8.642175516881955843e-16
-2.168404344971008868e-19
2.915419641813521423e-15
-3.416646306153570123e-15
-6.220067863549338938e-16
2.799193168923075348e-15
2.586906383550413580e-16
-5.808071038004847253e-16
1.323377171735806712e-15
9.298117831235686026e-16
-3.968071531079697678e-15
6.407634839389331205e-16
3.592937579399713144e-15
-1.440362586146992641e-15
2.083728155299890972e-15
-4.292031140218366403e-15
-5.780857563475461092e-15
1.343977013013031296e-15
5.604132609360323869e-15
2.828683468014681068e-15
-1.174516213453546953e-15
-7.002102890563133286e-15
-5.581039103086382624e-15
4.425496427651331999e-15
4.753142324176451439e-15
1.192947650385800529e-15
-2.982965437159368349e-15
-4.174720465155434823e-15
8.848173929654201686e-16
5.814250990388014628e-15
3.803272800861901004e-15
2.931086363205936962e-15
-2.198545165366105891e-15
-5.654114329511905623e-16
8.348356728138384142e-17
-3.668614891039201353e-15
4.172118379941469613e-15
5.310964341920243470e-15
-4.815917629963362145e-15
-2.480979831298579796e-15
2.391858412720271332e-15
2.105303778532352510e-15
-2.007400322356911460e-16
5.522925866641159587e-16
-2.302845414359211418e-15
-3.655604464969375300e-15
2.759511369410105885e-15
-4.156397448440429798e-15
2.057490462725741764e-15
1.728326683159142618e-15
-2.267066742667189772e-15
5.273559366969493567e-16
3.401684316173270162e-15
-2.709312808824027030e-15
-1.767900062454863530e-15
1.944733436787249303e-15
-2.128722545458039406e-15
-1.379864104922301493e-15
2.616071421990273649e-15
-1.471045507628332416e-15
-1.631941110025181274e-15
-1.376936759056590631e-17
1.633242152632163879e-15
1.526339818425093142e-15
2.318241085208505581e-15
-2.742706235736580567e-15
-3.610067973724984114e-15
-1.673574473448624644e-15
-2.389473167940803222e-15
6.932930791958558103e-15
1.905051637274279841e-15
-3.996477627998817894e-15
-2.859908490582263596e-15
2.713866457948466149e-15
4.194019263825676802e-15
2.736851544005158843e-15
6.687358999890591349e-16
-6.790032945624968619e-15
-1.668695563672439874e-15
-4.831530141247153409e-15
7.703419065835381829e-15
1.706100538623189777e-15
-2.814155158903375309e-15
5.297303394546926114e-15
-5.919635441553605659e-15
-3.109058149819432515e-15
5.652867497013547293e-15
3.001180033657124824e-15
-5.419492979386042464e-15
-2.221963932291792787e-15
2.434033877229957454e-16
-1.951021809387665229e-16
4.586663080591302233e-15
1.635247926651262063e-15
5.854691731421723944e-18
1.627387460900742155e-16
-2.439780148744130628e-15
-5.088486056126217960e-15
2.278234025043790467e-15
4.106307308071599493e-15
-1.435375256153559320e-15
-2.066164080105625800e-15
1.172673069760321596e-15
-5.692061405548898279e-17
2.379823768605682233e-15
1.170938346284344789e-16
-3.325464903447539200e-15
-2.924418519845151110e-15
2.265332019191212964e-15
-2.268367785274172377e-15
1.237399939457706211e-15
7.474489777115067568e-16
1.200645485810447610e-15
1.177335139102009265e-15
1.611774949616950892e-15
-1.398295541854555069e-15
4.202367620553815186e-16
8.448103328007050550e-16
5.110929041096667902e-16
-1.491862189340054101e-16
4.482417041706820982e-15
-2.899481869877984508e-15
-3.885997426622544992e-15
3.842629339723124815e-15
3.256618065494709668e-15
1.685067016476970991e-15
5.003050924934360211e-16
4.731891961595735552e-15
-6.442762989777861549e-15
1.864827736675067626e-17
4.853322604914112048e-15
-2.461464192193840717e-15
-4.258637713305812866e-15
3.540895875120408931e-15
-3.941237527310681443e-15
-5.367397064998113976e-15
4.687710723066951246e-15
6.478433241252634645e-15
-7.288982785402797759e-15
-3.312237636943216046e-17
3.428247269399165020e-16
-4.689337026325679503e-15
1.838481623883669869e-15
-2.259477327459791240e-16
-1.297139479161657505e-15
2.114736337432976399e-15
-3.565507264435829882e-15
2.397171003365450304e-16
8.085979802396892069e-16
4.002766000599233820e-15
-1.793270393291024334e-16
-1.329448703901725537e-15
-2.717986426203911066e-15
-3.441257695468991074e-16
2.263488875497987607e-15
3.619608952842856553e-15
-5.341430422967086145e-15
-1.012102728015218389e-15
-1.110656705494150742e-15
-5.157549734513544593e-16
7.318364664277154930e-16
3.151884135632609940e-15
-2.329083106933360625e-15
3.333813260175677584e-15
9.153918942295113936e-16
-7.888655007004530262e-16
1.972380592185629666e-15
6.400045424181932674e-16
-9.030319894631766431e-16
5.055634730299907176e-16
-2.281161370909501329e-15
3.450907094804112063e-15
2.859691650147766495e-15
4.813857645835639687e-17
-1.441013107450483943e-15
-1.164758393901177413e-15
-1.434724734850068018e-15
3.489938373013590223e-15
-6.503803572088795448e-15
-1.332809730636430601e-15
2.630274470449833757e-16
2.241045890527537665e-16
-4.092863201132779238e-16
1.938932955164451855e-15
4.325966668217162692e-17
-3.809832224005438306e-15
2.082047641932538440e-15
-2.679714089515172759e-15
-1.420846947042253561e-15
1.490832197276192872e-15
-5.483244067128190125e-15
4.003741782554470774e-15
-7.971054372113428599e-16
-1.680513367352531873e-15
2.869991570786378787e-15
5.310096980182255066e-15
-4.949816598265321943e-15
-4.000380755819765710e-15
4.370635797723565474e-15
-1.686259638866705046e-15
-2.244840598131236931e-15
4.378875734234455308e-15
1.907328461836499400e-15
-8.796782746678388776e-15
5.033733846415699986e-15
2.656729003458480065e-15
3.102986617653513690e-16
3.777468789156745999e-15
2.400423609882906817e-15
-6.414140052424244232e-15
2.585822181377928075e-16
1.281526967877866241e-15
5.095641790464622289e-15
1.130172344598889822e-15
-2.785098540680763790e-15
-1.454131953737558547e-15
1.018933201701877067e-15
1.878055003179390781e-15
6.569939904610411219e-15
-2.507542784524474655e-15
-5.060838900727837597e-15
1.076504337060857353e-15
-4.787457322935617654e-15
1.862550912112848067e-15
3.218616779349092738e-15
-3.016846755049540363e-15
1.859677776355761480e-15
-6.268314860224943885e-16
-6.227332018104991818e-15
2.073102974009533028e-15
1.699595325588276751e-15
-3.928172891132231115e-15
-3.871685957945736334e-16
2.464283117842303028e-15
-2.472794104896314238e-15
5.766329254364155332e-16
3.027200885796776930e-15
-5.959859342152817874e-16
2.995216921708454549e-15
1.576321538576674897e-15
-1.132557589378357932e-15
-2.587231644202159231e-15
2.644802779561139516e-15
-5.668208957754217181e-16
3.136380044566067227e-15
4.825892289950228786e-15
-4.047109869453890951e-15
-2.484232437816036310e-15
-7.152481731886872751e-16
-3.319393371281620375e-15
4.266227128513211397e-15
2.678846727777184356e-15
-4.417798592226684917e-15
-1.112066168318381898e-15
-4.891378101168353254e-15
-2.291894972417107823e-15
5.982736007992262017e-15
8.747343127613049774e-16
-2.107797443529069170e-15
-8.580050732398536439e-15
-4.149133293884776919e-15
3.526475986226351722e-15
4.612846563056827165e-15
6.405574855261608747e-15
-2.343828256479163485e-15
-6.194805952930426685e-15
-3.329042770616741365e-15
5.611722024567722400e-15
3.814656923672998801e-15
2.945777302643115547e-16
6.471819608000473067e-15
-3.705694605338205605e-15
-2.796482663491861587e-15
2.528901567322439092e-15
5.353790327733420895e-15
-3.950995346863050983e-15
5.211217742051577062e-15
-1.202488629503672968e-15
-6.600297565440005343e-15
3.574722982901956669e-15
1.762804312244181659e-15
-4.675513448626489321e-15
1.996937771392426342e-15
-2.829062938775050995e-15
-3.164677721267938892e-15
2.490954491285446437e-15
-3.875263825114938498e-15
-7.630614889952980207e-16
1.064437166881093688e-14
-2.505374380179503646e-15
2.515782721035364489e-15
-2.110507948960282931e-15
-4.351987520356814798e-15
-1.440254165929744090e-15
3.766518347214642404e-15
1.351349587785932727e-15
2.869449469700136035e-15
-4.680392358402674091e-15
5.569871820709781929e-15
-5.669510000361199786e-15
-1.413799632921097782e-16
-2.731755793794476972e-15
8.114494319533260835e-15
-6.400587525268175426e-15
-6.952338010846048633e-15
-5.425456091334712738e-15
2.829767670187166573e-16
1.093146840408509846e-14
7.030725827916750603e-15
-3.371326655343676038e-15
-2.433166515491969051e-15
7.266322959997850717e-16
1.006692559174515722e-14
1.072384368805412436e-15
1.944299755918255102e-15
-7.646010560802274370e-15
4.748371834617515219e-15
7.690462849874180051e-15
-3.844147222764604521e-15
7.261986151307908699e-16
7.631482251690968610e-15
-6.925558217185656673e-15
3.138765289345535336e-16
2.639056508046966343e-15
2.147262402607541532e-16
-5.308958567901145287e-15
-2.505970691374370674e-15
-4.135906027380453764e-15
-1.992546752593860049e-15
3.582637658761100852e-15
4.866712501744308028e-15
-1.016461220748610117e-14
6.178868180994889769e-16
1.612533891137690745e-15
5.788338558465611072e-15
1.347121199313239259e-15
-8.720238073300912163e-16
-1.012341252493165200e-14
-5.849921241862787724e-15
2.276716142002310761e-15
3.509996113204572055e-15
3.298468269352650140e-15
-6.129103301277805116e-15
-6.486564757546275928e-15
-1.228401061426076524e-16
2.463524176321563175e-15
5.060513640076091946e-15
-1.223641413888865159e-14
-9.797284511448012267e-15
-6.344967953819669049e-15
-8.119264809092197055e-15
8.046840103970165359e-15
5.563583448109366003e-15
-4.046242507715902548e-16
-5.819129900164199398e-15
-1.746541279656899093e-15
-5.275294090445470374e-15
1.068047560115470418e-14
4.420400677440650128e-15
-2.183583175385805930e-16
-7.654033656878667102e-15
1.331400267812199445e-16
9.993958785536882772e-15
7.722338393745253882e-15
9.216260567213030441e-15
-4.434170045031216034e-15
1.711895599235124799e-14
9.081331606847209414e-15
1.704235710886514710e-14
3.047139363748785357e-14
2.442008184208588339e-14
2.605630555069238241e-14
6.997982922307688369e-15
1.425275912916856846e-14
2.517398182272367890e-14
3.329747502028856943e-14
1.736859354256603538e-14
9.478474862628649689e-15
1.439787958995575323e-14
1.848629756218134190e-14
3.177633937229140670e-14
2.757684488749467810e-14
-2.051609750142180388e-13
-2.084438849823955220e-13
-1.790536035412015892e-13
-1.593001989000364382e-13
-1.805489351774935969e-13
-1.961084831851589438e-13
-2.034319435996467806e-13
-1.850618725103558848e-13
-1.704090969896487895e-13
-1.743307104576374833e-13
-1.983453548973224123e-13
-2.090141753251228973e-13
-1.780267556636405679e-13
-1.671072134834528100e-13
-1.726178878655448834e-13
-1.951383932913275387e-13
7.262777618893823117e-14
7.276080779550220257e-15
6.525487615538505537e-15
3.159798811491754122e-14
4.468886198594201886e-14
5.725790935134922321e-14
3.490968365077451452e-14
1.165549861487091832e-14
2.711719737646944850e-14
5.431505939457181853e-14
6.347385724664311724e-14
2.238367911161498469e-14
4.525459867954495508e-15
1.788315589362765579e-14
4.389294917112041006e-14
6.261647016864158033e-14
1.487996574914274284e-12
1.409060368384729145e-12
1.381116250011305002e-12
1.520005800913215577e-12
1.472213518628751050e-12
1.398373170730105031e-12
1.427911066297082865e-12
1.443383390239971753e-12
1.457917662463226183e-12
1.440106389173634316e-12
1.464088182287492934e-12
1.418452378124102076e-12
1.384113526917141179e-12
1.492614950908410787e-12
1.480476548645914825e-12
1.395734005801840816e-12
-6.468552906854774243e-13
-6.476225805629454157e-13
-7.971342769891309743e-13
-7.480745623650308929e-13
-6.654775472000884484e-13
-6.763085100627841406e-13
-6.998526107596103607e-13
-7.580500897136355221e-13
-7.386404855813655246e-13
-7.051653098250065810e-13
-6.515494524114706643e-13
-6.315725937025562509e-13
-7.556403419650692399e-13
-7.842745550212804062e-13
-7.057083866932045702e-13
-7.261216367765443991e-13
5.674386620495023431e-03
5.674382669067249904e-03
5.674381936725589499e-03
5.674385277527110340e-03
5.674386732241338757e-03
5.674402168922682531e-03
5.674407117884692694e-03
5.674383730441268960e-03
5.674376961437125298e-03
5.674390825848385847e-03
5.674388379759284610e-03
5.674374711813351575e-03
5.674381718284918566e-03
5.674402787156855588e-03
5.674401060351936046e-03
5.674387657341772515e-03
