-9.908733011669647317e-03
-9.908918116337404186e-03
-9.908921014041664754e-03
-9.908773260636662486e-03
-9.908779252545053817e-03
-9.908918676518229524e-03
-9.908899577518294130e-03
-9.908733057012491380e-03
-9.908742144145403843e-03
-9.908908573092961233e-03
-9.908917340602322113e-03
-9.908784317160877764e-03
-9.908773613442445338e-03
-9.908910645139268336e-03
-9.908909905696712539e-03
-9.908729607242480059e-03
2.434860039285391409e-13
2.353438624536074997e-13
-2.283677804151840185e-13
-2.303518703908324916e-13
2.372615992562998599e-13
2.415285853263338112e-13
-2.405190846835325580e-13
-2.299023601701200015e-13
2.349891115027702426e-13
2.322975796095749779e-13
-2.355604860476701035e-13
-2.307107413099251936e-13
2.320837749411608364e-13
2.337823944847938762e-13
-2.322273233087979172e-13
-2.293593917221392608e-13
-1.980104448462416400e-13
1.714210370873381351e-13
1.608322849899757045e-13
-1.988730360946711073e-13
-1.978191915830151970e-13
1.736620829778656727e-13
1.517360456032568194e-13
-2.127807478824461640e-13
-1.980100111653726458e-13
1.791268956080616093e-13
1.673255718009913906e-13
-1.955094072747520784e-13
-1.941717186343394630e-13
1.768236165128334036e-13
1.533452184676598051e-13
-2.043304761500941424e-13
-4.205327492484700613e-14
-4.117886587273744681e-14
5.559723688375317607e-14
5.878674283477103302e-14
-5.238474584667862644e-14
-2.605782343373386212e-14
5.853238900510593368e-14
6.226421288280103994e-14
-4.978493745727563535e-14
-3.849860968213603130e-14
5.789617917029143968e-14
5.087347643845108180e-14
-4.572861186935561761e-14
-3.190666047342416434e-14
7.116789796368649945e-14
5.006780580407710346e-14
2.172281451939817032e-13
-2.052978013283857095e-13
-2.032699095849688220e-13
2.288313852641388202e-13
2.141228817517659699e-13
-2.088457445176272742e-13
-2.071023474242705831e-13
2.315172793060371603e-13
2.143442758353875099e-13
-2.078565184554515000e-13
-2.073422813650416252e-13
2.243531966109046927e-13
2.154400789711186093e-13
-2.049476040266728916e-13
-2.001544546423317250e-13
2.222632885032216343e-13
7.443362332743008736e-14
7.952503672942201618e-14
-8.446585444965570844e-14
-9.114009460325922518e-14
7.566234964950790953e-14
7.313648384826842985e-14
-8.716193999197541231e-14
-8.926301538203507135e-14
7.768915719075231152e-14
7.370352158447834867e-14
-8.565847683938976331e-14
-8.574770667818532033e-14
7.502830821903838654e-14
7.999091840293903743e-14
-8.184035046876481090e-14
-8.345722116859244366e-14
-6.592350363515686595e-14
7.764513858254940004e-14
7.801062313489426359e-14
-6.216034631467692861e-14
-7.154498347927695789e-14
8.143063046778253877e-14
7.535758041882223424e-14
-6.940975572078400546e-14
-6.676527820187461160e-14
7.807394054176741705e-14
7.375220226202294782e-14
-7.253269165841125243e-14
-6.721858313019080100e-14
7.988238976547323844e-14
7.583874934297130110e-14
-6.762949575356280718e-14
-3.864909694367701931e-14
-2.722919546088720111e-14
2.900761228441517403e-14
3.012314789968550954e-14
-3.677082510006313143e-14
-2.907331493606779560e-14
2.848090686902171598e-14
2.298107450865449763e-14
-3.128107581990002828e-14
-3.697281196479718091e-14
3.106000699693023392e-14
2.330416675605517796e-14
-3.220524975172667226e-14
-3.548149187654336956e-14
2.940204503476540054e-14
3.425374133642078434e-14
1.634770877695368441e-14
-1.251874038460387695e-14
-2.333192233167080687e-14
2.749861970074984896e-14
1.950262867866925376e-14
-1.401006047285768830e-14
-2.105086938097855409e-14
1.899858308868074275e-14
1.607828453709103655e-14
-1.998412286347006628e-14
-2.128581599175616290e-14
2.495692454779208092e-14
2.582883993490492358e-14
-5.691952985331649728e-15
-2.467286357860087875e-14
3.045252851968660579e-14
5.187256874039647414e-15
8.559884571990306057e-15
-3.858241851006916079e-15
-2.738586267481135650e-15
-3.371218235126427487e-15
7.132966092782133671e-15
-2.837682346046310755e-15
-1.786223079169868555e-15
-1.653516733257642812e-15
6.048980760731126338e-15
-7.595269899129952762e-15
-2.858607447975280991e-15
-5.044142187271560829e-15
7.310558408635259298e-15
-8.644235501009678302e-15
4.380176776841437913e-16
-8.087280845003874674e-15
2.977002325210698075e-15
3.347148946897249289e-15
4.709882657494279812e-15
-4.659033575604709654e-15
7.961621813212804710e-15
-2.335046218882030900e-15
6.495238374926159963e-15
-2.994783240839460348e-15
1.022348438545206406e-14
-1.102796239743630835e-14
4.564707986598470768e-15
-7.686017620966989483e-15
3.558243109880177002e-15
6.817463260588851881e-16
5.083607146350033190e-15
-1.293561611992455340e-15
9.311236677522760630e-15
9.910692058689996031e-16
-9.337149109445164186e-16
-3.033922939266187058e-15
8.625045122556684873e-15
3.884696384015562387e-16
-2.314012696735812114e-15
-9.957204331889624171e-15
5.253935307647505937e-15
-1.711304709051120199e-15
-2.021711791033720118e-15
-4.541939740976275175e-15
7.037014200517166529e-15
5.012700324269481200e-15
-2.535406780357352119e-15
-3.895321565305920331e-15
3.926763428307999959e-15
-1.325003474994534969e-15
4.622712802826445255e-15
-5.746922035476664803e-15
-1.924675696596267471e-15
-3.222032016192422077e-15
2.201906192100810955e-15
2.921491173979440248e-15
8.540260512668318427e-16
1.408270201841421709e-15
4.070094955510583645e-15
-1.341808608668060288e-15
-1.725290917076183206e-15
-2.887555645980643959e-15
8.605529483451945794e-15
5.407566755488701915e-15
-6.692780010753018871e-16
-6.068713240270362519e-15
-8.554355140910629984e-16
4.333989764293555425e-15
4.056976109223509042e-15
-3.311370275205227642e-15
7.326062499701802011e-15
-2.259477327459791240e-15
-1.592584571163957463e-15
-2.178162164523378408e-15
2.054346276425533802e-15
-1.702522671453987613e-15
-3.016142023637424785e-15
-8.506650245321267789e-16
4.746528690924289862e-15
6.809765425164204800e-15
1.421389048128496313e-15
1.102525189200509459e-15
6.848363022504688757e-15
-3.890767916181481212e-15
3.362761458181040553e-15
-2.408446705959299550e-15
-3.396263305310842640e-15
-1.344410693882025498e-17
1.517449360610712006e-15
-1.099489423117550047e-15
-6.902464710911715429e-15
-4.410534437671032038e-16
2.858173767106286789e-15
2.808083626737456484e-17
-1.544771255357346718e-15
-1.264396573552595271e-15
9.406104367615242268e-15
1.770502147668828741e-15
-7.713664776365369846e-15
4.865465669245949698e-15
-1.283586952005588699e-15
5.156140271689313437e-15
5.106809072841222985e-15
-3.614730043066671783e-15
2.335046218882030900e-15
4.914688447876791599e-15
-4.657732532997727048e-16
-1.114202046598178342e-14
1.313944612835182824e-15
2.482822974991805154e-17
-4.894413867251312666e-15
-5.516854334475240762e-15
-5.866617955319064492e-16
1.337591062217091675e-14
6.654724514498777665e-15
3.639883533468335486e-15
-2.927671126362607623e-15
-2.624528198935660583e-15
1.895619078373655952e-15
-5.325384230814300679e-15
-4.696763811207205208e-15
-4.474502365847676799e-15
1.707401581230172383e-15
-6.076736336346755252e-15
-2.246250060955468086e-15
-1.284129053091831452e-15
9.101985658233058274e-15
-4.279129134365788900e-15
1.347771720616730562e-15
-4.901027500503474243e-15
7.456166760400062543e-15
-1.483730673046412818e-15
2.875412581648806309e-15
1.713039432527097006e-17
7.246373640024117435e-15
6.971745229733539162e-15
1.429086883553143394e-15
-5.461234763026734385e-15
8.743006318923107756e-16
-3.595431244396429804e-15
-1.838806884535415520e-16
-8.834296141846387229e-15
1.331400267812199445e-15
1.183081410616182438e-15
3.905296225292786971e-16
-4.528387213820206370e-15
-2.468077825446002294e-15
5.620504062164854986e-16
2.224349177071260897e-15
-2.407254083569565495e-15
-3.729330212698389602e-15
-1.035955175809899487e-15
6.023285169243219883e-15
-3.145921023683939666e-15
2.060309388374204076e-15
-8.283304597789253876e-17
8.620057792563251553e-15
-5.990217002982411998e-15
1.548891223612791634e-15
-4.376924170323981400e-16
5.303917027799087691e-16
2.388063705116572066e-15
1.037223692351707527e-14
-6.252593928723904071e-15
1.168011000418633927e-15
-2.605446240699915705e-15
1.089297922696186305e-14
-1.664033494330752205e-15
1.171968338348206018e-14
-1.421389048128496313e-15
-6.418585281331434800e-15
-3.723583941184216428e-15
-5.521841664468674082e-15
-6.927618201313379132e-15
-5.102472264151280967e-15
-6.635317295611287136e-16
2.997060065401679907e-15
-5.833007687972013855e-16
-1.093526311168879772e-15
2.033312754279315016e-15
-5.590688502421503614e-15
-2.604470458744678751e-15
5.432611825673117067e-15
-1.106146424456611044e-14
-9.299635714277165732e-15
9.354279503770435156e-15
1.816689160216711230e-15
5.310096980182255066e-15
-1.701330049064253558e-15
3.590118653751250832e-15
-9.733099742836870405e-15
-2.121892071771380728e-15
2.043395834483430207e-15
1.182810360073061062e-14
-2.992289575842743687e-15
5.244502748746882048e-15
-2.072994553792284478e-16
3.443968200900204835e-15
2.435118079402442959e-15
4.969006976718315371e-15
-4.537386091851836056e-15
-6.785045615631535298e-15
-4.988414195605805901e-16
-1.023812111478061837e-15
-2.744224118778060273e-15
1.226557917732851166e-15
-6.017538897729046710e-15
-2.596230522233788918e-15
-6.194480692278681033e-15
4.122570340658882060e-15
-1.384699646611586843e-14
7.017823822064173100e-15
-2.197894644062614589e-15
1.127244998733178960e-15
-5.656065893422379531e-15
8.829959333156445211e-15
-1.742204470966957075e-15
4.909701117883358279e-15
2.885495661852921501e-15
6.893357412662837191e-15
-4.169841555379250053e-16
-2.998903209094905264e-16
-4.338760253852491644e-15
-4.743601345058579000e-15
-1.301151027199853871e-15
8.654318581213793493e-15
-4.872946664236099679e-15
-2.193232574720926920e-15
1.923266233772036315e-15
7.530434609215319597e-15
3.033597678614441406e-16
-3.693876801658113607e-15
-3.767168868518133706e-15
-2.532587854708889807e-15
-4.581729960706493188e-15
1.808991324792064148e-15
-6.132247487578013079e-16
-1.401656568589260132e-15
2.720805351852373377e-15
-5.560656102243655141e-15
-3.769879373949347467e-15
-7.283995455409364439e-15
-1.106103056369711624e-15
5.447899076305162680e-15
4.566659550508944676e-16
1.013729031273946646e-15
3.372627697950658643e-15
6.296937797578561202e-15
-2.339057766920227266e-15
3.520729714712178549e-15
-4.325966668217162692e-16
-2.463307335887066074e-16
-1.341483348016314636e-15
-1.485356976305141075e-15
-5.771208164140340102e-16
3.373928740557641248e-15
-2.187377882989505196e-15
-8.217385105702135206e-15
4.915772650049277104e-16
-5.438032836535544590e-15
7.701088031164537995e-16
-5.362789205765050582e-15
2.861534793840991853e-15
2.981447554117888643e-15
9.887923813067800438e-16
4.091670578743045184e-15
-1.838156363231924217e-15
-2.687845605808814042e-15
-2.138046684141414744e-16
5.538104697055956649e-16
-1.875886598834419772e-15
4.462576141950336250e-15
8.322335875998732035e-16
2.007291902139662909e-15
-9.823955884891155677e-16
8.625912484294673277e-16
4.338977094286988745e-16
4.887474973347405438e-15
-2.156478121073668319e-16
9.161508357502512467e-17
-1.689295404949664459e-15
5.257730015251205202e-15
-9.970323178176698775e-16
-1.458360342210252014e-15
-4.518195713398842628e-15
1.626411678945505201e-15
-1.713473113396091208e-15
-2.054346276425533802e-15
2.892651396191325830e-16
2.845054920819212185e-15
3.285566263500072637e-15
-2.015965519519546945e-15
-3.707320908596933862e-15
2.895795582491533793e-15
-8.038166486590281323e-15
-4.402945022463633507e-16
4.011548038196366406e-16
5.707131815746446790e-15
-7.019124864671155706e-15
2.368114385142838785e-15
3.859868154265644336e-15
1.128448463144637870e-14
-8.038274906807529874e-15
6.828305282313706925e-16
-8.934368002366799288e-15
-3.534499082302744455e-16
8.810226853617209031e-16
3.996260787564320793e-15
2.154960238032188613e-15
5.948366799124471527e-15
3.022755656889586362e-16
1.140439739172327549e-14
-3.463592260222192465e-15
3.069918451392705805e-15
-7.811351392106313796e-15
2.480871411081331246e-15
-3.078700488989838391e-15
-2.591568452892101249e-15
-6.817137999937106230e-15
6.333909091660316903e-15
-2.035806419276031676e-15
-2.684050898205114777e-15
1.948961825259942771e-15
-8.770219793452493917e-15
2.179029526261366811e-15
1.939204005707573231e-15
-2.659764769541439478e-15
1.111242174667292915e-14
-5.805902633659876244e-15
8.234949180896400378e-15
-6.553785292240377203e-15
7.529675667694579744e-15
-1.433206851808588311e-15
4.655997809521750241e-15
-6.601164927177993746e-15
-1.233171550985012743e-15
5.351621923388449886e-16
-3.155245162367315004e-15
-2.697495005143935032e-16
5.608577838267514437e-15
-1.156561825477187000e-14
7.093934814572655512e-16
-3.585998685495805915e-15
2.347406123648365650e-15
-6.567012558744700357e-16
8.188979008783014990e-16
-2.201906192100810955e-15
2.382859534688641645e-15
-3.694202062309859258e-15
1.562530486942659280e-14
-7.217967543104997219e-15
1.052109788179933503e-15
-5.220216620083206749e-15
7.578681605890924544e-15
-1.180858796162587154e-14
9.167363049233934191e-15
-1.081632613336713788e-14
6.348654241206119764e-15
3.814440083238501700e-15
-3.893370001395446423e-16
6.343666911212686443e-15
4.164854225385816733e-15
-1.151249234832008028e-14
1.670105026496671030e-15
3.436270365475557753e-15
5.724587470723463412e-15
-6.241318226130054825e-15
1.269383903546028591e-15
-6.284469472594977901e-15
6.320681825155993749e-15
-7.465816159735183533e-16
-3.858567111658661730e-15
-6.811716989074678708e-15
-2.519035327552821002e-15
2.372884874701775004e-15
-3.069376350306463053e-15
2.223481815333272493e-15
3.178013407989510597e-15
6.539799084215314195e-15
-7.122124071057278627e-16
-5.335900991887410072e-15
6.776046737599905612e-15
-5.183679006870445249e-15
1.879247625569124835e-15
-3.332945898437689181e-15
-1.022662857175227202e-14
-2.190305228855216058e-15
-8.708311849403571614e-16
-4.538470294024321561e-16
2.976351803907206772e-15
-2.244623757696739830e-15
4.054916125095786583e-17
1.145676435665432535e-15
-1.495982157595499018e-15
-1.363709492552267477e-15
-3.062003775533561623e-15
2.535948881443594871e-16
1.405884957061953600e-15
4.271756559592887470e-15
1.620882247865829129e-16
7.124400895619498186e-15
-1.986692060862438325e-15
2.866088442965430971e-15
-5.431744463935128664e-15
1.090165284434174708e-15
4.370202116854571273e-15
-6.777347780206888217e-16
-1.458468762427500565e-15
6.437992500218925329e-15
1.481453848484193259e-15
3.824523163442616891e-15
5.529431079676072613e-16
1.195007634513522987e-15
-1.338046427129535587e-14
2.666269982576352504e-15
1.402090249458254334e-15
1.706967900361178181e-15
-6.634883614742292934e-15
-1.054495032959401613e-15
3.996369207781569344e-15
-8.295664502555588626e-15
-3.154160960194829499e-15
-1.945492378307989156e-15
-4.698823795334927667e-15
-8.326455844254176952e-15
6.873624933123601011e-15
1.913942095088660977e-15
4.930517799595079964e-15
7.672248253376423577e-15
-2.103569055056375703e-15
2.934718440483763402e-15
6.486998438415270130e-15
-2.003822455187709295e-15
4.352854882094803202e-15
-6.592816570449855362e-15
-2.506458582351989151e-15
-4.624664366736919163e-15
9.304948304922344704e-15
-4.707605832932060252e-16
3.255642283539472714e-15
-4.478297073451376065e-15
-1.120089264394774631e-15
-3.208804749688098923e-15
-2.742272554867586365e-15
-5.982193906906019265e-15
5.068103055283490477e-15
3.661350736483548474e-15
9.354062663335938055e-15
-2.608156746131129466e-15
-1.599198204416119040e-15
-4.217980131837606450e-15
4.044290943805428640e-15
-1.085394794875238489e-14
-3.331536435613458025e-15
-4.894305447034064116e-15
-4.826000710167477337e-15
-5.364632349458275939e-16
1.120609681437567673e-14
-1.924025175292776169e-15
9.220488955685723909e-15
-1.222546369694654800e-14
3.705803025555454155e-16
-5.747355716345659005e-15
4.853105764479614948e-15
-2.335805160402770753e-15
1.706534219492183979e-16
1.339423363888592178e-15
7.496390660999274758e-15
2.907830226606122892e-15
-2.599049447882251229e-15
-6.122489668025643539e-15
3.273856880037229189e-15
2.392617354241011185e-15
7.950888211705198216e-15
9.634220504706192401e-16
3.649424512586207925e-15
4.104355744161125585e-15
-1.378237801663573237e-15
-5.642621786483559276e-15
9.908867376368851038e-03
9.908779928866115472e-03
9.908759923121604821e-03
9.908876692229723684e-03
9.908904653996346290e-03
9.908798479844986573e-03
9.908801788760435506e-03
9.908890568514069214e-03
9.908882760046311411e-03
9.908767947567334242e-03
9.908749306086605396e-03
9.908890199961606360e-03
9.908894255739899432e-03
9.908780880291031753e-03
9.908815697809259665e-03
9.908891653571463842e-03
