-1.838799314462933113e-02
-1.838942990216341222e-02
-1.838974014126834935e-02
-1.839155957079340042e-02
-1.839159690199430874e-02
-1.839026212718412878e-02
-1.838993462677007695e-02
-1.838801420306142298e-02
-1.838797763140105623e-02
-1.838939705903346045e-02
-1.838974073988430130e-02
-1.839160211671929390e-02
-1.839161020887160325e-02
-1.839023557607601805e-02
-1.838991348722507357e-02
-1.838800727075122834e-02
-2.415602440297703879e-16
-7.151397529714387247e-16
-4.818194454525581705e-16
8.088148206741863078e-16
3.374037160774889799e-16
-8.864436962241484252e-16
-1.749902306391604156e-16
3.543172699682628490e-16
-1.383441972091503658e-16
-1.199778124072459207e-15
-4.453902524570452215e-16
6.292709409105867735e-16
6.722053469410127491e-17
-7.281501790412647779e-16
-3.640750895206323889e-16
7.921181072179095395e-16
9.454242944073598665e-17
5.507747036226362525e-16
-7.554720737878994896e-16
-6.453171330633722391e-16
1.626303258728256651e-16
4.805184028455755652e-16
2.385244779468109755e-17
-3.868433351428279821e-16
3.282964178286107426e-16
7.433290094560618400e-16
-4.996003610813204432e-16
-9.935628708657162633e-16
3.200564813177209089e-16
6.279698983036041682e-16
-6.639654104301229154e-16
-4.597017211338538800e-16
5.718082257688550385e-16
5.830839283627042846e-16
1.003537530852582904e-15
6.622306869541461083e-16
3.486794186713382260e-16
-1.231653667943533037e-16
3.942159099157294122e-16
1.033895191682177028e-15
5.566293953540579764e-16
4.701100619897147226e-16
9.974659986866640793e-16
2.181414771040834921e-16
-9.974659986866640793e-17
3.955169525227120175e-16
7.205607638338662468e-16
1.092442108996394268e-15
-1.105235694631723220e-15
-5.991301205154897502e-16
-1.756407519426517183e-17
-6.002143226879752547e-16
-4.273924963937858479e-16
-4.978656376053436361e-16
1.734723475976807094e-17
-7.311859451242241903e-16
-1.116511397225572466e-15
-6.030332483364375662e-16
4.705437428587089244e-17
-4.434386885465713135e-16
-4.046242507715902548e-16
-4.271756559592887470e-16
-3.694961003830599111e-16
-3.755676325489787359e-16
2.794422679364139128e-15
1.917736802692360243e-15
1.912532632264429822e-15
1.175708835843281008e-15
1.780259967221198281e-15
9.658072952500873498e-16
-8.808058449272238022e-16
1.882174971434835697e-16
3.473350079774562005e-15
1.926410420072244278e-15
1.887812822731760320e-15
8.981530796869918731e-16
1.709136304706149190e-15
1.924675696596267471e-15
-1.421822728997490515e-15
5.355958732078391904e-16
-1.971946911316635465e-15
1.617846481782869716e-15
3.504791942776641633e-15
-2.075162958137255487e-16
1.121281886784508686e-15
8.607914728231413903e-15
1.131148126554126776e-14
1.693090112553363724e-15
-1.891932790987205237e-15
1.643433653053527621e-15
2.936019483090746007e-15
3.851086116668511750e-16
-1.517883041479706208e-16
9.075422705007163415e-15
1.091704851519104125e-14
1.342242289537054489e-15
-2.211772431870429045e-15
-3.311153434770730541e-15
1.650589387391931950e-15
-1.406860739017190554e-15
-3.781697177629439466e-15
-7.299933227344901354e-15
-2.422758174636108208e-15
2.194425197110660974e-15
-2.245599539651976784e-15
-2.502555454531041335e-15
5.637851296924623057e-17
3.335005882565411639e-16
-3.553147359669495131e-15
-6.435390415004960118e-15
-2.332986234754308441e-15
3.144186300207962859e-15
1.582349702655694301e-14
3.840937984334047428e-14
9.404803325008259662e-15
-9.669782335963716946e-15
-1.125943956126196355e-14
7.080057026764841055e-15
4.286696865529737721e-14
8.121975314523410816e-15
1.444699394836934658e-14
3.956275411443055390e-14
8.702673998106646991e-15
-9.359917355067359779e-15
-1.274653126104308143e-14
7.955875541698631537e-15
4.204904653637431267e-14
7.336579260774911404e-15
-2.159080206287633530e-14
-1.830133267155531485e-16
1.176402725233671731e-14
1.957115025597033764e-14
2.370499629922306895e-15
-3.131045769877438545e-14
-8.604228440844963188e-16
-4.968898556501066821e-15
-2.298486921625819690e-14
-3.035766082959412415e-16
1.162351465078259594e-14
1.875713126486822091e-14
2.817624605855328923e-15
-3.158671241232369198e-14
1.658178802599330481e-15
-7.174599456205577042e-15
-6.498057300574622275e-15
-8.638055548626510927e-15
-1.439083227583459745e-14
-7.505281118813655894e-15
-4.151626958881493579e-15
-1.113367210925364503e-14
-1.233106498854663613e-14
-1.072319316675063305e-14
-5.867268476622555795e-15
-7.273045013467260844e-15
-1.280702974226777258e-14
-7.082659111978806266e-15
-4.511582080146681051e-15
-1.197718139944736748e-14
-1.247439651574921982e-14
-1.170005932416007255e-14
3.803814901948143756e-15
2.269018306577663679e-15
-3.406563225949454932e-15
-3.901176257037342054e-15
1.707510001447420933e-14
1.092290320692246297e-14
-8.151031932746022335e-16
-1.342242289537054489e-15
2.202881974056047909e-15
7.535205098774255816e-16
-4.537819772720830258e-15
-3.394420161617617282e-15
1.569556117020365349e-14
1.090056864216926158e-14
-9.415211665864120505e-16
-2.610758831345094677e-16
-3.210539473164075730e-15
-2.176210600612904500e-15
1.723339353165709298e-14
2.150189748473252394e-15
8.816515226217624956e-15
1.899110209369059277e-14
-3.420224173322772288e-15
-5.619419859992369481e-15
-1.945275537873492055e-15
-2.418638206380663291e-15
1.546657767137471495e-14
4.841179540582274399e-15
1.060414776821172467e-14
2.004342872230502337e-14
-4.233375802686900613e-15
-4.563840624860482365e-15
6.880780667462005340e-15
-1.944950277221746404e-14
-1.797867410502362873e-14
-2.208519825352972532e-14
-2.335024534838581189e-14
7.231845330912811676e-15
1.688753303863421706e-15
1.659913526075307288e-15
8.767509288021280156e-15
-1.987234161948681077e-14
-2.016919617431334188e-14
-2.165607103365996267e-14
-2.446437150083191625e-14
6.573734612214110484e-15
1.006573296935542317e-15
2.905661822261151883e-16
1.406058429409551280e-14
-7.645143199064285966e-15
-6.708392522036810135e-15
1.997273874065896848e-14
1.433662216721032223e-14
-2.789001668501711606e-15
-2.984591740418096606e-15
1.779999758699801760e-14
1.530611574984686030e-14
-7.916844263489153377e-15
-8.559559311338560406e-15
2.067660279103655796e-14
1.821654806166694840e-14
-5.633514488234681039e-15
-5.477389375396768401e-16
1.745999178570656341e-14
6.185590234464299897e-15
2.215241878822382660e-15
-1.204722085978993107e-14
-7.060324547225604874e-15
1.128871301991907217e-15
2.093377554635011961e-15
-1.491146615906213668e-14
-6.429102042404544193e-15
9.112936100175161869e-15
1.981921571303502105e-15
-1.188242212957213439e-14
-1.181802052052649543e-14
5.421661383731013473e-15
1.648854663915955143e-15
-1.052066420093034083e-14
-6.946916999983621110e-15
1.025872095605784295e-15
-6.012117886866619187e-15
-3.351268915152694206e-15
-8.265957363029485805e-16
-5.613998849129941959e-16
4.024558464266192459e-16
-4.546710230535211394e-15
-4.540421857934795469e-15
1.856370959729680692e-15
-6.442546149343364448e-15
-1.622833811776303037e-15
-1.902124291408568979e-15
-2.279209806999027421e-15
-5.976122374740100440e-15
-3.594780723092938501e-15
-4.989498397778291405e-16
3.236061592304384504e-14
-1.209275735103432226e-14
1.900389567932592172e-15
1.492079029774551202e-15
-1.093222734560583831e-14
2.381168179299564258e-14
7.274129215639746349e-15
1.071170062372228671e-14
3.293979672358560151e-14
-1.315072183094567748e-14
4.857225732735059864e-16
1.781994690697175088e-15
-4.856358370997071461e-15
2.256159668811985597e-14
1.541952329708884406e-15
1.253576235871189937e-14
1.613553041179827119e-14
-1.493380072381533807e-15
-2.035047477755291823e-15
1.697773865938501103e-14
-1.930595440458038325e-14
-3.111660235033397726e-15
-4.578152093537291023e-15
-2.637343468614439246e-14
1.386130793479267709e-14
7.251144129583053655e-16
6.190794404892230318e-16
1.547503444832010189e-14
-2.101075390059659043e-14
1.076395916843608802e-15
-8.126095282778855733e-15
-2.672731827524366111e-14
-9.367506770274758310e-16
3.902043618775330458e-15
-1.449925249308314790e-14
4.950467119568813246e-15
-4.678549214709448734e-15
-7.942865115628805484e-16
6.114466571949250806e-15
-1.402762454805195347e-14
-2.341876692568689577e-17
-7.981896393838283643e-16
-1.635649081455081699e-14
6.624041593017437890e-15
-6.977274660813215235e-15
-1.857238321467669095e-15
9.900500558268632290e-15
-1.819117773083078760e-14
1.040769033455735126e-14
3.991381877788136023e-15
-1.073880567803442432e-14
6.021008344681000324e-15
-6.375108774214766072e-17
-5.743669428959208290e-15
4.226220068348496284e-16
8.173149657064726625e-15
1.416531822395761253e-14
3.077399446382855785e-15
-1.003797739373979425e-14
7.177635222288536454e-15
6.091047805023563910e-15
-5.983711789947498971e-15
-1.357854800820845753e-15
1.049095706140423800e-14
2.555898201417328153e-15
2.250283293037114163e-14
2.560885531410761473e-16
4.840312178844285995e-15
1.453134487738871883e-14
3.500671974521196717e-15
-7.544962918326625356e-15
-1.536834895454752825e-14
2.543104615781999200e-15
1.930530388327689195e-14
3.176929205817025093e-15
-7.962380754733544563e-16
1.284215789265630292e-14
5.392604765508401954e-15
-1.074856349758679386e-14
-1.470698562933137055e-14
-1.942846925007124526e-14
-1.909063185312476207e-15
-3.180398652768978707e-15
-1.410178397664996197e-14
-5.175981171445798168e-15
3.321778616061088485e-15
8.687495167691849929e-15
-9.224825764375665926e-15
-1.862160599330753286e-14
-4.336375009073023534e-15
-1.997100401718299167e-15
-1.393893681034263921e-14
-6.825703197099741715e-15
6.053751250290062558e-15
7.653816816444170001e-15
-8.545464683096248848e-15
-1.526990339728584445e-15
-8.324504280343703044e-16
-2.183800015820303031e-15
-2.365295459494376473e-15
1.166688273768201611e-14
1.560362082597688271e-14
5.279630899135412392e-15
1.892800152725193641e-15
1.646469419136487033e-15
-1.049507702965968292e-15
-2.686652983419079987e-15
-1.049941383834962494e-15
1.445133075705928860e-14
1.518945559608742002e-14
3.365797224263999965e-15
-1.997534082587293369e-15
1.903859014884545786e-15
-3.259111730491426329e-16
1.042872385670357005e-14
1.705666857754195576e-15
1.718894124258518730e-15
1.063927591860025501e-14
-4.502691622332299914e-15
-2.898289247488250453e-15
8.014422459012848776e-16
1.991896231290368746e-15
1.004123000025725077e-14
-3.763916262000677193e-15
2.529660508843178945e-15
1.100139944421041349e-14
-1.971079549578647061e-15
1.933782994845145708e-15
4.664020905598142974e-15
-1.384808066828835393e-14
-1.549043011916939605e-14
-2.118704517384273345e-14
-1.767856694367964110e-14
8.000327830770537219e-15
9.519295074422728931e-17
-6.375108774214766072e-16
2.985892783025079211e-16
-8.267475246070965511e-15
-1.023009801870422564e-14
-2.168057400275813507e-14
-1.693306952987860825e-14
8.902600878712974009e-15
-9.378348791999613354e-16
-2.312820074346078059e-15
2.565417496491750882e-14
-6.756097417626172330e-15
-8.609432611272893610e-15
2.523198663895165339e-14
1.268928538633584679e-14
3.545341104027599499e-15
-3.340860574296833363e-15
1.298917570724533732e-14
1.987277530035580497e-14
-1.096258500643543243e-14
-8.007700405543438649e-15
2.499151059709436851e-14
1.036453908809242819e-14
-1.901690610539574777e-16
-1.547807021440306130e-15
1.173540431498309999e-14
1.256048216824456887e-14
8.390423772430821714e-15
-1.981704730869005004e-14
-3.371868756429918790e-15
-3.703851461644980247e-15
3.920041374838589832e-15
-7.913374816537199763e-15
-1.494073961771924530e-14
1.323225383431658742e-14
1.195224474948020088e-14
-2.023728407074543156e-14
-3.103203458088010791e-15
7.418111264145821337e-16
1.933999835279642809e-15
-8.343152557710453721e-15
-1.772865708404847140e-14
-9.260170755198693371e-15
-6.700369425960417402e-17
-7.020859588147132513e-15
3.269520071347287171e-15
-1.675309196924601451e-15
-2.520119529725306506e-15
1.935734558755619616e-15
-8.252079575221671348e-15
-1.452483966435380580e-14
3.595431244396429804e-15
-3.155245162367315004e-15
-1.398620802506300720e-15
2.019001285602506357e-15
-3.682167418195270159e-15
2.441189611568361784e-15
-1.248393749486709225e-14
4.221514630919909195e-14
-2.882243055335464987e-15
-1.369997865152683403e-15
2.945994143077612648e-15
7.222954873098430539e-15
3.496682110526450060e-14
-2.972014995217264755e-15
5.539839420531933456e-15
3.927153741090094741e-14
-3.422175737233246196e-15
1.720195166865501335e-15
-4.409883916367540735e-15
9.412609580650155294e-15
3.369613615911148941e-14
2.339925128658215669e-15
3.434535641999580946e-15
2.467557408403209251e-14
-3.687588429057697681e-15
2.840176011043027415e-15
2.086655501165601834e-14
-2.565352444361401751e-14
-1.285863776567808259e-16
-1.185683495830147649e-15
-2.240612209658543463e-14
2.501709776836502641e-14
-4.473418163675191295e-15
7.353926495534679475e-15
1.789692526121822169e-14
-1.903728910623847526e-14
-7.116703060194851105e-16
3.612561638721700774e-16
-1.514001597702208102e-14
3.695394684699593313e-15
-9.996127189881853781e-15
-3.992032399091627326e-14
4.524158825347512902e-15
2.981555974335137194e-16
1.073143310326152289e-15
-3.985744026491211400e-15
-3.218952882022563244e-14
4.688740715130812475e-15
-7.677669264238851099e-15
-3.293242414881270008e-14
-1.542819691446872810e-15
-1.395801876857838408e-15
-7.121907230622781526e-15
-1.111393962971440885e-14
-2.841108424911364949e-14
-3.256509645277461118e-15
1.221679007956666396e-14
8.719153871128426658e-15
-2.216109240560371063e-16
-4.288670113483661339e-15
2.728286346842523358e-15
9.743074402823737046e-15
-5.497989216673992985e-15
-9.801187639268960083e-17
1.324895054777286418e-16
4.403161862898130607e-15
1.307114139148524146e-15
-1.294971074816686496e-15
6.208575320520992591e-15
3.679782173415802049e-16
-4.528061953168460718e-15
-9.531004457885572378e-15
-1.305184259281499948e-14
-3.301612455652858102e-15
-1.232304189247024340e-15
-7.754430778050824813e-15
-1.168336261070379578e-14
3.296841966093921883e-15
2.684267738639611878e-15
9.341485918135106203e-16
-1.149341039008433540e-14
1.208451741452343242e-15
-1.149904824138126003e-15
-1.539176772147321515e-14
3.983358781711743291e-16
1.534146074066988774e-15
1.316915326787793106e-14
4.950467119568813246e-16
4.173961523634694970e-15
-3.866264947083308812e-16
4.030413155997614183e-15
4.882596063571220668e-15
-8.186810604438043981e-15
-6.535137014873626526e-15
-3.434101961130586744e-15
2.325396819546909910e-15
-3.412201077246379555e-15
5.290906601729261638e-17
7.062709792005072984e-15
-5.418842458082551161e-16
-2.909131269213105497e-15
-1.562769011420606091e-14
7.994906819908109696e-15
-1.912532632264429822e-15
4.880644499660746760e-15
-5.227155513987113977e-15
2.697495005143935032e-16
4.438290013286660951e-15
1.316655118266396585e-15
4.340928658197462653e-15
2.617697725249001905e-15
3.279494731334153812e-15
-2.681882493860143768e-15
-3.149824151504887482e-15
4.186971949704521023e-15
-4.826868071905465740e-15
5.875942094002439831e-15
-4.014150123410331616e-15
-3.475084803250538812e-15
-4.464961386729804360e-15
6.343883751647183544e-15
3.308551349556765331e-15
-6.185156553595305695e-15
-2.534430998402115165e-15
-5.678617298610078024e-15
-9.047667129391534502e-15
2.829117148883675270e-15
6.667843360785852269e-16
-9.872744982653003376e-16
-6.377060338125239980e-15
2.652175354334040946e-15
-5.195063129681543046e-15
-5.572799166575492791e-16
6.635317295611287136e-16
7.112366251504909087e-17
-5.166006511458931527e-15
-1.683982814304485487e-15
-4.115631446754974831e-16
-8.578207588705311082e-16
3.417405247674309976e-16
8.595121142596084951e-15
-3.513682400591022770e-15
4.616966531312272082e-15
3.118165448068310752e-15
2.177077962350892903e-15
-4.843781625796239609e-15
3.080868893334809400e-15
-3.196228004487267071e-16
5.530732122283055219e-15
-5.395423691156864265e-15
-3.825065264528859643e-16
1.877404481875899478e-15
1.711304709051120199e-15
3.145053661945951262e-15
2.485425060205770365e-15
-6.625342635624420495e-15
4.472117121068208689e-15
-6.882081710068987945e-15
8.855763344861600217e-16
-1.057313958607863924e-15
6.107093997176349376e-15
1.631941110025181274e-15
-2.675810961694224943e-15
-2.850150671029894056e-15
4.631711680858074942e-15
9.844555726168380261e-16
3.611260596114718169e-15
1.838845612821353795e-02
1.838833672913614201e-02
1.838842506802551222e-02
1.839089059809574309e-02
1.839119677197635985e-02
1.839128109461426325e-02
1.839117190053841250e-02
1.838873911563064512e-02
1.838846403426189213e-02
1.838835582298963683e-02
1.838843312596394330e-02
1.839088344728486910e-02
1.839115931083286706e-02
1.839125894295819477e-02
1.839120101704867782e-02
1.838876160025038758e-02
