-1.131398001412082036e-02
-1.131405577381454017e-02
-1.131406515352509010e-02
-1.131403526478099927e-02
-1.131403669723917566e-02
-1.131405719872413673e-02
-1.131403994673938103e-02
-1.131398005077287501e-02
-1.131398507815194882e-02
-1.131404925420671087e-02
-1.131406365183981397e-02
-1.131404390807223478e-02
-1.131403194596515907e-02
-1.131404944069592036e-02
-1.131404643294904588e-02
-1.131397851028870770e-02
1.099814683769295698e-15
3.153510438891338197e-15
-1.192622389734054877e-16
-4.002874420816482370e-15
-1.380623046443041346e-15
-2.977436006079692277e-15
4.998172015158175441e-16
1.491862189340054101e-16
-2.043721095135175858e-15
-8.515323862701151825e-16
-1.677043920400578259e-15
3.039018689476868929e-15
8.543513119185774940e-16
-7.647962124712748277e-16
-2.432515994188477748e-15
2.720913772069621928e-15
-2.421673972463622704e-15
3.755893165924284460e-15
3.290336753059008856e-15
4.484260185400046339e-16
-2.981555974335137194e-15
-8.747343127613049774e-16
1.138845961978773857e-15
9.475926987523308753e-16
-1.613726513527424800e-15
-4.152277480184984881e-15
1.311667788272963264e-15
1.825796458465589467e-16
-1.202813890155418619e-15
1.740795008142725919e-15
2.343394575610169284e-15
6.253678130896389575e-16
3.409273731380668693e-15
-2.173174834529945088e-15
-1.111524067232139146e-15
-2.643718577388654012e-15
-2.259585747677039791e-15
-1.393850312947364500e-15
9.993091423798894368e-16
2.343394575610169284e-15
-1.003429110635334354e-15
2.674184658435496686e-15
-3.358749910142844186e-15
5.427732915896932298e-15
1.183081410616182438e-15
-3.673276960380889022e-16
-3.488420489972110516e-15
4.206053907940265901e-15
-3.960590536089547697e-16
-5.176414852314792370e-15
-7.515689459669516737e-16
4.862646743597487387e-16
-1.776139998965753364e-15
1.409137563579410113e-15
-3.737678569426527986e-15
-5.068645156369733229e-16
-1.188285581044112860e-16
5.288738197384290629e-16
2.864462139706702715e-16
1.839891086707901025e-15
-2.669305748659311917e-16
-1.652215690650660207e-15
-3.798502311302964785e-15
1.091574747258405864e-15
6.720318745934150684e-15
-4.869802477935891716e-15
1.113258790708115953e-15
-6.492202608843200551e-16
-9.410874857174178487e-16
-5.772292366312825607e-16
-2.088607065076075742e-15
-6.496539417533142569e-16
1.914917877043897931e-15
3.560736774876893662e-15
2.243647975741502876e-15
2.131541471106501717e-16
2.723082176414592936e-15
4.618701254788248889e-16
2.784231178942775387e-16
9.376180387654642345e-16
1.606570779189020470e-15
2.491279751937192088e-15
1.383441972091503658e-16
-2.254706837900855021e-15
2.344045096913660586e-15
4.006777548637430186e-15
2.738261006829389999e-15
5.311506443006486222e-15
1.126702897646936208e-15
4.884113946612700374e-15
-2.681448812991149566e-15
-2.911082833123579405e-15
6.581107186987011914e-16
-8.339683110758500106e-16
7.044278355072819409e-15
-3.517151847542976384e-16
5.547862516608326189e-16
-2.061068329894943929e-15
3.864855484259077656e-15
4.769188516329236904e-15
-4.902436963327705399e-15
-3.840460935378153806e-15
-4.651877841266305325e-15
4.978656376053436361e-16
1.547373340571311928e-15
1.088972662044440654e-15
4.132111319776754499e-15
4.937456693498987192e-15
-1.041918287758569761e-16
-1.851058369084501720e-15
-5.644356509959536083e-16
-7.979511149058815533e-15
-3.909199353113734787e-15
2.487159783681747172e-16
-4.577935253102793922e-15
-4.514617846229640463e-16
7.800184109729713100e-15
8.631116654722603698e-15
2.734574719442939283e-15
7.955875541698631537e-15
-4.536301889679350552e-15
-5.082089263308553484e-15
-5.006411951669065274e-15
-3.346715266028255087e-15
8.515540703135648926e-15
2.581702213122483158e-15
7.215365457891032008e-15
4.866983552287429404e-15
8.404735241107630372e-15
9.769312095397886253e-15
-2.988711708673541523e-15
5.690326682072921471e-15
-7.122557751926272829e-15
-9.336715428576169984e-15
2.884845140549430198e-15
4.725169908126325424e-15
1.091184434476311083e-14
1.262791954337316724e-14
-5.579304379610405817e-16
4.475586568020162304e-15
-1.121411991045206946e-14
-1.305682992280843280e-14
3.641618256944312293e-15
1.472346550235315021e-15
-4.143170181936106644e-15
-1.199366127246914715e-14
1.475002845557904507e-14
1.272593141976585684e-14
6.193613330540692630e-15
5.306844373664798553e-15
-1.505089455844377255e-14
-4.458130913043145682e-15
-1.263746052249103968e-15
-1.334544454112407408e-14
8.800794294716585142e-15
1.188177160826864309e-14
1.440286691994918655e-14
6.983779873848128261e-15
-8.335563142503055190e-15
-1.241975272625595039e-14
1.597246640505645132e-15
4.023257421659209854e-15
-2.149365754822163410e-14
-1.596400962811106439e-14
7.328556164698518671e-15
-1.197176038858493996e-15
1.979080961611590084e-14
1.481432164440743549e-14
-5.316927453868913744e-16
-6.044643952041184320e-15
-1.009847587496448540e-14
-1.891629214378909296e-14
9.662192920756318415e-15
8.432273976288762185e-15
1.596379278767656729e-14
2.348078328995306663e-14
2.320561277857624560e-14
1.731058872633806089e-14
1.041462922846125849e-14
1.747517061612136047e-14
-1.530806731375733420e-14
-1.007310554412832460e-14
-4.171793119289723961e-15
-1.451247975958747105e-14
2.119636931252610879e-14
1.655923662080560632e-14
1.316351541658100643e-14
1.285148203133967826e-14
-1.936688656667406860e-14
-1.877686374440745709e-14
-8.073836738065054419e-15
-1.472715178973960093e-14
-2.040620276921867315e-14
-2.284283873166259582e-14
9.380517196344584363e-16
-1.734723475976807094e-17
2.210211180742049919e-14
1.238158880978446064e-14
-3.104721341129490497e-15
-5.110929041096667902e-15
-1.489108315821940920e-14
-1.716682351826648301e-14
1.078260744580283870e-14
5.261416302637655917e-15
2.244775546000887800e-14
2.947533710162542064e-14
2.030493828630852704e-15
5.391737403770413550e-15
1.533126924024852400e-14
1.568320126543731874e-14
-1.701156576716655877e-14
-1.022641173131777492e-14
-9.401767558925300250e-15
-1.156301616955790479e-14
1.981704730869005004e-14
2.152184680470625722e-14
1.710177138791735274e-14
1.500557490763387847e-14
-2.333593387970900324e-14
-1.447236427920550739e-14
-1.193251226994096470e-14
-1.764083670807714554e-14
2.093355870591562251e-14
1.902514604190663761e-14
8.522479597039556154e-15
-1.648420983046960941e-15
1.814499071828290511e-14
1.900107675367745941e-14
-1.151856388048599911e-15
-2.363777576452896767e-15
-1.843815898572298551e-14
-2.292588861807498546e-14
1.326846618687760326e-14
4.988631036040303002e-15
2.295516207673209408e-14
2.835448889570990616e-14
-2.631792353491313463e-15
6.613633252161577047e-15
-1.681662621655366507e-14
-2.423105119331303570e-14
-7.893642336997963582e-15
-1.486571282738324840e-14
-4.352421201225809000e-15
-7.483813915798442906e-15
1.998900177324625105e-14
1.773256021186941922e-14
7.462129872348732817e-15
1.542906427620671650e-14
-1.545942193703631062e-14
-1.194487217470729945e-14
-8.999528552933178105e-15
-1.054538401046301033e-14
1.107816095802238721e-14
1.507691541058342466e-14
1.250193525093035163e-14
7.347204442065269347e-15
1.529353900464602845e-14
1.736956932452127234e-14
-3.471615356298585198e-15
1.227316859253591019e-16
-1.509686473055715794e-14
-1.761936950506193256e-14
5.001424621675631954e-15
5.624190349551305701e-15
1.550300686437022790e-14
1.494507642640918732e-14
-2.554597158810345547e-15
-1.454999315475546950e-15
-1.712041966528410342e-14
-9.552688501335282467e-15
6.738533342431907158e-15
1.361757928641793569e-16
-2.190522069289713158e-15
-9.085397364994030056e-15
1.472303182148415601e-14
9.069568013275741691e-15
5.502542865798432103e-15
1.262553429859369913e-14
-1.165040286466023645e-14
-1.300175245244616917e-15
-3.643569820854786201e-15
-1.156952138259281782e-14
1.074422668889685184e-14
5.156465532341059088e-16
5.759498780677496654e-15
3.607357468293770353e-15
-4.497487451904369493e-15
-7.729277287649161110e-15
4.256577729178090408e-16
-3.781914018063936567e-15
-3.607791149162764555e-15
-1.260493445731647455e-15
-8.325371642081691448e-15
-1.029341542557737910e-15
2.486075581509261667e-15
-4.998172015158175441e-16
-2.352285033424550420e-15
-3.961891578696530303e-15
-2.634611279139775775e-16
2.056731521205001911e-15
3.732474398998597565e-15
-3.426078865054194011e-15
3.389432831624183962e-15
7.771561172376095783e-15
6.594334453491335069e-15
6.789274004104228766e-16
-3.758278410703752570e-15
1.690704867773895614e-15
-1.803245053277890975e-15
4.274792325675846882e-15
6.067845878532374115e-15
-3.374037160774889799e-15
1.010476424756490132e-16
-8.618323069087274746e-15
-4.995136249075216028e-15
9.224392083506671725e-16
2.756258762892649372e-15
-1.085720055526984140e-14
2.580401170515500553e-16
2.188787345813736351e-15
4.529579836209940424e-15
7.829240727952324619e-15
-6.419344222852174653e-15
-8.064295758947181980e-16
-1.161744311861667711e-14
-1.092203584518447457e-14
4.475586568020162304e-16
-8.304338119935472662e-15
9.756518509762557301e-15
1.186225596916390401e-14
2.883977778811441794e-15
-2.051744191211568591e-15
-5.337310454711641228e-15
-7.279767066936670972e-15
4.160300576261377614e-15
2.125036258071588691e-17
-9.974876827301137894e-15
-3.051161753808706578e-15
1.063233702469634778e-14
1.699248380893081389e-14
7.898412826556899802e-15
7.292126971703005722e-15
-1.185770232003946489e-14
-1.314942078833869488e-14
-9.900066877399638088e-15
-1.595858861724863687e-14
1.205741236021129481e-14
4.488596994089988357e-15
2.819359329331305730e-15
7.304270036034843372e-15
-2.135097654232254172e-14
-7.778066385411008810e-15
-9.409356974132698781e-15
-5.476738854093277098e-15
-1.948788352912345090e-14
-1.946294687915628430e-14
-2.056297840336007710e-15
-3.813139040631519094e-15
1.689750769862108370e-14
9.925003527366804690e-15
-3.621885777405076112e-15
-1.026696089256873279e-14
-1.383160079526657427e-14
-1.553921921693124375e-14
2.949680430464063363e-15
8.109832250191573166e-15
1.386781314782759011e-14
1.406578846452344322e-14
2.133709875451472726e-14
1.024419264694653720e-14
1.145177702666089203e-14
1.902341131843066080e-14
-1.435353572110109610e-14
-2.074122124051669402e-14
-1.001000497768966824e-14
-1.244208729100915178e-14
2.070956253708011729e-14
1.563809845506192175e-14
2.216976602298359467e-15
1.131776963814168369e-14
-2.141949811962362560e-14
-1.618778895651207250e-14
-1.592346046686010652e-14
-1.422364830083733267e-14
-2.661738017495363096e-14
-2.727093724452789303e-14
-1.742096050749708525e-15
-5.158633936686030097e-16
1.979341170132986605e-14
1.428197837771705281e-14
-6.270591684787163445e-15
-1.104541805241332497e-14
-2.070500888795567818e-14
-2.453289307813300013e-14
1.882391811869332798e-15
2.216976602298359467e-15
2.058379508507179878e-14
2.231569963540014356e-14
-1.167468899332391175e-15
-4.464744546295307259e-15
1.889851122816033069e-14
9.276000106916981736e-15
-2.081104386042476051e-14
-1.756017206644422401e-14
-1.337710324456065081e-14
-9.469855455357389928e-15
1.561619757117771456e-14
1.694998308376938212e-14
6.825920037534238816e-15
1.114950146097193340e-14
-2.618630139117339439e-14
-2.048448216607212657e-14
-1.299719880332173005e-14
-2.151252266602288188e-14
8.154067698828981747e-15
1.537420364627894998e-14
1.807798702402330093e-15
6.648327721681113189e-16
1.500514122676488427e-14
1.175470311365334197e-14
-1.099966472073443668e-14
-4.461275099343353645e-15
-2.400987395012599279e-14
-1.882717072521078450e-14
-2.084920777689625027e-15
1.960454368288289118e-15
1.445761912965970453e-14
2.726161310584451769e-14
-7.188260403578894397e-15
2.847331745381431745e-15
-2.220879730119307283e-14
-2.555225996070387140e-14
-1.107035470238049157e-14
-1.633133732414915329e-14
-1.104151492459237716e-14
-1.366398313940031528e-14
1.052369996701330024e-14
1.720130114735152205e-14
5.322131624296844166e-15
4.139483894549655929e-15
-2.154526557163194411e-14
-2.020974533556429975e-14
-1.022511068871079232e-14
-1.380839886877538447e-14
1.334349297721360017e-14
6.186240755767791200e-15
1.020017403874362572e-14
4.663153543860154571e-15
5.957474097373349764e-15
1.449144623744125226e-14
-4.036051007294538806e-15
-2.812854116296392704e-15
-1.718048446563980036e-14
-1.840541608011392327e-14
8.899565112630014596e-15
-5.748439918518144509e-15
8.040443311152500883e-15
8.957461508640740533e-15
-5.074283007666657852e-15
2.966160303485843031e-15
-1.718677283824021629e-14
-1.542212538230280927e-14
4.799979858027825230e-15
1.662081930420278297e-15
-9.720522997636038554e-15
-8.985433924690866547e-15
1.146652217620669489e-15
9.418681112816074119e-15
3.946495907847236140e-17
1.184816134092159245e-15
-1.363579388291569217e-14
-3.644437182592774604e-15
-2.361392331673428657e-16
-1.093266102647483251e-14
2.820877212372785436e-15
3.264966422222848053e-15
5.040022219016115912e-15
1.405126015541213746e-16
-1.169637303677362183e-14
-7.882800315273108538e-15
-8.769244011497256963e-15
6.045619733996421274e-15
-9.422475820419773385e-15
-9.692116900716918337e-15
-2.775123880693897149e-15
3.913753002238173906e-15
2.073211394226781579e-15
9.177771390089795034e-16
-5.244069067877887846e-15
-5.605433651967306474e-15
-1.034979393854662533e-15
-1.409939873187049386e-14
-1.290959526778490130e-15
3.657881289531594859e-15
1.432859907113392950e-14
3.819210572797437919e-15
6.458375501061652812e-15
5.497121854936004581e-15
4.068577072469103939e-15
3.776709847636006145e-15
-1.081296510663243282e-14
-4.486428589745017348e-16
-1.125315118866154762e-14
9.768011052790903648e-15
1.128437621122913015e-14
-4.618050733484757586e-15
-1.251386147482769218e-15
2.114194236346733646e-15
-1.248567221834306906e-15
-1.555309700473905821e-14
-5.893289328762207901e-15
8.694434061595757157e-15
-3.304648221735817515e-16
-7.847238484015583992e-15
1.346145417358002305e-15
-1.462155049813951280e-15
-3.328500669530498612e-16
-7.988835287742190872e-15
-5.436406533276816333e-15
-1.266109612985122368e-14
4.589644636565637370e-15
-7.307522642552299885e-16
-3.989213473443165014e-15
-1.832952192803993796e-15
1.199366127246914715e-14
-1.099597843334798597e-15
-8.919948113472742079e-15
-8.062561035471205173e-15
3.188096488193625788e-15
3.263665379615865447e-15
-6.485697395808287524e-16
5.162320224072480812e-15
4.895606489641046721e-15
-8.242755436538296010e-15
-8.252946936959659752e-16
-1.413040691400357929e-15
-8.256199543477116265e-16
1.525472456687104739e-15
-3.161208274315985278e-15
-7.225448538095147200e-15
6.460760745841120922e-15
5.771967105661079955e-15
5.022783404473596391e-15
3.022864077106834912e-15
1.393633472512867399e-15
-3.215743643592006151e-15
-3.774541443291035137e-15
-1.118116016440851013e-14
4.393729303997506719e-15
-3.540787454903160381e-15
1.618063322217366817e-15
-2.755933502240903721e-15
-2.836923404525570902e-15
-2.607289384393141063e-15
4.491849600607444870e-16
-9.213550061781816680e-16
-6.537739100087591737e-16
-1.694933256246589082e-15
1.127244998733178960e-15
5.958775139980332369e-16
9.272747500399525222e-15
-7.640806390374343948e-15
3.278627369596165408e-16
-3.521054975363924200e-15
5.294809729550209454e-15
-7.809725088847585539e-15
6.318730261245519841e-16
-2.521854253201283314e-15
2.734357879008442183e-15
4.196079247953399260e-15
4.324231944741185885e-15
-1.831000628893519888e-15
1.739493965535743314e-15
-7.189778286620374104e-15
2.722431655111101634e-15
-8.128697367992820944e-15
5.015519249917943512e-15
3.087807787238716628e-16
4.288236432614667137e-15
-3.522572858405403906e-15
8.424034039777872351e-15
-5.947282596951986022e-15
8.016590863357819785e-16
3.282530497417113224e-15
-2.658463726934456872e-15
-3.182350216679452615e-15
-3.184301780589926523e-15
1.431146867680865853e-17
-2.345129299086146091e-15
-1.008741701280513325e-15
3.430849354613130231e-15
-2.217193442732856568e-15
-5.023542345994336245e-15
-6.506297237085512108e-15
2.128505705023542305e-15
-2.784448019377272487e-15
6.249991843509938860e-15
-1.010346320495791872e-14
1.607654981361505975e-15
-1.928578824417215287e-15
9.101877238015809723e-15
-4.408366033326061029e-16
4.580537338316759133e-15
-4.333122402555567021e-15
2.998469528225911063e-15
-5.447031714567174276e-15
-1.471262348062829517e-15
-5.181619022742722791e-15
1.131402503720208529e-02
1.131400890517399518e-02
1.131399022383969624e-02
1.131403594151700331e-02
1.131406148135076853e-02
1.131403964147266808e-02
1.131404790597780562e-02
1.131404652644312642e-02
1.131403353795397415e-02
1.131400217137241287e-02
1.131398344040392481e-02
1.131404185044670302e-02
1.131405122495337222e-02
1.131402607431327215e-02
1.131405612991258532e-02
1.131404822972705351e-02
