-1.814996529618560783e-02
-1.815505054426100676e-02
-1.815620747458273829e-02
-1.815949141849764609e-02
-1.815924952403345782e-02
-1.815425720298456322e-02
-1.815312900035371754e-02
-1.814977541956259988e-02
-1.815001149310645559e-02
-1.815506478148095487e-02
-1.815618819024170105e-02
-1.815946553796863108e-02
-1.815922517458993038e-02
-1.815428760115325030e-02
-1.815317755912035022e-02
-1.814976356735718138e-02
1.103370866895048152e-14
7.422448072835763355e-16
-6.028164079019404653e-16
7.800617790598707302e-15
1.106927050020800607e-14
2.352718714293544622e-15
-6.175615574477433256e-16
6.070231123311842225e-15
9.260387595633190472e-15
2.947295185684595253e-15
-4.952635523913784255e-16
6.506080396651015008e-15
7.945467200842770694e-15
9.384854005034526381e-16
-8.996709627284715793e-16
8.295447662121091525e-15
2.755608241589158069e-15
4.462576141950336250e-16
1.675309196924601451e-15
4.157264810178418202e-15
3.726186026398181639e-15
-2.255140518769849223e-16
1.309716224362489356e-16
6.378578221166719686e-15
2.920406971806954743e-15
-3.686287386450715076e-16
4.948298715223842237e-16
4.018486932100273634e-15
2.174475877136927693e-15
-3.868433351428279821e-16
2.025723339071916484e-15
1.826230139334583669e-15
3.380542373809802825e-16
-1.089861707825878767e-14
-1.613921669918472190e-14
-4.500306377552831805e-15
2.270319349184646285e-16
-8.276365703885346647e-15
-1.502010321674518423e-14
-3.725101824225696134e-15
7.901665433074356315e-16
-7.819049227530960877e-15
-1.187504955479923296e-14
-1.517232520176214905e-15
2.093160714200514860e-15
-1.200602117723548190e-14
-1.395238091728145946e-14
-2.501688092793052931e-15
5.516420653606246560e-16
4.586175189613683756e-16
8.773363979752701880e-16
1.798040882849960553e-15
1.038015159937621945e-15
-1.843143693225357538e-17
-2.686652983419079987e-16
4.271106038289396167e-15
1.562118490117114789e-15
-5.421010862427522170e-17
8.968520370800092678e-16
3.206202664474133712e-15
1.998401444325281773e-15
7.264154555652879708e-17
2.299375967407257804e-15
1.788933584601082316e-15
1.640614727405065310e-15
-2.527058423629213735e-15
-1.422473250300981817e-15
4.760948579818347071e-15
2.758210326803123280e-15
-2.731972634228974073e-15
-3.996369207781569344e-15
1.599415044850616141e-15
4.068793912903601040e-15
-4.058602412482237298e-15
-6.079338421560720462e-15
2.381341651647161939e-15
2.163633855412072649e-15
-4.672477682543529909e-15
-3.032079795572961700e-15
4.532832442727396938e-15
1.218643241873706984e-16
-2.508843827131457260e-15
-2.140215088486385753e-15
1.983873135213976013e-15
1.837722682362930016e-15
-2.023771775161442577e-15
4.104355744161125585e-15
2.161031770198107438e-15
1.819291245430676440e-16
2.376571162088225719e-16
7.080057026764841055e-15
6.705139915519353622e-15
-2.038300084272748336e-16
-1.623918013948788541e-15
-9.096456227153382201e-16
3.020587252544615353e-15
2.909564950082099699e-15
-1.047339298620997283e-15
-2.700097090357900242e-15
2.409097227262790852e-16
2.435118079402442959e-15
-2.161899131936095841e-16
-4.502257941463305713e-15
3.165002981919684544e-15
5.881796785733861554e-15
-5.617468296081895573e-15
-5.344899869919039759e-15
4.518954654919582481e-15
4.088743232877334322e-15
-2.254273157031860819e-15
-2.482822974991805154e-15
1.735157156845801296e-15
-3.088024627673213729e-15
3.374254001209386900e-15
1.252101720916609651e-14
-9.882285961770875815e-15
-7.526965162263365983e-15
8.073403057196060217e-15
1.368696822545700797e-14
-5.538321537490453750e-15
-5.418191936779059859e-15
2.275523519612576706e-15
-1.618063322217366817e-15
9.841086279216426647e-15
-2.297858084365778097e-15
1.853552034081218380e-15
2.315422159560043269e-15
4.913387405269808994e-15
4.894522287468561217e-15
-3.054197519891665991e-15
4.013716442541337415e-16
7.311859451242241903e-16
8.042611715497471891e-15
-6.197082777492646244e-15
-8.406686805018104280e-15
9.937580272567636541e-15
1.028517548906648926e-14
-3.671325396470415114e-15
-1.052890413744123066e-14
4.567310071812435979e-15
1.745565497701662139e-16
-4.116932489361957437e-15
-9.746760690210187761e-15
3.152859917587846894e-16
-7.311208929938750600e-15
2.955968803064479289e-15
2.318674766077499783e-15
-4.262649261344009233e-15
-6.163689350580092707e-15
3.493299399748295286e-15
-1.508125221927336668e-15
-6.340197464260732829e-15
6.745905917204808588e-16
-2.909131269213105497e-15
4.227954791824473091e-15
3.178880769727499001e-15
1.107404098976694229e-15
3.185385982762412027e-16
4.588126753524157664e-15
-1.021318446481345177e-16
5.847752837517816715e-15
-3.673710641249883224e-15
2.171223270619471180e-15
7.474272936680570467e-15
1.502270530195914944e-15
-1.561901649682617688e-15
-6.804452834519025828e-16
1.653928730083187304e-14
5.219349258345218345e-15
-3.386397065541224549e-15
-2.495399720192637005e-15
1.397016183291022173e-14
7.487717043619390722e-15
-6.399178062443944270e-15
3.869300713166268224e-15
6.822884271451279403e-15
-4.592680402648596782e-16
9.376180387654642345e-16
-9.882502802205372916e-15
-1.210923722405610192e-14
-2.621384012635452621e-15
2.145202418479819073e-15
-1.905463634099824333e-14
-9.141125356659784984e-15
1.271118627022005398e-15
4.388850394221321949e-16
-1.370323125804429054e-14
-6.309406122562144503e-15
2.701831813833877050e-16
-3.062220615968058723e-15
-6.834593654914122851e-15
-1.350287069656896932e-14
1.069890703808695775e-15
3.252606517456513302e-15
7.246807320893111637e-16
-6.179952383167375274e-16
1.443723612881697704e-15
4.639084255630976372e-15
-5.971785566050158423e-16
1.082033768140533425e-16
1.358071641255342854e-15
3.292505157403979865e-15
-2.551561392727386135e-15
1.999268806063270176e-15
3.746135346371914920e-15
1.830350107590028585e-15
2.120048928078155370e-15
-1.057747639476858126e-15
-3.710790355548887476e-15
-2.971364473913773452e-15
8.803287959713301802e-15
5.868569519229538400e-15
-8.059958950257239962e-16
-5.705071831618724332e-16
1.663469709201059743e-14
8.734115861108726619e-15
-2.868148427093153430e-15
-1.643650493488024722e-16
1.291913624690277373e-14
1.398924379114596661e-14
-2.362259693411417061e-15
-1.341591768233563187e-15
6.200335384010102757e-15
1.263746052249103968e-14
1.027823659516258203e-15
-2.886796704459904106e-15
5.842765507524383395e-15
9.699272635055322667e-16
5.906733435701028156e-16
-1.180067328576672736e-14
-5.654114329511905623e-15
4.624989627388664815e-15
-1.653191472605897161e-15
-9.591936619979257728e-15
-7.622374953442090373e-15
5.594916890894197081e-15
-4.600920339159486616e-15
-4.347433871232375679e-15
-2.706602303392813269e-15
9.905704728696562711e-15
-2.308700106090633142e-15
-8.396061623727746337e-15
-3.646605586937745613e-15
-3.344763702117781179e-15
8.435092901937224497e-16
1.180479325402217228e-15
-4.711942641622002270e-15
-1.700245846891768053e-15
1.537398680584445287e-15
6.433655691528983311e-16
-1.104151492459237716e-14
2.859041128844275192e-15
2.130890949803010415e-15
-3.907464629637757980e-15
-1.003797739373979425e-14
6.240667704826563522e-16
2.725033740325066844e-15
1.273937552670467710e-15
-4.932252523071056771e-15
1.175275154974286806e-16
1.434399474198322366e-15
4.911869522228329288e-15
2.441189611568361784e-15
-1.169420463242865083e-15
-9.042246118529106980e-17
-1.882608652303829899e-15
3.006709464736800896e-15
-2.759945050279100087e-15
-1.291935308733727084e-15
-3.213358398812538042e-15
-4.163553182778834127e-15
8.276799384754340849e-16
4.457805652391400031e-15
-8.057790545912268954e-16
5.515986972737252358e-15
3.415020002894841866e-15
-1.284996414829819855e-15
-5.617685136516392674e-15
1.966309060019710842e-15
1.312231573402655727e-14
4.595065647428064892e-15
-8.504481840976296780e-16
1.373033631235642815e-15
9.542497000913918725e-15
4.830120678422922254e-15
5.135865691063834504e-15
1.350699066482441424e-15
2.554163477941351346e-15
2.423842376808593713e-15
-3.294890402183447975e-15
4.026076347307672165e-15
9.636388909051163409e-16
3.358858330360092737e-15
5.169475958410885141e-15
-7.242470512203169619e-15
-1.415534356397074589e-15
-1.471912869366320820e-15
5.105724870668737481e-15
-4.732759323333723955e-15
-2.467210463708013890e-15
-3.111443394598900625e-15
1.782645212000666390e-15
2.154309716728697310e-15
-4.939408257409461100e-15
7.282585992585133283e-15
-1.665117696503237710e-15
-4.364564265557646650e-15
-2.577148563998044040e-15
6.977925182116706537e-16
-4.503775824504785419e-16
-3.506092985383624239e-15
1.294754234382189395e-15
5.507963876660859626e-15
7.368888485514979436e-15
-1.665334536937734811e-15
-1.620014886127840725e-15
2.592544234847338203e-15
7.207342361814639276e-15
-2.078198724220214899e-15
-1.136677557633802849e-15
-4.459757216301873939e-15
3.113828639378368734e-16
4.220148536182577459e-15
-6.454038692371710795e-15
-4.708906875539042858e-15
1.422473250300981817e-15
-1.026739457343772699e-15
-1.046688777317505981e-14
-1.399401428070490283e-14
-1.913399994002418225e-15
1.674008154317618846e-15
-6.165424074056069514e-15
-1.349029395136813747e-14
-3.658314970400589061e-15
1.410980707272635470e-15
-9.817667512290739751e-15
3.809669593679565480e-15
4.072263359855554654e-16
-1.585103576173807483e-15
-2.896988204881267848e-15
-3.571361956167251606e-15
4.062722380737682215e-15
4.293006922173603357e-15
-6.030332483364375662e-16
1.174841474105292605e-15
4.391018798566292958e-16
-6.889020603972895174e-16
2.055647319032516407e-15
5.532900526628026228e-15
-8.920815475210730483e-16
-7.706509042026965517e-16
-2.453766356769193635e-15
-1.729302465114379572e-15
1.003450794678784064e-14
1.015528806880272583e-14
-1.007006977804536518e-15
-1.032160468206200221e-16
2.492580794544174694e-15
3.888599511836510203e-15
1.580116246180374162e-15
-1.784379935476643197e-15
6.774312014123928805e-15
2.862293735361731706e-16
-5.840597103179412386e-15
1.507474700623845365e-15
8.152549815787502041e-15
2.466776782839019688e-15
-7.795847301039771082e-15
-1.089254554609286885e-14
-7.882149793969617235e-15
9.514741425298289812e-15
1.020667925177853874e-15
-3.969480993903928834e-15
3.483324739761428646e-15
5.149526638437151860e-15
5.741067343745243079e-15
-2.816106722813849217e-15
7.439144786292040123e-15
8.486267244478540306e-15
1.577514160966408951e-15
-7.007632321642809359e-15
4.657949373432224149e-15
1.133338214942547495e-14
4.522857782740530297e-15
-1.655143036516371069e-15
-7.878680347017663621e-15
2.165585419322546556e-15
-1.403391292065236939e-15
-7.222087511360442136e-15
-7.840733270980670966e-15
-3.005408422129818291e-15
2.399556248144918413e-15
-1.333546988113720744e-14
-5.354657689471409299e-15
-8.359198749863239186e-16
3.972950440855882448e-15
-1.134921150114376331e-14
-1.067787351594073897e-14
-3.334572201696417437e-15
4.919458937435727819e-15
-4.943961906533900219e-16
4.141652298894626938e-16
-3.687588429057697681e-15
-2.949029909160572061e-15
1.011994307797969839e-15
1.925109377465261673e-15
-5.710276002046654753e-15
2.261645731804762249e-15
-7.480994990149980595e-16
2.602085213965210642e-17
-3.904862544423792770e-15
-2.273571955702102798e-15
7.908170646109269342e-16
2.183149494516811728e-15
-3.648123469979225320e-15
-6.258882301324319997e-15
5.395857372025858467e-15
1.127548575341474901e-14
7.507015842289632701e-16
6.487215278849767230e-15
3.875805926201181251e-15
7.761152831520234940e-15
-2.274222477005594101e-15
1.554962755778710459e-15
1.560448818771487112e-14
4.951985002610292952e-15
3.904862544423792770e-15
1.765081136806401219e-15
7.267407162170336221e-15
1.669844817975274509e-14
3.511730836680548862e-15
3.558351530097425552e-15
-1.122713033652189552e-14
-5.555885612684718922e-15
-4.060987657261705408e-15
4.765285388508289088e-15
-5.897842977886647020e-15
-1.337905480847112472e-15
7.034520535520449869e-15
-9.921967761283845277e-15
-1.081253142576343862e-14
-5.550681442256788500e-15
3.926112907004508656e-15
-4.267419750902945452e-16
-2.252061384599990390e-14
-5.420143500689533766e-15
-3.176495524948030891e-15
5.395423691156864265e-15
4.854840487955591755e-15
3.238728729648698845e-15
-3.907898310506752182e-15
6.615801656506548056e-15
8.862268557896513244e-16
-5.308904357792521012e-15
-1.001802807376606097e-15
4.062939221172179316e-15
-1.995148837807825259e-15
-4.698064853814187813e-15
-7.668778806424469963e-15
8.097255504990741315e-15
4.120185095879413950e-15
-4.142085979763621140e-15
-4.422677502002869687e-15
5.742585226786722785e-15
-4.613713924794815568e-15
3.607357468293770353e-15
-2.716143282510685708e-15
-6.648761402550107391e-15
1.881090769262350193e-15
1.108921982018173935e-15
5.312590645178971727e-15
3.326115424751030503e-15
8.664943762504151437e-16
6.782985631503812840e-15
7.788908407135863854e-16
2.166669621495032061e-15
3.998537612126540353e-15
6.755013215453686826e-15
1.450662506785604933e-15
-4.827735433643454144e-15
6.394841253754002253e-15
-3.763048900262688790e-15
-7.805821961026637723e-15
1.294906022686337366e-14
3.344113180814289876e-15
-1.358331849776739375e-14
-1.262531745815920203e-14
7.690679690308677152e-15
1.978018443482554289e-15
-7.220786468753459530e-15
-1.109138822452671036e-14
-1.782428371566169290e-16
-6.444497713253838356e-16
-9.041378756791118576e-15
-1.016092592009965045e-14
6.243703470909522935e-15
-4.193694003173931151e-15
1.489260104126088891e-15
-7.922048433917083798e-15
3.950832716537178158e-16
7.619772868228125162e-16
8.707661328100080311e-15
2.252538433555884012e-15
-2.079933447696191706e-15
-4.310354156933371428e-15
2.363560736018399666e-15
2.705951782089321966e-15
7.409437646765937302e-16
1.102416768983260908e-15
1.893016993159690742e-15
-1.645168376529504428e-15
-2.320409489553476590e-15
-5.476088332789785795e-15
8.895011463505575477e-15
-1.755323317254031679e-15
-5.967448757360216405e-16
-2.777075444604371057e-15
-4.527628272299466516e-16
-6.953205372584037036e-15
-2.987627506501056018e-15
3.194059600142296063e-15
-4.925964150470640845e-15
1.219944284480689589e-15
-3.012347316033725519e-15
-1.066854937725736363e-16
1.718243602955027427e-15
2.694892919929969821e-15
4.808436634973212165e-15
-4.514184165360646261e-15
4.744468706796567403e-16
3.950182195233686855e-15
-5.068211475500739027e-15
-5.740633662876248877e-15
7.491403331005841437e-15
1.019431934701220399e-14
-7.863067835733872357e-15
3.157847247581280214e-15
2.239311167051560858e-15
9.279035872999941148e-15
-3.989430313877662115e-15
-3.623620500881052919e-15
1.014596393011935049e-15
-2.213940836215400054e-15
1.442856251143709301e-15
-1.318823522611367594e-15
-3.615597404804660187e-15
6.500876226223084586e-16
7.372574772901430151e-16
4.150325916274510973e-16
-3.530595954481796639e-15
3.172158716258088873e-15
-7.687643924225717740e-15
-5.493869248418548068e-15
-3.485709984540896755e-15
5.096617572419859243e-15
-4.216679089230623845e-15
-4.105656786768108191e-15
-7.877812985279675217e-16
4.966079630852604510e-15
-1.814303915437243120e-15
1.038643997197663538e-14
9.194684943980568903e-15
2.283329775254472338e-15
-1.353517992130903735e-15
2.665836301707358302e-15
1.330511222030761331e-14
7.114534655849880096e-15
4.068143391600109737e-15
4.681584980792408146e-15
1.061694135384705362e-14
8.262487916077532191e-15
-4.238796813549328135e-15
1.104780329719279308e-14
1.337320011673970299e-14
5.992819088196377209e-15
-1.485356976305141075e-16
-3.870168074904256628e-15
2.671474153004282925e-15
1.026956297778269800e-15
-2.099015405931936584e-15
-6.609730124340629231e-15
-1.914701036609400830e-15
-3.224417260971890187e-15
-3.376639245988855009e-15
-5.234528088760015407e-15
-4.865899350114943900e-15
8.006182522501958942e-15
-4.587909913089660563e-15
-9.419548474554062523e-15
-1.600716087457598746e-15
4.151193278012499377e-15
-6.480926906249351305e-15
-1.861358289723114012e-15
-3.445594504158933091e-15
-3.995935526912575142e-15
-5.572799166575492791e-15
-5.026361271642798556e-15
3.973817802593870852e-15
-2.816323563248346318e-15
-8.468920009718772235e-15
7.671814572507429375e-16
-4.894088606599567015e-15
-5.881146264430370252e-15
-9.713150422863137123e-15
-9.194034422677077600e-17
-4.312088880409348235e-15
-5.551982484863771106e-15
-3.766952028083636606e-15
1.815022838527652338e-02
1.815159512824934124e-02
1.815240714935746624e-02
1.815837051214676950e-02
1.815907267651299672e-02
1.815773440560734114e-02
1.815687821190274318e-02
1.815090555690654361e-02
1.815023208718900480e-02
1.815155552004760892e-02
1.815236190534744165e-02
1.815840179409181077e-02
1.815910464696104260e-02
1.815773007571804334e-02
1.815686884874312748e-02
1.815086288141916013e-02
