5.692200060000000228e+00
5.528731630000000230e+00
3.941715890000000222e+00
2.948114139999999939e+00
-1.177707000000000198e-01
-1.359465989999999902e+00
-4.108271450000000158e+00
-4.870691489999999568e+00
-5.692200680000000013e+00
-5.528731930000000183e+00
-3.941716790000000081e+00
-2.948115019999999920e+00
1.177702999999999944e-01
1.359465289999999937e+00
4.108271239999999658e+00
4.870691240000000199e+00
5.278594819118021420e+00
4.567280230775685013e+00
2.158355527501462756e+00
7.841993276388762313e-01
-2.226223098526334709e+00
-3.458260941998732019e+00
-5.306687870300876853e+00
-5.674895147257637440e+00
-5.278596059136831720e+00
-4.567280423287904512e+00
-2.158355702186510960e+00
-7.841997613294486857e-01
2.226223222764680987e+00
3.458261051987141066e+00
5.306687445775675194e+00
5.674894007020916398e+00
3.931413982160346876e+00
2.785455857136859947e+00
-3.989878357557222199e-03
-1.436139917570720126e+00
-3.937136855932904744e+00
-4.816438690108584275e+00
-5.563857659896022767e+00
-5.375423074104876520e+00
-3.931414477574946886e+00
-2.785455067296345621e+00
3.989939345976775513e-03
1.436140638510164935e+00
3.937138376507693049e+00
4.816436565691774696e+00
5.563855482313207368e+00
5.375422227554263799e+00
2.076821096341959105e+00
7.059718098398304331e-01
-2.073381988175914348e+00
-3.302438314740776981e+00
-5.008992359954463680e+00
-5.376317398259621072e+00
-5.010424749460155702e+00
-4.300850491012072396e+00
-2.076820195470600261e+00
-7.059710687147816577e-01
2.073382052499203709e+00
3.302438355786766255e+00
5.008992716787416200e+00
5.376316439776235967e+00
5.010423005984847578e+00
4.300850146290846610e+00
-5.858384638550978921e-03
-1.421951774228588539e+00
-3.904550267600558122e+00
-4.774056672564114479e+00
-5.516022972435358440e+00
-5.329589998486103042e+00
-3.896294894933360897e+00
-2.763138492450823325e+00
5.859994905987151934e-03
1.421953233378943970e+00
3.904551310466597869e+00
4.774057648876134152e+00
5.516018539975693358e+00
5.329584976327814694e+00
3.896296401381413865e+00
2.763140851872328163e+00
-2.111550983360904965e+00
-3.351406045572916437e+00
-5.091562039057073719e+00
-5.462127446870898240e+00
-5.089031866185369068e+00
-4.373242144918995322e+00
-2.105430269027875223e+00
-7.225134019200611935e-01
2.111554929991796392e+00
3.351410337596757216e+00
5.091561089479154312e+00
5.462118899664800686e+00
5.089024171263981877e+00
4.373243348867483782e+00
2.105435186100077960e+00
7.225166054918575886e-01
-3.881752136592484526e+00
-4.749786946433209422e+00
-5.486463345920502555e+00
-5.300379146060759439e+00
-3.877330723816201807e+00
-2.746080244615661137e+00
3.161490300598783151e-03
1.416892557458214963e+00
3.881757103151857624e+00
4.749786419101405421e+00
5.486450517280371919e+00
5.300368016604656063e+00
3.877334973393256501e+00
2.746087253999023758e+00
-3.157071557904793987e-03
-1.416887063599460816e+00
-5.094863482739733662e+00
-5.465209012688288404e+00
-5.091764564645915314e+00
-4.376330644310876039e+00
-2.105920714916072356e+00
-7.237998948355894857e-01
2.113559656578096746e+00
3.352734616558624925e+00
5.094856621598752078e+00
5.465199576424525141e+00
5.091757476589363840e+00
4.376327950156166935e+00
2.105927835253015079e+00
7.238056768894370885e-01
-2.113551618981741598e+00
-3.352727007733190323e+00
-5.510845794107297024e+00
-5.324080467320266408e+00
-3.894373537748903047e+00
-2.758588671706687645e+00
3.454722363592711409e-03
1.422887753934002797e+00
3.899253800952039661e+00
4.770734853025889954e+00
5.510829459390578222e+00
5.324066629376737581e+00
3.894374569549436949e+00
2.758599296417485025e+00
-3.448646334094195975e-03
-1.422878573956671833e+00
-3.899242797712459740e+00
-4.770739139603177748e+00
-5.079591622708577781e+00
-4.365720279861371900e+00
-2.101094814967449320e+00
-7.218701236788702680e-01
2.108271931463831184e+00
3.344811310314396380e+00
5.082471877149468575e+00
5.452037610927162881e+00
5.079579171705579377e+00
4.365720545112187878e+00
2.101103933252702838e+00
7.218768965594710707e-01
-2.108263413903415984e+00
-3.344801240545567378e+00
-5.082474740119012679e+00
-5.452052602444082297e+00
-3.893187876225236987e+00
-2.758044630850404744e+00
3.671070958292803853e-03
1.422266445780923982e+00
3.898277888411143977e+00
4.769307318793099881e+00
5.509318220969211310e+00
5.322592669802945764e+00
3.893202204948710943e+00
2.758053216702700983e+00
-3.665482621802087972e-03
-1.422262917926867765e+00
-3.898274034346056904e+00
-4.769292345175170311e+00
-5.509339455706711242e+00
-5.322616765299437169e+00
-2.104931213891545472e+00
-7.226331910158816374e-01
2.111288497466899283e+00
3.350576180671434479e+00
5.090588409578175266e+00
5.460970648901568580e+00
5.088009854575349600e+00
4.372586842599010204e+00
2.104941697965312830e+00
7.226379713138849636e-01
-2.111283805957782977e+00
-3.350568524229179612e+00
-5.090577997015990341e+00
-5.460991189784117239e+00
-5.088031861764434893e+00
-4.372575691927962360e+00
3.929558438143492503e-03
1.419941053744835369e+00
3.892834972591402209e+00
4.762238718591210507e+00
5.501331487016885902e+00
5.314992270584999012e+00
3.887439906646291021e+00
2.754384782266539933e+00
-3.924689757660033973e-03
-1.419935166712751773e+00
-3.892822464383445258e+00
-4.762230637616770679e+00
-5.501355320074873489e+00
-5.315015047242069635e+00
-3.887429808625433303e+00
-2.754372144547930112e+00
2.111240391779806380e+00
3.350189652981403476e+00
5.090219299026760957e+00
5.460530425637581509e+00
5.087566409865094563e+00
4.372367876538043596e+00
2.104694264821667993e+00
7.227250255623868247e-01
-2.111235555084371551e+00
-3.350183390139079620e+00
-5.090219702295088133e+00
-5.460536512295113276e+00
-5.087571632647391873e+00
-4.372368374415835035e+00
-2.104688987035064685e+00
-7.227204033237660807e-01
3.897264527740980089e+00
4.768280813303008792e+00
5.508081749823348083e+00
5.321377381792913752e+00
3.892527918489427030e+00
2.757383139544610451e+00
-3.478568047959422482e-03
-1.422085667072949144e+00
-3.897258211386570803e+00
-4.768276926854546183e+00
-5.508090062132711573e+00
-5.321385429062592820e+00
-3.892524624658834753e+00
-2.757377690375748092e+00
3.481967845107976529e-03
1.422089618817848899e+00
5.084694888909154997e+00
5.454419423430250546e+00
5.081849978856039840e+00
4.367752750595360389e+00
2.102073960911366335e+00
7.222944282082485179e-01
-2.109209136304388998e+00
-3.346211824659125256e+00
-5.084693622555144010e+00
-5.454420163121047160e+00
-5.081850630115915202e+00
-4.367752087384475068e+00
-2.102071512316435964e+00
-7.222921005572110476e-01
2.109211720443147531e+00
3.346214972765797491e+00
5.507862874238585782e+00
5.321203827358504945e+00
3.892356096880871252e+00
2.757352292961352980e+00
-3.525394591270640792e-03
-1.421968558382954440e+00
-3.897148616066626214e+00
-4.768046037557239991e+00
-5.507864719663789543e+00
-5.321205465924572664e+00
-3.892351053105504999e+00
-2.757351213444406479e+00
3.526318660728760407e-03
1.421968338855670755e+00
3.897150694455447262e+00
4.768052931889417145e+00
5.087349573243139744e+00
4.372152026760693033e+00
2.104675984801954947e+00
7.226676188436169657e-01
-2.111070813294392945e+00
-3.350042610574261559e+00
-5.089896330172683392e+00
-5.460229425121725377e+00
-5.087353806603406525e+00
-4.372142594343993771e+00
-2.104674955948626636e+00
-7.226683449723029229e-01
2.111068295275257078e+00
3.350042541588466261e+00
5.089908876837132112e+00
5.460227547798279346e+00
3.888167037945743143e+00
2.754894181585542334e+00
-3.875674759702632359e-03
-1.420174375604241090e+00
-3.893444728377731590e+00
-4.763003870175593235e+00
-5.502249521984050595e+00
-5.315906164027367709e+00
-3.888164463452715935e+00
-2.754893945313014569e+00
3.875045472223906818e-03
1.420172866038380777e+00
3.893445621428207382e+00
4.763009609820193724e+00
5.502253950860136023e+00
5.315909212944861295e+00
2.104637442435719930e+00
7.226815247142543974e-01
-2.111042627886979606e+00
-3.350006053786132920e+00
-5.089828868597463973e+00
-5.460136310514606350e+00
-5.087309856703167377e+00
-4.372074071129254946e+00
-2.104639895217820911e+00
-7.226822637175858155e-01
2.111040298761690082e+00
3.350003785367251741e+00
5.089832965321964053e+00
5.460145821023430379e+00
5.087318625583012732e+00
4.372075753970802836e+00
-3.501874224617860642e-03
-1.421954737062142371e+00
-3.897091371481712585e+00
-4.767984435900312512e+00
-5.507781948332680422e+00
-5.321137226606036386e+00
-3.892314041232055377e+00
-2.757313496714800749e+00
3.501738667676808272e-03
1.421953612393153099e+00
3.897089280129170330e+00
4.767986430433209577e+00
5.507792733155016052e+00
5.321148174289612065e+00
3.892314266597758365e+00
2.757310503514955879e+00
-2.109280152094746619e+00
-3.346353223163214263e+00
-5.084856302803708594e+00
-5.454600582640555473e+00
-5.082069481439852154e+00
-4.367938023102337475e+00
-2.102195333495961549e+00
-7.223338112542776468e-01
2.109281378457098732e+00
3.346353803234552782e+00
5.084856477564885679e+00
5.454606613125107195e+00
5.082078149423477242e+00
4.367940229043315803e+00
2.102194803746803231e+00
7.223344114086539536e-01
-3.897154255611960050e+00
-4.768048601139905252e+00
-5.507836518609869003e+00
-5.321233479890033813e+00
-3.892351299998187741e+00
-2.757335164723837106e+00
3.488536306060268256e-03
1.421986551915465080e+00
3.897158906286249280e+00
4.768041455440304333e+00
5.507843842678670221e+00
5.321246429538045497e+00
3.892347614639604547e+00
2.757335771405270641e+00
-3.486661605125822554e-03
-1.421982708932292505e+00
-5.089904891655437247e+00
-5.460206977706688392e+00
-5.087373784715784275e+00
-4.372124995978018624e+00
-2.104641310571791379e+00
-7.226957192796191753e-01
2.111090054672414507e+00
3.350054522349076525e+00
5.089902216980312311e+00
5.460210507016335590e+00
5.087382225963554383e+00
4.372125202287376666e+00
2.104642688277218454e+00
7.226989428519557945e-01
-2.111086208266502506e+00
-3.350050462338140633e+00
-5.502049451542804448e+00
-5.315709977566110744e+00
-3.887958353757297036e+00
-2.754751448069336472e+00
3.897300783167941332e-03
1.420113088563286441e+00
3.893326499294994303e+00
4.762838874634375941e+00
5.502051004851586491e+00
5.315712612981537077e+00
3.887961489750452415e+00
2.754754621623573652e+00
-3.893109117019729476e-03
-1.420108703630008407e+00
-3.893323691107317686e+00
-4.762837287321992186e+00
-5.087592849990856259e+00
-4.372225772441400871e+00
-2.104749452807501253e+00
-7.226488505992390010e-01
2.111122161400035502e+00
3.350245655693986802e+00
5.090088620229374250e+00
5.460430190091348557e+00
5.087593084990370329e+00
4.372229248132125434e+00
2.104755851582258863e+00
7.226547776295022540e-01
-2.111114346987229773e+00
-3.350238208472809731e+00
-5.090090519937580993e+00
-5.460434559296341028e+00
-3.892456059271117930e+00
-2.757465795042679968e+00
3.565535522027772457e-03
1.422025793139144900e+00
3.897424702093669424e+00
4.768296530550630408e+00
5.508136025283853598e+00
5.321527398743468140e+00
3.892460573610429186e+00
2.757471287355502731e+00
-3.558012164631771477e-03
-1.422017498404327007e+00
-3.897419389651286536e+00
-4.768295744655564050e+00
-5.508140073994833408e+00
-5.321528622904506456e+00
-2.101753374489397252e+00
-7.221789116210209913e-01
2.108970110478786353e+00
3.345811433558762538e+00
5.084041900252326940e+00
5.453704993134316226e+00
5.081178748638630616e+00
4.367153817414104466e+00
2.101764753238286598e+00
7.221889308655875528e-01
-2.108954657487283058e+00
-3.345795397798697390e+00
-5.084050521040855308e+00
-5.453718658066524227e+00
-5.081182878274410619e+00
-4.367152221385918409e+00
3.463344594631802276e-03
1.422275256945659594e+00
3.897643357337134518e+00
4.768755542631714306e+00
5.508586553370306227e+00
5.321879127941086196e+00
3.892825540860918032e+00
2.757537605232240008e+00
-3.452962355464883181e-03
-1.422260001051820488e+00
-3.897628868000817093e+00
-4.768766414545265064e+00
-5.508593703813359888e+00
-5.321878883589696407e+00
-3.892828382158109779e+00
-2.757527259201726366e+00
2.111758379245784578e+00
3.350884084174360567e+00
5.091326155361030281e+00
5.461668516364778903e+00
5.088619527586366154e+00
4.373228461440012538e+00
2.105006992338704030e+00
7.229218991173592679e-01
-2.111741962066174150e+00
-3.350868849463637833e+00
-5.091342192968796532e+00
-5.461671556731705124e+00
-5.088613622109908086e+00
-4.373236949144669872e+00
-2.104997488716024989e+00
-7.229099972506463079e-01
3.891618350582689789e+00
4.760809129416305296e+00
5.499631061877425786e+00
5.313319290231990344e+00
3.886188869083523123e+00
2.753414379011993596e+00
-3.900966030823047308e-03
-1.419555172936328713e+00
-3.891606714023498448e+00
-4.760807297707281727e+00
-5.499643348076406646e+00
-5.313328409653610862e+00
-3.886181973911509768e+00
-2.753402751090077150e+00
3.911257053145458969e-03
1.419567405761570145e+00
5.092698148340640607e+00
5.463246535458933906e+00
5.090043024405765948e+00
4.374330141380528225e+00
2.105774820611739262e+00
7.228630921487310124e-01
-2.112149585442836042e+00
-3.351964302941358831e+00
-5.092693953848189459e+00
-5.463260406631089694e+00
-5.090055946384565821e+00
-4.374321788860977556e+00
-2.105761120569354272e+00
-7.228534009238068991e-01
2.112161968487568320e+00
3.351977440161668653e+00
5.512941160911486449e+00
5.326179739974809202e+00
3.895374366358539397e+00
2.760188046132079798e+00
-4.147623409799299117e-03
-1.422783721580465066e+00
-3.901166642894002390e+00
-4.772231214287843137e+00
-5.512950106979482179e+00
-5.326189761585340854e+00
-3.895365704250650207e+00
-2.760176882591617531e+00
4.156794766256109025e-03
1.422793562843765569e+00
3.901175929106937446e+00
4.772238402060783535e+00
5.067640241521125688e+00
4.354717763835666666e+00
2.096694629838007806e+00
7.193486178720125412e-01
-2.102518873587860160e+00
-3.337392426820796842e+00
-5.070030252741536181e+00
-5.439095010860242496e+00
-5.067644535909105130e+00
-4.354715540046345090e+00
-2.096683984002555068e+00
-7.193390609083547549e-01
2.102529934031085013e+00
3.337404185700832748e+00
5.070031933930770229e+00
5.439090620368908446e+00
3.893615057483962971e+00
2.757803971997260017e+00
-3.315231178597506656e-03
-1.422761270454751426e+00
-3.898311945750380314e+00
-4.769844190336981704e+00
-5.509683747040233115e+00
-5.322860707247187406e+00
-3.893609930204503300e+00
-2.757794884884231301e+00
3.323380282392063637e-03
1.422770702270619969e+00
3.898321443579313428e+00
4.769847564533761464e+00
5.509680638908792893e+00
5.322858476048726750e+00
2.105483627209602027e+00
7.258432634860075838e-01
-2.116309070796688729e+00
-3.353269529191783338e+00
-5.098376348436046257e+00
-5.468047141978920500e+00
-5.093902981792714613e+00
-4.379742352106896774e+00
-2.105476810502298513e+00
-7.258360302763986471e-01
2.116317195313138999e+00
3.353276829554001637e+00
5.098378768334741018e+00
5.468049884077719192e+00
5.093906310240072344e+00
4.379745483823841212e+00
1.853728446189850708e-03
-1.405209644160755555e+00
-3.832960557318929595e+00
-4.696906487282311637e+00
-5.422458303525893086e+00
-5.237241076989074706e+00
-3.835584732721295520e+00
-2.709665452071055913e+00
-1.846936381702974543e-03
1.405216626997758178e+00
3.832965517384470111e+00
4.696910583823898477e+00
5.422463494645667126e+00
5.237246737091601823e+00
3.835589516149232825e+00
2.709670935088006161e+00
-2.132940025642383386e+00
-3.383859587318906126e+00
-5.141909559461127266e+00
-5.515810529739460399e+00
-5.138764381410572568e+00
-4.416633518092639932e+00
-2.125516283592899569e+00
-7.302094364712938823e-01
2.132946042812483789e+00
3.383866747569237887e+00
5.141916183411788133e+00
5.515813257919780277e+00
5.138765897092143042e+00
4.416641053605007805e+00
2.125523055356541402e+00
7.302152871939028289e-01
-4.076788002611763773e+00
-4.942833256824802568e+00
-5.728709208800596642e+00
-5.543011060540468549e+00
-4.024839545614303127e+00
-2.896192272436705739e+00
3.674622603147082583e-02
1.447209105363311155e+00
4.076794453476708213e+00
4.942838687030277178e+00
5.728714551494357821e+00
5.543016283485219020e+00
4.024845407609271675e+00
2.896198754752569826e+00
-3.674077812463289600e-02
-1.447203461101658206e+00
-5.303982480000000166e+00
-5.628126960000000345e+00
-5.213824530000000124e+00
-4.587620290000000267e+00
-2.069489850000000075e+00
-8.597571499999999700e-01
2.287130419999999997e+00
3.371751569999999809e+00
5.303989060000000144e+00
5.628132929999999590e+00
5.213830889999998774e+00
4.587627030000001049e+00
2.069495120000000021e+00
8.597629700000000152e-01
-2.287124969999999813e+00
-3.371746439999999900e+00
