5.692200060000000228e+00
5.528731630000000230e+00
3.941715890000000222e+00
2.948114139999999939e+00
-1.177707000000000198e-01
-1.359465989999999902e+00
-4.108271450000000158e+00
-4.870691489999999568e+00
-5.692200680000000013e+00
-5.528731930000000183e+00
-3.941716790000000081e+00
-2.948115019999999920e+00
1.177702999999999944e-01
1.359465289999999937e+00
4.108271239999999658e+00
4.870691240000000199e+00
5.270292522998214046e+00
4.559470641535644297e+00
2.155470344454024634e+00
7.822588190336171587e-01
-2.221998552297020257e+00
-3.453186664676536566e+00
-5.297847951004001743e+00
-5.665803333265150066e+00
-5.270292842980154546e+00
-4.559470994075907946e+00
-2.155470791053217372e+00
-7.822594249941076106e-01
2.221998248070636173e+00
3.453186017039274969e+00
5.297847337208825280e+00
5.665803259462939501e+00
3.925192525243136998e+00
2.779205001435887112e+00
-2.672366562392382034e-03
-1.434806448373079357e+00
-3.928968521266802405e+00
-4.808319739710815277e+00
-5.553726453201138114e+00
-5.365192530160371120e+00
-3.925193736859854621e+00
-2.779204190276202358e+00
2.671982583625370951e-03
1.434806166498624025e+00
3.928966565166976288e+00
4.808319809181476501e+00
5.553728756524448862e+00
5.365190739446441093e+00
2.085166086075322944e+00
7.129510128290214022e-01
-2.087597161867392082e+00
-3.317895320597133324e+00
-5.037484905006792246e+00
-5.405172113246385024e+00
-5.036463600790580308e+00
-4.326154503126982576e+00
-2.085166348230171440e+00
-7.129512673295679281e-01
2.087596790927000345e+00
3.317894866545280763e+00
5.037482701146073438e+00
5.405170225688570085e+00
5.036465786326085770e+00
4.326156431902135502e+00
-4.901215355674166767e-03
-1.421064407773624749e+00
-3.898882169082002580e+00
-4.768430666771128479e+00
-5.508961886891148296e+00
-5.322516447695600839e+00
-3.891962284708442521e+00
-2.758752148881939537e+00
4.901022715458225321e-03
1.421063947138189620e+00
3.898881747887584570e+00
4.768429356726547219e+00
5.508961632920233775e+00
5.322518511380884831e+00
3.891962983712392354e+00
2.758751675924639546e+00
-2.107902682356672219e+00
-3.347259987832700290e+00
-5.084103735301358284e+00
-5.454509562300360770e+00
-5.082107226133157241e+00
-4.366576990009117587e+00
-2.103091136761801483e+00
-7.207580866120147922e-01
2.107902093804358667e+00
3.347259358275515240e+00
5.084103046559753203e+00
5.454510319301033583e+00
5.082109284157999340e+00
4.366577198201673227e+00
2.103090703353568180e+00
7.207579988113905767e-01
-3.886331234903077636e+00
-4.754524406660212144e+00
-5.492293655429043575e+00
-5.306146993781100107e+00
-3.880946510440737462e+00
-2.749500135186134120e+00
3.824271829794016232e-03
1.417783896545005362e+00
3.886330343787721020e+00
4.754523847287480898e+00
5.492295572547250870e+00
5.306148924741632023e+00
3.880946433764858483e+00
2.749499979228053448e+00
-3.824444780167884916e-03
-1.417784252647365184e+00
-5.091018070540073381e+00
-5.461390214514442398e+00
-5.088246309293267267e+00
-4.372806555626968184e+00
-2.104862048859954982e+00
-7.226937862473340468e-01
2.111545373685218330e+00
3.350750808531921088e+00
5.091018772583164598e+00
5.461391529355815955e+00
5.088247440302854585e+00
4.372807728883095990e+00
2.104862005972087058e+00
7.226935361404642766e-01
-2.111545873148047647e+00
-3.350751703775320944e+00
-5.507916521393990017e+00
-5.321027300056027087e+00
-3.892436862273112030e+00
-2.756743541215681770e+00
3.174092617096105871e-03
1.422447193619807315e+00
3.896903150063238730e+00
4.768356607388192892e+00
5.507918700783832833e+00
5.321029258270635331e+00
3.892437407241100544e+00
2.756743588536337164e+00
-3.174182794320566572e-03
-1.422447497562600249e+00
-3.896903899765036705e+00
-4.768356500864792125e+00
-5.080282633830522698e+00
-4.366311557291850498e+00
-2.101286349869861958e+00
-7.219552570312695039e-01
2.108626397025765264e+00
3.345288103692889425e+00
5.083306943622416085e+00
5.452916030173094342e+00
5.080285133183285673e+00
4.366311876946212145e+00
2.101286197824245416e+00
7.219552389605514708e-01
-2.108626916648116190e+00
-3.345289406714017755e+00
-5.083306334599139831e+00
-5.452912832167517543e+00
-3.891575725426567267e+00
-2.756427045317908942e+00
3.378625552900506746e-03
1.421959959263400020e+00
3.896354275361278763e+00
4.767388845567609224e+00
5.506854690957004195e+00
5.320182524425886683e+00
3.891576452321147350e+00
2.756427418676494767e+00
-3.378371989605117708e-03
-1.421959916874615981e+00
-3.896355167664730335e+00
-4.767388638577667592e+00
-5.506852127310630785e+00
-5.320180021000971315e+00
-2.104263133159312904e+00
-7.220298764250756562e-01
2.110246059242408823e+00
3.349553815809446444e+00
5.088619857115647349e+00
5.458957268499307069e+00
5.086178660985387623e+00
4.370642779646806808e+00
2.104264001909790682e+00
7.220303527859269765e-01
-2.110245732899957538e+00
-3.349554409390167020e+00
-5.088618813938184715e+00
-5.458955212671211754e+00
-5.086177276575496897e+00
-4.370641568289706846e+00
3.897646868234402179e-03
1.419983524981024203e+00
3.892662845642074210e+00
4.762159321650025312e+00
5.501169003379512645e+00
5.314738444328456879e+00
3.887165033126273261e+00
2.754020009974193606e+00
-3.896744682428009230e-03
-1.419982484541612688e+00
-3.892663739089578634e+00
-4.762160332206396340e+00
-5.501164800785436348e+00
-5.314735446175877343e+00
-3.887165334110136428e+00
-2.754019057042768281e+00
2.110232937229262973e+00
3.349232722964310849e+00
5.088319484740127407e+00
5.458644984778667997e+00
5.085784039538760126e+00
4.370473888394023732e+00
2.104050244171270734e+00
7.220964076220052208e-01
-2.110231467973962438e+00
-3.349232334890768215e+00
-5.088320520626814059e+00
-5.458641833489885187e+00
-5.085781188191131896e+00
-4.370474304740969984e+00
-2.104049076799918261e+00
-7.220950265793838474e-01
3.895807690489139663e+00
4.766835235398090731e+00
5.506220009503564050e+00
5.319501321572322361e+00
3.891191676005738120e+00
2.756049788980179382e+00
-3.291923351109061081e-03
-1.421868656034385392e+00
-3.895807631649191194e+00
-4.766837067295347730e+00
-5.506216434996938247e+00
-5.319497980112341651e+00
-3.891191871307885020e+00
-2.756048123600598032e+00
3.293521237209417248e-03
1.421870712833279926e+00
5.084311976170922343e+00
5.454042875780683808e+00
5.081386207162140067e+00
4.367141843545187641e+00
2.101831980646448716e+00
7.220067537875359820e-01
-2.108945061485476558e+00
-3.346061613889580677e+00
-5.084312750149408089e+00
-5.454040130365941152e+00
-5.081384545531823171e+00
-4.367141613412649725e+00
-2.101829590611515197e+00
-7.220047847193580282e-01
2.108947492668751256e+00
3.346062300154629465e+00
5.506092649506834746e+00
5.319318366319650160e+00
3.891045317333896580e+00
2.756021173287629189e+00
-3.345500310880538709e-03
-1.421782111348996569e+00
-3.895721120931529224e+00
-4.766658697667662814e+00
-5.506089916428882347e+00
-5.319316625817555710e+00
-3.891043731860180266e+00
-2.756018943008212929e+00
3.347649327614686966e-03
1.421784365340804435e+00
3.895721086705684844e+00
4.766658730253423570e+00
5.085689944161006615e+00
4.370382902544349690e+00
2.104049836016978592e+00
7.220577398356254895e-01
-2.110165740747344643e+00
-3.349185498237559955e+00
-5.088209367129159055e+00
-5.458559344192201124e+00
-5.085689385302974763e+00
-4.370381973141183707e+00
-2.104046783018783007e+00
-7.220552243996607444e-01
2.110168470408833485e+00
3.349186851222847316e+00
5.088209793681702564e+00
5.458561667142570961e+00
3.887679543232622770e+00
2.754318880614472942e+00
-3.835022199450823042e-03
-1.420188423916505682e+00
-3.893049427755336911e+00
-4.762711716974012077e+00
-5.501783828780149932e+00
-5.315359218646731776e+00
-3.887678599861149387e+00
-2.754314929320469396e+00
3.837728599400723820e-03
1.420191711297102310e+00
3.893050748749382173e+00
4.762711990982228194e+00
5.501786460957747593e+00
5.315359189912718385e+00
2.104003094824646869e+00
7.220714231266005534e-01
-2.110144763881015351e+00
-3.349151727419732882e+00
-5.088178107304303310e+00
-5.458468900317882344e+00
-5.085660272113018188e+00
-4.370323931309487264e+00
-2.103999661978732671e+00
-7.220683275524982792e-01
2.110148061923303064e+00
3.349154386308227149e+00
5.088179168013893694e+00
5.458470435704314561e+00
5.085660815653655575e+00
4.370324881401050021e+00
-3.331976041583335248e-03
-1.421775326176025533e+00
-3.895699502512337986e+00
-4.766642602333337919e+00
-5.506046055977464881e+00
-5.319298723235744042e+00
-3.891021752777561460e+00
-2.755990752889614370e+00
3.335167171541167548e-03
1.421778858828821157e+00
3.895701354703877239e+00
4.766643319564322745e+00
5.506048071069377770e+00
5.319300286315161941e+00
3.891023695948191641e+00
2.755993893734193900e+00
-2.108989089608235279e+00
-3.346161645708380483e+00
-5.084436849698395378e+00
-5.454204022831992127e+00
-5.081546028662615733e+00
-4.367286908985120064e+00
-2.101920119420714439e+00
-7.220129083594245545e-01
2.108993667064845923e+00
3.346164346090827468e+00
5.084436366581190470e+00
5.454207431241729687e+00
5.081547417408511791e+00
4.367287124132150922e+00
2.101924062222591427e+00
7.220164477342682074e-01
-3.895737973239514762e+00
-4.766707326235969155e+00
-5.506059560101347117e+00
-5.319395831247282658e+00
-3.891069284935475547e+00
-2.756001040701868465e+00
3.317918831296905006e-03
1.421798592575923337e+00
3.895740509936588936e+00
4.766708315636630111e+00
5.506062741672695715e+00
5.319397421844457519e+00
3.891070391700054198e+00
2.756004692704944858e+00
-3.314346477619183051e-03
-1.421794469096059110e+00
-5.088213131375632692e+00
-5.458477411728264173e+00
-5.085702166851590711e+00
-4.370350057699610602e+00
-2.103996079283472209e+00
-7.220812697765003341e-01
2.110163581366968799e+00
3.349173597243592315e+00
5.088215181495122863e+00
5.458480602652783453e+00
5.085703141525330651e+00
4.370350530628851260e+00
2.103999996062051459e+00
7.220851030554757966e-01
-2.110159375533107173e+00
-3.349169932988695031e+00
-5.501634366207193594e+00
-5.315181173138984860e+00
-3.887528796992862912e+00
-2.754227297381035111e+00
3.858588515480994297e-03
1.420138647480956751e+00
3.892965174523272953e+00
4.762580295100719674e+00
5.501638156225157950e+00
5.315182202884259688e+00
3.887530309073766510e+00
2.754231439704201367e+00
-3.854869664089908849e-03
-1.420134408057027509e+00
-3.892962067404833082e+00
-4.762578051211527885e+00
-5.085847585051737951e+00
-4.370460525881911806e+00
-2.104112846032107687e+00
-7.220416961241524767e-01
2.110190200985050168e+00
3.349306443387702004e+00
5.088335016540336042e+00
5.458677813482020191e+00
5.085847838131866361e+00
4.370462044273713431e+00
2.104117099708556093e+00
7.220454911922605801e-01
-2.110186087456918713e+00
-3.349303133947449496e+00
-5.088331238322248318e+00
-5.458673511149854107e+00
-3.891115557518255219e+00
-2.756072517707375269e+00
3.356639175637804885e-03
1.421806356025669960e+00
3.895833594503161024e+00
4.766783646692759113e+00
5.506173453980571786e+00
5.319489565134124298e+00
3.891117980931456444e+00
2.756076247346422647e+00
-3.352869125818693646e-03
-1.421802514010785057e+00
-3.895830659209726488e+00
-4.766779438363527355e+00
-5.506168979231000016e+00
-5.319488062606189338e+00
-2.101604335175681904e+00
-7.219699195406282799e-01
2.108810071975511846e+00
3.345758174545736541e+00
5.083902289922079376e+00
5.453576434835089692e+00
5.080929690264425425e+00
4.366781701197805177e+00
2.101608316696045975e+00
7.219738351514829455e-01
-2.108805772971050096e+00
-3.345754609883050179e+00
-5.083898372009254985e+00
-5.453570775377160729e+00
-5.080927841774607323e+00
-4.366780488444453212e+00
3.253434356840574811e-03
1.422024010725062571e+00
3.895991627908010457e+00
4.767133511157219949e+00
5.506571299168811606e+00
5.319729202705345550e+00
3.891436054468958350e+00
2.756145931608930510e+00
-3.249518827900143257e-03
-1.422019695523431881e+00
-3.895986928483599510e+00
-4.767130098511632497e+00
-5.506566714672557872e+00
-5.319725735577667258e+00
-3.891434045988809487e+00
-2.756142273077152982e+00
2.110539710464344410e+00
3.349647649009507067e+00
5.088981939965027124e+00
5.459359542659089293e+00
5.086386477646612114e+00
4.371026562170597707e+00
2.104285923368074407e+00
7.221958357686725227e-01
-2.110535383928951347e+00
-3.349643023048890278e+00
-5.088977264356897123e+00
-5.459354572339779388e+00
-5.086383554748552527e+00
-4.371024239556279056e+00
-2.104282181095241011e+00
-7.221917816376357546e-01
3.892250857647866269e+00
4.761552704572809880e+00
5.500492987794646460e+00
5.314129990114301982e+00
3.886640173655124819e+00
2.753748649530495918e+00
-3.980902366003652437e-03
-1.419746531667791301e+00
-3.892246548243925908e+00
-4.761547549901267828e+00
-5.500487035683856440e+00
-5.314126106970248564e+00
-3.886637762607479285e+00
-2.753745272814947853e+00
3.984973313156650945e-03
1.419750627139963362e+00
5.089853771487472756e+00
5.460337975752459272e+00
5.087432605275940212e+00
4.371656070526299231e+00
2.104844725597311061e+00
7.221149689164588770e-01
-2.110709117256838407e+00
-3.350450449832841127e+00
-5.089848522849013790e+00
-5.460332903370439972e+00
-5.087428916636000942e+00
-4.371653049108909173e+00
-2.104840649094118721e+00
-7.221106547636055861e-01
2.110713702391866953e+00
3.350455325138426588e+00
5.508982724029332090e+00
5.322224192740937276e+00
3.892877592622030036e+00
2.757658113806666034e+00
-3.620713747033011635e-03
-1.422299481531904553e+00
-3.898008239041179657e+00
-4.769096232398732482e+00
-5.508978089685510504e+00
-5.322219834058428134e+00
-3.892874265660167143e+00
-2.757653837701159905e+00
3.625262490476010256e-03
1.422304240619679971e+00
3.898013842941781437e+00
4.769101247854014680e+00
5.072757818631020044e+00
4.359678671674658723e+00
2.098275507762933145e+00
7.207129525591799979e-01
-2.105345369734983318e+00
-3.340438392491202890e+00
-5.075676867871049325e+00
-5.444792042102538865e+00
-5.072754140200373740e+00
-4.359675062223935527e+00
-2.098270866593354267e+00
-7.207080315267060389e-01
2.105350425747681609e+00
3.340443464587413924e+00
5.075682548795542814e+00
5.444797515044109915e+00
3.888594981045443877e+00
2.753234753503467580e+00
-2.607915821878214937e-03
-1.421456147627007560e+00
-3.892294588885462314e+00
-4.763490943835648750e+00
-5.501900563575369496e+00
-5.315135059898141279e+00
-3.888590209618219440e+00
-2.753230157544882761e+00
2.613271700715345466e-03
1.421461311332782307e+00
3.892299997033319858e+00
4.763497651475580241e+00
5.501905020429350479e+00
5.315138211865949813e+00
2.103650299774606047e+00
7.239464227173872946e-01
-2.112717039243511508e+00
-3.349741290390567450e+00
-5.091495867610755788e+00
-5.461171711199653167e+00
-5.087741256036583337e+00
-4.373537682349059708e+00
-2.103644921896474784e+00
-7.239408528650507213e-01
2.112722476272242744e+00
3.349747661277608035e+00
5.091503230612116404e+00
5.461174960034778536e+00
5.087743625051075469e+00
4.373543183865250761e+00
-1.318485162519911907e-03
-1.409789284497968254e+00
-3.856091109276341022e+00
-4.720913499791853596e+00
-5.451975173618857085e+00
-5.266542345683070003e+00
-3.854167827622834608e+00
-2.727115692134936875e+00
1.324656629742232330e-03
1.409795459816617358e+00
3.856099249335775081e+00
4.720921766391744434e+00
5.451976118862141618e+00
5.266543053193389667e+00
3.854174176790390760e+00
2.727122119483901930e+00
-2.127796922845249128e+00
-3.378760363824425461e+00
-5.131993462705647602e+00
-5.505869791429100601e+00
-5.129940002567764168e+00
-4.407710703992106183e+00
-2.122843351784375887e+00
-7.275678939067068418e-01
2.127804137909957038e+00
3.378765493927427865e+00
5.131995170371815185e+00
5.505879034966925545e+00
5.129947663744205855e+00
4.407712303378298557e+00
2.122849056219542341e+00
7.275740002055292033e-01
-4.069720433322373765e+00
-4.935168600511583570e+00
-5.719432236793161373e+00
-5.533868596115866012e+00
-4.018779017624005689e+00
-2.890908528866191762e+00
3.601689092441760776e-02
1.445508618071787765e+00
4.069726534062541923e+00
4.935174140999806447e+00
5.719438235692449801e+00
5.533874203883393683e+00
4.018784324452353118e+00
2.890914619446292910e+00
-3.601136723656902378e-02
-1.445502909850415962e+00
-5.303982480000000166e+00
-5.628126960000000345e+00
-5.213824530000000124e+00
-4.587620290000000267e+00
-2.069489850000000075e+00
-8.597571499999999700e-01
2.287130419999999997e+00
3.371751569999999809e+00
5.303989060000000144e+00
5.628132929999999590e+00
5.213830889999998774e+00
4.587627030000001049e+00
2.069495120000000021e+00
8.597629700000000152e-01
-2.287124969999999813e+00
-3.371746439999999900e+00
