5.692200060000000228e+00
5.528731630000000230e+00
3.941715890000000222e+00
2.948114139999999939e+00
-1.177707000000000198e-01
-1.359465989999999902e+00
-4.108271450000000158e+00
-4.870691489999999568e+00
-5.692200680000000013e+00
-5.528731930000000183e+00
-3.941716790000000081e+00
-2.948115019999999920e+00
1.177702999999999944e-01
1.359465289999999937e+00
4.108271239999999658e+00
4.870691240000000199e+00
5.273549496210844012e+00
4.562540112154247041e+00
2.156593158167796176e+00
7.830268977563281663e-01
-2.223668638120579022e+00
-3.455179087083082745e+00
-5.301339298161178881e+00
-5.669387707576056812e+00
-5.273550634371255263e+00
-4.562541407618364353e+00
-2.156593588727649724e+00
-7.830268307818400997e-01
2.223667589636186381e+00
3.455177716119742115e+00
5.301340238178853248e+00
5.669388613886158446e+00
3.927517786067963979e+00
2.781507811503184602e+00
-3.167169268253442957e-03
-1.435315504364713002e+00
-3.932010476662507248e+00
-4.811342406869954402e+00
-5.557536741565243688e+00
-5.368947942828533826e+00
-3.927503230761382635e+00
-2.781516377199952927e+00
3.168736001423626530e-03
1.435307725910524690e+00
3.931985977838981849e+00
4.811373615767658762e+00
5.557543807900285238e+00
5.368931880914292520e+00
2.082163629635105373e+00
7.104737921898162112e-01
-2.082503228781847238e+00
-3.312328403301000979e+00
-5.027268324563169521e+00
-5.394809212687112776e+00
-5.027151785563773068e+00
-4.317117549625295148e+00
-2.082159716364841984e+00
-7.104690397443531591e-01
2.082518991138129216e+00
3.312345357981257621e+00
5.027244611327231993e+00
5.394792597747342100e+00
5.027155179540256036e+00
4.317111838683746150e+00
-5.318918244722308994e-03
-1.421455692009966132e+00
-3.901355761393838772e+00
-4.770902596343583824e+00
-5.511992078527129912e+00
-5.325576971090780098e+00
-3.893823063249290506e+00
-2.760625457177913411e+00
5.316003318257570172e-03
1.421458584960838767e+00
3.901360837357840339e+00
4.770876869661345943e+00
5.512013741452219229e+00
5.325612135355197729e+00
3.893799060555552582e+00
2.760612947230308922e+00
-2.109100853902619921e+00
-3.348682304670472121e+00
-5.086607873381314704e+00
-5.456996773765923514e+00
-5.084385980279455097e+00
-4.368733655209754652e+00
-2.103852979627299113e+00
-7.213078673320554302e-01
2.109097842655367483e+00
3.348677532565530246e+00
5.086583843155073836e+00
5.457040310234844149e+00
5.084438823296841825e+00
4.368703353444273851e+00
2.103827415702212544e+00
7.212997422652627222e-01
-3.885087005286431694e+00
-4.753222823034860767e+00
-5.490577707585153178e+00
-5.304435614453229419e+00
-3.879884101800342933e+00
-2.748502091673419301e+00
3.657362527920491116e-03
1.417537972023483084e+00
3.885046150317977620e+00
4.753205496421136544e+00
5.490690505188842607e+00
5.304535174466455061e+00
3.879827851104283187e+00
2.748440349703106023e+00
-3.672210649894280289e-03
-1.417557731088831874e+00
-5.092515304811556121e+00
-5.462832014136560055e+00
-5.089504044080240597e+00
-4.374095327462240057e+00
-2.105224108940349836e+00
-7.230664329993408135e-01
2.112327732010038428e+00
3.351528510354429002e+00
5.092509706897418553e+00
5.462889313808391378e+00
5.089559537053966132e+00
4.374073311650827023e+00
2.105189664238029668e+00
7.230475125769504352e-01
-2.112341757053995295e+00
-3.351543684363818443e+00
-5.508982012560240449e+00
-5.322084295242321517e+00
-3.893114954302026032e+00
-2.757361510517818637e+00
3.316840247761642518e-03
1.422649672282373601e+00
3.897818587691040726e+00
4.769298483234691410e+00
5.509061365544414279e+00
5.322178866635072225e+00
3.893063363557019763e+00
2.757321527520632642e+00
-3.338279068706033904e-03
-1.422665510667639577e+00
-3.897823067910822115e+00
-4.769335390900244498e+00
-5.080189523188026079e+00
-4.366216121810532869e+00
-2.101212457653367949e+00
-7.219203389671706717e-01
2.108656059777624936e+00
3.345312451121288166e+00
5.083376095619517088e+00
5.452956948797879733e+00
5.080228194849470746e+00
4.366208048998009517e+00
2.101175341350959069e+00
7.218933084540936074e-01
-2.108692759203929068e+00
-3.345350737527456708e+00
-5.083338994189475102e+00
-5.452880942371379547e+00
-3.892125299987529985e+00
-2.756983097695211882e+00
3.550387629578950939e-03
1.422146327228929863e+00
3.897184814698469779e+00
4.768270599838657198e+00
5.507958849596866102e+00
5.321123768858114111e+00
3.892114015525951931e+00
2.756941609377009161e+00
-3.575693737827357818e-03
-1.422187318172537962e+00
-3.897234500319017414e+00
-4.768227190331704612e+00
-5.507869441229094498e+00
-5.321082055784794207e+00
-2.104451834423403334e+00
-7.221871462292868138e-01
2.110749965192738831e+00
3.350055646068165416e+00
5.089564956181853894e+00
5.459962682740962414e+00
5.086881762719210442e+00
4.371343563643854679e+00
2.104417960548277122e+00
7.221621189347032788e-01
-2.110791978925778523e+00
-3.350099668145159804e+00
-5.089521769356549541e+00
-5.459880210099663955e+00
-5.086846200793080364e+00
-4.371353173148736282e+00
4.005620711804084091e-03
1.420074623248585910e+00
3.893004022907306183e+00
4.762495103840071131e+00
5.501500042181322492e+00
5.315033235329505779e+00
3.887241268470048361e+00
2.754107481811911562e+00
-4.026208468859988031e-03
-1.420095499536045747e+00
-3.892999331775718108e+00
-4.762489110743978848e+00
-5.501473163784479148e+00
-5.315008687894024142e+00
-3.887247419238187618e+00
-2.754114093728299739e+00
2.110729352038701379e+00
3.349785393540583467e+00
5.089336499536821101e+00
5.459563772261025960e+00
5.086496298764284774e+00
4.371137022911279146e+00
2.104172326110210989e+00
7.222224530015463051e-01
-2.110767953417382436e+00
-3.349820556327775645e+00
-5.089252834252941504e+00
-5.459542805495272155e+00
-5.086529523333785718e+00
-4.371095722265457617e+00
-2.104180153648549823e+00
-7.222447682115842316e-01
3.896603670983793233e+00
4.767689770943883687e+00
5.507135756971461404e+00
5.320303449411063923e+00
3.891611362845952105e+00
2.756439346569113713e+00
-3.487348206524102431e-03
-1.422095610417939859e+00
-3.896635022422529016e+00
-4.767624028763668420e+00
-5.507114790017706873e+00
-5.320328701937752314e+00
-3.891581949999406653e+00
-2.756445123193542734e+00
3.473982599823303465e-03
1.422065532950621547e+00
5.084810182084774866e+00
5.454517037970523674e+00
5.081658377757694467e+00
4.367367632947408929e+00
2.101804135795520612e+00
7.220084648404244687e-01
-2.109256522739004769e+00
-3.346380969916606052e+00
-5.084789124459815568e+00
-5.454463531819320643e+00
-5.081636258368998682e+00
-4.367382154117915860e+00
-2.101818753901001369e+00
-7.220151709930981987e-01
2.109232316539041197e+00
3.346355551844975018e+00
5.506938102235084287e+00
5.320166705021271980e+00
3.891436460099287675e+00
2.756399333992667788e+00
-3.544225824529651393e-03
-1.421988339118209321e+00
-3.896548054930452309e+00
-4.767487679533176426e+00
-5.506949101942831604e+00
-5.320189618009321109e+00
-3.891419275258924948e+00
-2.756387154216458857e+00
3.542740379618130285e-03
1.421983906360376082e+00
3.896550575033378205e+00
4.767508422240894106e+00
5.086378438235181321e+00
4.370991248058301082e+00
2.104148210492023718e+00
7.221661592220042225e-01
-2.110680266796475912e+00
-3.349770015793132050e+00
-5.089166445311871456e+00
-5.459451768426182738e+00
-5.086419542520635773e+00
-4.370959709687211259e+00
-2.104130933150653693e+00
-7.221647498424356160e-01
2.110681562596153249e+00
3.349772882665833507e+00
5.089194999749409476e+00
5.459423667038348249e+00
3.887777483498711106e+00
2.754424415313135199e+00
-3.990971376149517191e-03
-1.420340758911717849e+00
-3.893537903384392429e+00
-4.763211042180859778e+00
-5.502268230185793030e+00
-5.315735706268284844e+00
-3.887766595695246519e+00
-2.754405820666793847e+00
3.998496895714792956e-03
1.420351990700150502e+00
3.893556336702822751e+00
4.763207388960851496e+00
5.502240195037222392e+00
5.315715758804099522e+00
2.104100738918132318e+00
7.221762177749765366e-01
-2.110674773711955776e+00
-3.349711252222309810e+00
-5.089143660816589865e+00
-5.459382471333499964e+00
-5.086315043451595130e+00
-4.370949327507340776e+00
-2.104095533307342780e+00
-7.221644238170342733e-01
2.110686299221127715e+00
3.349724373082545892e+00
5.089120416740739117e+00
5.459381887935264466e+00
5.086328944292438869e+00
4.370933972323074457e+00
-3.534694952261840679e-03
-1.421992073587203809e+00
-3.896524024203297465e+00
-4.767469897186654038e+00
-5.506915833270643823e+00
-5.320144422333298095e+00
-3.891396970148933931e+00
-2.756356853111107785e+00
3.544147066400696669e-03
1.421997148813971767e+00
3.896518460291788610e+00
4.767487520397907907e+00
5.506904880119663837e+00
5.320124120901017051e+00
3.891413783036330898e+00
2.756362744533451536e+00
-2.109307806460213097e+00
-3.346505649401933624e+00
-5.084997563912127205e+00
-5.454712863032139758e+00
-5.081833616015093646e+00
-4.367500436315922663e+00
-2.101880629925606758e+00
-7.220073251983112339e-01
2.109323515449029962e+00
3.346522238288605955e+00
5.084989846875168418e+00
5.454686986190533382e+00
5.081819586247584120e+00
4.367511407950268598e+00
2.101895160140770713e+00
7.220163751292164589e-01
-3.896533679540164830e+00
-4.767552815197689142e+00
-5.506999812398884586e+00
-5.320157077576480376e+00
-3.891472208579410452e+00
-2.756375971259623636e+00
3.525005770165108229e-03
1.422041001871441335e+00
3.896558829632903898e+00
4.767518396917299839e+00
5.506990686267806190e+00
5.320174061459720605e+00
3.891459506162059601e+00
2.756385140328814654e+00
-3.517448141295275669e-03
-1.422022792926643575e+00
-5.089174725100820140e+00
-5.459421152679519551e+00
-5.086336173414195194e+00
-4.370982913971611872e+00
-2.104108150842352920e+00
-7.221866290581482328e-01
2.110709510181093318e+00
3.349730243513822536e+00
5.089155535566837862e+00
5.459423327725148489e+00
5.086352874966507009e+00
4.370976616537435078e+00
2.104108424916925291e+00
7.221911586683078532e-01
-2.110696697317403281e+00
-3.349719141540867806e+00
-5.502016374669077337e+00
-5.315522049966865836e+00
-3.887649742076532355e+00
-2.754362256199782255e+00
4.004350966219465818e-03
1.420271134670417323e+00
3.893384483485607284e+00
4.763011394966430778e+00
5.502079127780048928e+00
5.315568182395669972e+00
3.887628962948757483e+00
2.754331394364224028e+00
-4.004572998582526210e-03
-1.420276944329806446e+00
-3.893413544870223841e+00
-4.763009800467602695e+00
-5.086485629646427142e+00
-4.371110578366004695e+00
-2.104249513024991636e+00
-7.221628443107761530e-01
2.110712176761819325e+00
3.349863241982370621e+00
5.089262854952893989e+00
5.459626293996888258e+00
5.086561316576742264e+00
4.371067728215342285e+00
2.104224299043334856e+00
7.221618503478991480e-01
-2.110707562155273109e+00
-3.349860252064857491e+00
-5.089305521800964627e+00
-5.459572666044706146e+00
-3.891577193972146631e+00
-2.756512136911582367e+00
3.539454473340280637e-03
1.422019128980696490e+00
3.896645481089016094e+00
4.767579605777549467e+00
5.507153221804187204e+00
5.320348703590836337e+00
3.891528289655770578e+00
2.756483009099155890e+00
-3.547346815018872102e-03
-1.422016923733090188e+00
-3.896636170210092232e+00
-4.767632348721449809e+00
-5.507092203153222343e+00
-5.320255595984699326e+00
-2.101592383285518117e+00
-7.219863345688148915e-01
2.109040028007661771e+00
3.345988311469353604e+00
5.084298410655622824e+00
5.453939759319298197e+00
5.081130508411431101e+00
4.366959563741991346e+00
2.101575527127763188e+00
7.219700069995257374e-01
-2.109051240492272328e+00
-3.345999494946678698e+00
-5.084274951162985445e+00
-5.453912043380849894e+00
-5.081112254790813409e+00
-4.366945104522907073e+00
3.408740480765132513e-03
1.422189882758463142e+00
3.896777919425706393e+00
4.767948768109405933e+00
5.507493549573477587e+00
5.320668164552840196e+00
3.891871322653165599e+00
2.756563871309471114e+00
-3.426133654965489873e-03
-1.422213678810047677e+00
-3.896811694065555276e+00
-4.767943673256850978e+00
-5.507395488016744167e+00
-5.320590894283266259e+00
-3.891903108695920377e+00
-2.756607463803683267e+00
2.111065553849612808e+00
3.350217551919575598e+00
5.090025502760171960e+00
5.460392059023003952e+00
5.087277871160992504e+00
4.371786584289371724e+00
2.104448815638926717e+00
7.223810735494762270e-01
-2.111095588059996420e+00
-3.350252238231912205e+00
-5.090016413407376206e+00
-5.460288768623922095e+00
-5.087198503633647562e+00
-4.371819871320401951e+00
-2.104491179333181972e+00
-7.224009014160165387e-01
3.892299140939466273e+00
4.761604592423148929e+00
5.500529093164815642e+00
5.314099377460110851e+00
3.886516071153948371e+00
2.753640761617646593e+00
-4.050242163242632858e-03
-1.419793085963235946e+00
-3.892325264531391493e+00
-4.761591826703325481e+00
-5.500441742623469743e+00
-5.314031512408270430e+00
-3.886537732197755446e+00
-2.753675512963244199e+00
4.027595914602589110e-03
1.419763482253336262e+00
5.091011177554696232e+00
5.461470671306533298e+00
5.088382027051521206e+00
4.372576613546055313e+00
2.105100051438066888e+00
7.223165748300447442e-01
-2.111304053065416575e+00
-3.351107136756587224e+00
-5.090927035100183851e+00
-5.461417207356046077e+00
-5.088385260996409087e+00
-4.372541435713273472e+00
-2.105120280230008412e+00
-7.223446983691871326e-01
2.111260364475386009e+00
3.351064499475334468e+00
5.510497370239246351e+00
5.323725344007723237e+00
3.893753886222603988e+00
2.758530052549426070e+00
-3.865734579786611093e-03
-1.422536592308062620e+00
-3.899261857904270823e+00
-4.770312564800726740e+00
-5.510447967534491731e+00
-5.323706769531348471e+00
-3.893742582630315585e+00
-2.758542196478197095e+00
3.843453794610661705e-03
1.422503385215285299e+00
3.899241890214022899e+00
4.770357426451061755e+00
5.071279435779715072e+00
4.358215625473801147e+00
2.097757911324622970e+00
7.202773610315661434e-01
-2.104595024065685216e+00
-3.339626931747708305e+00
-5.074069532513254543e+00
-5.443143433627309236e+00
-5.071247984232760686e+00
-4.358214553711147410e+00
-2.097787864199978980e+00
-7.202994613222536424e-01
2.104543523087166079e+00
3.339571767569311067e+00
5.074138470179191174e+00
5.443238840348945118e+00
3.890246012144935150e+00
2.754691830717964862e+00
-2.857815486193452780e-03
-1.421943673860491808e+00
-3.894299088704430201e+00
-4.765603113646116107e+00
-5.504499769737005721e+00
-5.317637789570780704e+00
-3.890225152976360512e+00
-2.754695485712475467e+00
2.846224716358319948e-03
1.421920041928217415e+00
3.894279270195304843e+00
4.765652448747512260e+00
5.504530252994371153e+00
5.317635361060087718e+00
2.104434212664575199e+00
7.247370108908610664e-01
-2.114294202376515219e+00
-3.351285327237529810e+00
-5.094468424231568093e+00
-5.464177687514381709e+00
-5.090381831462411633e+00
-4.376199441003770119e+00
-2.104430259960741179e+00
-7.247412689035772626e-01
2.114282756229001414e+00
3.351274570163071509e+00
5.094507921670086148e+00
5.464189181880497514e+00
5.090370373919873792e+00
4.376223652573806078e+00
-2.080518026463912230e-04
-1.408139279903008134e+00
-3.847781911263020493e+00
-4.712267431643216042e+00
-5.441413907891635482e+00
-5.256053897477796610e+00
-3.847511538483734839e+00
-2.720891015273879443e+00
2.124969384774885717e-04
1.408142890681104431e+00
3.847793884794636909e+00
4.712287544895339408e+00
5.441393244424419073e+00
5.256029818809568432e+00
3.847537492201581255e+00
2.720913018268413364e+00
-2.129696276797700794e+00
-3.380687366059882404e+00
-5.135718810488548058e+00
-5.509531552800903675e+00
-5.133241347266529253e+00
-4.410990483487397640e+00
-2.123823556359610620e+00
-7.285520101023916784e-01
2.129702820312923350e+00
3.380695506088017055e+00
5.135697701456607867e+00
5.509559346310613392e+00
5.133280421901169177e+00
4.410966048743856227e+00
2.123821369177146590e+00
7.285624563242883989e-01
-4.072515597929940334e+00
-4.938188980397160144e+00
-5.723085272320866501e+00
-5.537467894743321573e+00
-4.021148303550435621e+00
-2.892985826637480606e+00
3.631106958355932723e-02
1.446169324734445150e+00
4.072519686892166035e+00
4.938193211934055249e+00
5.723093468234226933e+00
5.537476079621233005e+00
4.021152502571962550e+00
2.892990202843611858e+00
-3.630463334685091192e-02
-1.446163167096762958e+00
-5.303982480000000166e+00
-5.628126960000000345e+00
-5.213824530000000124e+00
-4.587620290000000267e+00
-2.069489850000000075e+00
-8.597571499999999700e-01
2.287130419999999997e+00
3.371751569999999809e+00
5.303989060000000144e+00
5.628132929999999590e+00
5.213830889999998774e+00
4.587627030000001049e+00
2.069495120000000021e+00
8.597629700000000152e-01
-2.287124969999999813e+00
-3.371746439999999900e+00
