5.692200060000000228e+00
5.528731630000000230e+00
3.941715890000000222e+00
2.948114139999999939e+00
-1.177707000000000198e-01
-1.359465989999999902e+00
-4.108271450000000158e+00
-4.870691489999999568e+00
-5.692200680000000013e+00
-5.528731930000000183e+00
-3.941716790000000081e+00
-2.948115019999999920e+00
1.177702999999999944e-01
1.359465289999999937e+00
4.108271239999999658e+00
4.870691240000000199e+00
5.275773888959724545e+00
4.564632401829362252e+00
2.157366509180991265e+00
7.835408406336625831e-01
-2.224801363317431502e+00
-3.456542478346967151e+00
-5.303720223778399578e+00
-5.671839481231432778e+00
-5.275774477428294418e+00
-4.564632939331355388e+00
-2.157367022592642680e+00
-7.835414127759477987e-01
2.224801067079588357e+00
3.456542168982813301e+00
5.303719946792314843e+00
5.671839202960680559e+00
3.929280069856226909e+00
2.783259334504013527e+00
-3.541455206333970086e-03
-1.435702020485146280e+00
-3.934267738423878669e+00
-4.813653901381187872e+00
-5.560421740357641696e+00
-5.371771967206294462e+00
-3.929280130579368535e+00
-2.783259747450603783e+00
3.541140157526160431e-03
1.435701740635038526e+00
3.934268001900928180e+00
4.813653022657476299e+00
5.560420507254458578e+00
5.371772457154125213e+00
2.079851533057911261e+00
7.085347468516568492e-01
-2.078588309903008469e+00
-3.308085398512706998e+00
-5.019404427175948591e+00
-5.386844271077557700e+00
-5.019960369522343591e+00
-4.310105854332510589e+00
-2.079851521989208862e+00
-7.085347242079256258e-01
2.078587929750338237e+00
3.308085040099019825e+00
5.019404641071241180e+00
5.386844445629232148e+00
5.019959820998548317e+00
4.310105329356290760e+00
-5.585539926696360749e-03
-1.421705409642474383e+00
-3.902912230913649250e+00
-4.772427757515820268e+00
-5.513929406223819107e+00
-5.327522940833556930e+00
-3.894976840753296088e+00
-2.761803048190442311e+00
5.585608118090869267e-03
1.421705315075223464e+00
3.902912115633235590e+00
4.772428065200238656e+00
5.513929731167987569e+00
5.327522491528275950e+00
3.894976407943336660e+00
2.761803090014170792e+00
-2.110111582447088630e+00
-3.349846810932620489e+00
-5.088672418641924544e+00
-5.459136654874910732e+00
-5.086325959468381619e+00
-4.370531002407249233e+00
-2.104469447793928971e+00
-7.217713500220148681e-01
2.110111849321048449e+00
3.349847127026144733e+00
5.088672503779541501e+00
5.459136669906884620e+00
5.086325679728426863e+00
4.370530570247646907e+00
2.104469707066241924e+00
7.217716846987524137e-01
-3.883854815930728233e+00
-4.751969503438507658e+00
-5.489087562721747027e+00
-5.302932844235748178e+00
-3.878862833813052635e+00
-2.747522056115300426e+00
3.500382152139228532e-03
1.417325058227728141e+00
3.883854885132121737e+00
4.751969800424522994e+00
5.489088382622834494e+00
5.302933026873724032e+00
3.878862341927051371e+00
2.747522088274529040e+00
-3.499974999498212808e-03
-1.417324718925089266e+00
-5.093607006988738917e+00
-5.463957178894627731e+00
-5.090470285087763003e+00
-4.375032961795970898e+00
-2.105468710160677492e+00
-7.233300771548530905e-01
2.112910999636488096e+00
3.352100520253045168e+00
5.093606755468000458e+00
5.463957345730771742e+00
5.090470377702708049e+00
4.375032612025609779e+00
2.105469243387841694e+00
7.233306368749350401e-01
-2.112910149372404511e+00
-3.352099497784113868e+00
-5.509899477496714049e+00
-5.322943902663719307e+00
-3.893604820708683967e+00
-2.757807041495422329e+00
3.431457534445780770e-03
1.422817074336934828e+00
3.898495511360032140e+00
4.770032965122291913e+00
5.509899008779402863e+00
5.322943856277110086e+00
3.893604669867859691e+00
2.757807914181067854e+00
-3.430771300839573733e-03
-1.422816080076832135e+00
-3.898493648703688752e+00
-4.770033071792798118e+00
-5.080046830154629767e+00
-4.366043817866866128e+00
-2.101104780915406867e+00
-7.218472213173160457e-01
2.108622636904826653e+00
3.345266848815486416e+00
5.083243861512254824e+00
5.452791988117954070e+00
5.080046532759936895e+00
4.366044069775757208e+00
2.101105606239527468e+00
7.218479859245384711e-01
-2.108621778611623032e+00
-3.345265840351825837e+00
-5.083242812740337513e+00
-5.452791873917036902e+00
-3.892521087320806483e+00
-2.757355301721419849e+00
3.678649763785569928e-03
1.422283275746423437e+00
3.897814677941666694e+00
4.768868658809934047e+00
5.508632400596686018e+00
5.321829361401216651e+00
3.892522943267483271e+00
2.757356147353848819e+00
-3.677796576099262148e-03
-1.422282825730660338e+00
-3.897813924559609955e+00
-4.768865333262180428e+00
-5.508633275209978919e+00
-5.321830826619070365e+00
-2.104562269474430369e+00
-7.222930600901568132e-01
2.111099870055337835e+00
3.350439972412066147e+00
5.090201511895983799e+00
5.460556955309352922e+00
5.087408599752230032e+00
4.371852406087652021e+00
2.104563562404354382e+00
7.222939932561488474e-01
-2.111099157082174660e+00
-3.350438622420808255e+00
-5.090198418019001636e+00
-5.460557669225655886e+00
-5.087409984290085951e+00
-4.371850853754634336e+00
4.072237305275882950e-03
1.420128469214801292e+00
3.893178973028124989e+00
4.762671586561062043e+00
5.501663700914502186e+00
5.315166992188856021e+00
3.887272082304676690e+00
2.754143055457969336e+00
-4.071089643084212575e-03
-1.420127203906915936e+00
-3.893176830729203619e+00
-4.762669472416918737e+00
-5.501664389800468236e+00
-5.315168067627993764e+00
-3.887270989085238604e+00
-2.754141331443938689e+00
2.111083489738529995e+00
3.350170207506712572e+00
5.089954822822281066e+00
5.460193472707343787e+00
5.087052240107199808e+00
4.371603406304918060e+00
2.104290078511935835e+00
7.223474101161666550e-01
-2.111082045086319692e+00
-3.350168997872808418e+00
-5.089953261974391907e+00
-5.460191891035558243e+00
-5.087051898230971148e+00
-4.371603130358404421e+00
-2.104288745560635387e+00
-7.223461315428693075e-01
3.897151537362779194e+00
4.768209533376456477e+00
5.507744802882390545e+00
5.320928029955391381e+00
3.891906990134954558e+00
2.756736718269222397e+00
-3.588000686696520003e-03
-1.422197539105363173e+00
-3.897149950151777897e+00
-4.768207332039865243e+00
-5.507743736620164476e+00
-5.320927619428384325e+00
-3.891906256290457833e+00
-2.756735310248002779e+00
3.589342282871545338e-03
1.422198976885438837e+00
5.085092764557566092e+00
5.454765410489668120e+00
5.081826240980585219e+00
4.367520765042169906e+00
2.101805957880315212e+00
7.220237993488807238e-01
-2.109398285708949050e+00
-3.346533185330096583e+00
-5.085090482817221869e+00
-5.454763265132247518e+00
-5.081825144981915621e+00
-4.367520210103305267e+00
-2.101804733541547954e+00
-7.220224083324386921e-01
2.109399593589627475e+00
3.346534522160660163e+00
5.507584194709570724e+00
5.320774310273225893e+00
3.891730823922443960e+00
2.756682260756558200e+00
-3.657213006901416808e-03
-1.422111242990497848e+00
-3.897087484778084754e+00
-4.768049866296037997e+00
-5.507582553736912523e+00
-5.320773233401211222e+00
-3.891729087775013696e+00
-2.756681135705699948e+00
3.658564357958777203e-03
1.422112344233494419e+00
3.897089022393458890e+00
4.768052839942152232e+00
5.086903573994194794e+00
4.371426588429464744e+00
2.104234541999897790e+00
7.222583984189383521e-01
-2.111012134304677712e+00
-3.350137806123029804e+00
-5.089828633370535371e+00
-5.460071695701377514e+00
-5.086902974336476646e+00
-4.371424230961370228e+00
-2.104233079341967017e+00
-7.222570622062455259e-01
2.111013109627837725e+00
3.350139217889034793e+00
5.089832659795844094e+00
5.460073410346228506e+00
3.887854415329150992e+00
2.754492709198044231e+00
-4.074650036993115142e-03
-1.420418791805021730e+00
-3.893817973104783281e+00
-4.763491380934063990e+00
-5.502549545847729817e+00
-5.315984459658161576e+00
-3.887852837468284584e+00
-2.754491187021535392e+00
4.076153289152141361e-03
1.420420242083056728e+00
3.893819449511672470e+00
4.763493911033645389e+00
5.502552248358034248e+00
5.315986781521721660e+00
2.104193114848619928e+00
7.222603957669270214e-01
-2.111017761597757225e+00
-3.350079061722573304e+00
-5.089776669848253832e+00
-5.460027219808859300e+00
-5.086810865344572719e+00
-4.371397670339711716e+00
-2.104191623798125743e+00
-7.222587637032339414e-01
2.111019294004536473e+00
3.350079990184774648e+00
5.089778885111400086e+00
5.460031694736084518e+00
5.086813891784194297e+00
4.371398952218410905e+00
-3.656079691875545150e-03
-1.422123798109993231e+00
-3.897056290422250324e+00
-4.768029233126027222e+00
-5.507548412152948991e+00
-5.320720096504683916e+00
-3.891703555267027159e+00
-2.756642388674848121e+00
3.657892874165681509e-03
1.422125530350528466e+00
3.897057274913055203e+00
4.768031414676184632e+00
5.507553216737650637e+00
5.320723555012405015e+00
3.891704867254425881e+00
2.756643967575211462e+00
-2.109487995447337561e+00
-3.346700052201583286e+00
-5.085324922854764118e+00
-5.455011564366224697e+00
-5.082017751490952584e+00
-4.367662467206491428e+00
-2.101879511420437385e+00
-7.220200361136480671e-01
2.109489905861164250e+00
3.346701582395012142e+00
5.085327496124310009e+00
5.455015219520007896e+00
5.082021357886832291e+00
4.367664664556441423e+00
2.101881255208960741e+00
7.220220214355754784e-01
-3.897073075214408711e+00
-4.768090507782357435e+00
-5.507632023085753836e+00
-5.320749270193626757e+00
-3.891771654664759605e+00
-2.756662901593279535e+00
3.638247689343631058e-03
1.422162509267226538e+00
3.897075115412174107e+00
4.768091627520341547e+00
5.507636223819401877e+00
5.320754581819088003e+00
3.891773418855922095e+00
2.756664645806219394e+00
-3.636034603182001536e-03
-1.422160177842788586e+00
-5.089812721536891793e+00
-5.460067835915249468e+00
-5.086838073909024871e+00
-4.371444101872865140e+00
-2.104205878647586569e+00
-7.222818791313403430e-01
2.111041055493248830e+00
3.350083757362211756e+00
5.089814967078906349e+00
5.460071848950722284e+00
5.086842722876281364e+00
4.371446707911243124e+00
2.104207911069068793e+00
7.222843244632046744e-01
-2.111038807782871451e+00
-3.350081652021863032e+00
-5.502312064730372931e+00
-5.315769067924409619e+00
-3.887712285015318514e+00
-2.754417966156628150e+00
4.080032963209229320e-03
1.420341441642166691e+00
3.893642481963477397e+00
4.763263449903156754e+00
5.502316812891146824e+00
5.315773925305948389e+00
3.887714962431222609e+00
2.754420227789852404e+00
-4.077369505311767214e-03
-1.420338874060111278e+00
-3.893640899297734492e+00
-4.763261088798531162e+00
-5.087023447686631172e+00
-4.371557997623223280e+00
-2.104339373646475053e+00
-7.222605542955295999e-01
2.111042720488593094e+00
3.350215574585753586e+00
5.089934283113506375e+00
5.460235610740040713e+00
5.087027775362385817e+00
4.371561303064211756e+00
2.104342253658719297e+00
7.222635099757089838e-01
-2.111039777602831347e+00
-3.350213362519323557e+00
-5.089931539256086879e+00
-5.460231672656747470e+00
-3.891886903279592413e+00
-2.756810613980436475e+00
3.656682339107334302e-03
1.422142532944199456e+00
3.897177672270832893e+00
4.768169458131552574e+00
5.507778986979143809e+00
5.320915535277311648e+00
3.891889907593126363e+00
2.756813745277613137e+00
-3.653425894309686277e-03
-1.422139234111166717e+00
-3.897175424920795272e+00
-4.768166812254897025e+00
-5.507774235515893402e+00
-5.320911038775943958e+00
-2.101564072253049531e+00
-7.219775315119407733e-01
2.109155108860723438e+00
3.346104811850544092e+00
5.084490617341168139e+00
5.454117735118208188e+00
5.081230657233444248e+00
4.367041434363699182e+00
2.101567674801311902e+00
7.219811104709357164e-01
-2.109151280554032670e+00
-3.346101409998220255e+00
-5.084488030211485210e+00
-5.454114495422282438e+00
-5.081226327443814306e+00
-4.367037569390096685e+00
3.520243063218891216e-03
1.422323497263806580e+00
3.897328955234660164e+00
4.768502547499080535e+00
5.508095109552452406e+00
5.321256174518796733e+00
3.892238617111406285e+00
2.756914297781417833e+00
-3.516415117000893081e-03
-1.422319363095146727e+00
-3.897325152498113621e+00
-4.768500738979223108e+00
-5.508091013327316432e+00
-5.321250441536653497e+00
-3.892235469100899348e+00
-2.756910826267510828e+00
2.111463799358236137e+00
3.350628264378281873e+00
5.090758646857852732e+00
5.461066080907139408e+00
5.087853111056949373e+00
4.372397215240251711e+00
2.104622736167154784e+00
7.225455526411779239e-01
-2.111459448630407465e+00
-3.350624172175236115e+00
-5.090756673058986159e+00
-5.461061717031707730e+00
-5.087846972025324987e+00
-4.372394238611750694e+00
-2.104619188026892740e+00
-7.225413814061953932e-01
3.892224814268321786e+00
4.761503050748245869e+00
5.500346238498934781e+00
5.313908626133549973e+00
3.886381456094532894e+00
2.753528469939903633e+00
-4.048055461894686617e-03
-1.419761664437278137e+00
-3.892220940171941646e+00
-4.761499495381322333e+00
-5.500341710275372442e+00
-5.313903812775191859e+00
-3.886377436827224585e+00
-2.753524378448659160e+00
4.052218263764562067e-03
1.419765882030366244e+00
5.091805556700373714e+00
5.462289991548954227e+00
5.089132373685040456e+00
4.373250402173948892e+00
2.105330809088726607e+00
7.225055382188204645e-01
-2.111692931567761278e+00
-3.351558920813270781e+00
-5.091800697544069720e+00
-5.462286685695998401e+00
-5.089128812541041214e+00
-4.373244881538173701e+00
-2.105326125043178287e+00
-7.225012512973550960e-01
2.111697207189595193e+00
3.351563316395264280e+00
5.511585747136503066e+00
5.324821867189093894e+00
3.894397106320124369e+00
2.759195850195248934e+00
-4.015845295144723423e-03
-1.422669439777241696e+00
-3.900155646780465446e+00
-4.771227507463745354e+00
-5.511581510449500954e+00
-5.324817753749843341e+00
-3.894392005862548967e+00
-2.759191001087967887e+00
4.020374657020205772e-03
1.422673873921697085e+00
3.900160127549450628e+00
4.771232307332256006e+00
5.069886815750654030e+00
4.356856959224255199e+00
2.097324007263762891e+00
7.198994841523743693e-01
-2.103818841670525241e+00
-3.338803556609277301e+00
-5.072614275435507025e+00
-5.441681198064812541e+00
-5.069881523274858637e+00
-4.356852542435189157e+00
-2.097319428389492924e+00
-7.198946400046176697e-01
2.103823496622795552e+00
3.338807727317564034e+00
5.072618789595042976e+00
5.441686827148236816e+00
3.891612150601194919e+00
2.755929572183664522e+00
-3.055380981375969973e-03
-1.422303399564009974e+00
-3.895955709612924256e+00
-4.767406202800870574e+00
-5.506675666612891540e+00
-5.319759835942537762e+00
-3.891607195606847203e+00
-2.755924726522293255e+00
3.060593220570403863e-03
1.422308562810751020e+00
3.895960322235852757e+00
4.767410982092290084e+00
5.506680793513714534e+00
5.319764785047574662e+00
2.104920686702377086e+00
7.252478570475142661e-01
-2.115270164942621545e+00
-3.352242989248955585e+00
-5.096371352176544356e+00
-5.466058664154370916e+00
-5.092044419075116402e+00
-4.377892926658849326e+00
-2.104915825422476239e+00
-7.252425050784665483e-01
2.115275505056626315e+00
3.352247663816094736e+00
5.096375880114388579e+00
5.466064704453959422e+00
5.092050241086283791e+00
4.377897614934979309e+00
6.684932873192283437e-04
-1.406881447187454004e+00
-3.841410051701698691e+00
-4.705668058119248265e+00
-5.433259115944260031e+00
-5.247939238244593518e+00
-3.842380464059674150e+00
-2.716061112999614391e+00
-6.627028200725108061e-04
1.406887210682813194e+00
3.841414748592411943e+00
4.705672773801750530e+00
5.433265395824240507e+00
5.247945453423940698e+00
3.842385335806313584e+00
2.716065901692482853e+00
-2.131124421484213105e+00
-3.382148255194989517e+00
-5.138487942328233693e+00
-5.512318897613434743e+00
-5.135780893443034678e+00
-4.413450768507816591e+00
-2.124568226040891794e+00
-7.292952681202818921e-01
2.131129897764960646e+00
3.382154166833282627e+00
5.138495075295357317e+00
5.512322668646116419e+00
5.135785179359773522e+00
4.413457212248860451e+00
2.124574036332458338e+00
7.293008275159943432e-01
-4.074417093153853031e+00
-4.940253222839232627e+00
-5.725579133373249086e+00
-5.539928242929898161e+00
-4.022768463362184299e+00
-2.894393964750834325e+00
3.650311772113204456e-02
1.446626823003766882e+00
4.074422759914302361e+00
4.940258790452827675e+00
5.725585270091336554e+00
5.539934370557427101e+00
4.022774145966262260e+00
2.894399831981928628e+00
-3.649773290213838978e-02
-1.446621389972150951e+00
-5.303982480000000166e+00
-5.628126960000000345e+00
-5.213824530000000124e+00
-4.587620290000000267e+00
-2.069489850000000075e+00
-8.597571499999999700e-01
2.287130419999999997e+00
3.371751569999999809e+00
5.303989060000000144e+00
5.628132929999999590e+00
5.213830889999998774e+00
4.587627030000001049e+00
2.069495120000000021e+00
8.597629700000000152e-01
-2.287124969999999813e+00
-3.371746439999999900e+00
