5.692200060000000228e+00
5.528731630000000230e+00
3.941715890000000222e+00
2.948114139999999939e+00
-1.177707000000000198e-01
-1.359465989999999902e+00
-4.108271450000000158e+00
-4.870691489999999568e+00
-5.692200680000000013e+00
-5.528731930000000183e+00
-3.941716790000000081e+00
-2.948115019999999920e+00
1.177702999999999944e-01
1.359465289999999937e+00
4.108271239999999658e+00
4.870691240000000199e+00
5.263196631505497436e+00
4.552694021482513342e+00
2.153085101293173764e+00
7.804944479508786337e-01
-2.218272315550846585e+00
-3.448906187648943522e+00
-5.290195975112707671e+00
-5.657978894579902551e+00
-5.263187887712603263e+00
-4.552688804411438639e+00
-2.153086598093311821e+00
-7.804974948636449472e-01
2.218269379294966814e+00
3.448899868594000662e+00
5.290189984309873417e+00
5.657981371646626734e+00
3.922189016913565140e+00
2.776169829045640913e+00
-1.996816876587368013e-03
-1.434189525538711818e+00
-3.925016354083594727e+00
-4.804415869256507321e+00
-5.548802262608622193e+00
-5.360264958909997546e+00
-3.922203714093402738e+00
-2.776149770324854327e+00
1.989751227228575906e-03
1.434188673108536927e+00
3.925010528398012788e+00
4.804405166030721652e+00
5.548828654624530010e+00
5.360255293111496400e+00
2.089760274154121245e+00
7.165558696154818996e-01
-2.095098451256694805e+00
-3.326285559442637929e+00
-5.052674810115362014e+00
-5.420623483337511317e+00
-5.050442464661683672e+00
-4.339621374921563302e+00
-2.089776103562332121e+00
-7.165710763333540401e-01
2.095077773509512742e+00
3.326258967064761318e+00
5.052653414243532204e+00
5.420613318875609821e+00
5.050499657961918132e+00
4.339672607703141338e+00
-4.049718768476926953e-03
-1.420231161938046105e+00
-3.893717465497712471e+00
-4.763264470863997957e+00
-5.502495807632541869e+00
-5.316040315375778924e+00
-3.887977557795913697e+00
-2.754773793059103859e+00
4.040445389112085582e-03
1.420214377613845613e+00
3.893699565773770743e+00
4.763253875434364737e+00
5.502489886941203778e+00
5.316076784736035954e+00
3.888010552546224297e+00
2.754764492791331953e+00
-2.106213768796018737e+00
-3.345271012868216598e+00
-5.080564853595837427e+00
-5.450878132784253260e+00
-5.078809836940330946e+00
-4.363434799844859491e+00
-2.101955150719970522e+00
-7.199659066087858994e-01
2.106195974629054390e+00
3.345251970788559071e+00
5.080554942028162380e+00
5.450872821393912382e+00
5.078846236377070333e+00
4.363468179332707031e+00
2.101946744144313595e+00
7.199573187240546623e-01
-3.887565608908003956e+00
-4.755824513065078918e+00
-5.493856789493739790e+00
-5.307706839719521064e+00
-3.881938738445599668e+00
-2.750382888599879561e+00
3.968180778395101818e-03
1.418059973278129826e+00
3.887539251424708020e+00
4.755800192663582671e+00
5.493873762753905154e+00
5.307742652381812754e+00
3.881956362455758036e+00
2.750382673912244780e+00
-3.975768439969173257e-03
-1.418070392995611106e+00
-5.088197388624545070e+00
-5.458547868027631367e+00
-5.085721773178812022e+00
-4.370257449023601026e+00
-2.104091208406930757e+00
-7.219296066313374283e-01
2.110080311038444290e+00
3.349287112992051618e+00
5.088180519725422180e+00
5.458555680806538746e+00
5.085764560948950574e+00
4.370288917314525179e+00
2.104084030798757166e+00
7.219202014852184046e-01
-2.110097210034263870e+00
-3.349315905563003515e+00
-5.505741792845416427e+00
-5.318906243329507788e+00
-3.891043576455575081e+00
-2.755428951792835424e+00
2.939420968886888568e-03
1.422120045962710355e+00
3.895196444955305370e+00
4.766598116446277622e+00
5.505747157481017062e+00
5.318940122449395069e+00
3.891076531645494718e+00
2.755426623444599876e+00
-2.949348427838070601e-03
-1.422136741939987736e+00
-3.895223503729374759e+00
-4.766610629103967156e+00
-5.079838018684884382e+00
-4.365784552713028788e+00
-2.101150355263078140e+00
-7.217791911688412609e-01
2.108337396595098667e+00
3.345045161913005938e+00
5.082784169138506947e+00
5.452405856352549485e+00
5.079877479833595721e+00
4.365842712013516369e+00
2.101139033861642247e+00
7.217655887070558718e-01
-2.108365255846040842e+00
-3.345070915596706218e+00
-5.082782006005553299e+00
-5.452422482126372927e+00
-3.890278220853355506e+00
-2.755142658986183601e+00
3.124920125370450347e-03
1.421705728495390675e+00
3.894696480728265353e+00
4.765728368795256742e+00
5.504850577990271887e+00
5.318125342418511536e+00
3.890313877773944995e+00
2.755141390389790335e+00
-3.136133645790113375e-03
-1.421724299698464256e+00
-3.894720517324776310e+00
-4.765739547901969075e+00
-5.504847528340375717e+00
-5.318091991113306882e+00
-2.103736267623868006e+00
-7.215251654522780722e-01
2.109310679382935039e+00
3.348562375876010133e+00
5.086742802366155836e+00
5.457129686104040367e+00
5.084495597709838499e+00
4.368995630446481648e+00
2.103725378424882830e+00
7.215136976658415024e-01
-2.109332346179382256e+00
-3.348590483889014813e+00
-5.086760841312970349e+00
-5.457130290697439712e+00
-5.084442280653788337e+00
-4.368951118086009444e+00
3.770668758099938317e-03
1.419889916557358855e+00
3.891897452989230732e+00
4.761416606092637949e+00
5.500252664681387849e+00
5.313849010620663726e+00
3.886599980227557705e+00
2.753403721172137164e+00
-3.778310676230302659e-03
-1.419902877854579692e+00
-3.891927814025428756e+00
-4.761445915544861407e+00
-5.500238729264842696e+00
-5.313798215647447698e+00
-3.886571622682489568e+00
-2.753408667607099236e+00
2.109290526694654222e+00
3.348286274942634311e+00
5.086497000025963722e+00
5.456811502070863185e+00
5.084150830736487769e+00
4.368796380731009066e+00
2.103514672299646282e+00
7.215848822509152161e-01
-2.109303561090626555e+00
-3.348311191265506803e+00
-5.086515730153081449e+00
-5.456804928108729413e+00
-5.084110401065783158e+00
-4.368769205539117628e+00
-2.103518387300560288e+00
-7.215895973390754614e-01
3.894324046232880310e+00
4.765344779433966949e+00
5.504397053710041732e+00
5.317642529821713815e+00
3.890003398798379752e+00
2.754877671048672649e+00
-3.075145535385864163e-03
-1.421636853186618143e+00
-3.894364551585720147e+00
-4.765386161205467985e+00
-5.504352737029485354e+00
-5.317600728992688097e+00
-3.890000726938898534e+00
-2.754871847877296442e+00
3.073428001225512757e-03
1.421636179510813669e+00
5.083296581376617773e+00
5.453075013516000880e+00
5.080482750754896415e+00
4.366203416167731888e+00
2.101554981030330449e+00
7.216981548891718834e-01
-2.108426550116109688e+00
-3.345585856365166588e+00
-5.083333919207918328e+00
-5.453034437288764025e+00
-5.080449257821219256e+00
-4.366204157478944303e+00
-2.101547849439414417e+00
-7.216976043819092190e-01
2.108428637055440813e+00
3.345551652089426842e+00
5.504246159630351798e+00
5.317503682305129153e+00
3.889862982715711848e+00
2.754858115121586071e+00
-3.126781177998815692e-03
-1.421543167546512221e+00
-3.894299011376082031e+00
-4.765233268466222860e+00
-5.504207692423829457e+00
-5.317474568042356076e+00
-3.889863168654757786e+00
-2.754849095225158973e+00
3.128328473422784580e-03
1.421546360710653767e+00
3.894266187922994504e+00
4.765197636458762709e+00
5.084084754166540598e+00
4.368731021659698399e+00
2.103528698108406481e+00
7.215626931962555446e-01
-2.109256263238275420e+00
-3.348294701214650448e+00
-5.086461539715628533e+00
-5.456757728881029834e+00
-5.084074630354642466e+00
-4.368724349331379209e+00
-2.103522657485668024e+00
-7.215601266005285952e-01
2.109254029402478636e+00
3.348281379186500484e+00
5.086454285416856180e+00
5.456768999809549214e+00
3.886992123852354375e+00
2.753609430364746480e+00
-3.700177527704975444e-03
-1.420086840813686857e+00
-3.892225900059726129e+00
-4.761908648669467503e+00
-5.500732822676999589e+00
-5.314258634559995365e+00
-3.886984132918244850e+00
-2.753603440448074036e+00
3.702894624174381862e-03
1.420088670408522491e+00
3.892211413244694551e+00
4.761899251769428965e+00
5.500744144199019914e+00
5.314268207785029396e+00
2.103491748116663729e+00
7.215723067484973718e-01
-2.109249451419452637e+00
-3.348243862546900651e+00
-5.086415576566994723e+00
-5.456706330897296731e+00
-5.084024540431840045e+00
-4.368695886270828055e+00
-2.103485540078180005e+00
-7.215681672530273039e-01
2.109254452754518727e+00
3.348242296754258440e+00
5.086411019440590486e+00
5.456709783141283410e+00
5.084026278884156369e+00
4.368697904621795303e+00
-3.118313062411648493e-03
-1.421545531077033298e+00
-3.894257362907557418e+00
-4.765197219291209763e+00
-5.504211353339552915e+00
-5.317474089841329743e+00
-3.889855428740350618e+00
-2.754831489691768720e+00
3.124630272701307051e-03
1.421554370630395026e+00
3.894264072684396893e+00
4.765195015450051308e+00
5.504211873786402975e+00
5.317469445389821914e+00
3.889850856766983167e+00
2.754838496406646353e+00
-2.108455535981158313e+00
-3.345659072183313043e+00
-5.083424092516315440e+00
-5.453192377917880584e+00
-5.080606499549791266e+00
-4.366304462428631794e+00
-2.101615225984904800e+00
-7.216868265086324730e-01
2.108470823946814843e+00
3.345674963327822216e+00
5.083421404306279534e+00
5.453193266684312590e+00
5.080594610589507454e+00
4.366287045996741334e+00
2.101624411999108766e+00
7.216971888993466422e-01
-3.894279067123500138e+00
-4.765249213307593656e+00
-5.504265556102212464e+00
-5.317525765247562930e+00
-3.889907497781460943e+00
-2.754841754451237357e+00
3.111779995077060528e-03
1.421589529701853927e+00
3.894290715945386783e+00
4.765249039968276534e+00
5.504267345971626924e+00
5.317516853783796016e+00
3.889892003285456923e+00
2.754845496059906917e+00
-3.099834320234029494e-03
-1.421573267290882292e+00
-5.086433779673958711e+00
-5.456719994590117473e+00
-5.084060009797707558e+00
-4.368735314914485635e+00
-2.103475468484324651e+00
-7.215695887667322728e-01
2.109282668022126828e+00
3.348260114720535974e+00
5.086431621302701878e+00
5.456731916067728783e+00
5.084029049044285209e+00
4.368696239178008867e+00
2.103492514530661772e+00
7.215858631479672436e-01
-2.109254791743390811e+00
-3.348238793992712292e+00
-5.500600101248552143e+00
-5.314162402711503752e+00
-3.886892518213019176e+00
-2.753542003499334090e+00
3.734038236019769554e-03
1.420049352044846058e+00
3.892149813178938711e+00
4.761776327103464546e+00
5.500612743037753383e+00
5.314129720871002327e+00
3.886854230017367406e+00
2.753558617612960280e+00
-3.718267617975944215e-03
-1.420022661255980090e+00
-3.892128210505446440e+00
-4.761774703961865640e+00
-5.084214475410968603e+00
-4.368816091591201989e+00
-2.103581783424985918e+00
-7.215342806757383265e-01
2.109287937152431791e+00
3.348396534973702821e+00
5.086554863974612317e+00
5.456883793933863025e+00
5.084174344992930195e+00
4.368773984070128513e+00
2.103599439578048180e+00
7.215510487338215873e-01
-2.109259191852747239e+00
-3.348369181684223594e+00
-5.086548883501469831e+00
-5.456872603794393761e+00
-3.889922831389921232e+00
-2.754886207823532551e+00
3.135094769838152589e-03
1.421579299598019652e+00
3.894363579412232212e+00
4.765313452801482441e+00
5.504295910789390511e+00
5.317542245880534146e+00
3.889912555579372100e+00
2.754892163997804122e+00
-3.121496147728775906e-03
-1.421562978546373923e+00
-3.894327743154329280e+00
-4.765281985357933792e+00
-5.504321030729567354e+00
-5.317583149002197196e+00
-2.101362222354991260e+00
-7.216895917959269546e-01
2.108343913512941814e+00
3.345340486582450534e+00
5.083032797039839679e+00
5.452674372029995276e+00
5.080074273389616479e+00
4.365933364696189756e+00
2.101373350889112590e+00
7.217021765442307446e-01
-2.108326317685202955e+00
-3.345298053003942673e+00
-5.082995010760493315e+00
-5.452701263989414571e+00
-5.080126559005218922e+00
-4.365947262993373101e+00
3.026850104520614586e-03
1.421760274465410756e+00
3.894529973906097897e+00
4.765661257490853231e+00
5.504590247195077168e+00
5.317803244325868484e+00
3.890215898390597005e+00
2.754959502399271898e+00
-3.016170428919878656e-03
-1.421747911561807687e+00
-3.894478671712376272e+00
-4.765610491700579487e+00
-5.504634378864448507e+00
-5.317856806177218232e+00
-3.890219182232175221e+00
-2.754953514372319834e+00
2.109507324546285201e+00
3.348660675387839625e+00
5.087042010381302326e+00
5.457317360095848890e+00
5.084574224393107578e+00
4.369190252420758647e+00
2.103729950007143135e+00
7.216608119514507091e-01
-2.109489385981154541e+00
-3.348618410424622382e+00
-5.087014587864024051e+00
-5.457343183161953881e+00
-5.084609043236902437e+00
-4.369201237001604454e+00
-2.103724323742000468e+00
-7.216506386266324791e-01
3.891866661427638263e+00
4.761215032123441659e+00
5.499938129401661158e+00
5.313536690452027145e+00
3.886318436809737875e+00
2.753389750023942373e+00
-3.885138550360496112e-03
-1.419706575821919836e+00
-3.891809904398249031e+00
-4.761170217792784598e+00
-5.499988517712357528e+00
-5.313577299018764855e+00
-3.886318019654058542e+00
-2.753389167083778233e+00
3.895351123926926035e-03
1.419717900992127912e+00
5.087794565778459344e+00
5.458235656140959513e+00
5.085470512230664042e+00
4.369782418175721439e+00
2.104244795297459447e+00
7.215907698150026972e-01
-2.109663283052915617e+00
-3.349313920812920564e+00
-5.087769139895242709e+00
-5.458257757854078740e+00
-5.085504694985853114e+00
-4.369795855087840408e+00
-2.104237399811104581e+00
-7.215793510817857248e-01
2.109681623686943119e+00
3.349356036612797904e+00
5.506063326015904202e+00
5.319273873859418522e+00
3.891095308675447839e+00
2.755882802848032664e+00
-3.237917878600447049e-03
-1.421919237892921961e+00
-3.895686283103140468e+00
-4.766787952310468590e+00
-5.506087617625317954e+00
-5.319313239045118991e+00
-3.891105661664875370e+00
-2.755875437603788836e+00
3.249450221838672947e-03
1.421934327326777492e+00
3.895728049495070788e+00
4.766822851791443050e+00
5.074105995823277482e+00
4.360996239829764143e+00
2.098754027990407778e+00
7.210564312306412260e-01
-2.106070479699645670e+00
-3.341287500659323673e+00
-5.077206056049526239e+00
-5.446339519304891574e+00
-5.074140728881011420e+00
-4.361012467101895496e+00
-2.098742834691328607e+00
-7.210443337243581663e-01
2.106090476155570990e+00
3.341320750071932189e+00
5.077228366915153224e+00
5.446329609898662660e+00
3.886201357989226057e+00
2.751121921926214853e+00
-2.296274392950439173e-03
-1.420799712279625426e+00
-3.889453620284475832e+00
-4.760441841429678078e+00
-5.498221167338585680e+00
-5.311473284969202346e+00
-3.886198744650233738e+00
-2.751117699163711627e+00
2.306955882983072366e-03
1.420810777746115861e+00
3.889492452976523129e+00
4.760481235905737130e+00
5.498189005226509884e+00
5.311438346187245862e+00
2.101973903203785188e+00
7.222515547026849836e-01
-2.109452218140781543e+00
-3.346473507784584633e+00
-5.085181455303500186e+00
-5.454899038401499034e+00
-5.082099562081019428e+00
-4.367887008825650064e+00
-2.101967964187121396e+00
-7.222423894886330631e-01
2.109461573696094661e+00
3.346512994633700000e+00
5.085222129602233743e+00
5.454866458816638008e+00
5.082064224017441845e+00
4.367891593262728911e+00
-2.880796667793663387e-03
-1.412367202464205773e+00
-3.868326185384562077e+00
-4.733773962034829808e+00
-5.467797354807177435e+00
-5.282233476739958355e+00
-3.864251359362029792e+00
-2.736382610606322707e+00
2.888607753730266636e-03
1.412375642989310398e+00
3.868389410267250472e+00
4.733835631610091355e+00
5.467741215671148680e+00
5.282170827304610405e+00
3.864257987270446115e+00
2.736396578273057933e+00
-2.125282743637842753e+00
-3.376313887668000557e+00
-5.127211430200443232e+00
-5.501068727432270045e+00
-5.125663408737984206e+00
-4.403397466609183297e+00
-2.121582118739774536e+00
-7.262546520236784486e-01
2.125307884750024190e+00
3.376314075246295232e+00
5.127186392657193004e+00
5.501106129364011998e+00
5.125676815807305609e+00
4.403375875532956840e+00
2.121590892289289876e+00
7.262607923905738394e-01
-4.063556721723727172e+00
-4.928614043138113132e+00
-5.711449153427548886e+00
-5.525970730291007271e+00
-4.013647415348148506e+00
-2.886284379154858026e+00
3.529013075864025073e-02
1.444145345252718204e+00
4.063570787736897394e+00
4.928625583823635914e+00
5.711449695751324995e+00
5.525966196364655580e+00
4.013649487429423957e+00
2.886292433474469288e+00
-3.528387956352677102e-02
-1.444137447309847611e+00
-5.303982480000000166e+00
-5.628126960000000345e+00
-5.213824530000000124e+00
-4.587620290000000267e+00
-2.069489850000000075e+00
-8.597571499999999700e-01
2.287130419999999997e+00
3.371751569999999809e+00
5.303989060000000144e+00
5.628132929999999590e+00
5.213830889999998774e+00
4.587627030000001049e+00
2.069495120000000021e+00
8.597629700000000152e-01
-2.287124969999999813e+00
-3.371746439999999900e+00
