1.177701800000000021e-01
1.359465399999999935e+00
4.108271180000000022e+00
4.870691080000000284e+00
5.692199529999999896e+00
5.528730679999999786e+00
3.941715059999999937e+00
2.948113409999999934e+00
-1.177715000000000012e-01
-1.359466679999999927e+00
-4.108271659999999770e+00
-4.870691869999999923e+00
-5.692200139999999742e+00
-5.528731320000000338e+00
-3.941715809999999820e+00
-2.948113849999999925e+00
2.220371635397650145e+00
3.451292546401059091e+00
5.294489646345642342e+00
5.662360138508961249e+00
5.267162614339322424e+00
4.556494604573740226e+00
2.154406545469615519e+00
7.814973463423415811e-01
-2.220372030776434080e+00
-3.451293232643063646e+00
-5.294490131186390336e+00
-5.662360744401933488e+00
-5.267163249748054277e+00
-4.556495003125554888e+00
-2.154407137520175208e+00
-7.814977758709041877e-01
3.926768104616141564e+00
4.806134248114455332e+00
5.550979914262462067e+00
5.362433058014858922e+00
3.923510346338280552e+00
2.777501594285457731e+00
-2.299004560858263803e-03
-1.434453937616310570e+00
-3.926769582460397423e+00
-4.806134238174873730e+00
-5.550980919520588586e+00
-5.362432703514215859e+00
-3.923509293728581593e+00
-2.777502836326402935e+00
2.299423122139356446e-03
1.434453845425160745e+00
5.045298903917745825e+00
5.413112001583929356e+00
5.043670162082091402e+00
4.333122025480715678e+00
2.087519290811246986e+00
7.148382466298706106e-01
-2.091472039316992770e+00
-3.322185248615745934e+00
-5.045299197248094281e+00
-5.413112363292472473e+00
-5.043672382191887849e+00
-4.333124078463624684e+00
-2.087517997550403237e+00
-7.148370436849970089e-01
2.091473370657334740e+00
3.322186594526779224e+00
5.505997094084264631e+00
5.319562443890871961e+00
3.890138674031936805e+00
2.756924561692033482e+00
-4.508188253749378059e-03
-1.420677403530294702e+00
-3.896525236887109056e+00
-4.766076770580075284e+00
-5.505996154606229709e+00
-5.319562659544743610e+00
-3.890139358285686910e+00
-2.756923348506877591e+00
4.509256010503833595e-03
1.420678841172724249e+00
3.896525292415285335e+00
4.766075647543887683e+00
5.080441194224702528e+00
4.364979586985024085e+00
2.102511228106488606e+00
7.203515882194396758e-01
-2.107038896781250781e+00
-3.346258947939889872e+00
-5.082324918473941189e+00
-5.452668551959854781e+00
-5.080440619638355138e+00
-4.364979456471206554e+00
-2.102509759865843098e+00
-7.203504127802577983e-01
2.107040432060775625e+00
3.346259007309833944e+00
5.082323788971890188e+00
5.452669726199140143e+00
3.881561165708011352e+00
2.750065479275718427e+00
-3.929330189279622333e-03
-1.417954397983590686e+00
-3.887123617782514362e+00
-4.755361734760151116e+00
-5.493297771420128761e+00
-5.307124488175974264e+00
-3.881559797062634320e+00
-2.750063716897543920e+00
3.930738461635158512e-03
1.417955890778189065e+00
3.887123653563355763e+00
4.755361622787395603e+00
5.493298511554381314e+00
5.307125034039887446e+00
2.104503564530654014e+00
7.223342079441416042e-01
-2.110886189104913768e+00
-3.350105918736347999e+00
-5.089753025409225806e+00
-5.460109081593814473e+00
-5.087095240124429374e+00
-4.371636748724194277e+00
-2.104501778703288473e+00
-7.223325164805937115e-01
2.110887544846510533e+00
3.350107288078574719e+00
5.089754033094970431e+00
5.460108913714498691e+00
5.087096056890162643e+00
4.371638547039876421e+00
-3.082867632568207002e-03
-1.422309898980708143e+00
-3.896169906162694652e+00
-4.767599768742128319e+00
-5.506943773817220666e+00
-5.320086401442298829e+00
-3.891805857138143310e+00
-2.756143685534683030e+00
3.084736727275081119e-03
1.422311944643654735e+00
3.896170729285412637e+00
4.767600126453838350e+00
5.506945096500909465e+00
5.320087651967551068e+00
3.891807653621701668e+00
2.756146149643015519e+00
-2.108569502776902915e+00
-3.345263374727118766e+00
-5.083210171197203309e+00
-5.452822464082757392e+00
-5.080157784755081174e+00
-4.366152170301921487e+00
-2.101235274868404002e+00
-7.218809147767556444e-01
2.108572318460788075e+00
3.345264284614854144e+00
5.083209807978101402e+00
5.452825128053414794e+00
5.080159911899764680e+00
4.366153521145164085e+00
2.101238022522301740e+00
7.218831066997091206e-01
-3.895653414627899824e+00
-4.766691923475798731e+00
-5.506020755411253020e+00
-5.319237411367380375e+00
-3.890998997216987831e+00
-2.755848968238390206e+00
3.288911501584365453e-03
1.421880873601891082e+00
3.895655308993935861e+00
4.766693344651775632e+00
5.506022847886568705e+00
5.319238528933927235e+00
3.891000903919928255e+00
2.755852014958831919e+00
-3.286419314019935981e-03
-1.421878139635596172e+00
-5.087843457907470501e+00
-5.458232305161990539e+00
-5.085395596499768800e+00
-4.369905492816007708e+00
-2.104015881470972182e+00
-7.217836256976031262e-01
2.109883790193118003e+00
3.349154062532023968e+00
5.087846475663204693e+00
5.458233951214756630e+00
5.085396273939241318e+00
4.369907362501132653e+00
2.104018900263957992e+00
7.217865350856255136e-01
-2.109880986697960648e+00
-3.349150963078578069e+00
-5.500856330081715484e+00
-5.314385301971520370e+00
-3.886921612306442508e+00
-2.753760847888369501e+00
3.874907459129893744e-03
1.419982454416692130e+00
3.892413618320692326e+00
4.761928353488827703e+00
5.500858634987350726e+00
5.314386141327927859e+00
3.886923799722595607e+00
2.753764102248392298e+00
-3.871760705964787629e-03
-1.419979241599834685e+00
-3.892410526962300832e+00
-4.761924805069312150e+00
-5.085062212277624560e+00
-4.369706898459541300e+00
-2.103784839938425133e+00
-7.218471491624859349e-01
2.109859610965028054e+00
3.348877188403144967e+00
5.087599377999930894e+00
5.457894376773182010e+00
5.085062202042969659e+00
4.369707395966303309e+00
2.103788621494890876e+00
7.218507303069916503e-01
-2.109855794438132204e+00
-3.348873359373561343e+00
-5.087594959472379053e+00
-5.457890434498736454e+00
-3.890645495444464697e+00
-2.755507339858403348e+00
3.228992891855848261e-03
1.421802923036619148e+00
3.895228781104254967e+00
4.766261022423571525e+00
5.505468211869144035e+00
5.318695600359425235e+00
3.890646432366820839e+00
2.755511204605060716e+00
-3.225137856631165190e-03
-1.421798721488922279e+00
-3.895224324967906160e+00
-4.766256002916860801e+00
-5.505464222086083659e+00
-5.318695470748274978e+00
-2.101687471056031598e+00
-7.218476073585681219e-01
2.108784348618737425e+00
3.345912386543892225e+00
5.083973723652712273e+00
5.453719632567653797e+00
5.081007336893728521e+00
4.366749523838151958e+00
2.101691974633002502e+00
7.218517514853353134e-01
-2.108779330719156686e+00
-3.345907780315630742e+00
-5.083967938061360492e+00
-5.453713334018577719e+00
-5.081008277918559024e+00
-4.366750041414525718e+00
3.285981618365818070e-03
1.421716045043760479e+00
3.895160981273654954e+00
4.766103399093331028e+00
5.505328013265101461e+00
5.318547014993058930e+00
3.890498601307446958e+00
2.755479530351732098e+00
-3.281679860938478514e-03
-1.421711450458409409e+00
-3.895154442321551169e+00
-4.766095812772645601e+00
-5.505323882261809132e+00
-5.318547162998604527e+00
-3.890497736529248130e+00
-2.755475904175070045e+00
2.109814405813446925e+00
3.348858750853608512e+00
5.087531604407112162e+00
5.457838333981535506e+00
5.085000575739814010e+00
4.369635163071365014e+00
2.103783089481029211e+00
7.218124733034966267e-01
-2.109809471551387094e+00
-3.348851627152575450e+00
-5.087522960717557829e+00
-5.457833252460580375e+00
-5.085001096822745481e+00
-4.369634804482348756e+00
-2.103779194960170518e+00
-7.218079717780137017e-01
3.892784708199712451e+00
4.762469462475094062e+00
5.501422497712295190e+00
5.314932357554277509e+00
3.887364477961411158e+00
2.753989545497035785e+00
-3.813280427527419338e-03
-1.420186636699912519e+00
-3.892775712196758775e+00
-4.762459584938089741e+00
-5.501419715909117159e+00
-5.314931569495136898e+00
-3.887362499974576835e+00
-2.753986622084624525e+00
3.817938887730612865e-03
1.420191213334814240e+00
5.087487998799734790e+00
5.457775274803623233e+00
5.084949238619081768e+00
4.369600819564039007e+00
2.103744850416945589e+00
7.218220915650451763e-01
-2.109800983113751638e+00
-3.348806369362902657e+00
-5.087477839981410455e+00
-5.457768753200887168e+00
-5.084949648180532300e+00
-4.369600424493222945e+00
-2.103740574572564803e+00
-7.218170919125064255e-01
2.109806452382710251e+00
3.348814240001419140e+00
5.505295774798897313e+00
5.318536223077457770e+00
3.890483280024813695e+00
2.755454589359409567e+00
-3.272870037969903469e-03
-1.421710569478136232e+00
-3.895135655362620408e+00
-4.766082661086111116e+00
-5.505290000724928134e+00
-5.318535767692401883e+00
-3.890481982274322625e+00
-2.755450465646319458e+00
3.278190829389598937e-03
1.421716140331374056e+00
3.895144411114258354e+00
4.766093353901983853e+00
5.081174751643925624e+00
4.366857699167049134e+00
2.101762252064562464e+00
7.218535500040815789e-01
-2.108816004847518411e+00
-3.346017802993211721e+00
-5.084102700375734862e+00
-5.453853573292552603e+00
-5.081174985300756397e+00
-4.366857482148594372e+00
-2.101756769528720703e+00
-7.218479744525420072e-01
2.108822587560682749e+00
3.346024996260737350e+00
5.084113147314663017e+00
5.453862965169256505e+00
3.890533040326688674e+00
2.755466189965258383e+00
-3.254175410447388526e-03
-1.421736544929962376e+00
-3.895163456749158204e+00
-4.766141447471789583e+00
-5.505335358958973302e+00
-5.318596791718534611e+00
-3.890531162316921865e+00
-2.755461544939499685e+00
3.259995262722426186e-03
1.421742546401983720e+00
3.895172646016535012e+00
4.766152543753378268e+00
5.505342153212627210e+00
5.318598689123510859e+00
2.103743978801615899e+00
7.218377189147888728e-01
-2.109809524598529773e+00
-3.348813326993012041e+00
-5.087502320603914718e+00
-5.457772973081599588e+00
-5.084985946440445659e+00
-4.369624030129378944e+00
-2.103738925379879721e+00
-7.218317479284476201e-01
2.109815851368319617e+00
3.348822204335426544e+00
5.087513453702651844e+00
5.457780650361926611e+00
5.084988556050014985e+00
4.369626583488682492e+00
-3.828393452616245078e-03
-1.420121443887307322e+00
-3.892681251254236585e+00
-4.762316041993865490e+00
-5.501253659403998242e+00
-5.314802412674253240e+00
-3.887238277498673789e+00
-2.753921646731250839e+00
3.834542532233317993e-03
1.420127425631115825e+00
3.892691842426160509e+00
4.762327410731030497e+00
5.501258809626803803e+00
5.314807583564681082e+00
3.887242771589201062e+00
2.753925686995193800e+00
-2.109819054927125848e+00
-3.348940973983215663e+00
-5.087614134668969612e+00
-5.457941146908458663e+00
-5.085140516575031633e+00
-4.369721648636750722e+00
-2.103854581453330486e+00
-7.217992089754972085e-01
2.109825631679344227e+00
3.348950153054067957e+00
5.087625008648672953e+00
5.457948538907075431e+00
5.085145780691436634e+00
4.369726423232767942e+00
2.103859890075614469e+00
7.218056119620847033e-01
-3.895222340709963316e+00
-4.766182058178252134e+00
-5.505405992718467090e+00
-5.318664705961875683e+00
-3.890569553536122438e+00
-2.755525991237564032e+00
3.281747682235033447e-03
1.421732158906978682e+00
3.895232128859770881e+00
4.766192879990134301e+00
5.505413180534319828e+00
5.318670855281318666e+00
3.890574893091085062e+00
2.755531628890400153e+00
-3.274963047934587815e-03
-1.421725431898623659e+00
-5.083597097808462806e+00
-5.453262081629462799e+00
-5.080631733217012780e+00
-4.366443113067600024e+00
-2.101486933230240606e+00
-7.218425708259776918e-01
2.108649363809645738e+00
3.345624138339689413e+00
5.083607521153355790e+00
5.453271171027091135e+00
5.080638160497331413e+00
4.366449379662437735e+00
2.101493690710031892e+00
7.218496488977308445e-01
-2.108642025561558775e+00
-3.345616023637468572e+00
-5.505723387451292972e+00
-5.318951681933741682e+00
-3.890879976775726501e+00
-2.755599973404877279e+00
3.169798416705486670e-03
1.421916855143307679e+00
3.895381930082872035e+00
4.766521572916783356e+00
5.505732927330878823e+00
5.318958593126207113e+00
3.890886193081212863e+00
2.755607031800651363e+00
-3.162289224633334922e-03
-1.421909347519918043e+00
-3.895373210372951256e+00
-4.766510792169750488e+00
-5.085628679545333597e+00
-4.370205651338967989e+00
-2.104015933663267557e+00
-7.219427306976706760e-01
2.110089187107399233e+00
3.349228599088287517e+00
5.088149863343325308e+00
5.458479780801634540e+00
5.085637469904333408e+00
4.370213511847359733e+00
2.104023063956447004e+00
7.219506811708999994e-01
-2.110081583520200255e+00
-3.349219621483118026e+00
-5.088139694891667730e+00
-5.458471088714334840e+00
-3.886540821158160686e+00
-2.753624343531661189e+00
3.964068341512735905e-03
1.419758646072387887e+00
3.892162699047117425e+00
4.761490816355900435e+00
5.500384667557091767e+00
5.314003505333140254e+00
3.886550042588318821e+00
2.753631118645714526e+00
-3.955837391354789963e-03
-1.419750618300316569e+00
-3.892152551456595777e+00
-4.761481910066560630e+00
-5.500377425759251260e+00
-5.313991981758400485e+00
-2.104560447169077975e+00
-7.218698567277802569e-01
2.110254234561845355e+00
3.349954446866754587e+00
5.088934451497246769e+00
5.459416080389429382e+00
5.086583246588658902e+00
4.370835179451570518e+00
2.104568530289656625e+00
7.218785190288676823e-01
-2.110245889685453680e+00
-3.349945030049753747e+00
-5.088924388709739510e+00
-5.459406668846559008e+00
-5.086573188609412099e+00
-4.370826238630305838e+00
3.451448680440797646e-03
1.422135014988519019e+00
3.896954925747563969e+00
4.768054374577173959e+00
5.507674292018895024e+00
5.320920173689050792e+00
3.892076266566534493e+00
2.756845094821158693e+00
-3.442510505383758034e-03
-1.422125989774567278e+00
-3.896945534718563753e+00
-4.768043516953438754e+00
-5.507662978434389345e+00
-5.320911107688854003e+00
-3.892067984588582608e+00
-2.756836099135329121e+00
2.105818560212798563e+00
3.340966591658708129e+00
5.076641635443595924e+00
5.445784950530644153e+00
5.073656367302475267e+00
4.360534346074931733e+00
2.098568537104172904e+00
7.209439174882502632e-01
-2.105809083774015544e+00
-3.340956651547115186e+00
-5.076630821029304741e+00
-5.445774537164634665e+00
-5.073646000826527391e+00
-4.360524481209917980e+00
-2.098559728550762671e+00
-7.209348300830709100e-01
3.890848709635622349e+00
4.761938601455764974e+00
5.500062839899487521e+00
5.313282619371958226e+00
3.887400050397961770e+00
2.752175413350973265e+00
-2.440205149239106728e-03
-1.421118901855904948e+00
-3.890836937549372987e+00
-4.761927798891194108e+00
-5.500053593764688387e+00
-5.313270439121296818e+00
-3.887389916174905036e+00
-2.752167138936272739e+00
2.449734209615979808e-03
1.421128569510938577e+00
5.088602720351902420e+00
5.458318384979911286e+00
5.085163698398774912e+00
4.370979803445499634e+00
2.102903526143883539e+00
7.231819461124361359e-01
-2.111211228175628118e+00
-3.348226413798558454e+00
-5.088590966778311575e+00
-5.458308790091761509e+00
-5.085151516026520824e+00
-4.370969747592506671e+00
-2.102895291144704082e+00
-7.231722677145675515e-01
2.111221280473886353e+00
3.348239252830585766e+00
5.460122653274605220e+00
5.274643829769768644e+00
3.859399137111077849e+00
2.731960872351544722e+00
-2.129634108308597808e-03
-1.411075055096639552e+00
-3.862359895836545931e+00
-4.727477187363716027e+00
-5.460111309765799170e+00
-5.274632672476083251e+00
-3.859391344132776069e+00
-2.731952996212148488e+00
2.139569807630406582e-03
1.411084901110021717e+00
3.862374638011409900e+00
4.727492157391626648e+00
5.127572495306931266e+00
4.405317383557913580e+00
2.122156818058944960e+00
7.268666800624677959e-01
-2.126376821934119032e+00
-3.377368328376086026e+00
-5.129314622946550273e+00
-5.503174264349464551e+00
-5.127562465290023574e+00
-4.405304700891625735e+00
-2.122145389761938894e+00
-7.268570513240203423e-01
2.126390100826189844e+00
3.377378095746294662e+00
5.129324884457745704e+00
5.503187232749149338e+00
4.016543398248833441e+00
2.888917772225653380e+00
-3.568583631242167042e-02
-1.444867103227885252e+00
-4.066995495415694606e+00
-4.932257041922071039e+00
-5.715920815005764766e+00
-5.530406727991897142e+00
-4.016531651316074480e+00
-2.888906239138751442e+00
3.569715308787932417e-02
1.444878962522495591e+00
4.067006940805321769e+00
4.932268729873787727e+00
5.715932685736086150e+00
5.530418040577520955e+00
2.069520349999999898e+00
8.597852999999999746e-01
-2.287100309999999581e+00
-3.371718500000000063e+00
-5.303962699999999586e+00
-5.628117460000000349e+00
-5.213842660000000073e+00
-4.587643769999999677e+00
-2.069507600000000114e+00
-8.597722100000000367e-01
2.287111200000000011e+00
3.371729970000000076e+00
5.303974560000000338e+00
5.628128979999999615e+00
5.213854869999998698e+00
4.587655390000000111e+00
