1.177701800000000021e-01
1.359465399999999935e+00
4.108271180000000022e+00
4.870691080000000284e+00
5.692199529999999896e+00
5.528730679999999786e+00
3.941715059999999937e+00
2.948113409999999934e+00
-1.177715000000000012e-01
-1.359466679999999927e+00
-4.108271659999999770e+00
-4.870691869999999923e+00
-5.692200139999999742e+00
-5.528731320000000338e+00
-3.941715809999999820e+00
-2.948113849999999925e+00
2.227227662700526079e+00
3.459466809484823546e+00
5.308827836689213875e+00
5.677093982929519278e+00
5.280572321997434315e+00
4.569142997421005603e+00
2.159031819696988652e+00
7.846497345622389652e-01
-2.227228219395013475e+00
-3.459467593091321458e+00
-5.308828368427354505e+00
-5.677094428815246729e+00
-5.280572643455463400e+00
-4.569143325864510885e+00
-2.159032547032801563e+00
-7.846502941461132030e-01
3.938907466620508391e+00
4.818355754585171624e+00
5.566212727493801360e+00
5.377644292229200929e+00
3.932901556653983999e+00
2.786822889174934481e+00
-4.293750367133315760e-03
-1.436476531145710611e+00
-3.938907683405290072e+00
-4.818356537785495775e+00
-5.566213055935753218e+00
-5.377644363606444600e+00
-3.932901893474898269e+00
-2.786823160509069197e+00
4.293728789078384359e-03
1.436476552127278650e+00
5.001722808443976653e+00
5.368970098998523177e+00
5.003783604661675710e+00
4.294328345674644609e+00
2.074673313144592690e+00
7.041406389736856175e-01
-2.069702934798514971e+00
-3.298499999981182818e+00
-5.001722940495128888e+00
-5.368970087773458744e+00
-5.003783674358142086e+00
-4.294328452926523099e+00
-2.074673125174712585e+00
-7.041404464749831948e-01
2.069702991497847755e+00
3.298499926951962369e+00
5.517341896003191692e+00
5.330914837353331492e+00
3.897063404272280263e+00
2.763920742852982393e+00
-6.049285872023271900e-03
-1.422121240442438150e+00
-3.905622036397197405e+00
-4.775119364777270725e+00
-5.517341348949904578e+00
-5.330914282963173711e+00
-3.897062887309030721e+00
-2.763920281911136811e+00
6.049819772328477764e-03
1.422121695397080776e+00
3.905621751340735859e+00
4.775119203505123977e+00
5.091264072686925601e+00
4.375316672646756722e+00
2.106119740705788335e+00
7.230526524863385429e-01
-2.112724149699588327e+00
-3.352764407672733427e+00
-5.093992822232796591e+00
-5.464595425065712497e+00
-5.091262875727283976e+00
-4.375315411460852566e+00
-2.106118841283429965e+00
-7.230518799389521467e-01
2.112724819898188944e+00
3.352764360644655106e+00
5.093992476873303588e+00
5.464595946563483686e+00
3.875993194958569088e+00
2.744762652100998235e+00
-2.941012064635466043e-03
-1.416606145165673514e+00
-3.880160695496493783e+00
-4.748199472072083260e+00
-5.484432908922769911e+00
-5.298315267546058749e+00
-3.875991222195108055e+00
-2.744761231179885463e+00
2.942116979320388934e-03
1.416607221222164092e+00
3.880160411068977577e+00
4.748198917253402485e+00
5.484433647579725957e+00
5.298316892755261520e+00
2.106166582455466063e+00
7.240631121221093869e-01
-2.114192958525785482e+00
-3.353359921516771980e+00
-5.096181104177104793e+00
-5.466478797106657517e+00
-5.092816537994535153e+00
-4.377399157093432081e+00
-2.106165141894324577e+00
-7.240617783426255283e-01
2.114193976133698083e+00
3.353360540405391443e+00
5.096181241581424715e+00
5.466479111128931478e+00
5.092818842415065106e+00
4.377401547966070616e+00
-3.595265557966880431e-03
-1.423101975755945103e+00
-3.900052567794048741e+00
-4.771773436328484941e+00
-5.511979496447420246e+00
-5.325103090947682638e+00
-3.895046982769359456e+00
-2.759068558477947963e+00
3.596815749425062107e-03
1.423103436758301976e+00
3.900053122061218236e+00
4.771773176804946281e+00
5.511980124365594591e+00
5.325106045922346709e+00
3.895049971775874642e+00
2.759070468961394074e+00
-2.108105605090695445e+00
-3.344675756694737156e+00
-5.082291067145681573e+00
-5.451870430596898132e+00
-5.079293566683724670e+00
-4.365337452212189717e+00
-2.100882683117522465e+00
-7.216903614750913576e-01
2.108107212642896577e+00
3.344676511731266899e+00
5.082291486459591390e+00
5.451871779521833439e+00
5.079296515549944324e+00
4.365340585008763874e+00
2.100884880103998764e+00
7.216922588574404829e-01
-3.899097054707866050e+00
-4.770096114454034364e+00
-5.510333973753358094e+00
-5.323542916974838946e+00
-3.893601542564222751e+00
-2.758472299234043135e+00
3.830553205110986785e-03
1.422438924368869095e+00
3.899097004956178392e+00
4.770096952259370582e+00
5.510337670277716704e+00
5.323544487060606123e+00
3.893604069273695067e+00
2.758475749443100256e+00
-3.828349797740674722e-03
-1.422436639412687276e+00
-5.091467275005468807e+00
-5.461909480051583721e+00
-5.088720482167316206e+00
-4.373124904863323614e+00
-2.105042486237918009e+00
-7.227044470445883606e-01
2.111691998063341735e+00
3.351089468625163104e+00
5.091468358947408568e+00
5.461912994429746426e+00
5.088722875512327271e+00
4.373127928608259829e+00
2.105045854466500277e+00
7.227069656618637650e-01
-2.111689393831697181e+00
-3.351089064526584949e+00
-5.501727182744281741e+00
-5.315287463304404270e+00
-3.887383300491429328e+00
-2.754279418210131336e+00
4.009847487703289623e-03
1.420010104711522558e+00
3.893084186447477890e+00
4.762562720666839944e+00
5.501730418918000076e+00
5.315290971666447817e+00
3.887387066528940949e+00
2.754282863653747526e+00
-4.007024507337498924e-03
-1.420007273090655664e+00
-3.893083328085287675e+00
-4.762561860015032345e+00
-5.088327718782807096e+00
-4.372877224980368460e+00
-2.104782608955867662e+00
-7.227755908640453031e-01
2.111650468712305884e+00
3.350766947510598115e+00
5.091144216637536246e+00
5.461539090401998031e+00
5.088330792664449653e+00
4.372880500654554581e+00
2.104785838123082176e+00
7.227786969502228986e-01
-2.111647818138494781e+00
-3.350764648376285848e+00
-5.091141400545157403e+00
-5.461535797625709066e+00
-3.892809552445887888e+00
-2.757652177048696807e+00
3.641810192818722893e-03
1.422273525595913135e+00
3.898052325771105053e+00
4.769079417331863802e+00
5.509079898708155731e+00
5.322278871701695557e+00
3.892813141912041086e+00
2.757655661837501437e+00
-3.638521730450288393e-03
-1.422270293929459362e+00
-3.898049834716506012e+00
-4.769076619699003317e+00
-5.509076033695623487e+00
-5.322275415313492353e+00
-2.101982867975591862e+00
-7.222085715220766255e-01
2.109420511515328833e+00
3.346527076369441023e+00
5.085255002290169024e+00
5.455001639437831784e+00
5.082160248819760362e+00
4.367884348468034084e+00
2.101986426878603709e+00
7.222121446110587595e-01
-2.109417155338049632e+00
-3.346523850751063733e+00
-5.085251140500227862e+00
-5.454997491966453893e+00
-5.082156717167282345e+00
-4.367880862124541075e+00
3.702777542361550614e-03
1.422167368294271705e+00
3.897955119198733609e+00
4.768927165967807191e+00
5.508905908190713241e+00
5.322132679736697014e+00
3.892664257779896442e+00
2.757604390334005728e+00
-3.698908786453645580e-03
-1.422163491636470933e+00
-3.897951587898671022e+00
-4.768923252804751378e+00
-5.508901190285477867e+00
-5.322128943374311305e+00
-3.892660708090303068e+00
-2.757600427187345549e+00
2.111484121326896002e+00
3.350640826634589953e+00
5.090902302097557452e+00
5.461310647040454214e+00
5.088125801371693235e+00
4.372647457672962368e+00
2.104726621048643942e+00
7.226788320739973015e-01
-2.111479713592064655e+00
-3.350637316255153930e+00
-5.090897847096078621e+00
-5.461304886485874199e+00
-5.088122361507498859e+00
-4.372643832310480150e+00
-2.104722142291052478e+00
-7.226746913342013690e-01
3.893931369464830983e+00
4.763618960340024522e+00
5.502926206393465414e+00
5.316440889228820410e+00
3.888226391360691814e+00
2.754864234301736214e+00
-4.009379035149688263e-03
-1.420309722699409472e+00
-3.893926905135229433e+00
-4.763614026402356316e+00
-5.502921041155686588e+00
-5.316436679437430257e+00
-3.888222240508838912e+00
-2.754859799405299903e+00
4.013905022335165738e-03
1.420314245881002302e+00
5.090910051368214617e+00
5.461197336673063063e+00
5.088031545831858793e+00
4.372646551480014132e+00
2.104658395965607554e+00
7.226915240793525541e-01
-2.111481334414138100e+00
-3.350551458882357281e+00
-5.090904223461268252e+00
-5.461191931951444367e+00
-5.088027370694667262e+00
-4.372642343701518719e+00
-2.104653613277382984e+00
-7.226866629461649039e-01
2.111486085191195183e+00
3.350556507425461739e+00
5.508824415730054547e+00
5.322052132199328156e+00
3.892635563812029353e+00
2.757550894353446136e+00
-3.686102464311481319e-03
-1.422163041928468985e+00
-3.897891333460868246e+00
-4.768889640917961081e+00
-5.508818850673919520e+00
-5.322047624736033988e+00
-3.892630803488433155e+00
-2.757545800781321610e+00
3.691278624152902199e-03
1.422168184912633304e+00
3.897896778916960070e+00
4.768895652248132500e+00
5.082467780307377225e+00
4.368153919520124440e+00
2.102085510967282467e+00
7.222348454159013276e-01
-2.109501427103677607e+00
-3.346675039167419818e+00
-5.085560850830354696e+00
-5.455315581800896929e+00
-5.082462205022673096e+00
-4.368148260447724418e+00
-2.102080121635662380e+00
-7.222293466785740801e-01
2.109507058856846307e+00
3.346680913477364072e+00
5.085566389847185675e+00
5.455320845946448394e+00
3.892746710500754936e+00
2.757536245322179447e+00
-3.668016129749737935e-03
-1.422193709313453569e+00
-3.897875168822218406e+00
-4.769014771869859892e+00
-5.508860308340794987e+00
-5.322102583212442006e+00
-3.892740195615056020e+00
-2.757530755937567246e+00
3.673920621027195171e-03
1.422199577118407721e+00
3.897881799143366521e+00
4.769020313864372085e+00
5.508864813942490279e+00
5.322109246994179088e+00
2.104663187894320941e+00
7.227129412122512697e-01
-2.111507625591829029e+00
-3.350558871509544900e+00
-5.090984969638341795e+00
-5.461252170707608045e+00
-5.088090219664900715e+00
-4.372725552704725516e+00
-2.104656973833942235e+00
-7.227066363588146025e-01
2.111513920484984208e+00
3.350565402755577793e+00
5.090990675611349658e+00
5.461257586791346874e+00
5.088097019019822476e+00
4.372732293850010166e+00
-4.016663072069549291e-03
-1.420231831811140211e+00
-3.893716987120009687e+00
-4.763368533822530893e+00
-5.502569681554231984e+00
-5.316104122721914571e+00
-3.888023343914491559e+00
-2.754716424849809275e+00
4.023351639473568379e-03
1.420238549683279228e+00
3.893723336669878687e+00
4.763374542449474447e+00
5.502575750612524352e+00
5.316110684068221737e+00
3.888030632848365808e+00
2.754723431785093712e+00
-2.111524360116170840e+00
-3.350702319019898567e+00
-5.091136763461304504e+00
-5.461406150472809529e+00
-5.088256520507900227e+00
-4.372843612760053844e+00
-2.104776108427639958e+00
-7.226742419056548794e-01
2.111531389761754696e+00
3.350709198791754329e+00
5.091142521562134426e+00
5.461411815707402972e+00
5.088264359691943461e+00
4.372851806671686603e+00
2.104783292162623276e+00
7.226812817349362872e-01
-3.898102932218707295e+00
-4.769210460841255994e+00
-5.509089234012248149e+00
-5.322342092279151338e+00
-3.892896854031508092e+00
-2.757724805544414348e+00
3.731831363948214571e-03
1.422216204512197990e+00
3.898109753692795110e+00
4.769216852195055090e+00
5.509095850620955304e+00
5.322349554932761073e+00
3.892905221367153779e+00
2.757732697142656786e+00
-3.724458564561631321e-03
-1.422208835282833705e+00
-5.084454366632386701e+00
-5.454114629182445384e+00
-5.081359217586310706e+00
-4.367220835497330533e+00
-2.101634819002087262e+00
-7.220792862419783686e-01
2.109049754734386273e+00
3.345948767139488744e+00
5.084459304474793662e+00
5.454119828423070082e+00
5.081369199566691641e+00
4.367231192290853770e+00
2.101642643339725058e+00
7.220869037374749722e-01
-2.109041866106587282e+00
-3.345941286723784103e+00
-5.509480217274227876e+00
-5.322676695477745135e+00
-3.893241844639278249e+00
-2.757832088920504354e+00
3.601640556117363234e-03
1.422445095740342502e+00
3.898316134927302112e+00
4.769581033202799247e+00
5.509485776989225592e+00
5.322686769711497234e+00
3.893252126176855121e+00
2.757840057011193835e+00
-3.593587887790875186e-03
-1.422437136823746062e+00
-3.898307947950496288e+00
-4.769574996574026393e+00
-5.089360715251014078e+00
-4.373971760938807130e+00
-2.105120629729666071e+00
-7.230429317286362068e-01
2.112217767833743931e+00
3.351366445064916544e+00
5.092378469368598282e+00
5.462637494192472687e+00
5.089371448348120275e+00
4.373982259181306453e+00
2.105128832853969900e+00
7.230515604256260165e-01
-2.112209875413931126e+00
-3.351357623469557456e+00
-5.092371847732634293e+00
-5.462631870377118837e+00
-3.885877971886746440e+00
-2.753067094557825278e+00
3.906059853665229138e-03
1.419530664254602392e+00
3.891403989657192586e+00
4.760661624502324329e+00
5.499429069485053390e+00
5.313052722553750939e+00
3.885888459725205468e+00
2.753076663942895852e+00
-3.897183632954974702e-03
-1.419521779882417789e+00
-3.891396306488005497e+00
-4.760654772269384161e+00
-5.499421103855563153e+00
-5.313042997151369740e+00
-2.106030526713468021e+00
-7.230309937736555392e-01
2.112639255650077263e+00
3.352630330101778355e+00
5.093741709231710324e+00
5.464418934746724688e+00
5.091073522370384019e+00
4.375113186909306506e+00
2.106040264186814781e+00
7.230402446671599925e-01
-2.112630024475537827e+00
-3.352622203587266814e+00
-5.093734646357518159e+00
-5.464410766353342552e+00
-5.091063126019677476e+00
-4.375102330536838835e+00
4.335485591750700557e-03
1.422965026587674764e+00
3.902217398349923094e+00
4.773250364611634211e+00
5.514269668044606831e+00
5.327490057735733586e+00
3.896059227775373834e+00
2.760897226963788142e+00
-4.325979848428920631e-03
-1.422955404511380584e+00
-3.902208931427100680e+00
-4.773242210183102685e+00
-5.514260403866100724e+00
-5.327480092241227538e+00
-3.896048608877542563e+00
-2.760887083153122479e+00
2.101510831401445678e+00
3.336358985685463185e+00
5.068084754485749244e+00
5.437148315705769619e+00
5.065839755557415280e+00
4.352888575171665053e+00
2.096086398362328573e+00
7.188044852997802492e-01
-2.101500741942941453e+00
-3.336349533626428610e+00
-5.068076583675904523e+00
-5.437139536806371964e+00
-5.065828398909202335e+00
-4.352876940999556687e+00
-2.096076472162719195e+00
-7.187948519445356288e-01
3.900233694050169397e+00
4.771918807627821835e+00
5.512233972234669821e+00
5.325338150861286479e+00
3.895208428774556086e+00
2.759224453522649778e+00
-3.566704370370452591e-03
-1.423171176393975612e+00
-3.900223738876809065e+00
-4.771909708294312935e+00
-5.512224545266795062e+00
-5.325327092880097979e+00
-3.895197251033201358e+00
-2.759214205134026709e+00
3.576787688438661655e-03
1.423181484914261663e+00
5.099670957159757378e+00
5.469351887268366852e+00
5.095054750317063785e+00
4.380908499260991462e+00
2.105811620077493007e+00
7.261869200378653355e-01
-2.116963430071052699e+00
-3.353903449434143980e+00
-5.099661132751537096e+00
-5.469341942560933312e+00
-5.095043581890550399e+00
-4.380897154996552523e+00
-2.105801260027833965e+00
-7.261766615652351931e-01
2.116974254996515814e+00
3.353914094644131705e+00
5.414957466290175603e+00
5.229752886920320698e+00
3.830837051319409881e+00
2.705152450344140647e+00
2.702972444229757246e-03
-1.404036762618283696e+00
-3.827012614521494882e+00
-4.690793113226447097e+00
-5.414946400892672429e+00
-5.229741518372569509e+00
-3.830826061931039028e+00
-2.705141727286585862e+00
-2.692135696570667047e-03
1.404047672795140533e+00
3.827023994245357219e+00
4.690804295803266299e+00
5.140918674744450634e+00
4.418581934849916237e+00
2.126154505448705212e+00
7.308303743083761628e-01
-2.134031709663949616e+00
-3.385081247560052020e+00
-5.144114491555318303e+00
-5.518021523566879694e+00
-5.140906937884930805e+00
-4.418570816758586872e+00
-2.126143723075926140e+00
-7.308195281699348955e-01
2.134043131223168466e+00
3.385093044534779327e+00
5.144125703707276287e+00
5.518032547421276135e+00
4.026298928513990738e+00
2.897464784088302547e+00
-3.689126485521834753e-02
-1.447584271529010147e+00
-4.078466767671389270e+00
-4.944655529099294178e+00
-5.730939375393744761e+00
-5.545229314414637400e+00
-4.026286778392861976e+00
-2.897452927047766913e+00
3.690273963030850368e-02
1.447596207944266578e+00
4.078478033679380665e+00
4.944666606704334555e+00
5.730950838402701031e+00
5.545240870132303712e+00
2.069520349999999898e+00
8.597852999999999746e-01
-2.287100309999999581e+00
-3.371718500000000063e+00
-5.303962699999999586e+00
-5.628117460000000349e+00
-5.213842660000000073e+00
-4.587643769999999677e+00
-2.069507600000000114e+00
-8.597722100000000367e-01
2.287111200000000011e+00
3.371729970000000076e+00
5.303974560000000338e+00
5.628128979999999615e+00
5.213854869999998698e+00
4.587655390000000111e+00
