1.177701800000000021e-01
1.359465399999999935e+00
4.108271180000000022e+00
4.870691080000000284e+00
5.692199529999999896e+00
5.528730679999999786e+00
3.941715059999999937e+00
2.948113409999999934e+00
-1.177715000000000012e-01
-1.359466679999999927e+00
-4.108271659999999770e+00
-4.870691869999999923e+00
-5.692200139999999742e+00
-5.528731320000000338e+00
-3.941715809999999820e+00
-2.948113849999999925e+00
2.226799044846957454e+00
3.458951769372330620e+00
5.307924846223128768e+00
5.676166560509063430e+00
5.279722228716911658e+00
4.568342931796172124e+00
2.158737898370529873e+00
7.844519907219851262e-01
-2.226799574667891690e+00
-3.458952584000011488e+00
-5.307925495266623273e+00
-5.676167042529434603e+00
-5.279722471115232629e+00
-4.568343169579258678e+00
-2.158738620293610300e+00
-7.844525694206284649e-01
3.938148746556053847e+00
4.817579578642439131e+00
5.565269182430877315e+00
5.376674856362536836e+00
3.932305907137499279e+00
2.786242320577286158e+00
-4.171909131582968167e-03
-1.436352328954866309e+00
-3.938148938359136597e+00
-4.817580638569865847e+00
-5.565269709973930112e+00
-5.376674646512997313e+00
-3.932306036740942368e+00
-2.786242619784701446e+00
4.171896367669018085e-03
1.436352339890518692e+00
5.004851506331593924e+00
5.372127013090587155e+00
5.006627355523634471e+00
4.297101651500702779e+00
2.075583462041175498e+00
7.049171721592747408e-01
-2.071281495132921258e+00
-3.300200223448479520e+00
-5.004851728258908672e+00
-5.372126985645611086e+00
-5.006627384891346288e+00
-4.297101682020359803e+00
-2.075583172147742239e+00
-7.049169293845595208e-01
2.071281493785170902e+00
3.300199987466934104e+00
5.516818173049646390e+00
5.330389615077945287e+00
3.896737376851848733e+00
2.763591547987388264e+00
-5.979880700737034288e-03
-1.422060766698208134e+00
-3.905206750328602983e+00
-4.774704784870245966e+00
-5.516817565933379797e+00
-5.330388907542078947e+00
-3.896736533277675552e+00
-2.763590817938293309e+00
5.980454576346699164e-03
1.422061239797454357e+00
3.905206038651316991e+00
4.774704191681799159e+00
5.090319100516125239e+00
4.374393979512951169e+00
2.105804325003414412e+00
7.228020562368482338e-01
-2.112226094633878226e+00
-3.352212454403887154e+00
-5.092973948120165240e+00
-5.463556105507562322e+00
-5.090317260592050808e+00
-4.374391881880834276e+00
-2.105803129329149037e+00
-7.228012401684221766e-01
2.112226794887427150e+00
3.352211856711561744e+00
5.092972634494952189e+00
5.463556302803388220e+00
3.876580777335097316e+00
2.745329823573840589e+00
-3.059421376808223614e-03
-1.416757199926422794e+00
-3.880924880193038717e+00
-4.748976698228875470e+00
-5.485416067307042454e+00
-5.299284598383749767e+00
-3.876577719386051779e+00
-2.745327833508431681e+00
3.060614053466517367e-03
1.416758352929648135e+00
3.880923654602907114e+00
4.748974795240237690e+00
5.485416575038927434e+00
5.299286926780118812e+00
2.106034277267267107e+00
7.239204767909048766e-01
-2.113956892368340501e+00
-3.353131199707341636e+00
-5.095681515012083551e+00
-5.466016398041505298e+00
-5.092367603988193103e+00
-4.376930795268053842e+00
-2.106032610259512605e+00
-7.239190285384830004e-01
2.113957726726688691e+00
3.353131374584360280e+00
5.095680295574378071e+00
5.466015634693213165e+00
5.092371224547719066e+00
4.376934592292275994e+00
-3.567916874510066762e-03
-1.423053555586049512e+00
-3.899767009391028161e+00
-4.771414784396077913e+00
-5.511597603833372716e+00
-5.324675533932504479e+00
-3.894738605859819902e+00
-2.758826924612824971e+00
3.569576063845092927e-03
1.423055023415371378e+00
3.899766680333045521e+00
4.771412513878990680e+00
5.511597212275310298e+00
5.324680077444891246e+00
3.894743395845227329e+00
2.758829246494393317e+00
-2.108239302778778690e+00
-3.344826105586853338e+00
-5.082539389380668737e+00
-5.452106395768492320e+00
-5.079478039183161542e+00
-4.365509513175144463e+00
-2.100931891915620575e+00
-7.217280169592021899e-01
2.108240807096026348e+00
3.344825926468949273e+00
5.082538017229785154e+00
5.452106880590953608e+00
5.079482366681941308e+00
4.365514266975990765e+00
2.100934603883464646e+00
7.217300859046376083e-01
-3.898844915482786000e+00
-4.769893183577067930e+00
-5.510004261071627774e+00
-5.323229053716906911e+00
-3.893400487892108242e+00
-2.758235205311242222e+00
3.808699411490078582e-03
1.422413335526532041e+00
3.898842601958559584e+00
4.769892489481724951e+00
5.510009302906288653e+00
5.323230334336971126e+00
3.893403708733019553e+00
2.758240206736884748e+00
-3.806281329250637505e-03
-1.422410766061606990e+00
-5.091256992876199483e+00
-5.461662798414171682e+00
-5.088483294393921774e+00
-4.372888517637941064e+00
-2.104932208329743482e+00
-7.226183568235942101e-01
2.111586167273345804e+00
3.350965516617796514e+00
5.091256349161863426e+00
5.461666924903064491e+00
5.088486065962310789e+00
4.372892565676646193e+00
2.104936708065135331e+00
7.226210968450330618e-01
-2.111583335665132122e+00
-3.350966976528380048e+00
-5.501746807066191458e+00
-5.315291900542431058e+00
-3.887361444788279385e+00
-2.754247516914875238e+00
4.036555154753350590e-03
1.420049043083725149e+00
3.893137429631082558e+00
4.762627069355350962e+00
5.501750207377306801e+00
5.315296345568683023e+00
3.887366618812629238e+00
2.754251930581135266e+00
-4.033493620818108701e-03
-1.420045957075773080e+00
-3.893138389089934925e+00
-4.762628367048427513e+00
-5.088098867584275986e+00
-4.372642362083363210e+00
-2.104660394094781228e+00
-7.226847911306177874e-01
2.111553581264459911e+00
3.350649585723561419e+00
5.090960140501318953e+00
5.461290790925483307e+00
5.088102532557417845e+00
4.372646306595016519e+00
2.104663990347306335e+00
7.226881280623659309e-01
-2.111551160846164787e+00
-3.350647881924798455e+00
-5.090958043024629731e+00
-5.461287813142244651e+00
-3.892637871756303269e+00
-2.757449915026504605e+00
3.645763517533193165e-03
1.422270224268824323e+00
3.897884615678030240e+00
4.768957137969484172e+00
5.508834189382636914e+00
5.322044072533376635e+00
3.892642103082926130e+00
2.757453785519305089e+00
-3.642382858609406228e-03
-1.422266949258998769e+00
-3.897882856875936497e+00
-4.768955228661565293e+00
-5.508830339192099856e+00
-5.322040149822504063e+00
-2.101933384649474323e+00
-7.221637494363999377e-01
2.109433751710360738e+00
3.346543453894444742e+00
5.085273651722126864e+00
5.455000294347011724e+00
5.082127811017993935e+00
4.367834278232376022e+00
2.101937066949100874e+00
7.221674054458930847e-01
-2.109430491073789327e+00
-3.346540447533963292e+00
-5.085269999678136088e+00
-5.454996208348031672e+00
-5.082124098933984868e+00
-4.367830595694233153e+00
3.709579433324486711e-03
1.422171421470705521e+00
3.897802405402324588e+00
4.768794707515124465e+00
5.508672469021447249e+00
5.321892401436039144e+00
3.892477291581099230e+00
2.757405743324954805e+00
-3.705663322974373907e-03
-1.422167467628216331e+00
-3.897799280456217375e+00
-4.768790833349692448e+00
-5.508667188671183546e+00
-5.321888969514929180e+00
-3.892473949758895380e+00
-2.757401520647345894e+00
2.111415008542392169e+00
3.350550734804481401e+00
5.090747206344173215e+00
5.461090569364482228e+00
5.087905180677932293e+00
4.372419237764116673e+00
2.104604828598271471e+00
7.225896880055943106e-01
-2.111410317722204777e+00
-3.350547830441304331e+00
-5.090742633508076764e+00
-5.461083664464985610e+00
-5.087902510346650864e+00
-4.372416143154916668e+00
-2.104599982062361541e+00
-7.225855594952377281e-01
3.893939185618776389e+00
4.763629528117435008e+00
5.502894306265219804e+00
5.316385018257996364e+00
3.888144982084438706e+00
2.754780200031974768e+00
-4.038203829691959859e-03
-1.420348397344127100e+00
-3.893934683866925983e+00
-4.763624222932591579e+00
-5.502888739387264749e+00
-5.316381154815177368e+00
-3.888141287666714074e+00
-2.754775845390394551e+00
4.042748253516197272e-03
1.420352964633131876e+00
5.090714477664460169e+00
5.461020777599619791e+00
5.087817820059760798e+00
4.372401145361551222e+00
2.104556396569735366e+00
7.225976306841660479e-01
-2.111411076754668770e+00
-3.350477535246674243e+00
-5.090707766632374565e+00
-5.461014862059781372e+00
-5.087814351110302447e+00
-4.372397747381100430e+00
-2.104551750517672737e+00
-7.225927647377797802e-01
2.111415776761206065e+00
3.350482881353190390e+00
5.508613817387657541e+00
5.321826596674481102e+00
3.892450892589756517e+00
2.757361756950158505e+00
-3.694493319841631127e-03
-1.422169235573133683e+00
-3.897745651464436634e+00
-4.768754604773801198e+00
-5.508608008408506507e+00
-5.321822617556773771e+00
-3.892446808361793131e+00
-2.757356923331155674e+00
3.699607482539238323e-03
1.422174318191819387e+00
3.897751586190312700e+00
4.768761456414121191e+00
5.082393689615146926e+00
4.368058538433126969e+00
2.102037952799712173e+00
7.221872547463108472e-01
-2.109526021707551990e+00
-3.346708722328334051e+00
-5.085553119012664602e+00
-5.455300008702334225e+00
-5.082388209390306777e+00
-4.368053079506300840e+00
-2.102032836465335564e+00
-7.221818680786830091e-01
2.109531703522031787e+00
3.346715004184561693e+00
5.085558956333461111e+00
5.455305176312890580e+00
3.892532984434613930e+00
2.757370449782214905e+00
-3.675391487145128998e-03
-1.422204371898101227e+00
-3.897754836415451951e+00
-4.768837473817932882e+00
-5.508677026363399953e+00
-5.321861475341944647e+00
-3.892526199711647816e+00
-2.757365580631752522e+00
3.681221854812546847e-03
1.422210104805085695e+00
3.897762305871792954e+00
4.768843046053338419e+00
5.508680502817623115e+00
5.321868848589723200e+00
2.104568736077301327e+00
7.226227931909514623e-01
-2.111440767081670167e+00
-3.350489842551679143e+00
-5.090769687831104839e+00
-5.461070100373574654e+00
-5.087859109499301979e+00
-4.372460446577149717e+00
-2.104562738563715119e+00
-7.226165195154101717e-01
2.111446983603815664e+00
3.350496711259144167e+00
5.090775266094234475e+00
5.461074966822229371e+00
5.087866321956951765e+00
4.372467427546595786e+00
-4.041228912603406914e-03
-1.420267338608323771e+00
-3.893725603926004197e+00
-4.763366164326683361e+00
-5.502584438714662518e+00
-5.316089139761093207e+00
-3.887956382905432218e+00
-2.754657172017107136e+00
4.047918978257875923e-03
1.420274062265480808e+00
3.893731752964152637e+00
4.763371850891251924e+00
5.502590412094065186e+00
5.316095834311270529e+00
3.887963969617115101e+00
2.754664344508430229e+00
-2.111452610394116025e+00
-3.350631794073869685e+00
-5.090900618349008866e+00
-5.461238095740504228e+00
-5.088032433069766824e+00
-4.372574601293923280e+00
-2.104691146013565994e+00
-7.225868318482463470e-01
2.111459652046899116e+00
3.350638404487996436e+00
5.090905372997689859e+00
5.461243057697958925e+00
5.088041092892137129e+00
4.372583770042646201e+00
2.104698474732052293e+00
7.225938773882405464e-01
-3.897946109130883130e+00
-4.768996857096372111e+00
-5.508891937950539663e+00
-5.322089856548355868e+00
-3.892675848456650378e+00
-2.757551654440520750e+00
3.727836751465714304e-03
1.422216061159331080e+00
3.897952352533463394e+00
4.769002336144072096e+00
5.508898290867008107e+00
5.322097729471126470e+00
3.892685055907655123e+00
2.757560020429139058e+00
-3.720463436593340716e-03
-1.422208686589003790e+00
-5.084496397263035483e+00
-5.454162525222567837e+00
-5.081347198765302942e+00
-4.367185271136634128e+00
-2.101622125964405896e+00
-7.220604268913090040e-01
2.109102556441214915e+00
3.346012579007125343e+00
5.084498929818848545e+00
5.454165771814409425e+00
5.081359439669389744e+00
4.367198030818030041e+00
2.101629999997656206e+00
7.220679300751622343e-01
-2.109094583127401723e+00
-3.346005432333138518e+00
-5.509257647547707748e+00
-5.322425814605954209e+00
-3.893032910264712321e+00
-2.757654246104091822e+00
3.594494406615624145e-03
1.422431151338888977e+00
3.898137589700306105e+00
4.769368216397910309e+00
5.509261155728456316e+00
5.322438023399658213e+00
3.893045323919916978e+00
2.757662148311709416e+00
-3.586460214960926311e-03
-1.422423344016573665e+00
-3.898129468085784755e+00
-4.769364113390248683e+00
-5.089082200880204354e+00
-4.373650503214444818e+00
-2.105025059128961207e+00
-7.229386524020040561e-01
2.112079646874276406e+00
3.351234038364838685e+00
5.092048062816030729e+00
5.462377850525016676e+00
5.089095335928188746e+00
4.373663122961726657e+00
2.105033002751664384e+00
7.229473963868057185e-01
-2.112072251512420618e+00
-3.351224894278520328e+00
-5.092043098277273749e+00
-5.462374788009795701e+00
-3.885993711223092895e+00
-2.753176475624873998e+00
3.945929513564162480e-03
1.419590104495875860e+00
3.891607941681666016e+00
4.760867431180734854e+00
5.499671377133953598e+00
5.313278467441702624e+00
3.886005801979609320e+00
2.753186765730541552e+00
-3.936965507962224102e-03
-1.419581154529284239e+00
-3.891601390239572300e+00
-4.760862464996848509e+00
-5.499663980576658950e+00
-5.313267657875597294e+00
-2.105874801655216011e+00
-7.229253099281699457e-01
2.112457835831093256e+00
3.352413556051357268e+00
5.093392339219791509e+00
5.463984910611165091e+00
5.090694299522391830e+00
4.374758701468183020e+00
2.105885191017450087e+00
7.229346137456473809e-01
-2.112448435864171081e+00
-3.352406589496648159e+00
-5.093387355195543975e+00
-5.463977384867328979e+00
-5.090682649629233225e+00
-4.374746103624652882e+00
4.278979206817971198e-03
1.422910678624020875e+00
3.901822049999326136e+00
4.772883352486628539e+00
5.513751052870168756e+00
5.326983273914994932e+00
3.895748718654770126e+00
2.760564380682115626e+00
-4.269373407907581762e-03
-1.422900959739721305e+00
-3.901814751723192920e+00
-4.772876609221139432e+00
-5.513741820167330943e+00
-5.326972776989493674e+00
-3.895737010407906098e+00
-2.760553462866462748e+00
2.101985272453300357e+00
3.336860423020024502e+00
5.069032533135095164e+00
5.438093722047336875e+00
5.066688222716290824e+00
4.353720017912712237e+00
2.096339760117625239e+00
7.190303701146647519e-01
-2.101975229033230974e+00
-3.336851522422498828e+00
-5.069025774771604986e+00
-5.438085807983876308e+00
-5.066675681087877692e+00
-4.353707030504272879e+00
-2.096329559901066730e+00
-7.190206744306035791e-01
3.899414717688414189e+00
4.771060607948372834e+00
5.511169570687975749e+00
5.324271732133351698e+00
3.894525442262897652e+00
2.758592113284204839e+00
-3.465250936433022285e-03
-1.423007025830349770e+00
-3.899405260472124990e+00
-4.771052515042956799e+00
-5.511160609831494028e+00
-5.324259973441451521e+00
-3.894513371479299657e+00
-2.758581592051542852e+00
3.475386277064578758e-03
1.423017347564838886e+00
5.099163451164518968e+00
5.468843356005819167e+00
5.094593080558216691e+00
4.380446090270671000e+00
2.105674216769271023e+00
7.260420781949398217e-01
-2.116700695010902855e+00
-3.353646195602754787e+00
-5.099154112946637341e+00
-5.468833828212151360e+00
-5.094581468541450775e+00
-4.380434235759101291e+00
-2.105663778829852895e+00
-7.260317812479714084e-01
2.116711453259044085e+00
3.353656695418297140e+00
5.418186831932587211e+00
5.232958387445155957e+00
3.832870491724990281e+00
2.707078273784798927e+00
2.343759113655538052e-03
-1.404536613716700355e+00
-3.829562556685688346e+00
-4.693423587805146013e+00
-5.418175832167423600e+00
-5.232946903058181221e+00
-3.832859305151552043e+00
-2.707067466261987132e+00
-2.332921323633119822e-03
1.404547502463498798e+00
3.829573882284861952e+00
4.693434645760651058e+00
5.140087131482492744e+00
4.417746284527319212e+00
2.125893230328672168e+00
7.305830506634067856e-01
-2.133549290467464665e+00
-3.384596489166116218e+00
-5.143196538185193845e+00
-5.517072718396152986e+00
-5.140075238321643702e+00
-4.417735081542806697e+00
-2.125882338926513349e+00
-7.305722201759683454e-01
2.133560744112742213e+00
3.384608160485834016e+00
5.143207497637138026e+00
5.517083711577593697e+00
4.025680053493209343e+00
2.896924328091374345e+00
-3.681771798032616727e-02
-1.447411242476871918e+00
-4.077746920461855495e+00
-4.943875999123874543e+00
-5.729989935542578294e+00
-5.544293977383766503e+00
-4.025667831171847233e+00
-2.896912456741981057e+00
3.682920483284922442e-02
1.447423187224820884e+00
4.077758148525207460e+00
4.943886970756302013e+00
5.730001345043813643e+00
5.544305627413731230e+00
2.069520349999999898e+00
8.597852999999999746e-01
-2.287100309999999581e+00
-3.371718500000000063e+00
-5.303962699999999586e+00
-5.628117460000000349e+00
-5.213842660000000073e+00
-4.587643769999999677e+00
-2.069507600000000114e+00
-8.597722100000000367e-01
2.287111200000000011e+00
3.371729970000000076e+00
5.303974560000000338e+00
5.628128979999999615e+00
5.213854869999998698e+00
4.587655390000000111e+00
