1.177701800000000021e-01
1.359465399999999935e+00
4.108271180000000022e+00
4.870691080000000284e+00
5.692199529999999896e+00
5.528730679999999786e+00
3.941715059999999937e+00
2.948113409999999934e+00
-1.177715000000000012e-01
-1.359466679999999927e+00
-4.108271659999999770e+00
-4.870691869999999923e+00
-5.692200139999999742e+00
-5.528731320000000338e+00
-3.941715809999999820e+00
-2.948113849999999925e+00
2.220908753464982954e+00
3.451914115533686100e+00
5.295596707967249017e+00
5.663492746614470441e+00
5.268191208848731932e+00
4.557472131277441107e+00
2.154752484317179917e+00
7.817501702459501711e-01
-2.220909192252352504e+00
-3.451914801107133890e+00
-5.295597175971951565e+00
-5.663493387403380375e+00
-5.268191795426906410e+00
-4.557472470505621764e+00
-2.154753098154029711e+00
-7.817506246638756817e-01
3.927408805373380662e+00
4.806771849422397658e+00
5.551786531235471500e+00
5.363226951188512892e+00
3.923990612092943753e+00
2.777989181458141221e+00
-2.407701418626887434e-03
-1.434555884378476476e+00
-3.927410183252461717e+00
-4.806771527863681115e+00
-5.551787245341591515e+00
-5.363227128502663810e+00
-3.923989839345622066e+00
-2.777990150966366034e+00
2.408015064514850388e-03
1.434555751414716251e+00
5.042930778457395569e+00
5.410704221106555245e+00
5.041512168018479123e+00
4.331040148077835106e+00
2.086810253833326634e+00
7.142763588220618631e-01
-2.090304090774586232e+00
-3.320884589141279708e+00
-5.042931550665640472e+00
-5.410704999554500461e+00
-5.041513524614886776e+00
-4.331041402400932938e+00
-2.086809248232966763e+00
-7.142754110079528873e-01
2.090305291632119644e+00
3.320885785760341324e+00
5.506955189974241271e+00
5.320532587549940295e+00
3.890722438203811695e+00
2.757509482139626211e+00
-4.636586404843441589e-03
-1.420802626454209516e+00
-3.897299568892004018e+00
-4.766848758478793080e+00
-5.506954722950906600e+00
-5.320532502031867672e+00
-3.890722769339130860e+00
-2.757508534469426120e+00
4.637528357411569227e-03
1.420803850943429314e+00
3.897299885325452351e+00
4.766847813261767541e+00
5.080954645541167380e+00
4.365445786482831103e+00
2.102675554328600871e+00
7.204697745229970973e-01
-2.107298349773866875e+00
-3.346573322771311698e+00
-5.082872737238657734e+00
-5.453215323483342480e+00
-5.080953892861675314e+00
-4.365445451843348756e+00
-2.102674350417406579e+00
-7.204686993975331077e-01
2.107299635516564962e+00
3.346573726304278296e+00
5.082871913445267786e+00
5.453216107863602780e+00
3.881389344475589365e+00
2.749906076939150790e+00
-3.908929091705967696e-03
-1.417913504117546575e+00
-3.886923207907881483e+00
-4.755146323260500019e+00
-5.493029034850689385e+00
-5.306871236334640862e+00
-3.881387975697926596e+00
-2.749904570147680527e+00
3.910230841512695246e-03
1.417914860191276771e+00
3.886923600318679117e+00
4.755146402823671181e+00
5.493029539298142083e+00
5.306871917803326788e+00
2.104610176659188259e+00
7.224391795299408559e-01
-2.111112017504196192e+00
-3.350325601712564438e+00
-5.090171383515569303e+00
-5.460538273648063878e+00
-5.087457358992140577e+00
-4.372008083585098959e+00
-2.104608580511046600e+00
-7.224376509561847293e-01
2.111113387493447124e+00
3.350326869602689328e+00
5.090172336740473646e+00
5.460538194509171994e+00
5.087458420213557986e+00
4.372010040286822274e+00
-3.124939506029028764e-03
-1.422368229892748692e+00
-3.896429565945721762e+00
-4.767867132484592041e+00
-5.507271524982689570e+00
-5.320386706032025792e+00
-3.891996032632274449e+00
-2.756323573002785299e+00
3.126659599224312913e-03
1.422370050221749560e+00
3.896430718327629883e+00
4.767867928882337125e+00
5.507272430145957465e+00
5.320388065015863255e+00
3.891998089596696353e+00
2.756325713290225021e+00
-2.108611766822753975e+00
-3.345311592599566453e+00
-5.083294881435717727e+00
-5.452877686129701473e+00
-5.080219249218473898e+00
-4.366202613412377254e+00
-2.101236236085409104e+00
-7.218948799849254083e-01
2.108614039229288473e+00
3.345313062380452340e+00
5.083295104945964482e+00
5.452879395388680273e+00
5.080221682975817110e+00
4.366204634738448220e+00
2.101238522320987734e+00
7.218969002124796530e-01
-3.895919872182589838e+00
-4.766962108804425391e+00
-5.506293664331128213e+00
-5.319555215741680776e+00
-3.891167374289958403e+00
-2.756012738565906339e+00
3.335678316107166825e-03
1.421923330425474141e+00
3.895922050139634329e+00
4.766963541914987168e+00
5.506295209456156137e+00
5.319556873449686307e+00
3.891169821668768680e+00
2.756015499392897361e+00
-3.333361517872535616e-03
-1.421920947127933044e+00
-5.088140477607360879e+00
-5.458479836027984256e+00
-5.085657310728248781e+00
-4.370132967309369398e+00
-2.104070302476034549e+00
-7.218453524873889027e-01
2.110026046454276827e+00
3.349322183109740614e+00
5.088142892891580615e+00
5.458481268782744422e+00
5.085658827338455978e+00
4.370135511586179966e+00
2.104073190199258647e+00
7.218480491409106081e-01
-2.110023461952032164e+00
-3.349319281116473590e+00
-5.500969357793627168e+00
-5.314523742205778944e+00
-3.886980105041121902e+00
-2.753818699767127232e+00
3.906224575608845551e-03
1.420006154041749014e+00
3.892554550285330262e+00
4.762064797945281036e+00
5.500971766483022662e+00
5.314525286984001617e+00
3.886982732332457058e+00
2.753822018908472113e+00
-3.903237505459092056e-03
-1.420003142533972307e+00
-3.892551678083658206e+00
-4.762061894337387358e+00
-5.085300609662967375e+00
-4.369938819021912835e+00
-2.103842249901467731e+00
-7.219033202422595608e-01
2.110012893459891181e+00
3.349040540050195247e+00
5.087880244743561597e+00
5.458164559716029096e+00
5.085302178291755126e+00
4.369940601005709802e+00
2.103845831144350864e+00
7.219066715337409956e-01
-2.110009353203000870e+00
-3.349037128851587664e+00
-5.087877078835115086e+00
-5.458161193881714723e+00
-3.890793273737930047e+00
-2.755651006197750608e+00
3.278241948852076218e-03
1.421855002742317131e+00
3.895478852607361375e+00
4.766508881640614703e+00
5.505733525371325321e+00
5.318968727849328282e+00
3.890795519979979744e+00
2.755654773450286310e+00
-3.274599995071629695e-03
-1.421851210770571639e+00
-3.895474747475405231e+00
-4.766504939647747463e+00
-5.505730171608379742e+00
-5.318967106202833861e+00
-2.101698238502359040e+00
-7.218718325275282899e-01
2.108876163537932058e+00
3.346021549559643038e+00
5.084152090723750739e+00
5.453851993790090447e+00
5.081140870711684521e+00
4.366859020109738587e+00
2.101702364429731240e+00
7.218757567825061505e-01
-2.108871924832423694e+00
-3.346017020223619021e+00
-5.084147371886938771e+00
-5.453847562769458257e+00
-5.081139660731804675e+00
-4.366857276409262134e+00
3.337613861543518509e-03
1.421770239160815352e+00
3.895409309859661828e+00
4.766351685835147123e+00
5.505592911268173850e+00
5.318817300522357350e+00
3.890645811150614364e+00
2.755619344828190265e+00
-3.333461056949603690e-03
-1.421765972544460466e+00
-3.895403892922633560e+00
-4.766345815878851866e+00
-5.505589246533651782e+00
-5.318815516654096243e+00
-3.890643187430642413e+00
-2.755615590898156331e+00
2.109971397516199776e+00
3.349022990037714198e+00
5.087810726866072386e+00
5.458110913401367448e+00
5.085227312391180199e+00
4.369858529169728278e+00
2.103834475511830338e+00
7.218612491143592269e-01
-2.109966740859191781e+00
-3.349017290326054219e+00
-5.087804184415077202e+00
-5.458106197478111987e+00
-5.085225682776179035e+00
-4.369856331581891240e+00
-2.103830353637845096e+00
-7.218568414411693501e-01
3.892945591081040657e+00
4.762623492500235756e+00
5.501572471549072141e+00
5.315085474464084747e+00
3.887435895300304534e+00
2.754060023447699734e+00
-3.854013070741713586e-03
-1.420224440566097313e+00
-3.892938722724326617e+00
-4.762616021318794246e+00
-5.501568614049581640e+00
-5.315083348244962203e+00
-3.887432843284566619e+00
-2.754056070680976909e+00
3.858648543206693714e-03
1.420229027884742479e+00
5.087780531447365640e+00
5.458037336910083859e+00
5.085181327101870430e+00
4.369813993483488979e+00
2.103790083155926194e+00
7.218714848113395588e-01
-2.109955960079641812e+00
-3.348978139138206966e+00
-5.087772693087321940e+00
-5.458031240574516829e+00
-5.085179512637534316e+00
-4.369811561862155358e+00
-2.103785389741309686e+00
-7.218665539589358415e-01
2.109961134151374207e+00
3.348984474573749814e+00
5.505564107889905578e+00
5.318797400127825981e+00
3.890630329937692089e+00
2.755594652605029893e+00
-3.325679707263968967e-03
-1.421767420946222105e+00
-3.895384652387712254e+00
-4.766334438042660437e+00
-5.505558548176608724e+00
-5.318794840481149144e+00
-3.890627094678793974e+00
-2.755590056675181199e+00
3.330933570614674332e-03
1.421772768135485032e+00
3.895391687012335957e+00
4.766342879037976488e+00
5.081287292338299011e+00
4.366981138772662696e+00
2.101782714629229165e+00
7.218744537714900655e-01
-2.108920688284279255e+00
-3.346123849005475659e+00
-5.084277346200771319e+00
-5.454021421498867817e+00
-5.081284939245523269e+00
-4.366978476638407436e+00
-2.101777335698598481e+00
-7.218689200981641685e-01
2.108926613010839279e+00
3.346130303576079879e+00
5.084286037872917774e+00
5.454029038623946057e+00
3.890682744124978942e+00
2.755613251676426234e+00
-3.306556172981782536e-03
-1.421794855622403819e+00
-3.895411147501771865e+00
-4.766386745645238676e+00
-5.505611411497419283e+00
-5.318849464644127778e+00
-3.890679036167293159e+00
-2.755608143130597210e+00
3.312354983415535629e-03
1.421800702288900098e+00
3.895418856872190805e+00
4.766395500653191952e+00
5.505617863501061748e+00
5.318853380525580654e+00
2.103797483082029185e+00
7.218876232258055747e-01
-2.109969671907600208e+00
-3.348981743973070024e+00
-5.087791893089811168e+00
-5.458053842040436088e+00
-5.085199585635117536e+00
-4.369838745874702113e+00
-2.103791880245006407e+00
-7.218816098974935036e-01
2.109975909812178863e+00
3.348989137831218432e+00
5.087800976006175979e+00
5.458061462864992386e+00
5.085203822769280180e+00
4.369842804601515418e+00
-3.867174232141404756e-03
-1.420161557368686989e+00
-3.892828468127400132e+00
-4.762457700052713960e+00
-5.501415823500730440e+00
-5.314928194633317560e+00
-3.887316050882002827e+00
-2.754000136035240409e+00
3.873458052375208967e-03
1.420167795199531735e+00
3.892836769092656191e+00
4.762467284044264559e+00
5.501422494213494829e+00
5.314933826261031058e+00
3.887321064203478560e+00
2.754005360678305259e+00
-2.109981711952185979e+00
-3.349104697207027748e+00
-5.087896288287725888e+00
-5.458234171772810228e+00
-5.085348462868225283e+00
-4.369944010269812829e+00
-2.103914302680474524e+00
-7.218498162591744371e-01
2.109988374036679826e+00
3.349112554609311676e+00
5.087905748413633411e+00
5.458241846705270461e+00
5.085354566271485410e+00
4.369949583320677178e+00
2.103920204984190079e+00
7.218563823261148205e-01
-3.895464205666094859e+00
-4.766418134860786360e+00
-5.505700251996239025e+00
-5.318915941038844686e+00
-3.890729645867912811e+00
-2.755686707431211246e+00
3.332683674417137500e-03
1.421791324464732886e+00
3.895472777113052398e+00
4.766427374918371207e+00
5.505707582496940589e+00
5.318923100416437677e+00
3.890735851847563431e+00
2.755692783283826053e+00
-3.325763474023030707e-03
-1.421784458712037624e+00
-5.083741542554271575e+00
-5.453414342981262486e+00
-5.080715719955937182e+00
-4.366547296756419172e+00
-2.101507687549724057e+00
-7.218621664586852837e-01
2.108741011284779088e+00
3.345708646940853459e+00
5.083751290647577470e+00
5.453423158699372664e+00
5.080722785086740245e+00
4.366554102251681613e+00
2.101514661253799154e+00
7.218694192264799581e-01
-2.108733750328691148e+00
-3.345700997474725824e+00
-5.506011638062457081e+00
-5.319214540794463097e+00
-3.891048095397604989e+00
-2.755760328520417524e+00
3.217126207098319236e-03
1.421972315777860985e+00
3.895615378409027940e+00
4.766759826274650003e+00
5.506021203518854712e+00
5.319221880127277480e+00
3.891054858884070988e+00
2.755767715957166963e+00
-3.209481905891181652e-03
-1.421964670663756980e+00
-3.895607479521835170e+00
-4.766749879580362226e+00
-5.085870902515291725e+00
-4.370461294724583112e+00
-2.104084915619591101e+00
-7.220075570038952950e-01
2.110258222750999835e+00
3.349393174272637719e+00
5.088453707178762997e+00
5.458789850859147030e+00
5.085879408175670413e+00
4.370469139499550515e+00
2.104092565969004180e+00
7.220156629014428118e-01
-2.110250380408185578e+00
-3.349385000320622474e+00
-5.088443921215093368e+00
-5.458780563683393261e+00
-3.886571154749588253e+00
-2.753660315403834602e+00
3.986485302879297712e-03
1.419778226922911113e+00
3.892232789193139642e+00
4.761551251239804827e+00
5.500468434619484093e+00
5.314052196172236897e+00
3.886579963850762987e+00
2.753667938794734482e+00
-3.978083787384479979e-03
-1.419769891623060776e+00
-3.892223657968802097e+00
-4.761542483550740279e+00
-5.500459957962651636e+00
-5.314041660485583130e+00
-2.104640827267663550e+00
-7.219380802123798180e-01
2.110416133247509318e+00
3.350132094887242840e+00
5.089248075861532605e+00
5.459731260376353035e+00
5.086857715608263497e+00
4.371095850870520216e+00
2.104649339322195889e+00
7.219469002459535378e-01
-2.110407636261386166e+00
-3.350123060318422663e+00
-5.089238111600690395e+00
-5.459721270763718159e+00
-5.086848185187868410e+00
-4.371087196083468740e+00
3.513104603160635119e-03
1.422194833534712100e+00
3.897306918857317726e+00
4.768404165498590253e+00
5.508097901912837102e+00
5.321350502277919503e+00
3.892331724273480287e+00
2.757102632279969434e+00
-3.504044908583895616e-03
-1.422185709541626375e+00
-3.897297678680950117e+00
-4.768393717834542578e+00
-5.508086723170158905e+00
-5.321341285209522987e+00
-3.892323223535953947e+00
-2.757093534989178973e+00
2.105699986288899872e+00
3.340830978485339386e+00
5.076392865104224938e+00
5.445531634564232171e+00
5.073410402153734289e+00
4.360309125946939091e+00
2.098489391272176263e+00
7.208805447638104713e-01
-2.105690397886428755e+00
-3.340821124978041290e+00
-5.076382147905423636e+00
-5.445521022793665900e+00
-5.073400246883404741e+00
-4.360299511538785033e+00
-2.098480398635573341e+00
-7.208713239937567518e-01
3.891283919162663807e+00
4.762408756876879146e+00
5.500640494317971196e+00
5.313824253663001151e+00
3.887763697182451406e+00
2.752497009507241632e+00
-2.489746055597712344e-03
-1.421225180665205867e+00
-3.891272531831470705e+00
-4.762398039241364955e+00
-5.500630766269885008e+00
-5.313812493582872776e+00
-3.887753786904747155e+00
-2.752488358286474757e+00
2.499382428142263475e-03
1.421235014207486325e+00
5.089543474335039619e+00
5.459264370133826816e+00
5.085993033087338411e+00
4.371818246798431673e+00
2.103154248029318385e+00
7.234322179030081568e-01
-2.111700497501999063e+00
-3.348711013442120521e+00
-5.089531935034725230e+00
-5.459254247772516777e+00
-5.085981165967541351e+00
-4.371808350031020751e+00
-2.103145625883295011e+00
-7.234224178709756092e-01
2.111710710060188401e+00
3.348723359867963989e+00
5.457671764705598783e+00
5.272212581728411784e+00
3.857850835015481206e+00
2.730533411288892598e+00
-1.884621449049314829e-03
-1.410678711033188648e+00
-3.860445623632349665e+00
-4.725469411908145290e+00
-5.457660168614696161e+00
-5.272201065410717646e+00
-3.857842615396950503e+00
-2.730525168006588288e+00
1.894727747363627495e-03
1.410688768745350874e+00
3.860459521487099810e+00
4.725483449093950128e+00
5.128266807403662142e+00
4.406005937896939173e+00
2.122358988015630388e+00
7.270793667306005847e-01
-2.126781515145608203e+00
-3.377768538591301883e+00
-5.130099496636958634e+00
-5.503952422825284074e+00
-5.128257060046102822e+00
-4.405993503623301777e+00
-2.122347523387068779e+00
-7.270695254505158411e-01
2.126794484222865655e+00
3.377778472460246206e+00
5.130110309993598960e+00
5.503965263496398919e+00
4.017286306427860332e+00
2.889584159487154746e+00
-3.578852430809772306e-02
-1.445066441388955791e+00
-4.067885553107366547e+00
-4.933207326177796226e+00
-5.717077122142618428e+00
-5.531547764394431965e+00
-4.017274541454937342e+00
-2.889572550256864769e+00
3.579986845981274202e-02
1.445078309402059169e+00
4.067896907049327382e+00
4.933218959995606667e+00
5.717089038127232570e+00
5.531559046503995880e+00
2.069520349999999898e+00
8.597852999999999746e-01
-2.287100309999999581e+00
-3.371718500000000063e+00
-5.303962699999999586e+00
-5.628117460000000349e+00
-5.213842660000000073e+00
-4.587643769999999677e+00
-2.069507600000000114e+00
-8.597722100000000367e-01
2.287111200000000011e+00
3.371729970000000076e+00
5.303974560000000338e+00
5.628128979999999615e+00
5.213854869999998698e+00
4.587655390000000111e+00
