-4.719250199999999729e-01
-4.719232300000000269e-01
-4.719233999999999374e-01
-4.719252500000000738e-01
-4.719257399999999825e-01
-4.719244200000000111e-01
-4.719238900000000125e-01
-4.719245699999999877e-01
-4.719238700000000786e-01
-4.719227999999999756e-01
-4.719226300000000096e-01
-4.719236800000000120e-01
-4.719239100000000020e-01
-4.719228100000000259e-01
-4.719233600000000139e-01
-4.719250500000000126e-01
6.037908184137655843e-01
6.037875535563989038e-01
6.037800777899436921e-01
6.037804441429784896e-01
6.037914169289423372e-01
6.037948921235286592e-01
6.038036125827798140e-01
6.038032443023767515e-01
6.037920357016610673e-01
6.037889563015822469e-01
6.037814877391416424e-01
6.037820676551781673e-01
6.037925041778746671e-01
6.037953459334747253e-01
6.038035746673093840e-01
6.038030301037795589e-01
1.785867182818287047e+00
1.785877324411022427e+00
1.785886558180309391e+00
1.785870895539465764e+00
1.785918394994320035e+00
1.785908389839057309e+00
1.785899383147716568e+00
1.785915260853112141e+00
1.785868639282160109e+00
1.785878967021343966e+00
1.785887849672427086e+00
1.785872117361104072e+00
1.785918797762263699e+00
1.785908373295682638e+00
1.785898918048364648e+00
1.785914468866465654e+00
2.990107789109932579e+00
2.990110889301848651e+00
2.990134359201822800e+00
2.990150626819845225e+00
2.990166211073383540e+00
2.990163194598844054e+00
2.990140894130379756e+00
2.990125073518800303e+00
2.990109437153233074e+00
2.990112441750026662e+00
2.990135185851907185e+00
2.990151038345762569e+00
2.990166225893760021e+00
2.990163009055200050e+00
2.990139936289420763e+00
2.990123760557472199e+00
4.198230116479773955e+00
4.198244701554725289e+00
4.198285820918598255e+00
4.198294770232720907e+00
4.198286930138774409e+00
4.198273815566130551e+00
4.198233697080783422e+00
4.198223908369894453e+00
4.198231594470613004e+00
4.198245750689554967e+00
4.198286042840142507e+00
4.198294789023870877e+00
4.198286603332772593e+00
4.198273168669035549e+00
4.198232227587968879e+00
4.198222143842964549e+00
5.398181860536115373e+00
5.398203263965731580e+00
5.398228030706039071e+00
5.398223948689419238e+00
5.398187556614343130e+00
5.398166672378507336e+00
5.398141220519731220e+00
5.398145161760936617e+00
5.398182604554443209e+00
5.398203687317711719e+00
5.398227984643913402e+00
5.398223714845924448e+00
5.398186773827238660e+00
5.398165381814929553e+00
5.398139327465434789e+00
5.398143549111774853e+00
6.605261636801131431e+00
6.605276185400001943e+00
6.605267279679603476e+00
6.605245894784147254e+00
6.605200041675143297e+00
6.605185191786366872e+00
6.605193989173234748e+00
6.605215876548707676e+00
6.605261944011075137e+00
6.605276236897467790e+00
6.605266961312858953e+00
6.605245282095197012e+00
6.605198481416779011e+00
6.605183379179124792e+00
6.605192600190059160e+00
6.605214884521100061e+00
7.811383079308830801e+00
7.811378626666891201e+00
7.811332025267894608e+00
7.811308962999803818e+00
7.811277502488367830e+00
7.811281902180634340e+00
7.811328639080294067e+00
7.811351828998573943e+00
7.811382999581318209e+00
7.811378328160579976e+00
7.811331168211876452e+00
7.811307611606615353e+00
7.811275716842191130e+00
7.811280377254935736e+00
7.811327778700245972e+00
7.811351285528647104e+00
9.013582344700193261e+00
9.013559337584192477e+00
9.013506186783430962e+00
9.013490718608508701e+00
9.013500947825473730e+00
9.013524000068446895e+00
9.013577253975016745e+00
9.013592579069362287e+00
9.013581946758348451e+00
9.013558644357226868e+00
9.013504623512302416e+00
9.013489018025142130e+00
9.013499587010757708e+00
9.013522862046807305e+00
9.013576858174044304e+00
9.013592602013428490e+00
1.021940456713255685e+01
1.021937388361357613e+01
1.021934349883385096e+01
1.021934936685456208e+01
1.021939455173333045e+01
1.021942530700840734e+01
1.021945521387464417e+01
1.021944911345111784e+01
1.021940366448764692e+01
1.021937253520652611e+01
1.021934185520163396e+01
1.021934789730531712e+01
1.021939350887336317e+01
1.021942462386755679e+01
1.021945541778859123e+01
1.021944951825387626e+01
1.142512040540252372e+01
1.142510673013643085e+01
1.142511859199679058e+01
1.142513900722618025e+01
1.142520055358150088e+01
1.142521384448964383e+01
1.142520147054642798e+01
1.142518104991718886e+01
1.142511896000343086e+01
1.142510524269694727e+01
1.142511728783957459e+01
1.142513770511548366e+01
1.142519991879479946e+01
1.142521386393555005e+01
1.142520216769116637e+01
1.142518192900030805e+01
1.262817641140853198e+01
1.262818233215745245e+01
1.262822246440039642e+01
1.262825302516985815e+01
1.262827938622350921e+01
1.262827314874754236e+01
1.262823286069985862e+01
1.262820215553266223e+01
1.262817508232859254e+01
1.262818101472355004e+01
1.262822116650436755e+01
1.262825203033400356e+01
1.262827961300721036e+01
1.262827386365021454e+01
1.262823402742178658e+01
1.262820345601290306e+01
1.383381300856584062e+01
1.383383252875859704e+01
1.383388481986408358e+01
1.383389760819554581e+01
1.383388681165735079e+01
1.383386729405709303e+01
1.383381478525978281e+01
1.383380153776961308e+01
1.383381161127432435e+01
1.383383119969212771e+01
1.383388406986042440e+01
1.383389744130940180e+01
1.383388777937780745e+01
1.383386849115466788e+01
1.383381605196329467e+01
1.383380283554039458e+01
1.503946692880706415e+01
1.503949101736263572e+01
1.503951756791171590e+01
1.503951251845023585e+01
1.503947214315205372e+01
1.503944808167947933e+01
1.503942072773851457e+01
1.503942527919981487e+01
1.503946566306263932e+01
1.503948998788689373e+01
1.503951765985804911e+01
1.503951334309997279e+01
1.503947353096436679e+01
1.503944930411337921e+01
1.503942198404886277e+01
1.503942667600361816e+01
1.624286050565609685e+01
1.624287316645984447e+01
1.624286470552722506e+01
1.624284547051828653e+01
1.624280554722988867e+01
1.624279247618265032e+01
1.624279997929319919e+01
1.624281920336105145e+01
1.624285960772220605e+01
1.624287288362198112e+01
1.624286589092989885e+01
1.624284692476666692e+01
1.624280672985991814e+01
1.624279361081458362e+01
1.624280136772396332e+01
1.624282060105064573e+01
1.744838343762091171e+01
1.744837978129647738e+01
1.744834943446323194e+01
1.744833241129382628e+01
1.744831180613126520e+01
1.744831499747858317e+01
1.744834519462870404e+01
1.744836244740357856e+01
1.744838358146112256e+01
1.744838067082280375e+01
1.744835090701507596e+01
1.744833375421731247e+01
1.744831298374078798e+01
1.744831628142015489e+01
1.744834659671229105e+01
1.744836359967032635e+01
1.865390285769326439e+01
1.865389127341504150e+01
1.865386297262991278e+01
1.865385500140997621e+01
1.865386023745734434e+01
1.865387177884144876e+01
1.865390046836565929e+01
1.865390868073283670e+01
1.865390403265656261e+01
1.865389273282974969e+01
1.865386426674626108e+01
1.865385619174517728e+01
1.865386159921445852e+01
1.865387321761151540e+01
1.865390137330516751e+01
1.865390891896084113e+01
1.985737057628533719e+01
1.985736094786308925e+01
1.985734892073968538e+01
1.985735062135721662e+01
1.985736788468861036e+01
1.985737772230882570e+01
1.985739028504893611e+01
1.985738887354887439e+01
1.985737206608444083e+01
1.985736234299314162e+01
1.985735020707466347e+01
1.985735198301348703e+01
1.985736922046728026e+01
1.985737879521895977e+01
1.985739016443401184e+01
1.985738802171819017e+01
2.106284476578803933e+01
2.106283943039376894e+01
2.106284114486106773e+01
2.106284868913365926e+01
2.106285975285364742e+01
2.106286525049549851e+01
2.106286410363052042e+01
2.106285689516081305e+01
2.106284619735834340e+01
2.106284087449589038e+01
2.106284259980195017e+01
2.106284997678260140e+01
2.106286045386601202e+01
2.106286548912596146e+01
2.106286312238704994e+01
2.106285553172245173e+01
2.226833779739977359e+01
2.226833737168884397e+01
2.226834539377314215e+01
2.226834448951962386e+01
2.226835063163954942e+01
2.226835136387058967e+01
2.226834405207705103e+01
2.226834513865011189e+01
2.226833938761804532e+01
2.226833897362914882e+01
2.226834646032049037e+01
2.226834525457471514e+01
2.226835063511126833e+01
2.226835072385030045e+01
2.226834261777871049e+01
2.226834368790457219e+01
2.347187131426263207e+01
2.347187202830981789e+01
2.347186242716841420e+01
2.347186331042254537e+01
2.347186626399974330e+01
2.347186592979653952e+01
2.347187597983523943e+01
2.347187533678324911e+01
2.347187286331939760e+01
2.347187322586617597e+01
2.347186297330600979e+01
2.347186354041048517e+01
2.347186540491090057e+01
2.347186463325076744e+01
2.347187443835581533e+01
2.347187368350590830e+01
2.467736193334911121e+01
2.467735290077848731e+01
2.467734734001487240e+01
2.467734964699890554e+01
2.467735987665233210e+01
2.467736918765209353e+01
2.467737521938726886e+01
2.467737309483643671e+01
2.467736289294150254e+01
2.467735351683020184e+01
2.467734731883698984e+01
2.467734915105357629e+01
2.467735852117258943e+01
2.467736762302082099e+01
2.467737342174272897e+01
2.467737139230924015e+01
2.588282900820528454e+01
2.588282371902438683e+01
2.588282879091093491e+01
2.588283764780779705e+01
2.588285910262377243e+01
2.588286454635945333e+01
2.588285960190086499e+01
2.588285076845304999e+01
2.588282930818385452e+01
2.588282381204294680e+01
2.588282823578983027e+01
2.588283663437380255e+01
2.588285728118917461e+01
2.588286255582422157e+01
2.588285801684766341e+01
2.588284967260440439e+01
2.708630242959698364e+01
2.708630566069987466e+01
2.708633103058813774e+01
2.708634524726114989e+01
2.708636128252033259e+01
2.708635805362149185e+01
2.708633275731707712e+01
2.708631855351498174e+01
2.708630239060823186e+01
2.708630538112347708e+01
2.708632982751200302e+01
2.708634354664595278e+01
2.708635918407814458e+01
2.708635621759278322e+01
2.708633197482146215e+01
2.708631818972861893e+01
2.829183931174783950e+01
2.829185449570357491e+01
2.829189130105883976e+01
2.829190095833248009e+01
2.829189286230468880e+01
2.829187774094674523e+01
2.829184097814417242e+01
2.829183125956686240e+01
2.829183886329408182e+01
2.829185357076534757e+01
2.829188937635717593e+01
2.829189881066303514e+01
2.829189123570496633e+01
2.829187668748873108e+01
2.829184077825338761e+01
2.829183121784691579e+01
2.949737826998013546e+01
2.949740152515540359e+01
2.949742422524260732e+01
2.949741921532995903e+01
2.949738387462315714e+01
2.949736060049096409e+01
2.949733786008471625e+01
2.949734267488483042e+01
2.949737706326677511e+01
2.949739982346276790e+01
2.949742201650941098e+01
2.949741725109435109e+01
2.949738315862369475e+01
2.949736032549227360e+01
2.949733786606837782e+01
2.949734291950322529e+01
3.070077787904902777e+01
3.070079158575788014e+01
3.070078114688901394e+01
3.070075993446386065e+01
3.070071125066474238e+01
3.070069754043682408e+01
3.070070759917171088e+01
3.070072831786331591e+01
3.070077598824089193e+01
3.070078943494723589e+01
3.070077942680460126e+01
3.070075885161467255e+01
3.070071108514611424e+01
3.070069749996693886e+01
3.070070808412987162e+01
3.070072930246822906e+01
3.190641641045781540e+01
3.190641133479480374e+01
3.190636545827903348e+01
3.190634177335423871e+01
3.190631188843272525e+01
3.190631691476464482e+01
3.190636193583466351e+01
3.190638494710317019e+01
3.190641429776640692e+01
3.190640943936820761e+01
3.190636456399780840e+01
3.190634137963242623e+01
3.190631203086150691e+01
3.190631726868951290e+01
3.190636315285648550e+01
3.190638667266711082e+01
3.311202755261874131e+01
3.311200090425366227e+01
3.311195225037185708e+01
3.311193474686515259e+01
3.311194506579999342e+01
3.311197132562184464e+01
3.311201862677839358e+01
3.311203585285990414e+01
3.311202591507521475e+01
3.311199967732243010e+01
3.311195204592599595e+01
3.311193488708145338e+01
3.311194553777608718e+01
3.311197222393251138e+01
3.311202064626274932e+01
3.311203802078227199e+01
3.431505464016905904e+01
3.431502984570437320e+01
3.431499446046975521e+01
3.431499983452433611e+01
3.431505278904841560e+01
3.431507672253091101e+01
3.431511153912286716e+01
3.431510653055561733e+01
3.431505350803121956e+01
3.431502927897300026e+01
3.431499481949573749e+01
3.431500024396858350e+01
3.431505397620819764e+01
3.431507857846353460e+01
3.431511355436562383e+01
3.431510824863153886e+01
3.552077717954411185e+01
3.552075939872256782e+01
3.552077089122424525e+01
3.552079743185917238e+01
3.552085095974809548e+01
3.552086842496840546e+01
3.552085728191003255e+01
3.552083063443787836e+01
3.552077674391226481e+01
3.552075956695211545e+01
3.552077163032607388e+01
3.552079850539014672e+01
3.552085286420788890e+01
3.552087032744370276e+01
3.552085885283675282e+01
3.552083209179484413e+01
3.672661694303988611e+01
3.672662281992603539e+01
3.672666900985579730e+01
3.672669638418572902e+01
3.672672659403001916e+01
3.672672088728152318e+01
3.672667450429593572e+01
3.672664691024908024e+01
3.672661730275905256e+01
3.672662353117893019e+01
3.672667039715565096e+01
3.672669811406245799e+01
3.672672835866547558e+01
3.672672252239707547e+01
3.672667582472995207e+01
3.672664776190740810e+01
3.792884447950439863e+01
3.792886474130511942e+01
3.792892035224807756e+01
3.792893351200646634e+01
3.792892204065812933e+01
3.792890159795083349e+01
3.792884554722572688e+01
3.792883280504142363e+01
3.792884543161721211e+01
3.792886604030793052e+01
3.792892216141011374e+01
3.792893518732279290e+01
3.792892355100470780e+01
3.792890316287606112e+01
3.792884617688552140e+01
3.792883270791997319e+01
3.913497955613717494e+01
3.913500521355106798e+01
3.913503133087434804e+01
3.913502622397476216e+01
3.913498575386036293e+01
3.913495952907735642e+01
3.913493415022135480e+01
3.913494020679558361e+01
3.913498107384599223e+01
3.913500692680992188e+01
3.913503289059488566e+01
3.913502774229245063e+01
3.913498723411714053e+01
3.913496055744067803e+01
3.913493377316317634e+01
3.913493935737539431e+01
4.034205851484222194e+01
4.034207038735570450e+01
4.034206163833722059e+01
4.034204286019357255e+01
4.034199798838863416e+01
4.034198650856469470e+01
4.034199703133686654e+01
4.034201598682043510e+01
4.034206029969947593e+01
4.034207199198873184e+01
4.034206316309673213e+01
4.034204451225933497e+01
4.034199865326441881e+01
4.034198640227887722e+01
4.034199600088270188e+01
4.034201464634217160e+01
4.154199274972467748e+01
4.154198983554174873e+01
4.154195392807659459e+01
4.154193705769348810e+01
4.154191487202089661e+01
4.154191909716793418e+01
4.154195562865233171e+01
4.154197180661295619e+01
4.154199443536038672e+01
4.154199149884585296e+01
4.154195526789006010e+01
4.154193791460206597e+01
4.154191458287547078e+01
4.154191824409056011e+01
4.154195420368466074e+01
4.154197021763662434e+01
4.275009774804406248e+01
4.275008354354680051e+01
4.275005591314865683e+01
4.275004720701014804e+01
4.275005430562210051e+01
4.275006885113982236e+01
4.275009654735227116e+01
4.275010548471924210e+01
4.275009935875599609e+01
4.275008489842905846e+01
4.275005657719842844e+01
4.275004738485597500e+01
4.275005314856357330e+01
4.275006740163890129e+01
4.275009504802763161e+01
4.275010388109704706e+01
4.395430413896670530e+01
4.395432338086322233e+01
4.395429792704491945e+01
4.395429327097136962e+01
4.395433673409259256e+01
4.395431790945820438e+01
4.395434356852963020e+01
4.395434862479761051e+01
4.395430548295757234e+01
4.395432402726142129e+01
4.395429777677754402e+01
4.395429243317725110e+01
4.395433552968282243e+01
4.395431619343300156e+01
4.395434182750417307e+01
4.395434710338235362e+01
4.513641178989924896e+01
4.513641006708564873e+01
4.513641446519327616e+01
4.513641757974151858e+01
4.513643228444915678e+01
4.513643441850771865e+01
4.513642996386374762e+01
4.513642647789542650e+01
4.513641235160795162e+01
4.513641050963675383e+01
4.513641324120940368e+01
4.513641606569323272e+01
4.513643101643700106e+01
4.513643254271144656e+01
4.513642805861258722e+01
4.513642549377786395e+01
4.621213663850819131e+01
4.621213729017608784e+01
4.621213895338794941e+01
4.621213906037828423e+01
4.621213930353788157e+01
4.621213985794178569e+01
4.621213780567446605e+01
4.621213567559608748e+01
4.621213563669049051e+01
4.621213794184397017e+01
4.621213889502970318e+01
4.621213695947898259e+01
4.621213633699024825e+01
4.621213756251492555e+01
4.621213697893169581e+01
4.621213623000000581e+01
