-4.719250199999999729e-01
-4.719232300000000269e-01
-4.719233999999999374e-01
-4.719252500000000738e-01
-4.719257399999999825e-01
-4.719244200000000111e-01
-4.719238900000000125e-01
-4.719245699999999877e-01
-4.719238700000000786e-01
-4.719227999999999756e-01
-4.719226300000000096e-01
-4.719236800000000120e-01
-4.719239100000000020e-01
-4.719228100000000259e-01
-4.719233600000000139e-01
-4.719250500000000126e-01
6.063933740258719007e-01
6.063906179124918250e-01
6.063910967126701079e-01
6.063929983153628633e-01
6.063917203094094655e-01
6.063947751936148434e-01
6.063958351461312679e-01
6.063939471113271029e-01
6.063949675521278504e-01
6.063922381526807293e-01
6.063921429156089449e-01
6.063942874436004660e-01
6.063929673258037223e-01
6.063954692259081458e-01
6.063959558772744618e-01
6.063937262466165823e-01
1.791335009300410563e+00
1.791336385349804328e+00
1.791344909472620817e+00
1.791337056080662737e+00
1.791349010900585847e+00
1.791348353063613619e+00
1.791339839547636981e+00
1.791348047499161655e+00
1.791336942592209214e+00
1.791337148299500637e+00
1.791345944388350153e+00
1.791338637640439435e+00
1.791349445703411813e+00
1.791348610255852458e+00
1.791339655360075556e+00
1.791346511707642808e+00
2.999325893139023425e+00
2.999330197087425098e+00
2.999344464430603541e+00
2.999350355390702827e+00
2.999352352073656469e+00
2.999348108593351991e+00
2.999334815989363801e+00
2.999329285916656929e+00
2.999327328944651594e+00
2.999331724121019782e+00
2.999345613546169798e+00
2.999351044456084914e+00
2.999352122388529107e+00
2.999347562969392644e+00
2.999333852242747511e+00
2.999328167374011755e+00
4.209351094691002437e+00
4.209361688274154467e+00
4.209373630236617814e+00
4.209374534626610043e+00
4.209365853486167985e+00
4.209356663181343272e+00
4.209345394663804640e+00
4.209343595419688278e+00
4.209352581624035139e+00
4.209363042066408767e+00
4.209374161286883798e+00
4.209374498067451675e+00
4.209365076299628861e+00
4.209355765737496924e+00
4.209344214361967929e+00
4.209342221775385084e+00
5.411894555306601795e+00
5.411900706394580318e+00
5.411903205969696984e+00
5.411898691824942986e+00
5.411877459378623634e+00
5.411871629763467695e+00
5.411868242744075630e+00
5.411872873785325666e+00
5.411895743420685356e+00
5.411901584302287738e+00
5.411902915899156952e+00
5.411897997425789697e+00
5.411876529285926551e+00
5.411870483331763459e+00
5.411866755478988544e+00
5.411871464264876863e+00
6.620733420848214479e+00
6.620734894351630651e+00
6.620723113120567938e+00
6.620710598472268060e+00
6.620695359054459495e+00
6.620693372601219373e+00
6.620705504098872041e+00
6.620718932409541679e+00
6.620734021724901552e+00
6.620734897478650183e+00
6.620722378144607845e+00
6.620709688161683815e+00
6.620694040056963381e+00
6.620691976167550230e+00
6.620704137313075499e+00
6.620717610628799932e+00
7.828537834612236956e+00
7.828532298554511826e+00
7.828507307970366647e+00
7.828500106215193100e+00
7.828496738134111510e+00
7.828502459326829310e+00
7.828528388119305959e+00
7.828535517787797993e+00
7.828537613775536030e+00
7.828531717005025925e+00
7.828506256650451078e+00
7.828498758925562129e+00
7.828495324347974460e+00
7.828501170091132444e+00
7.828527165900650786e+00
7.828534615895256010e+00
9.032846502159927127e+00
9.032832775605914577e+00
9.032818049204726307e+00
9.032816315600859625e+00
9.032827841891638343e+00
9.032842003444677914e+00
9.032856460202861371e+00
9.032857633087719051e+00
9.032845854769107063e+00
9.032831786825262554e+00
9.032816587774883388e+00
9.032814897459655157e+00
9.032826547486921598e+00
9.032840715410278776e+00
9.032855862018775994e+00
9.032857569708887979e+00
1.024047627241492719e+01
1.024046933128862946e+01
1.024046631740208291e+01
1.024047165055369035e+01
1.024049699428800508e+01
1.024050374431294230e+01
1.024050602281568167e+01
1.024050062218047152e+01
1.024047516918692580e+01
1.024046797948674303e+01
1.024046486184198379e+01
1.024047022223534142e+01
1.024049583976032984e+01
1.024050299057332758e+01
1.024050618219437681e+01
1.024050110547864989e+01
1.144803055234295286e+01
1.144802915121321618e+01
1.144804300946064579e+01
1.144805633347808183e+01
1.144807355298609330e+01
1.144807481749937317e+01
1.144806080727323483e+01
1.144804722394384022e+01
1.144802916475927823e+01
1.144802761268492475e+01
1.144804149254285974e+01
1.144805508756884471e+01
1.144807314983838253e+01
1.144807478909187815e+01
1.144806141426906798e+01
1.144804813275474764e+01
1.265305416910990388e+01
1.265306256854824696e+01
1.265308246435458450e+01
1.265309274567117725e+01
1.265309499137665838e+01
1.265308652605419759e+01
1.265306574139340512e+01
1.265305501360189844e+01
1.265305247738590211e+01
1.265306088826665132e+01
1.265308150687926059e+01
1.265309227647497536e+01
1.265309508914432257e+01
1.265308687098338503e+01
1.265306676812322806e+01
1.265305634438275284e+01
1.386051396654550771e+01
1.386052070956911564e+01
1.386053819864146419e+01
1.386053907758639347e+01
1.386052468488375666e+01
1.386051745839517224e+01
1.386049920101713440e+01
1.386049824179153234e+01
1.386051245359638706e+01
1.386051954749654946e+01
1.386053791262517265e+01
1.386053904718146157e+01
1.386052512513334989e+01
1.386051830610461622e+01
1.386050078544963782e+01
1.386049992888171545e+01
1.506797525227806034e+01
1.506798412736545423e+01
1.506798598105894627e+01
1.506797866868570601e+01
1.506796308952981533e+01
1.506795372894729645e+01
1.506795180366407649e+01
1.506795912489984168e+01
1.506797425142719504e+01
1.506798361333486369e+01
1.506798607307489490e+01
1.506797891472862716e+01
1.506796422760910126e+01
1.506795528130383488e+01
1.506795344392868330e+01
1.506796066755840613e+01
1.627326867060267546e+01
1.627326954734889952e+01
1.627325713389758022e+01
1.627324965327460404e+01
1.627323359446157625e+01
1.627323264103664968e+01
1.627324517889847044e+01
1.627325247717396195e+01
1.627326840425834220e+01
1.627326960770404796e+01
1.627325750449971764e+01
1.627325045599041076e+01
1.627323531623946451e+01
1.627323437713986465e+01
1.627324664549008659e+01
1.627325369773805264e+01
1.748061387025116886e+01
1.748060812679386800e+01
1.748059510394506333e+01
1.748058758916516808e+01
1.748058572840633929e+01
1.748059159764977366e+01
1.748060464760871824e+01
1.748061212845396994e+01
1.748061412156782524e+01
1.748060833445389051e+01
1.748059603345997104e+01
1.748058914374758643e+01
1.748058758659918155e+01
1.748059328614533925e+01
1.748060564261631100e+01
1.748061251670321781e+01
1.868797344815561701e+01
1.868796926495463495e+01
1.868795960420902347e+01
1.868795882085652948e+01
1.868796605848362802e+01
1.868797038310612635e+01
1.868798016611000534e+01
1.868798091499560599e+01
1.868797372207773222e+01
1.868796984492865576e+01
1.868796134262499820e+01
1.868796075850061555e+01
1.868796771173058247e+01
1.868797165255721637e+01
1.868798022807271408e+01
1.868798064359944888e+01
1.989336356696275843e+01
1.989336121726904594e+01
1.989335971854073648e+01
1.989336125875505346e+01
1.989337010844501563e+01
1.989337253943346084e+01
1.989337395124485397e+01
1.989337242417588314e+01
1.989336447328507163e+01
1.989336266168542977e+01
1.989336165553310209e+01
1.989336308923799024e+01
1.989337111991900287e+01
1.989337291350042491e+01
1.989337363939549164e+01
1.989337209537505302e+01
2.110068188273835688e+01
2.110068104512501463e+01
2.110068288840445661e+01
2.110068819453915268e+01
2.110069136598513140e+01
2.110069208145234754e+01
2.110069043653337673e+01
2.110068567582368360e+01
2.110068348087026635e+01
2.110068290307897598e+01
2.110068459930973717e+01
2.110068946446408944e+01
2.110069154754717147e+01
2.110069192887098666e+01
2.110068994186913116e+01
2.110068487431889750e+01
2.230801283724743200e+01
2.230801195786787616e+01
2.230801788373837624e+01
2.230801737266291696e+01
2.230801829552668281e+01
2.230801921302608548e+01
2.230801428510819306e+01
2.230801533164481398e+01
2.230801473822347347e+01
2.230801383437776408e+01
2.230801889883723632e+01
2.230801782848666903e+01
2.230801805060566423e+01
2.230801874114264294e+01
2.230801324841789679e+01
2.230801396110616608e+01
2.351344631447729583e+01
2.351344751287580337e+01
2.351344356203727060e+01
2.351344387961651350e+01
2.351344816529740100e+01
2.351344737914649485e+01
2.351345226252892218e+01
2.351345222863151463e+01
2.351344806528103248e+01
2.351344883624533821e+01
2.351344386083392735e+01
2.351344378195791407e+01
2.351344745007084569e+01
2.351344642551553932e+01
2.351345077195185951e+01
2.351345043626129439e+01
2.472077452685680399e+01
2.472077062080685650e+01
2.472077083489875804e+01
2.472077464036449257e+01
2.472077852745605142e+01
2.472078292587500670e+01
2.472078346997462361e+01
2.472077970507622169e+01
2.472077562996814848e+01
2.472077121485823525e+01
2.472077051954509130e+01
2.472077399599234582e+01
2.472077745094454215e+01
2.472078160118260115e+01
2.472078159031421407e+01
2.472077782806241686e+01
2.592808825101941395e+01
2.592808828929955922e+01
2.592809466499604909e+01
2.592809748557869653e+01
2.592810498548752207e+01
2.592810548339829069e+01
2.592809920557857595e+01
2.592809614823407927e+01
2.592808859795810861e+01
2.592808812121611695e+01
2.592809384342415058e+01
2.592809655626723497e+01
2.592810350975980782e+01
2.592810365373157566e+01
2.592809741950572189e+01
2.592809476412852732e+01
2.713348369065150933e+01
2.713348690921696615e+01
2.713349890778866680e+01
2.713350263385995476e+01
2.713350423964762115e+01
2.713350113320925416e+01
2.713348865448363867e+01
2.713348485848790403e+01
2.713348326513481013e+01
2.713348610535937411e+01
2.713349786606997682e+01
2.713350135662660279e+01
2.713350233424542424e+01
2.713349925414841479e+01
2.713348747259718863e+01
2.713348416251312756e+01
2.834085776107080079e+01
2.834086711393910107e+01
2.834087793437229408e+01
2.834087906298666937e+01
2.834087015068984883e+01
2.834086053341854949e+01
2.834084947612275585e+01
2.834084836554088938e+01
2.834085676829272771e+01
2.834086602069931971e+01
2.834087648374369905e+01
2.834087730750646372e+01
2.834086844019018514e+01
2.834085914255062733e+01
2.834084895806914872e+01
2.834084843419304534e+01
2.954822144390765004e+01
2.954822764707416738e+01
2.954822987612688223e+01
2.954822471956516949e+01
2.954820373051681770e+01
2.954819739966695735e+01
2.954819507686019264e+01
2.954819993613110540e+01
2.954822014891355053e+01
2.954822625357129340e+01
2.954822807755125780e+01
2.954822296396647019e+01
2.954820258038480318e+01
2.954819657068256689e+01
2.954819531561042467e+01
2.954820077216942309e+01
3.075351208185201557e+01
3.075351336091279109e+01
3.075350298525497550e+01
3.075349048934347351e+01
3.075347751050021472e+01
3.075347621673709142e+01
3.075348605520484213e+01
3.075349814311874752e+01
3.075351059698691003e+01
3.075351164697596573e+01
3.075350133710909972e+01
3.075348918300553080e+01
3.075347688571889648e+01
3.075347609387166870e+01
3.075348712432207776e+01
3.075349945871121093e+01
3.196096385973587317e+01
3.196095915329339476e+01
3.196093479128165171e+01
3.196092865710518183e+01
3.196092598359231118e+01
3.196093056820768652e+01
3.196095425411553137e+01
3.196095998341856514e+01
3.196096205752372299e+01
3.196095734498357288e+01
3.196093364445389895e+01
3.196092790811195528e+01
3.196092620847643673e+01
3.196093135635397076e+01
3.196095558922590030e+01
3.196096141504828481e+01
3.316839958575267389e+01
3.316838515843178214e+01
3.316836793166781661e+01
3.316836641492442084e+01
3.316837981939409019e+01
3.316839392646797791e+01
3.316841025780028218e+01
3.316841138498212160e+01
3.316839781747613358e+01
3.316838383221665509e+01
3.316836753563732287e+01
3.316836642670545388e+01
3.316838070546891970e+01
3.316839510005202385e+01
3.316841183190205555e+01
3.316841322705381856e+01
3.437340245576053377e+01
3.437339123565983101e+01
3.437338855965145257e+01
3.437339750646642500e+01
3.437342153899424346e+01
3.437343214207839992e+01
3.437343400359585388e+01
3.437342515248847263e+01
3.437340143092101385e+01
3.437339067926892966e+01
3.437338879241368517e+01
3.437339807206733155e+01
3.437342278393720818e+01
3.437343371807806847e+01
3.437343599112760728e+01
3.437342702076700363e+01
3.558095427636298069e+01
3.558095311758133050e+01
3.558097015736346691e+01
3.558098001245475217e+01
3.558100019626238719e+01
3.558100086172213850e+01
3.558098402135917127e+01
3.558097438060111273e+01
3.558095384766306069e+01
3.558095311793868376e+01
3.558097092645699888e+01
3.558098110562454508e+01
3.558100198791756696e+01
3.558100283241914497e+01
3.558098561949785221e+01
3.558097562051623441e+01
3.678860489017031909e+01
3.678861435548272851e+01
3.678863478830567146e+01
3.678864596938599618e+01
3.678864752585374021e+01
3.678863819240163480e+01
3.678861807767208347e+01
3.678860664463823582e+01
3.678860507574095351e+01
3.678861495743647936e+01
3.678863611606891482e+01
3.678864766552962351e+01
3.678864945177651435e+01
3.678863987041179229e+01
3.678861911251345873e+01
3.678860736137622212e+01
3.799293915250957809e+01
3.799294898707092472e+01
3.799296968000932395e+01
3.799297052023737109e+01
3.799295300308273937e+01
3.799294325321467625e+01
3.799292192729602391e+01
3.799292116300960487e+01
3.799293981634075124e+01
3.799295000983801884e+01
3.799297166255337999e+01
3.799297252101342082e+01
3.799295444694667623e+01
3.799294452109396758e+01
3.799292238048198556e+01
3.799292108892206699e+01
3.920075801256031411e+01
3.920076858631044558e+01
3.920077032218040358e+01
3.920076118854574077e+01
3.920074043241378092e+01
3.920072914963999011e+01
3.920072761964117092e+01
3.920073765059865423e+01
3.920075921567413246e+01
3.920077035446966818e+01
3.920077234118703302e+01
3.920076291517625577e+01
3.920074144997273891e+01
3.920072971084425006e+01
3.920072736027142213e+01
3.920073721141386613e+01
4.040959806907191876e+01
4.040959884246007050e+01
4.040958314383238559e+01
4.040957527681111827e+01
4.040955599744528115e+01
4.040955543890614621e+01
4.040957271760885305e+01
4.040958090428153326e+01
4.040960016233082541e+01
4.040960094573716077e+01
4.040958468812767279e+01
4.040957659833243554e+01
4.040955620388587732e+01
4.040955517614960257e+01
4.040957230258135979e+01
4.040958009217883529e+01
4.161212008466860368e+01
4.161211313314436921e+01
4.161209763037884812e+01
4.161208873498230076e+01
4.161208766026950201e+01
4.161209577182894748e+01
4.161211212926821190e+01
4.161212062136934975e+01
4.161212225839097556e+01
4.161211504640824899e+01
4.161209852733768599e+01
4.161208907018952630e+01
4.161208740175136711e+01
4.161209545134267529e+01
4.161211104148215156e+01
4.161211891729526968e+01
4.282212836434563741e+01
4.282212050753916088e+01
4.282210862221365488e+01
4.282210817619404963e+01
4.282211927457630196e+01
4.282212758676009656e+01
4.282214008954081663e+01
4.282214083723336984e+01
4.282213009900521428e+01
4.282212164346910299e+01
4.282210881055595308e+01
4.282210811657841276e+01
4.282211869448239128e+01
4.282212665249026884e+01
4.282213832277731314e+01
4.282213875546683823e+01
4.403011264384605283e+01
4.403011905413890759e+01
4.403011838901668540e+01
4.403011270305909619e+01
4.403013039672273976e+01
4.403012260787448895e+01
4.403012392431888600e+01
4.403013111817688952e+01
4.403011300516352833e+01
4.403012030800427823e+01
4.403011921111232141e+01
4.403011120201021100e+01
4.403012830757374729e+01
4.403012168267499504e+01
4.403012209134980992e+01
4.403012931749530168e+01
4.521506815668574575e+01
4.521506794715816113e+01
4.521506829464603072e+01
4.521507271119290294e+01
4.521507259315069405e+01
4.521507317303257878e+01
4.521507309196647384e+01
4.521506828830951719e+01
4.521506899947193858e+01
4.521506878705157106e+01
4.521506680310399418e+01
4.521507088158493559e+01
4.521507135201967031e+01
4.521507137832483636e+01
4.521507136612696343e+01
4.521506748010759225e+01
4.629338663922641928e+01
4.629338729204006597e+01
4.629338895817619459e+01
4.629338906535463138e+01
4.629338930894179072e+01
4.629338986432041736e+01
4.629338780844479118e+01
4.629338567462134080e+01
4.629338563564731857e+01
4.629338794485371267e+01
4.629338889971535309e+01
4.629338696076153781e+01
4.629338633717836871e+01
4.629338756485774553e+01
4.629338698024846366e+01
4.629338622999998165e+01
