-4.719250199999999729e-01
-4.719232300000000269e-01
-4.719233999999999374e-01
-4.719252500000000738e-01
-4.719257399999999825e-01
-4.719244200000000111e-01
-4.719238900000000125e-01
-4.719245699999999877e-01
-4.719238700000000786e-01
-4.719227999999999756e-01
-4.719226300000000096e-01
-4.719236800000000120e-01
-4.719239100000000020e-01
-4.719228100000000259e-01
-4.719233600000000139e-01
-4.719250500000000126e-01
6.057871096373778075e-01
6.057885492888971379e-01
6.057882725544004865e-01
6.057866599520342898e-01
6.057868966585758796e-01
6.057857458633030268e-01
6.057869020188610953e-01
6.057884150207083485e-01
6.057879683237488155e-01
6.057895917393208984e-01
6.057898763251605700e-01
6.057885483941596316e-01
6.057880910195995172e-01
6.057861706783541633e-01
6.057865406974533018e-01
6.057879759928807006e-01
1.790074435491439298e+00
1.790072556002206827e+00
1.790064801258895555e+00
1.790073857613116104e+00
1.790065116021320124e+00
1.790065695044577687e+00
1.790074245858273239e+00
1.790065946048578160e+00
1.790075021291096302e+00
1.790074918296145290e+00
1.790066633434020282e+00
1.790074643454036440e+00
1.790065773743857669e+00
1.790065477831365159e+00
1.790072951048841121e+00
1.790065878553571688e+00
2.997312545024345631e+00
2.997309391351280272e+00
2.997299342388205279e+00
2.997295883987388443e+00
2.997295631136613903e+00
2.997298997949506827e+00
2.997309873645310319e+00
2.997313654563968477e+00
2.997313933393101149e+00
2.997310648149130508e+00
2.997300295790536584e+00
2.997296523440630800e+00
2.997295723414270530e+00
2.997298791070003965e+00
2.997308651027523307e+00
2.997312107459876973e+00
4.206903797342301132e+00
4.206896909050539257e+00
4.206889926516107714e+00
4.206889258606432591e+00
4.206895913451217162e+00
4.206904078936801739e+00
4.206911784697640933e+00
4.206911623502479713e+00
4.206905069703195110e+00
4.206898063595554405e+00
4.206890380280980501e+00
4.206889314075612063e+00
4.206895461349117404e+00
4.206903251387444698e+00
4.206910221802288241e+00
4.206910059546800085e+00
5.408827414577537240e+00
5.408824126358084072e+00
5.408823080327420207e+00
5.408826126978913962e+00
5.408843668757442380e+00
5.408847326185537874e+00
5.408847677730107328e+00
5.408844627513389014e+00
5.408828448898501229e+00
5.408824886692296552e+00
5.408822911680557510e+00
5.408825703452781575e+00
5.408842720887152566e+00
5.408845916192297487e+00
5.408846092702914277e+00
5.408843319939852456e+00
6.617240919638637919e+00
6.617240344505640692e+00
6.617249102341521194e+00
6.617259131444712672e+00
6.617269174283967992e+00
6.617269416795903858e+00
6.617260822121600938e+00
6.617251474896798769e+00
6.617241481322145624e+00
6.617240404947978050e+00
6.617248525197872766e+00
6.617258337028108173e+00
6.617267674194771132e+00
6.617267798441328175e+00
6.617259555657140524e+00
6.617250350184744612e+00
7.824633033994101261e+00
7.824637217287006230e+00
7.824655011625086587e+00
7.824659773066961144e+00
7.824660820627107327e+00
7.824656753066602910e+00
7.824639377470378854e+00
7.824634647332902482e+00
7.824632852255983373e+00
7.824636639678706374e+00
7.824654105092206713e+00
7.824658528653084311e+00
7.824659161853516842e+00
7.824655314972158493e+00
7.824638355659237376e+00
7.824633852671219358e+00
9.028479183674559039e+00
9.028487653005036861e+00
9.028498842871067964e+00
9.028499481506244706e+00
9.028489543869291367e+00
9.028481192558709623e+00
9.028469812096892255e+00
9.028468898757482819e+00
9.028478409381104797e+00
9.028486691577542800e+00
9.028497560706084002e+00
9.028497972149507333e+00
9.028488118801535123e+00
9.028480008608488205e+00
9.028469216226064020e+00
9.028468778977414289e+00
1.023571659066780448e+01
1.023572271265588718e+01
1.023572383596785684e+01
1.023571821470656751e+01
1.023570259730566612e+01
1.023569624696701830e+01
1.023569455087275415e+01
1.023569992837597553e+01
1.023571539722901846e+01
1.023572165204753937e+01
1.023572242513778008e+01
1.023571664923240299e+01
1.023570147326650392e+01
1.023569539236771675e+01
1.023569462158343235e+01
1.023570069124270177e+01
1.144286205735206607e+01
1.144286274147082239e+01
1.144285185099663060e+01
1.144284440736906028e+01
1.144283152151422556e+01
1.144283069571302391e+01
1.144284113714619622e+01
1.144284833755120090e+01
1.144286115013379046e+01
1.144286162466436352e+01
1.144285017386017245e+01
1.144284309823036772e+01
1.144283086047352427e+01
1.144283033273196359e+01
1.144284226810100513e+01
1.144284977776777268e+01
1.264742770803098004e+01
1.264742249870442414e+01
1.264740897994406588e+01
1.264740245485979564e+01
1.264740133741519124e+01
1.264740629641450909e+01
1.264741904637906345e+01
1.264742564064734331e+01
1.264742635567910867e+01
1.264742075918458042e+01
1.264740800258763365e+01
1.264740180016079663e+01
1.264740112341711864e+01
1.264740696374827245e+01
1.264742053250274800e+01
1.264742670216475062e+01
1.385443281651426339e+01
1.385442669658304915e+01
1.385441560739173816e+01
1.385441521890927774e+01
1.385442381080456897e+01
1.385442959111365191e+01
1.385444060068819638e+01
1.385444077916359440e+01
1.385443125902154371e+01
1.385442548037124588e+01
1.385441495854094285e+01
1.385441479339782234e+01
1.385442480829710021e+01
1.385443105029519018e+01
1.385444176028343399e+01
1.385444199735002613e+01
1.506144127998451943e+01
1.506143593648221923e+01
1.506143492064895284e+01
1.506143894957607365e+01
1.506145107256238802e+01
1.506145651232803040e+01
1.506145702707090805e+01
1.506145239892596699e+01
1.506143995171113836e+01
1.506143484567978952e+01
1.506143492357934299e+01
1.506143981791542252e+01
1.506145266193854226e+01
1.506145776212155418e+01
1.506145811870291773e+01
1.506145374855360686e+01
1.626626924900899951e+01
1.626626875909905223e+01
1.626627515524013035e+01
1.626628132931254456e+01
1.626628998644323687e+01
1.626629020284243055e+01
1.626628290477851735e+01
1.626627647397877752e+01
1.626626821848182658e+01
1.626626848625852517e+01
1.626627637163293372e+01
1.626628284680854009e+01
1.626629127680816822e+01
1.626629126228872479e+01
1.626628413492351655e+01
1.626627793757274532e+01
1.747318742196844710e+01
1.747318983231012979e+01
1.747319923105539274e+01
1.747320270720311797e+01
1.747320327924133210e+01
1.747320059911715973e+01
1.747319066891774497e+01
1.747318721744177594e+01
1.747318756260522576e+01
1.747319060035390237e+01
1.747320072332611218e+01
1.747320435427025132e+01
1.747320445600282213e+01
1.747320159416766927e+01
1.747319206841836348e+01
1.747318849335046309e+01
1.868012965703022843e+01
1.868013332646710367e+01
1.868013844902723264e+01
1.868013866595472550e+01
1.868013456308119302e+01
1.868013056500768698e+01
1.868012540909101915e+01
1.868012575626325145e+01
1.868013063523364892e+01
1.868013467400070127e+01
1.868014022173358768e+01
1.868014004233091896e+01
1.868013546371047440e+01
1.868013186743681686e+01
1.868012650280154219e+01
1.868012600452201610e+01
1.988508428645714687e+01
1.988508584668671375e+01
1.988508630668387411e+01
1.988508512604654044e+01
1.988507873274105009e+01
1.988507719741618729e+01
1.988507778442015450e+01
1.988507940131706064e+01
1.988508598282548689e+01
1.988508762316829248e+01
1.988508736927437681e+01
1.988508598283713624e+01
1.988508019604842048e+01
1.988507861960534484e+01
1.988507771493455678e+01
1.988507856357040993e+01
2.109197133383698031e+01
2.109197153263069069e+01
2.109196984419229537e+01
2.109196674542289784e+01
2.109196489921883355e+01
2.109196517199008980e+01
2.109196771960462513e+01
2.109197100951419657e+01
2.109197293151768449e+01
2.109197274623225837e+01
2.109197087535746107e+01
2.109196803547122556e+01
2.109196604424156618e+01
2.109196563932726676e+01
2.109196653986801451e+01
2.109196931474413006e+01
2.229886520325369759e+01
2.229886533521327863e+01
2.229886240538470332e+01
2.229886265948682578e+01
2.229886308657950877e+01
2.229886341007977535e+01
2.229886691057600245e+01
2.229886669162165447e+01
2.229886641893306631e+01
2.229886644343719126e+01
2.229886364371742857e+01
2.229886384030051971e+01
2.229886321269795602e+01
2.229886267898845276e+01
2.229886512776086249e+01
2.229886496077063640e+01
2.350384829978568035e+01
2.350384808213199150e+01
2.350385001169188470e+01
2.350385025246911042e+01
2.350384980863075057e+01
2.350385031501074806e+01
2.350384855767317305e+01
2.350384840697355671e+01
2.350384941443363118e+01
2.350384924164893263e+01
2.350385096525092621e+01
2.350385072864743208e+01
2.350384880111550601e+01
2.350384871773384177e+01
2.350384682231003453e+01
2.350384695132676072e+01
2.471074516300730295e+01
2.471074688661549601e+01
2.471074759965314627e+01
2.471074688636420191e+01
2.471074476210004889e+01
2.471074315301146029e+01
2.471074268442853494e+01
2.471074360801661740e+01
2.471074625670613756e+01
2.471074792580434476e+01
2.471074774392712570e+01
2.471074633469117998e+01
2.471074304780023567e+01
2.471074124901154079e+01
2.471074124591140375e+01
2.471074245371913847e+01
2.591763523458953600e+01
2.591763563722010133e+01
2.591763359494304808e+01
2.591763131334107939e+01
2.591762788495964998e+01
2.591762762824189181e+01
2.591762992299686275e+01
2.591763254217275048e+01
2.591763614473866895e+01
2.591763594695107287e+01
2.591763276556932638e+01
2.591762994652797403e+01
2.591762585329621515e+01
2.591762593608123311e+01
2.591762892506634230e+01
2.591763139553289008e+01
2.712258704576882096e+01
2.712258573171283160e+01
2.712257846549428209e+01
2.712257641498786498e+01
2.712257568541286190e+01
2.712257706120751877e+01
2.712258493401847304e+01
2.712258709768186904e+01
2.712258691141484235e+01
2.712258511728509802e+01
2.712257690233006713e+01
2.712257440433573308e+01
2.712257422172586629e+01
2.712257602534495859e+01
2.712258364334616445e+01
2.712258593833685083e+01
2.832952186774850389e+01
2.832951676049284728e+01
2.832951081588552711e+01
2.832951042562378419e+01
2.832951492193203080e+01
2.832952029573910835e+01
2.832952636638001920e+01
2.832952637113838179e+01
2.832952112147626877e+01
2.832951552809850071e+01
2.832950879990716331e+01
2.832950862054496710e+01
2.832951376270128918e+01
2.832951910989125466e+01
2.832952563156399961e+01
2.832952619774918546e+01
2.953643004648703396e+01
2.953642659121347336e+01
2.953642568175166971e+01
2.953642812051919364e+01
2.953643891062479554e+01
2.953644245081177999e+01
2.953644319299092658e+01
2.953644041682145271e+01
2.953642865226669656e+01
2.953642471473753517e+01
2.953642369494846065e+01
2.953642649669609099e+01
2.953643812203364050e+01
2.953644191511078532e+01
2.953644310846533116e+01
2.953644070284891043e+01
3.074125820054235092e+01
3.074125764513170367e+01
3.074126362620227226e+01
3.074126984636140847e+01
3.074127753959388798e+01
3.074127818816775104e+01
3.074127159010399168e+01
3.074126472518074848e+01
3.074125634878043911e+01
3.074125562026218361e+01
3.074126202816115949e+01
3.074126889832528775e+01
3.074127720869564939e+01
3.074127786877590296e+01
3.074127219302700809e+01
3.074126596208575180e+01
3.194827539543290840e+01
3.194827857459368659e+01
3.194829145364466072e+01
3.194829518782634992e+01
3.194829637326795435e+01
3.194829297215293096e+01
3.194827898199725880e+01
3.194827497540980588e+01
3.194827350045424907e+01
3.194827664808470047e+01
3.194829066844035736e+01
3.194829472632518019e+01
3.194829617848564141e+01
3.194829346958037419e+01
3.194828055164389013e+01
3.194827653249749133e+01
3.315529522917749716e+01
3.315530274133819688e+01
3.315531177193104639e+01
3.315531259740990322e+01
3.315530429165108472e+01
3.315529604529761798e+01
3.315528639983860870e+01
3.315528546237219842e+01
3.315529332627470183e+01
3.315530171352802569e+01
3.315531154124286672e+01
3.315531222953269719e+01
3.315530507460628939e+01
3.315529746052769866e+01
3.315528795580772936e+01
3.315528734914418862e+01
3.435987341195880873e+01
3.435987858665745165e+01
3.435988026980458443e+01
3.435987557787200330e+01
3.435986075866424727e+01
3.435985504310706062e+01
3.435985300228472283e+01
3.435985769416822677e+01
3.435987278475563755e+01
3.435987845152678233e+01
3.435988013589499701e+01
3.435987580299372013e+01
3.435986212965281084e+01
3.435985667916565944e+01
3.435985518727724042e+01
3.435985982313717102e+01
3.556701735041127677e+01
3.556701818395650605e+01
3.556700921379568570e+01
3.556700258889509314e+01
3.556699092004772922e+01
3.556698986558092201e+01
3.556699913602730589e+01
3.556700581028716357e+01
3.556701720601014927e+01
3.556701822018518300e+01
3.556700968589153433e+01
3.556700359359310681e+01
3.556699284641900505e+01
3.556699193255420255e+01
3.556700084392141292e+01
3.556700700832537620e+01
3.677424173860990209e+01
3.677423700495032222e+01
3.677422445949417806e+01
3.677421819881699605e+01
3.677421654170548493e+01
3.677422147608744041e+01
3.677423399426687922e+01
3.677424008788420196e+01
3.677424202790340502e+01
3.677423742947369334e+01
3.677422572563602898e+01
3.677421998243885071e+01
3.677421845863779026e+01
3.677422321174386610e+01
3.677423510923671301e+01
3.677424064270207538e+01
3.797807121826324561e+01
3.797806544937737527e+01
3.797805302765240043e+01
3.797805253636040135e+01
3.797806198378108888e+01
3.797806759674715948e+01
3.797807953001232306e+01
3.797808037046907970e+01
3.797807179704081193e+01
3.797806641702397457e+01
3.797805505367074375e+01
3.797805442779596063e+01
3.797806345680368878e+01
3.797806907908661600e+01
3.797807990369350506e+01
3.797808010514980026e+01
3.918545415180996372e+01
3.918544754646049455e+01
3.918544635482165717e+01
3.918545118385972614e+01
3.918546270755412309e+01
3.918546867289175140e+01
3.918547052773111972e+01
3.918546656770963921e+01
3.918545548614712004e+01
3.918544934527035650e+01
3.918544807868162394e+01
3.918545269702750034e+01
3.918546401621709663e+01
3.918546951102166531e+01
3.918547015459770932e+01
3.918546595235909535e+01
4.039386612104857477e+01
4.039386585099606464e+01
4.039387412104293418e+01
4.039387848221022637e+01
4.039388866727973948e+01
4.039388939557724711e+01
4.039388287686549006e+01
4.039387861596663498e+01
4.039386804110272067e+01
4.039386764491734993e+01
4.039387553391639329e+01
4.039387994156713546e+01
4.039388923947642240e+01
4.039388925213634707e+01
4.039388207769040662e+01
4.039387749767035274e+01
4.159580368635115377e+01
4.159580741708858653e+01
4.159581587527187452e+01
4.159582006313428337e+01
4.159582164388778125e+01
4.159581925178039796e+01
4.159581123798147928e+01
4.159580630943783319e+01
4.159580543830876564e+01
4.159580903063499591e+01
4.159581706056506789e+01
4.159582092264188447e+01
4.159582140156322083e+01
4.159581849240571927e+01
4.159580983631524020e+01
4.159580469932521396e+01
4.280540532167962908e+01
4.280540917563806858e+01
4.280541538689664094e+01
4.280541625655209970e+01
4.280541292903583184e+01
4.280540932272308652e+01
4.280540294075059649e+01
4.280540239295098814e+01
4.280540677463303467e+01
4.280541041284232051e+01
4.280541624898487640e+01
4.280541659399042231e+01
4.280541167854023143e+01
4.280540772454446596e+01
4.280540144929889834e+01
4.280540085293478825e+01
4.401264697106284984e+01
4.401264355060175859e+01
4.401264613911354218e+01
4.401264698386000163e+01
4.401263972029364879e+01
4.401264513773431730e+01
4.401264301076886909e+01
4.401264104219519879e+01
4.401264888779510898e+01
4.401264337818324179e+01
4.401264455206172244e+01
4.401264769414629541e+01
4.401263947270317090e+01
4.401264251834476227e+01
4.401264097627328908e+01
4.401263942806679808e+01
4.519692621374079522e+01
4.519692645989272251e+01
4.519692667340290626e+01
4.519692539411649079e+01
4.519692678020020082e+01
4.519692694767459074e+01
4.519692606177557792e+01
4.519692683507502551e+01
4.519692614783312479e+01
4.519692643542541788e+01
4.519692602756791189e+01
4.519692456027799921e+01
4.519692525107558367e+01
4.519692460924355260e+01
4.519692389748956174e+01
4.519692579981676772e+01
4.627463663906067382e+01
4.627463729160992045e+01
4.627463895707121821e+01
4.627463906420624085e+01
4.627463930769473421e+01
4.627463986284842434e+01
4.627463780780549030e+01
4.627463567484628726e+01
4.627463563588804618e+01
4.627463794415915999e+01
4.627463889863405200e+01
4.627463696046555697e+01
4.627463633713495739e+01
4.627463756431709641e+01
4.627463697994459579e+01
4.627463622999999160e+01
