5.693636880049115362e-04
6.907280250993590512e-04
2.046113208949672246e-05
7.526715920892143585e-04
-5.430260309243848532e-04
3.750792426376863692e-04
-7.859445035619761974e-04
-2.214310360165918506e-04
-5.693732917936536637e-04
-6.907129351884082769e-04
-2.046368753645146088e-05
-7.526826626750218047e-04
5.430258031924838080e-04
-3.750878079621620953e-04
7.859439071598844223e-04
2.214212591537065983e-04
-8.673617379884035472e-18
1.804112415015879378e-16
1.000935445638617693e-15
-8.118505867571457202e-16
7.025630077706068732e-16
-1.821459649775647449e-16
4.198030811863873168e-16
-1.318389841742373392e-16
-9.020562075079396891e-17
1.665334536937734811e-16
-2.758210326803123280e-16
1.942890293094023946e-16
-6.210310043996969398e-16
8.760353553682875827e-17
9.714451465470119729e-17
1.734723475976807094e-17
-7.684824998577255428e-16
3.122502256758252770e-16
-2.211772431870429045e-16
2.541369892306022393e-16
-5.447031714567174276e-16
4.067926551165612636e-16
1.301042606982605321e-16
1.578598363138894456e-16
6.383782391594650107e-16
-3.417405247674309976e-16
5.230191280070073390e-16
7.209944447028604486e-17
-5.377642775528101993e-17
-4.544975507059234587e-16
-3.295974604355933479e-16
-7.632783294297951215e-17
-3.057450126409122504e-17
3.144186300207962859e-17
3.014082039509702327e-16
-1.474514954580286030e-16
-1.457167719820517959e-16
-3.135512682828078823e-16
-2.007942423443154212e-16
-5.071897762887189742e-16
-2.337539883878747560e-16
-3.534499082302744455e-16
-5.030698080332740574e-16
5.230191280070073390e-16
8.716985466783455649e-17
4.466912950640278268e-16
7.090682208055198998e-16
-1.595945597898662527e-16
-1.477767561097742544e-16
3.469446951953614189e-18
-1.613292832658430598e-16
4.423544863740858091e-16
1.717376241217039023e-16
1.925543058334255875e-16
6.210310043996969398e-16
-4.145989107584568956e-16
4.939625097843958201e-16
-2.736526283353413191e-16
-5.898059818321144121e-17
-5.533767888366014631e-16
-2.480654570646834145e-16
-3.330669073875469621e-16
-5.360295540768333922e-16
1.691355389077386917e-16
6.071532165918824830e-16
-3.348016308635237692e-16
-8.500145032286354763e-17
-2.255140518769849223e-16
-2.810252031082427493e-16
1.925543058334255875e-16
-3.616898447411642792e-16
3.929148673087468069e-16
-5.143455106271233035e-16
6.010816844259636582e-16
1.214306433183764966e-16
3.400058012914541905e-16
2.255140518769849223e-16
2.619432448724978713e-16
5.039371697712624609e-16
-5.186823193170653212e-16
-3.894454203567931927e-16
7.060324547225604874e-16
2.203098814490545010e-16
2.046973701652632371e-16
5.741934705483231483e-16
-4.102621020685148778e-16
6.726390278100069509e-16
-3.040102891649354433e-16
5.551115123125782702e-17
-1.665334536937734811e-16
-2.879640970121499777e-16
-2.133709875451472726e-16
-5.811323644522303766e-16
3.131175874138136805e-16
-4.093947403305264743e-16
3.486794186713382260e-16
8.066464163292152989e-17
-5.048045315092508645e-16
-1.387778780781445676e-16
-3.747002708109903324e-16
-4.015884846886308424e-16
-6.548581121812446781e-17
-8.166210763160819397e-16
1.039099362110107450e-15
-9.194034422677077600e-17
4.475586568020162304e-16
5.924080670460796227e-16
-9.627715291671279374e-17
7.866970963554820173e-16
-7.936359902593892457e-16
7.242470512203169619e-16
-8.135853102331225273e-16
5.551115123125782702e-17
4.371503159461553878e-16
4.683753385137379155e-16
1.743397093356691130e-16
2.025289658202922283e-16
-1.747733902046633148e-16
-1.205632815803880931e-16
-3.504141421473150331e-16
-1.665334536937734811e-16
-1.717376241217039023e-16
-7.459310946700270506e-16
-2.255140518769849223e-16
-3.742665899419961306e-16
3.126839065448194788e-16
1.231653667943533037e-16
3.851086116668511750e-16
-7.008282842946300661e-16
1.196959198423996895e-16
-1.176142516712275210e-15
6.800116025829083810e-16
-4.649058915617843013e-16
4.206704429243757204e-16
1.439820485060749888e-16
2.289834988289385365e-16
5.360295540768333922e-16
2.949029909160572061e-17
5.087076593301986804e-16
1.890848588814719733e-16
4.597017211338538800e-16
-4.753142324176451439e-16
-9.194034422677077600e-17
-2.862293735361731706e-16
3.382710778154773834e-16
5.750608322863115518e-16
9.649399335120989463e-16
-8.873110579621368288e-16
-1.491862189340054101e-16
-5.741934705483231483e-16
-2.151057110211240797e-16
-2.567390744445674500e-16
-5.082739784612044787e-16
2.411265631607761861e-16
-1.444157293750691906e-16
-1.218643241873706984e-16
-1.101549407245272505e-16
4.510281037539698445e-16
1.665334536937734811e-16
2.463307335887066074e-16
-6.444497713253838356e-16
2.146720301521298779e-16
-1.665334536937734811e-16
5.438358097187290241e-16
-6.591949208711866959e-17
3.087807787238716628e-16
3.773023560249555430e-16
1.561251128379126385e-16
7.498342224909748666e-16
-7.806255641895631925e-16
3.174543961037556983e-16
-3.070460552478948557e-16
1.908195823574487804e-17
-4.371503159461553878e-16
-2.289834988289385365e-16
-2.454633718507182039e-16
5.911070244390970174e-16
-3.816391647148975608e-17
2.341876692568689577e-16
-1.830133267155531485e-16
-2.602085213965210642e-16
-1.196959198423996895e-16
-6.513886652292910640e-16
3.105155021998484699e-16
-4.349819116011843789e-16
4.232725281383409310e-16
-3.235259282696745231e-16
1.873501354054951662e-16
3.226585665316861196e-16
1.769417945496343236e-16
4.276093368282829488e-16
2.255140518769849223e-17
-5.637851296924623057e-16
4.198030811863873168e-16
-9.020562075079396891e-17
3.556183125752454544e-16
3.755676325489787359e-16
-5.724587470723463412e-17
4.310787837802365630e-16
-1.747733902046633148e-16
3.608224830031758756e-16
-3.443426099813962082e-16
1.665334536937734811e-16
-3.469446951953614189e-16
-5.247538514829841461e-16
8.153200337090993344e-17
-6.422813669804128267e-16
4.466912950640278268e-17
2.255140518769849223e-16
-3.287300986976049444e-16
-2.411265631607761861e-16
-1.214306433183764966e-16
-4.050579316405844565e-16
-6.722053469410127491e-16
-5.208507236620363301e-16
3.113828639378368734e-16
1.543903893619358314e-16
2.602085213965210642e-18
2.445960101127298003e-16
2.237793284010081152e-16
3.001071613439876273e-16
-2.992397996059992238e-16
2.732189474663471174e-16
-4.579669976578770729e-16
-1.387778780781445676e-17
3.174543961037556983e-16
6.019490461639520618e-16
-7.979727989493312634e-17
1.314920394790419778e-15
-2.688821387764050996e-16
9.601694439531627268e-16
-8.907805049140904430e-16
3.035766082959412415e-16
-2.949029909160572061e-16
-4.007211229506424388e-16
-2.671474153004282925e-16
-1.569924745759010420e-16
-5.247538514829841461e-17
-5.117434254131580929e-16
1.300175245244616917e-15
-2.602085213965210642e-16
-3.764349942869671395e-16
-1.387778780781445676e-16
-5.846018114041839908e-16
-3.825065264528859643e-16
2.927345865710861972e-16
1.014813233446432150e-16
1.110223024625156540e-16
2.498001805406602216e-16
2.116362640691704655e-16
8.656270145124267401e-16
-4.544975507059234587e-16
9.857566152238206314e-16
-5.455705331947058312e-16
1.778091562876227272e-16
-5.412337245047638135e-16
5.915407053080912192e-16
-1.162264728904460753e-16
3.278627369596165408e-16
1.387778780781445676e-17
3.512815038853034366e-16
-5.629177679544739021e-16
-2.255140518769849223e-16
-2.758210326803123280e-16
-3.738329090730019288e-16
3.903127820947815962e-17
-4.718447854656915297e-16
9.965986369486756757e-16
-1.650589387391931950e-15
9.332812300755222168e-16
3.521488656232918402e-16
2.532696274926138358e-16
-5.308253836489029709e-16
-1.734723475976807094e-18
-4.358492733391727825e-16
2.493664996716660198e-16
-1.040834085586084257e-16
3.096481404618600664e-16
2.844946500601963635e-16
3.018418848199644344e-16
2.307182223049153436e-16
6.591949208711866959e-17
5.156465532341059088e-16
-5.017687654262914521e-16
-3.035766082959412415e-16
-9.965986369486756757e-16
-1.318389841742373392e-16
-2.463307335887066074e-16
8.213915658750181592e-16
1.385610376436474667e-16
6.591949208711866959e-17
-3.720981855970251218e-16
-9.540979117872439019e-17
-2.619432448724978713e-16
-3.712308238590367182e-16
1.318389841742373392e-16
-3.985527186056714299e-16
-8.500145032286354763e-17
-2.133709875451472726e-16
7.546047120499110861e-16
3.278627369596165408e-16
6.938893903907228378e-18
5.976122374740100440e-16
-2.550043509685906429e-16
-9.018393670734425882e-16
2.289834988289385365e-16
2.385244779468109755e-16
4.753142324176451439e-16
1.613292832658430598e-16
1.214306433183764966e-16
3.833738881908743679e-16
-1.682681771697502882e-16
1.222980050563649002e-16
-6.626643678231403101e-16
2.480654570646834145e-16
-3.972516759986888246e-16
-4.041905699025960530e-16
-5.030698080332740574e-17
-7.528699885739342790e-16
3.877106968808163856e-16
2.576064361825558535e-16
-4.492933802779930375e-16
8.673617379884035472e-17
-2.792904796322659422e-16
-2.107689023311820620e-16
2.463307335887066074e-16
-5.846018114041839908e-16
3.603888021341816739e-16
-3.608224830031758756e-16
3.625572064791526827e-16
1.769417945496343236e-16
4.579669976578770729e-16
5.802650027142419731e-16
-1.058181320345852328e-16
1.331833948681193647e-15
-6.192962809237201327e-16
-1.578598363138894456e-16
1.925543058334255875e-16
3.053113317719180486e-16
5.724587470723463412e-17
1.370431546021677605e-16
-7.372574772901430151e-17
9.415211665864120505e-16
-4.792173602385929598e-16
4.414871246360974055e-16
-4.787836793695987581e-16
-9.887923813067800438e-17
-3.209238430557093125e-16
-6.531233887052678710e-16
-2.471980953266950110e-16
-2.879640970121499777e-16
4.080936977235438690e-16
-2.567390744445674500e-16
-7.459310946700270506e-17
-6.279698983036041682e-16
-9.627715291671279374e-17
-4.319461455182249665e-16
-4.380176776841437913e-17
-2.576064361825558535e-16
4.276093368282829488e-16
2.255140518769849223e-17
3.937822290467352104e-16
4.553649124439118623e-16
2.341876692568689577e-16
3.512815038853034366e-17
4.731458280726741350e-16
3.018418848199644344e-16
9.801187639268960083e-17
3.087807787238716628e-16
9.194034422677077600e-17
7.624109676918067180e-16
-2.471980953266950110e-16
1.259409243559161951e-15
-9.462916561453482700e-16
2.723515857283587138e-16
-5.984795992119984476e-16
-2.185751579730776939e-16
-4.510281037539698445e-16
-3.712308238590367182e-16
5.030698080332740574e-17
-8.530502693115948887e-16
5.893723009631202103e-16
-4.258746133523061417e-16
1.474514954580286030e-16
-3.720981855970251218e-16
-1.734723475976807094e-16
-1.327063459122257427e-16
1.123233450694982594e-16
-2.341876692568689577e-17
9.627715291671279374e-17
6.418476861114186249e-17
1.422473250300981817e-16
6.843484112728503987e-16
1.136243876764808647e-16
5.676882575134101216e-16
-6.548581121812446781e-16
5.689893001203927270e-16
-2.975050761300224167e-16
2.602085213965210642e-16
-4.128641872824800885e-16
4.172009959724221062e-16
3.174543961037556983e-16
6.856494538798330041e-16
-4.584006785268712747e-16
1.526556658859590243e-16
-7.216449660063517513e-16
-1.543903893619358314e-16
-4.284766985662713523e-16
-5.655198531684391128e-16
-3.243932900076629267e-16
1.205632815803880931e-16
-1.240327285323417073e-16
-2.125036258071588691e-16
4.666406150377611084e-16
2.393918396847993790e-16
6.418476861114186249e-17
-4.215378046623641239e-16
-2.769052348527978324e-16
-9.714451465470119729e-17
5.204170427930421283e-16
1.595945597898662527e-16
2.151057110211240797e-16
6.158268339717665185e-16
-6.765421556309547668e-17
8.066464163292152989e-16
-1.821459649775647449e-16
6.765421556309547668e-17
-1.127570259384924611e-16
-4.458239333260394233e-16
-3.295974604355933479e-17
-6.487865800153258533e-16
-1.257674520083185143e-16
4.137315490204684920e-16
-8.300651832549021947e-16
3.330669073875469621e-16
-9.887923813067800438e-17
-2.810252031082427493e-16
-8.673617379884035472e-17
-9.844555726168380261e-16
1.916869440954371839e-16
-4.978656376053436361e-16
5.954438331290390352e-16
-5.013350845572972503e-16
4.241398898763293346e-16
2.064320936412400442e-16
2.758210326803123280e-16
1.474514954580286030e-16
2.185751579730776939e-16
-4.701100619897147226e-16
4.232725281383409310e-16
5.377642775528101993e-17
3.035766082959412415e-16
4.857225732735059864e-16
3.001071613439876273e-16
1.782428371566169290e-16
2.996734804749934256e-16
-1.630640067418198669e-16
3.096481404618600664e-16
3.105155021998484699e-16
-4.215378046623641239e-16
-2.905661822261151883e-16
1.327063459122257427e-16
-8.838416110101832146e-16
9.714451465470119729e-16
2.255140518769849223e-17
-9.194034422677077600e-17
-3.070460552478948557e-16
-3.816391647148975608e-16
-5.204170427930421283e-16
-2.914335439641035919e-16
3.556183125752454544e-17
-4.193694003173931151e-16
-2.099015405931936584e-16
3.825065264528859643e-16
1.040834085586084257e-16
4.232725281383409310e-16
3.434752482434078047e-16
-9.462916561453482700e-16
1.091574747258405864e-15
2.406928822917819843e-17
1.908195823574487804e-17
5.134781488891348999e-16
7.476658181460038577e-16
1.127570259384924611e-17
2.797241605012601440e-16
-1.040834085586084257e-17
6.158268339717665185e-16
-3.469446951953614189e-16
3.642919299551294898e-17
-3.729655473350135253e-16
-4.232725281383409310e-16
-5.898059818321144121e-17
-4.397524011601205984e-16
8.400398432417688355e-16
-6.236330896136621504e-16
2.792904796322659422e-16
-1.752070710736575165e-16
-3.660266534311062969e-16
-5.342948306008565851e-16
8.370040771588094231e-16
-6.505213034913026604e-17
-2.168404344971008868e-17
-7.945033519973776492e-16
1.079865363795562416e-15
1.509209424099822172e-16
4.510281037539698445e-17
7.407269242420966293e-16
6.713379852030243455e-16
9.957312752106872722e-16
-1.002670169114594501e-15
1.110223024625156540e-16
-6.349087922075113966e-16
6.852157730108388023e-16
-2.142383492831356762e-16
5.251875323519783478e-16
-4.967814354328581317e-16
7.797582024515747889e-16
-4.601354020028480818e-16
-6.158268339717665185e-17
-4.839878497975291793e-16
-1.058181320345852328e-16
2.229119666630197116e-16
-3.668940151690947005e-16
-1.118029280267052172e-15
-4.805184028455755652e-16
7.060324547225604874e-16
-2.046973701652632371e-16
1.786765180256111307e-16
-3.825065264528859643e-16
9.393527622414410416e-16
-1.254638754000225731e-15
5.689893001203927270e-16
-1.804112415015879378e-16
2.133709875451472726e-16
-2.081668171172168513e-17
2.896988204881267848e-16
7.441963711940502435e-16
-7.546047120499110861e-16
4.709774237277031261e-16
3.972516759986888246e-16
7.459310946700270506e-16
-5.776629175002767624e-16
-1.040834085586084257e-16
-2.966377143920340131e-16
-1.110223024625156540e-16
-4.701100619897147226e-16
9.584347204771859197e-16
-1.578598363138894456e-16
-2.983724378680108202e-16
1.856154119295183591e-16
-6.192962809237201327e-16
-1.925543058334255875e-16
-7.068998164605488910e-16
4.792173602385929598e-16
-6.114900252818245008e-16
6.444497713253838356e-16
5.447031714567174276e-16
1.387778780781445676e-16
1.821459649775647449e-16
2.550043509685906429e-16
-1.175275154974286806e-16
1.734723475976807094e-18
-4.527628272299466516e-16
-2.697495005143935032e-16
4.033232081646076495e-17
5.442694905877232259e-16
-5.195496810550537248e-16
-3.885780586188047891e-16
7.398595625041082258e-16
6.058521739848998777e-16
3.122502256758252770e-17
-7.068998164605488910e-17
-6.643990912991171172e-16
1.556914319689184367e-16
-5.880712583561376050e-16
-4.560154337474031649e-16
-6.201636426617085363e-16
-6.123573870198129043e-16
6.106226635438360972e-16
7.632783294297951215e-17
-7.294512216482473832e-16
9.194034422677077600e-16
-2.936019483090746007e-16
1.734723475976807094e-18
-1.543036531881369910e-15
1.472780231104309223e-15
-1.044303532538037871e-15
1.084202172485504434e-15
-3.469446951953614189e-17
-4.562322741819002658e-16
1.448494102440633924e-15
6.279698983036041682e-16
-1.387778780781445676e-16
5.898059818321144121e-17
-3.469446951953614189e-16
2.428612866367529932e-16
1.908195823574487804e-16
7.875644580934704209e-16
1.786765180256111307e-16
-4.943961906533900219e-16
9.020562075079396891e-17
-2.220446049250313081e-16
-1.734723475976807094e-16
-4.163336342344337027e-17
9.714451465470119729e-17
-2.393918396847993790e-16
-2.914335439641035919e-16
-5.221517662690189354e-16
-7.337150717770257475e-04
-4.941321663045157228e-04
-3.182209625081323587e-04
-7.813080795260858927e-04
2.824159058115015969e-04
-6.126480112463063288e-04
7.170846008286296813e-04
-8.277481445509438096e-05
7.337378662627580712e-04
4.941228854412728702e-04
3.182138712644793158e-04
7.813273102991137239e-04
-2.824132683895835827e-04
6.126492258090240894e-04
-7.170933894100704059e-04
8.278140413067909542e-05
