1.288395176314244359e-04
-2.719534131973911414e-04
1.174320030831692632e-03
-1.262184510388382128e-03
1.531845861761801236e-03
-1.513012582027718766e-03
9.920139009985690787e-04
-8.775208516845984033e-04
-1.288548018782030222e-04
2.719134967105703900e-04
-1.174329077170082822e-03
1.262132731329565494e-03
-1.531816048499378205e-03
1.512991998905083638e-03
-9.919787869864665764e-04
8.775033451127647183e-04
2.012279232133096230e-16
-3.191891195797325054e-16
3.035766082959412415e-16
-6.938893903907228378e-17
1.595945597898662527e-16
3.469446951953614189e-18
-3.816391647148975608e-17
-4.857225732735059864e-17
3.469446951953614189e-18
4.163336342344337027e-17
2.844946500601963635e-16
-3.434752482434078047e-16
4.458239333260394233e-16
-3.382710778154773834e-16
-2.428612866367529932e-17
1.977584762613560088e-16
-4.458239333260394233e-16
3.885780586188047891e-16
-1.266348137463069179e-16
6.071532165918824830e-17
3.295974604355933479e-16
-3.573530360512222614e-16
-3.295974604355933479e-17
3.209238430557093125e-16
-1.370431546021677605e-16
2.532696274926138358e-16
-4.692427002517263190e-16
1.986258379993444123e-16
2.810252031082427493e-16
-6.245004513516505540e-17
-2.949029909160572061e-17
-1.682681771697502882e-16
-2.380907970778167737e-16
1.056012916000881319e-16
-5.204170427930421283e-18
-1.058181320345852328e-16
2.602085213965210642e-17
3.469446951953614189e-18
-3.521488656232918402e-16
2.888314587501383812e-16
2.072994553792284478e-16
-2.493664996716660198e-16
1.621966450038314633e-16
1.734723475976807094e-18
-1.214306433183764966e-16
1.509209424099822172e-16
-3.122502256758252770e-17
2.706168622523819067e-16
-7.459310946700270506e-17
2.393918396847993790e-16
1.734723475976807094e-18
1.275021754842953214e-16
-3.642919299551294898e-17
1.431146867680865853e-16
6.591949208711866959e-17
-7.320533068622125938e-16
-1.830133267155531485e-16
3.525825464922860419e-16
1.561251128379126385e-17
-1.830133267155531485e-16
7.546047120499110861e-17
4.336808689942017736e-18
-2.853620117981847670e-16
-1.977584762613560088e-16
-4.432218481120742126e-16
4.024558464266192459e-16
6.245004513516505540e-17
-1.110223024625156540e-16
3.851086116668511750e-16
-4.891920202254596006e-16
4.649058915617843013e-16
-3.556183125752454544e-16
-1.561251128379126385e-16
4.406197628981090020e-16
2.879640970121499777e-16
-6.591949208711866959e-17
3.816391647148975608e-17
-6.245004513516505540e-17
-4.857225732735059864e-17
3.547509508372570508e-16
-2.532696274926138358e-16
-1.040834085586084257e-16
3.122502256758252770e-17
2.428612866367529932e-17
6.314393452555577824e-16
-5.646524914304507092e-16
-1.851817310605241573e-16
-6.418476861114186249e-17
-5.256212132209725496e-16
1.578598363138894456e-16
1.387778780781445676e-17
-8.673617379884035472e-17
1.309716224362489356e-16
1.266348137463069179e-16
-2.120699449381646673e-16
2.831936074532137582e-16
1.743397093356691130e-16
-9.194034422677077600e-17
2.623769257414920730e-17
-2.864462139706702715e-16
-7.849623728795052102e-17
2.500170209751573225e-16
9.107298248878237246e-17
-3.405479023776969427e-16
-9.237402509576497778e-17
6.505213034913026604e-18
6.960577947356938466e-17
-1.001802807376606097e-16
-1.444157293750691906e-16
-3.530162273612802437e-16
1.212138028838793957e-16
2.263814136149733258e-16
5.377642775528101993e-17
-8.673617379884035472e-17
6.938893903907228378e-17
4.336808689942017736e-16
1.335737076502141463e-16
-6.179952383167375274e-16
4.597017211338538800e-17
1.040834085586084257e-16
-3.469446951953614189e-18
-1.734723475976807094e-18
1.500535806719938137e-16
-3.061786935099064522e-16
-4.462576141950336250e-16
9.141992718397773388e-16
-1.379105163401561640e-16
-2.099015405931936584e-16
1.509209424099822172e-16
-6.071532165918824830e-17
-2.016616040823038247e-16
-7.502679033599690683e-17
2.350550309948573613e-16
3.616898447411642792e-16
1.561251128379126385e-17
4.683753385137379155e-17
-6.765421556309547668e-17
2.012279232133096230e-16
2.090341788552052549e-16
4.076600168545496672e-17
-2.463307335887066074e-16
-7.892991815694472280e-17
1.578598363138894456e-16
-1.023486850826316186e-16
-3.122502256758252770e-17
-2.411265631607761861e-16
2.445960101127298003e-16
-1.823628054120618458e-16
-2.480654570646834145e-16
-2.341876692568689577e-17
6.418476861114186249e-17
-6.418476861114186249e-17
-5.646524914304507092e-16
3.165870343657672947e-16
-4.553649124439118623e-16
4.011548038196366406e-16
-2.949029909160572061e-16
1.734723475976807094e-16
-1.908195823574487804e-17
8.847089727481716182e-17
6.678685382510707313e-16
-3.044439700339296451e-16
-2.298508605669269400e-16
4.375839968151495896e-16
2.159730727591124833e-16
-2.359223927328457648e-16
1.856154119295183591e-16
-8.500145032286354763e-17
-2.072994553792284478e-16
1.136243876764808647e-16
7.953707137353660528e-16
-6.210310043996969398e-16
6.071532165918824830e-18
3.122502256758252770e-17
-8.586881206085195117e-17
2.411265631607761861e-16
-2.563053935755732482e-16
8.157537145780935361e-16
3.044439700339296451e-16
-2.498001805406602216e-16
-5.377642775528101993e-17
-6.938893903907228378e-18
-6.782768791069315739e-16
1.000935445638617693e-15
-5.659535340374333146e-16
2.623769257414920730e-17
2.896988204881267848e-16
7.199102425303749442e-17
-5.204170427930421283e-18
5.377642775528101993e-17
-3.313321839115701550e-16
-9.280770596475917955e-17
-4.935288289154016184e-16
3.729655473350135253e-17
2.133709875451472726e-16
-3.348016308635237692e-16
-6.557254739192330817e-16
3.191891195797325054e-16
7.407269242420966293e-16
-7.979727989493312634e-17
-3.261280134836397337e-16
7.112366251504909087e-17
-1.734723475976807094e-16
2.289834988289385365e-16
1.196959198423996895e-16
1.630640067418198669e-16
7.155734338404329264e-17
-1.639313684798082704e-16
9.714451465470119729e-17
-3.295974604355933479e-17
1.873501354054951662e-16
2.463307335887066074e-16
5.863365348801607979e-16
-9.462916561453482700e-16
-5.520757462296188578e-16
4.798678815420842625e-16
-3.972516759986888246e-16
-1.127570259384924611e-16
-1.439820485060749888e-16
-1.578598363138894456e-16
1.196959198423996895e-16
-2.341876692568689577e-17
-1.487525380650112083e-16
-3.079134169858832593e-17
-1.483188571960170066e-16
-2.220446049250313081e-16
-3.937822290467352104e-16
-2.602085213965210642e-17
9.848892534858322279e-16
-2.662800535624398890e-16
-2.003605614753212194e-16
5.967448757360216405e-16
-1.179611963664228824e-16
4.076600168545496672e-16
2.619432448724978713e-16
-1.353084311261909534e-16
-1.934216675714139910e-16
-1.162264728904460753e-16
5.811323644522303766e-16
-7.112366251504909087e-16
1.700029006457270953e-16
1.387778780781445676e-17
2.402592014227877826e-16
-4.302114220422481594e-16
3.317658647805643568e-16
-3.632077277826439854e-16
3.842412499288627714e-16
-1.621966450038314633e-16
-2.012279232133096230e-16
1.734723475976807094e-18
-2.541369892306022393e-16
4.180683577104105098e-16
9.471590178833366735e-16
-5.798313218452477713e-16
1.448494102440633924e-16
2.619432448724978713e-16
-2.289834988289385365e-16
2.498001805406602216e-16
1.231653667943533037e-16
5.984795992119984476e-17
5.256212132209725496e-16
-1.838806884535415520e-16
-5.204170427930421283e-17
1.249000902703301108e-16
-1.483188571960170066e-16
2.411265631607761861e-16
3.599551212651874721e-17
-3.903127820947815962e-16
7.598088824778415074e-16
-7.832276494035284031e-16
-1.283695372222837250e-16
-1.804112415015879378e-16
1.647987302177966740e-16
7.199102425303749442e-17
2.419939248987645897e-16
-2.870967352741615741e-16
-4.744468706796567403e-16
2.584737979205442571e-16
-3.295974604355933479e-16
1.838806884535415520e-16
-1.717376241217039023e-16
-6.036837696399288689e-16
4.891920202254596006e-16
2.478486166301863136e-16
3.642919299551294898e-16
3.694961003830599111e-16
8.326672684688674053e-17
3.122502256758252770e-17
-4.566659550508944676e-16
-2.927345865710861972e-16
-1.691355389077386917e-16
7.025630077706068732e-17
-2.445960101127298003e-16
6.088879400678592901e-16
3.590877595271990685e-16
-1.752070710736575165e-16
3.109491830688426717e-16
-2.688821387764050996e-16
-8.500145032286354763e-17
-3.937822290467352104e-16
1.387778780781445676e-17
-4.597017211338538800e-16
-3.703634621210483147e-16
2.923009057020919954e-16
-1.459336124165488968e-15
1.238592561847440265e-15
1.058181320345852328e-16
-4.076600168545496672e-16
1.838806884535415520e-16
-2.029626466892864300e-16
8.500145032286354763e-16
-9.228728892196613742e-16
1.377804120794579035e-15
-1.775055796793267859e-15
2.498001805406602216e-16
-1.864827736675067626e-16
-1.734723475976807094e-18
-5.030698080332740574e-17
-2.012279232133096230e-15
1.610690747444465387e-15
2.818925648462311528e-16
-2.714842239903703103e-16
2.671474153004282925e-16
-1.023486850826316186e-16
-4.857225732735059864e-17
-2.992397996059992238e-16
3.460773334573730153e-16
-6.648327721681113189e-16
5.039371697712624609e-16
1.092875789865388469e-16
-2.445960101127298003e-16
1.266348137463069179e-16
2.038300084272748336e-16
3.738329090730019288e-16
-2.385244779468109755e-17
-2.081668171172168513e-16
9.280770596475917955e-17
-4.163336342344337027e-17
7.459310946700270506e-17
-8.153200337090993344e-17
9.540979117872439019e-16
-1.830133267155531485e-16
-1.422473250300981817e-16
-1.249000902703301108e-16
-1.483188571960170066e-16
-8.847089727481716182e-17
1.370431546021677605e-16
-1.144917494144692682e-16
1.075528555105620399e-16
-1.986258379993444123e-16
5.898059818321144121e-17
1.019150042136374168e-17
-1.353084311261909534e-16
-5.551115123125782702e-17
1.370431546021677605e-16
-5.898059818321144121e-17
-5.425347671117464188e-16
7.719519468096791570e-17
1.370431546021677605e-16
6.010816844259636582e-16
3.122502256758252770e-17
-3.469446951953614189e-18
1.058181320345852328e-16
-7.632783294297951215e-17
7.246807320893111637e-16
-6.444497713253838356e-16
-2.584737979205442571e-16
1.026956297778269800e-15
6.938893903907228378e-17
4.683753385137379155e-17
2.714842239903703103e-16
-5.672545766444159199e-16
1.232954710550515642e-15
-1.460203485903477372e-15
1.873501354054951662e-16
-3.504141421473150331e-16
-1.110223024625156540e-16
-1.925543058334255875e-16
-3.825065264528859643e-16
1.856154119295183591e-16
-9.658072952500873498e-16
1.054928713828395814e-15
-5.525094270986130596e-16
3.478120569333498224e-16
1.942890293094023946e-16
-5.967448757360216405e-16
-1.192622389734054877e-16
6.331740687315345895e-17
8.534839501805890905e-16
-3.634245682171410863e-16
8.326672684688674053e-17
7.806255641895631925e-17
3.868433351428279821e-16
-6.418476861114186249e-17
2.259477327459791240e-16
8.977193988179976714e-17
-2.445960101127298003e-16
-2.003605614753212194e-16
1.040834085586084257e-16
-2.602085213965210642e-17
1.942890293094023946e-16
-1.734723475976807094e-18
2.866630544051673724e-16
7.242470512203169619e-17
4.180683577104105098e-16
-4.423544863740858091e-16
-7.979727989493312634e-17
7.285838599102589797e-17
-1.361757928641793569e-15
1.089406342913434855e-15
-1.058615001214846529e-15
9.911776260862481536e-16
-1.951563910473907981e-16
-2.498001805406602216e-16
3.816391647148975608e-17
-1.491862189340054101e-16
-8.959846753420208643e-16
6.748074321549779597e-16
-5.490399801466594454e-16
6.626643678231403101e-16
-2.289834988289385365e-16
5.724587470723463412e-17
-2.081668171172168513e-17
5.030698080332740574e-17
1.821459649775647449e-17
-2.025289658202922283e-16
-1.734723475976807094e-18
3.417405247674309976e-16
-3.053113317719180486e-16
1.561251128379126385e-16
-4.250072516143177381e-17
3.478120569333498224e-16
-1.626303258728256651e-17
-7.459310946700270506e-17
4.137315490204684920e-16
4.857225732735059864e-17
-1.734723475976807094e-18
7.459310946700270506e-17
5.898059818321144121e-17
1.353084311261909534e-16
5.746271514173173500e-16
-4.215378046623641239e-16
-1.075528555105620399e-16
-7.632783294297951215e-17
8.326672684688674053e-17
-6.071532165918824830e-18
6.088879400678592901e-16
-4.865899350114943900e-16
9.974659986866640793e-17
-2.541369892306022393e-16
-8.847089727481716182e-17
-2.151057110211240797e-16
-4.224051664003525275e-16
1.526556658859590243e-16
5.056718932472392680e-16
-3.365363543395005763e-16
4.909267437014364077e-16
-1.569924745759010420e-16
2.949029909160572061e-17
2.116362640691704655e-16
-2.749536709423239245e-16
-1.821459649775647449e-16
3.920475055707584033e-16
3.313321839115701550e-16
2.879640970121499777e-16
-2.567390744445674500e-16
9.367506770274758310e-17
-6.938893903907228378e-18
-3.070460552478948557e-16
4.848552115355175829e-16
-1.292368989602721285e-16
-7.036472099430923777e-16
4.093947403305264743e-16
2.723515857283587138e-16
-1.908195823574487804e-17
-1.474514954580286030e-16
4.943961906533900219e-16
-1.098947322031307294e-15
5.672545766444159199e-16
-8.135853102331225273e-16
4.978656376053436361e-16
-1.162264728904460753e-16
2.307182223049153436e-16
-1.804112415015879378e-16
6.982261990806648555e-17
-9.697104230710351658e-16
5.837344496661955873e-16
2.818925648462311528e-16
-4.857225732735059864e-17
-5.204170427930421283e-17
3.885780586188047891e-16
-6.591949208711866959e-16
1.604619215278546562e-16
-3.842412499288627714e-16
9.974659986866640793e-17
-3.660266534311062969e-16
-6.093216209368534919e-17
-1.708702623837154988e-16
5.396074212460355568e-16
-2.437286483747413968e-16
-7.958043946043602546e-17
9.484600604903192789e-16
4.785668389351016572e-16
-6.184289191857317292e-16
-3.662434938656033978e-16
3.315490243460672559e-16
-1.757491721599002688e-16
6.683022191200649331e-16
-2.274656157874588303e-16
-8.491471414906470727e-16
-3.404394821604483923e-17
1.279358563532895232e-16
1.925543058334255875e-16
-2.602085213965210642e-16
4.679416576447437137e-16
1.144050132406704279e-15
-7.624109676918067180e-16
1.994931997373328159e-16
1.717376241217039023e-16
6.938893903907228378e-17
1.647987302177966740e-16
4.163336342344337027e-17
1.279358563532895232e-16
1.864827736675067626e-17
1.179611963664228824e-16
1.838806884535415520e-16
-3.139849491518020841e-16
3.937822290467352104e-16
1.075528555105620399e-16
-4.024558464266192459e-16
8.599891632155021171e-16
-7.220786468753459530e-16
-3.608224830031758756e-16
-2.168404344971008868e-16
-1.214306433183764966e-16
2.810252031082427493e-16
5.204170427930421283e-16
-1.561251128379126385e-16
3.447762908503904100e-16
4.172009959724221062e-16
-7.979727989493312634e-17
-6.418476861114186249e-17
3.053113317719180486e-16
3.295974604355933479e-16
-2.862293735361731706e-16
-3.478120569333498224e-16
-9.887923813067800438e-16
-7.199102425303749442e-17
1.403391292065236939e-15
-4.761815941556335474e-16
1.006139616066548115e-16
-1.752070710736575165e-16
-1.058181320345852328e-16
1.587271980518778491e-16
-5.867702157491549997e-16
-3.469446951953614189e-18
4.128641872824800885e-16
-7.520026268359458754e-16
-8.899131431761020394e-16
6.279698983036041682e-16
-3.157196726277788912e-16
-5.204170427930421283e-18
-6.938893903907228378e-18
-3.816391647148975608e-16
-1.009609063018501729e-15
4.666406150377611084e-16
-1.075528555105620399e-16
-4.276093368282829488e-16
2.003605614753212194e-16
2.966377143920340131e-16
2.541369892306022393e-16
4.527628272299466516e-16
-1.249000902703301108e-16
2.463307335887066074e-16
5.655198531684391128e-16
1.058181320345852328e-16
4.701100619897147226e-16
5.932754287840680263e-16
-9.263423361716149884e-16
1.521352488431659822e-15
-8.656270145124267401e-16
3.660266534311062969e-16
-6.938893903907228378e-16
2.870967352741615741e-16
1.535230276239474279e-16
1.231653667943533037e-16
-1.226449497515602616e-15
6.036837696399288689e-16
-1.346145417358002305e-15
-1.595945597898662527e-16
3.833738881908743679e-16
-3.274290560906223391e-16
-7.389922007661198222e-16
7.806255641895631925e-17
-1.006139616066548115e-16
1.214306433183764966e-16
-4.302114220422481594e-16
5.412337245047638135e-16
6.418476861114186249e-17
-5.030698080332740574e-17
3.677613769070831040e-16
-5.724587470723463412e-17
-5.204170427930421283e-17
8.881784197001252323e-16
-3.070460552478948557e-16
-5.984795992119984476e-16
-2.949029909160572061e-17
-5.030698080332740574e-17
4.669418780232875536e-04
-3.277303988671598223e-04
-7.051159942289561902e-04
8.303901652262201533e-04
-1.464675413402156609e-03
1.501630061587636358e-03
-1.366098830277237205e-03
1.293809945819133014e-03
-4.669590655752651337e-04
3.277689071525327624e-04
7.051395936248875534e-04
-8.303441079728531016e-04
1.464664092150975289e-03
-1.501596056271557733e-03
1.366070919844687009e-03
-1.293806508282823592e-03
