2.853363181839034535e-04
4.921156907360963589e-04
-3.897098673523793910e-04
8.670672028181208163e-04
-8.364650601891693987e-04
7.341246612510583108e-04
-7.932432367290503245e-04
1.711270939729492985e-04
-2.853391455756755513e-04
-4.921132560284776844e-04
3.897086395813782050e-04
-8.670706341054792293e-04
8.364643468672817300e-04
-7.341254851478302978e-04
7.932450489897676857e-04
-1.711278826751049670e-04
-7.736866702856559641e-15
-1.448789005431549981e-13
1.087446105385581063e-13
-1.543513580837263532e-13
1.616345945976149778e-13
-7.375697275158188404e-14
1.201677646278653810e-13
4.938931208453567479e-14
8.203507317894320749e-15
1.437946983706694937e-13
-1.087463452620340831e-13
1.543929914471497966e-13
-1.616623501732306067e-13
7.412104784110251643e-14
-1.204158300849300645e-13
-4.921583973693799408e-14
1.012909374431547604e-13
-4.040257711723782563e-14
8.226969452906907065e-14
-9.497090613930225800e-14
1.476596622751458199e-14
-9.403589018575075897e-14
-6.116201295425227613e-14
-3.770941892078383262e-14
-1.009240434279856657e-13
4.004869352813855699e-14
-8.151769190223312478e-14
9.487896579507548722e-14
-1.503484836629098709e-14
9.407752354917420234e-14
6.121405465853158034e-14
3.756890631922971124e-14
-2.001480578495140605e-14
1.399748372765685644e-14
-9.680624357688571990e-15
2.070349100491419847e-14
6.460977586275618023e-15
1.508862479404626811e-14
1.805847138491856185e-14
1.174407793236298403e-15
1.978408756264649071e-14
-1.414493522311488505e-14
9.524065563981665150e-15
-2.071259830316307671e-14
-6.157400977979676782e-15
-1.533408816589698631e-14
-1.781821218349577407e-14
-1.082467449009527627e-15
-4.270780777637650516e-15
4.298644773470527980e-15
-3.362761458181040553e-15
2.177077962350892903e-15
-2.099015405931936584e-16
-1.226449497515602616e-15
2.669739429528306118e-15
-3.944761184371259333e-15
4.033232081646076495e-15
-3.833738881908743679e-15
2.612493554821071484e-15
-1.503137891933903347e-15
2.818925648462311528e-16
8.413408858487514408e-16
-2.782496455466798579e-15
3.583938701368083457e-15
-5.126107871511464964e-16
-7.919012667834124386e-16
-1.578598363138894456e-15
-1.391248227733399290e-15
-9.454242944073598665e-16
-1.574261554448952438e-15
8.196568423990413521e-17
-4.063589742475670619e-16
8.938162709970498554e-16
8.170547571850761415e-16
1.296705798292663303e-15
1.373900992973631219e-15
1.417269079873051396e-15
1.426810058990923835e-15
5.993469609499868511e-16
2.530527870581167349e-16
3.027092465579528380e-16
3.955169525227120175e-16
2.289834988289385365e-16
4.666406150377611084e-16
4.727121472036799332e-16
-2.593411596585326606e-16
1.973247953923618070e-16
-1.804112415015879378e-16
-3.252606517456513302e-16
-3.070460552478948557e-16
-1.908195823574487804e-16
-6.643990912991171172e-16
-5.377642775528101993e-16
1.040834085586084257e-17
-2.714842239903703103e-16
9.974659986866640793e-17
1.960237527853792017e-16
2.931682674400803990e-16
1.275021754842953214e-16
5.811323644522303766e-17
-9.497611030973018842e-17
1.183948772354170842e-16
-5.941427905220564298e-17
5.030698080332740574e-17
-3.122502256758252770e-17
-3.434752482434078047e-16
1.283695372222837250e-16
1.595945597898662527e-16
-8.972857179490034696e-16
2.029626466892864300e-16
3.122502256758252770e-17
9.280770596475917955e-17
-2.654126918244514854e-16
1.804112415015879378e-16
-2.359223927328457648e-16
1.960237527853792017e-16
1.591608789208720509e-16
-3.439089291124020065e-16
-2.654126918244514854e-16
1.335737076502141463e-16
1.630640067418198669e-16
-6.557254739192330817e-16
-4.857225732735059864e-17
4.041905699025960530e-16
1.491862189340054101e-16
-3.122502256758252770e-17
4.241398898763293346e-16
-9.801187639268960083e-17
-5.082739784612044787e-16
2.471980953266950110e-16
-2.072994553792284478e-16
2.086004979862110531e-16
3.426078865054194011e-16
5.342948306008565851e-16
-2.506675422786486251e-16
2.775557561562891351e-17
7.650130529057719286e-16
-1.578598363138894456e-16
-1.548240702309300332e-16
1.613292832658430598e-16
-2.901325013571209865e-16
-3.469446951953614189e-18
-2.237793284010081152e-16
7.806255641895631925e-17
-5.204170427930421283e-18
2.272487753529617294e-16
-7.112366251504909087e-17
4.163336342344337027e-17
-1.804112415015879378e-16
1.249000902703301108e-16
1.908195823574487804e-16
-7.684824998577255428e-16
3.720981855970251218e-16
-9.107298248878237246e-17
1.344410693882025498e-16
2.949029909160572061e-17
1.734723475976807094e-18
1.968911145233676052e-16
-2.966377143920340131e-16
2.983724378680108202e-16
-6.938893903907228378e-17
1.149254302834634700e-16
-5.585809592645318844e-16
8.422082475867398443e-16
-4.839878497975291793e-16
-2.983724378680108202e-16
7.155734338404329264e-16
-4.172009959724221062e-16
-4.154662724964452991e-16
-1.270684946153011197e-16
2.550043509685906429e-16
-9.540979117872439019e-17
-1.665334536937734811e-16
4.683753385137379155e-16
-9.627715291671279374e-17
-2.862293735361731706e-17
3.747544809196146076e-16
-1.335737076502141463e-16
-5.490399801466594454e-16
7.294512216482473832e-16
5.290906601729261638e-16
-8.465450562766818621e-16
4.631711680858074942e-16
6.080205783298708866e-16
2.515349040166370287e-17
-1.903859014884545786e-16
-4.250072516143177381e-17
3.027092465579528380e-16
-5.516420653606246560e-16
2.099015405931936584e-16
2.602085213965210642e-17
-1.335737076502141463e-16
-1.621966450038314633e-16
1.275021754842953214e-16
-6.010816844259636582e-16
-2.341876692568689577e-16
9.575673587391975161e-16
-8.578207588705311082e-16
-3.773023560249555430e-16
2.944693100470630043e-16
4.219714855313583257e-16
-2.307182223049153436e-16
-2.758210326803123280e-16
4.735795089416683368e-16
-1.708702623837154988e-16
6.245004513516505540e-17
2.428612866367529932e-17
3.783865581974410475e-16
-2.775557561562891351e-16
1.023486850826316186e-16
1.994931997373328159e-16
-8.847089727481716182e-16
7.277164981722705761e-16
-2.896988204881267848e-16
3.816391647148975608e-17
-5.746271514173173500e-16
4.709774237277031261e-16
3.001071613439876273e-16
-3.191891195797325054e-16
4.336808689942017736e-16
-4.336808689942017736e-17
-2.671474153004282925e-16
-3.452099717193846118e-16
4.870236158804885918e-16
-2.524022657546254322e-16
-1.457167719820517959e-16
1.036497276896142239e-15
-5.759281940242999553e-16
6.132247487578013079e-16
2.020952849512980265e-16
-2.350550309948573613e-16
-8.508818649666238798e-16
8.673617379884035472e-18
2.185751579730776939e-16
-6.010816844259636582e-16
3.694961003830599111e-16
-3.530162273612802437e-16
6.071532165918824830e-17
-1.604619215278546562e-17
7.190428807923865406e-16
2.064320936412400442e-16
-9.523631883112670948e-16
5.898059818321144121e-17
8.326672684688674053e-17
2.341876692568689577e-17
-3.243932900076629267e-16
7.311859451242241903e-16
-1.656660919557850775e-16
-2.931682674400803990e-16
4.926614671774132148e-16
-4.440892098500626162e-16
2.515349040166370287e-16
-4.900593819634480042e-17
1.934216675714139910e-16
-1.500535806719938137e-16
4.492933802779930375e-16
1.109355662887168137e-15
-7.181755190543981371e-16
-4.601354020028480818e-16
2.359223927328457648e-16
6.366435156834882036e-16
-8.847089727481716182e-17
-3.868433351428279821e-16
6.349087922075113966e-16
-4.501607420159814410e-16
2.896988204881267848e-16
9.757819552369539906e-17
6.635317295611287136e-17
-1.076395916843608802e-15
8.014422459012848776e-16
-5.863365348801607979e-16
-2.012279232133096230e-16
8.760353553682875827e-16
-1.613292832658430598e-16
-1.994931997373328159e-17
-2.341876692568689577e-17
-1.552577510999242349e-16
2.480654570646834145e-16
-3.799044412389207537e-16
2.966377143920340131e-16
-1.916869440954371839e-16
-5.776629175002767624e-16
9.931291899967220616e-17
6.093216209368534919e-16
-5.984795992119984476e-16
6.236330896136621504e-16
4.319461455182249665e-16
-9.263423361716149884e-16
-5.898059818321144121e-17
1.734723475976807094e-18
2.363560736018399666e-16
-6.687358999890591349e-16
-2.263814136149733258e-16
5.134781488891348999e-16
-4.007211229506424388e-16
3.825065264528859643e-16
-5.117434254131580929e-17
-1.010476424756490132e-16
-9.063930161978817068e-17
5.299580219109145673e-16
-5.663872149064275163e-16
-7.632783294297951215e-17
9.124645483638005317e-16
-1.098947322031307294e-15
-2.824346659324739051e-16
-3.183217578417441018e-16
1.934216675714139910e-16
3.556183125752454544e-16
-3.400058012914541905e-16
5.117434254131580929e-16
-2.419939248987645897e-16
2.610758831345094677e-16
-6.418476861114186249e-16
4.779163176316103545e-16
-9.228728892196613742e-16
4.570996359198886694e-16
1.769417945496343236e-16
-9.627715291671279374e-16
8.196568423990413521e-16
-2.324529457808921507e-16
1.032160468206200221e-16
-1.621966450038314633e-16
-4.597017211338538800e-17
3.087807787238716628e-16
-3.131175874138136805e-16
-2.749536709423239245e-16
6.175615574477433256e-16
-2.862293735361731706e-17
-4.024558464266192459e-16
2.203098814490545010e-16
-3.278627369596165408e-16
-5.030698080332740574e-17
1.153591111524576718e-15
-9.645062526431047445e-16
3.269953752216281373e-16
-3.458604930228759144e-16
6.019490461639520618e-16
-4.328135072562133701e-16
-2.983724378680108202e-16
4.371503159461553878e-16
1.179611963664228824e-16
-9.887923813067800438e-17
2.138046684141414744e-16
-1.400789206851271729e-16
-4.328135072562133701e-16
5.178149575790769177e-16
2.619432448724978713e-16
-8.638922910364499330e-16
3.877106968808163856e-16
4.354155924701785807e-16
4.518954654919582481e-16
-9.410874857174178487e-17
-5.898059818321144121e-17
4.007211229506424388e-16
-2.324529457808921507e-16
5.074066167232160751e-16
3.335005882565411639e-16
-1.895185397504661751e-16
4.900593819634480042e-17
9.220055274816729707e-16
-2.680147770384166961e-16
-2.688821387764050996e-16
8.274630980409369840e-16
-3.226585665316861196e-16
4.271756559592887470e-16
-7.142723912334503211e-16
3.478120569333498224e-16
1.864827736675067626e-16
-4.059252933785728601e-16
6.591949208711866959e-17
2.949029909160572061e-17
-3.434752482434078047e-16
-2.415602440297703879e-16
-3.230922474006803213e-16
-5.993469609499868511e-16
6.687358999890591349e-16
3.018418848199644344e-16
-6.349087922075113966e-16
8.743006318923107756e-16
-5.898059818321144121e-16
1.322726650432315409e-16
3.278627369596165408e-16
1.916869440954371839e-16
-5.377642775528101993e-17
-3.469446951953614189e-16
2.402592014227877826e-16
2.016616040823038247e-16
-3.274290560906223391e-16
4.067926551165612636e-16
-4.336808689942017736e-17
-2.940356291780688025e-16
-1.752070710736575165e-16
6.366435156834882036e-16
-9.697104230710351658e-16
6.106226635438360972e-16
-4.813857645835639687e-17
-1.647987302177966740e-16
-5.724587470723463412e-17
8.413408858487514408e-17
3.035766082959412415e-16
-1.535230276239474279e-16
4.848552115355175829e-16
-5.893723009631202103e-16
2.801578413702543457e-16
-7.546047120499110861e-16
5.056718932472392680e-16
2.012279232133096230e-16
-6.956241138666996449e-16
5.724587470723463412e-16
1.674008154317618846e-16
-4.922277863084190130e-16
-1.344410693882025498e-17
-3.790370795009323501e-16
-1.908195823574487804e-17
-3.070460552478948557e-16
2.532696274926138358e-16
-2.094678597241994567e-16
3.191891195797325054e-16
-1.478851763270228048e-16
7.407269242420966293e-16
-4.388850394221321949e-16
-9.887923813067800438e-17
7.971054372113428599e-16
-2.359223927328457648e-16
-5.833007687972013855e-16
2.268150944839675276e-16
2.949029909160572061e-16
-1.275021754842953214e-16
-2.550043509685906429e-16
3.348016308635237692e-16
-1.474514954580286030e-17
2.359223927328457648e-16
-1.413257531834855030e-16
1.804112415015879378e-16
-1.361757928641793569e-16
8.760353553682875827e-17
1.387778780781445676e-16
-6.557254739192330817e-16
2.844946500601963635e-16
3.087807787238716628e-16
-3.079134169858832593e-16
-1.344410693882025498e-16
6.002143226879752547e-16
-1.075528555105620399e-16
-3.625572064791526827e-16
3.521488656232918402e-16
-3.278627369596165408e-16
-1.639313684798082704e-16
-2.437286483747413968e-16
4.336808689942017736e-16
-2.740863092043355209e-16
-1.422473250300981817e-16
3.608224830031758756e-16
-4.510281037539698445e-16
4.536301889679350552e-16
-3.408731630294425941e-16
3.165870343657672947e-17
-5.967448757360216405e-16
1.318389841742373392e-16
4.822531263215523722e-16
-4.371503159461553878e-16
3.469446951953614189e-16
-2.185751579730776939e-16
6.010816844259636582e-16
3.460773334573730153e-16
5.481726184086710418e-16
2.879640970121499777e-16
-4.406197628981090020e-16
1.049507702965968292e-16
-1.864827736675067626e-16
-2.393918396847993790e-16
2.029626466892864300e-16
1.474514954580286030e-17
1.604619215278546562e-16
-3.972516759986888246e-16
-1.804112415015879378e-16
5.724587470723463412e-17
-6.383782391594650107e-16
2.142383492831356762e-16
-1.426810058990923835e-16
-1.968911145233676052e-16
-1.387778780781445676e-17
6.904199434387692236e-16
-2.949029909160572061e-16
-4.449565715880510197e-16
7.476658181460038577e-16
-8.326672684688674053e-17
4.250072516143177381e-16
-2.064320936412400442e-16
1.994931997373328159e-16
2.688821387764050996e-17
-1.344410693882025498e-16
-5.754945131553057536e-16
6.873841773558098112e-16
-3.781697177629439466e-16
4.787836793695987581e-16
7.806255641895631925e-17
-3.278627369596165408e-16
-1.335737076502141463e-16
1.726049858596923059e-16
-6.071532165918824830e-17
-5.368969158148217957e-16
1.171805708022333192e-15
-5.464378949326942347e-17
-1.214306433183764966e-16
9.367506770274758310e-17
3.304648221735817515e-16
8.274630980409369840e-16
-7.420279668490792346e-16
7.541710311809168843e-16
-1.304512053934558935e-15
-2.081668171172168513e-17
-1.778091562876227272e-16
-1.085069534223492838e-15
4.423544863740858091e-17
1.431146867680865853e-16
8.409072049797572390e-16
-2.949029909160572061e-17
1.387778780781445676e-17
7.736866702856559641e-16
1.092875789865388469e-15
7.788908407135863854e-16
-2.983724378680108202e-16
-7.736866702856559641e-16
-8.370040771588094231e-17
-1.110223024625156540e-16
-7.754213937616327712e-16
-8.586881206085195117e-16
1.094610513341365277e-15
2.161465451067101640e-15
-9.961649560796814740e-16
1.276322797449935820e-15
-2.405194099441843036e-15
-1.669671345627676828e-15
-2.352285033424550420e-15
-2.612493554821071484e-15
-1.025221574302292993e-15
-1.454565634606552749e-15
1.213872752314770764e-15
-6.279698983036041682e-16
2.282896094385478136e-15
1.660130366509804389e-15
2.402592014227877826e-15
2.123301534595611884e-15
-4.867634073590920707e-15
5.699000299452805507e-15
-4.922277863084190130e-15
4.040170975549983723e-15
-1.350482226047944323e-15
1.094610513341365277e-15
2.332335713450817138e-15
-3.351485755587191306e-15
5.217614534869241538e-15
-4.759213856342370264e-15
4.757045451997399255e-15
-4.394054564649252370e-15
1.924675696596267471e-15
-9.263423361716149884e-16
-2.016616040823038247e-15
3.492865718879301085e-15
-2.145549363175014435e-14
2.474929983176110682e-14
-4.163336342344337027e-16
2.838181079045654087e-14
1.975156149747192558e-14
1.410503658316741848e-14
2.960479084102018987e-14
-8.583845440002235705e-15
2.091382622637638633e-14
-2.507109103655480453e-14
4.510281037539698445e-17
-2.741556981433745932e-14
-2.008636312833544935e-14
-1.442422570274715099e-14
-2.908524115996513615e-14
8.844487642267750971e-15
1.018369416572184605e-13
-1.834101447106828431e-13
-3.716645047280309200e-14
-1.217775880135718580e-13
-1.529696508351108264e-13
1.076309180669809962e-14
-1.795870310100644573e-13
1.375839546458035301e-13
-1.015047421115689019e-13
1.833017244934342926e-13
3.643266244246490260e-14
1.215156447686993602e-13
1.533695045963234804e-13
-1.168769941939373780e-14
1.801115680211129444e-13
-1.375835209649345359e-13
3.019216820998593676e-13
-9.785575127985168820e-15
1.495071427770611194e-13
2.160025630582040890e-13
-9.050009006084103191e-14
3.146146537735816651e-13
-2.772226892489015881e-13
2.295542228525349060e-13
-3.019945404858503935e-13
9.786442489723157223e-15
-1.489381534769407267e-13
-2.160233797399158107e-13
9.081147292477886879e-14
-3.152981348231165271e-13
2.772816698470847996e-13
-2.291665121556540896e-13
-5.837223906254790720e-04
-1.737172782999415674e-04
5.648560579685039940e-05
-7.355829317232933859e-04
6.636089821766572722e-04
-8.665524890893814419e-04
8.819926680737871089e-04
-4.899164780534943225e-04
5.837270666055225602e-04
1.737164864227258576e-04
-5.648489618575135152e-05
7.355883936071595797e-04
-6.636075116210112673e-04
8.665497414418691507e-04
-8.819961364463745068e-04
4.899167333186245366e-04
