1.198642814336985194e-04
-2.827880787279815622e-04
1.173973427970207914e-03
-1.273987602894760887e-03
1.540307320690471882e-03
-1.518872594673379220e-03
1.004337631638984284e-03
-8.739800585247075454e-04
-1.198768360442569250e-04
2.828122651635949815e-04
-1.173975463128527560e-03
1.274001031780195095e-03
-1.540320579787628902e-03
1.518870881343234794e-03
-1.004349077657815809e-03
8.739789970881595149e-04
2.220446049250313081e-16
-4.163336342344337027e-17
-2.237793284010081152e-16
2.081668171172168513e-17
-3.452099717193846118e-16
-2.602085213965210642e-18
-2.463307335887066074e-16
-1.595945597898662527e-16
-9.714451465470119729e-17
2.532696274926138358e-16
-2.775557561562891351e-17
1.370431546021677605e-16
-1.509209424099822172e-16
2.376571162088225719e-16
3.712308238590367182e-16
-1.804112415015879378e-16
7.112366251504909087e-17
-2.810252031082427493e-16
-7.806255641895631925e-17
3.703634621210483147e-16
-5.551115123125782702e-17
4.302114220422481594e-16
1.873501354054951662e-16
7.736866702856559641e-16
-3.122502256758252770e-16
1.422473250300981817e-15
-6.730727086790011526e-16
2.311519031739095453e-16
-4.371503159461553878e-16
-2.914335439641035919e-16
4.683753385137379155e-17
2.046973701652632371e-16
7.719519468096791570e-17
-8.608565249534905206e-17
-4.917941054394248113e-16
1.682681771697502882e-16
-2.949029909160572061e-16
-3.469446951953614189e-16
-1.668803983889688425e-15
1.584669895304813281e-15
-4.431784800251747924e-15
3.593913361354950098e-15
-2.348815586472596806e-15
1.561251128379126385e-15
1.040834085586084257e-17
3.122502256758252770e-17
-5.672545766444159199e-16
4.371503159461553878e-16
-7.288007003447560805e-16
1.131039706336878226e-15
-5.360295540768333922e-16
2.307182223049153436e-16
-8.066464163292152989e-17
1.810183947181798203e-15
-4.007211229506424388e-15
6.564193633096238045e-15
-6.675215935558753699e-15
5.009881398621018889e-15
-1.946359740045977560e-15
5.368969158148217957e-16
-1.205632815803880931e-16
4.926614671774132148e-16
-1.448494102440633924e-16
-2.506675422786486251e-16
-3.261280134836397337e-16
1.075528555105620399e-16
2.498001805406602216e-16
-5.898059818321144121e-17
-6.730727086790011526e-16
2.407796184655808247e-15
-3.634245682171410863e-15
3.725318664660193235e-15
-3.014949401247690730e-15
1.217775880135718580e-15
-5.932754287840680263e-16
1.700029006457270953e-16
-1.179611963664228824e-16
5.898059818321144121e-17
8.933825901280556536e-17
3.204901621867151107e-16
-4.336808689942017736e-16
8.153200337090993344e-17
1.040834085586084257e-16
6.071532165918824830e-17
3.989863994746656317e-16
-1.821459649775647449e-16
-1.812786032395763414e-16
3.946495907847236140e-16
-3.868433351428279821e-16
4.076600168545496672e-16
-3.469446951953614189e-17
1.734723475976807094e-16
2.012279232133096230e-16
-1.144917494144692682e-16
1.231653667943533037e-16
-4.510281037539698445e-16
-5.030698080332740574e-17
-5.464378949326942347e-17
-3.664603343001004987e-16
4.462576141950336250e-16
-1.007006977804536518e-15
8.903468240450962412e-16
-5.447031714567174276e-16
3.057450126409122504e-17
3.035766082959412415e-17
-1.149254302834634700e-16
-1.747733902046633148e-16
1.363926332986764578e-16
4.380176776841437913e-16
-2.751705113768210254e-16
5.308253836489029709e-16
3.096481404618600664e-16
3.469446951953614189e-18
4.857225732735059864e-16
-8.144526719711109308e-16
1.384309333829492061e-15
-6.227657278756737469e-16
5.347285114698507869e-16
-3.660266534311062969e-16
3.278627369596165408e-16
3.469446951953614189e-17
5.377642775528101993e-17
-4.440892098500626162e-16
-2.376571162088225719e-16
3.751339516799845342e-16
-9.671083378570699551e-17
-7.363901155521546116e-16
5.030698080332740574e-17
-1.387778780781445676e-16
1.873501354054951662e-16
3.022755656889586362e-16
3.035766082959412415e-17
-9.801187639268960083e-17
4.336808689942017736e-17
-1.942890293094023946e-16
7.285838599102589797e-17
-1.561251128379126385e-16
2.914335439641035919e-16
4.388850394221321949e-16
-7.112366251504909087e-17
-3.677613769070831040e-16
6.617970060851519065e-16
1.474514954580286030e-16
1.908195823574487804e-17
-6.505213034913026604e-16
2.272487753529617294e-16
-4.670742959067553102e-16
4.620869659133219898e-16
9.974659986866640793e-17
-1.127570259384924611e-17
-5.377642775528101993e-17
9.367506770274758310e-17
6.192962809237201327e-16
-6.964914756046880484e-16
2.732189474663471174e-16
-7.726024681131704597e-16
2.046973701652632371e-16
-1.752070710736575165e-16
-1.665334536937734811e-16
-6.245004513516505540e-17
-5.551115123125782702e-17
-4.859394137080030873e-16
-1.262011328773127161e-16
-3.295974604355933479e-17
-5.811323644522303766e-17
4.250072516143177381e-17
-3.295974604355933479e-17
2.818925648462311528e-16
1.474514954580286030e-16
-6.288372600415925717e-17
-4.336808689942017736e-17
-1.257674520083185143e-17
-1.162264728904460753e-16
1.301042606982605321e-16
-1.179611963664228824e-16
2.931682674400803990e-16
-2.363560736018399666e-16
2.311519031739095453e-16
-2.012279232133096230e-16
3.538835890992686473e-16
-8.673617379884035472e-17
-3.469446951953614189e-17
-3.833738881908743679e-16
-1.578598363138894456e-16
4.813857645835639687e-16
1.838806884535415520e-16
-3.001071613439876273e-16
-1.786765180256111307e-16
1.301042606982605321e-16
7.112366251504909087e-17
-2.732189474663471174e-16
1.012211148232466940e-15
-2.020952849512980265e-16
5.134781488891348999e-16
-3.868433351428279821e-16
4.232725281383409310e-16
5.342948306008565851e-16
-1.908195823574487804e-16
-9.367506770274758310e-17
2.263814136149733258e-16
1.214306433183764966e-17
1.916869440954371839e-16
7.806255641895631925e-17
-3.747002708109903324e-16
-5.394990010287870064e-16
3.989863994746656317e-17
-2.753873518113181262e-16
2.719179048593645120e-16
-3.183217578417441018e-16
-1.040834085586084257e-17
-2.671474153004282925e-16
-1.144917494144692682e-16
-3.044439700339296451e-16
1.578598363138894456e-16
1.266348137463069179e-16
-7.090682208055198998e-16
-1.222980050563649002e-16
3.391384395534657870e-16
2.567390744445674500e-16
1.491862189340054101e-16
4.224051664003525275e-16
-1.778091562876227272e-16
-6.774095173689431704e-16
-7.958043946043602546e-17
4.683753385137379155e-17
3.417405247674309976e-16
3.486794186713382260e-16
-2.324529457808921507e-16
2.515349040166370287e-16
2.259477327459791240e-16
4.857225732735059864e-16
-3.486794186713382260e-16
3.365363543395005763e-16
-7.077671781985372945e-16
-4.024558464266192459e-16
1.578598363138894456e-16
3.920475055707584033e-16
6.245004513516505540e-17
-3.040102891649354433e-16
-5.551115123125782702e-17
-5.377642775528101993e-17
-7.979727989493312634e-17
-1.994931997373328159e-16
-1.301042606982605321e-17
8.066464163292152989e-16
-4.213209642278670231e-16
7.632783294297951215e-17
7.806255641895631925e-17
1.700029006457270953e-16
-1.006139616066548115e-16
6.245004513516505540e-17
-3.816391647148975608e-17
-2.159730727591124833e-16
3.560519934442396561e-16
4.458239333260394233e-16
-8.673617379884035472e-17
-3.174543961037556983e-16
2.784231178942775387e-16
-8.834079301411890128e-16
-4.336808689942017736e-17
3.243932900076629267e-16
-6.904199434387692236e-16
2.255140518769849223e-17
-1.908195823574487804e-16
2.012279232133096230e-16
-2.584737979205442571e-16
1.621966450038314633e-16
3.044439700339296451e-16
7.615436059538183144e-16
-6.548581121812446781e-16
-4.163336342344337027e-17
1.613292832658430598e-16
-5.646524914304507092e-16
1.007006977804536518e-15
-1.795438797635995343e-16
9.150666335777657423e-17
1.040834085586084257e-16
-7.632783294297951215e-17
2.654126918244514854e-16
-1.023486850826316186e-16
-2.515349040166370287e-16
2.428612866367529932e-16
5.486062992776652436e-16
-6.045511313779172724e-16
8.760353553682875827e-17
1.509209424099822172e-16
-2.046973701652632371e-16
-1.040834085586084257e-16
-5.104423828061754875e-16
-2.298508605669269400e-17
2.246466901389965187e-16
-7.095019016745141016e-16
5.932754287840680263e-16
-8.708311849403571614e-16
-5.846018114041839908e-16
3.573530360512222614e-16
-2.211772431870429045e-16
3.209238430557093125e-16
-2.498001805406602216e-16
5.377642775528101993e-17
-5.568462357885550773e-16
7.806255641895631925e-16
7.294512216482473832e-16
-2.081668171172168513e-16
1.977584762613560088e-15
-1.823628054120618458e-15
9.306791448615570062e-16
-5.230191280070073390e-16
-1.700029006457270953e-16
2.758210326803123280e-16
-1.122366088956994190e-15
1.021752127350339379e-15
-2.384811098599115553e-15
1.761611689854447604e-15
-4.544975507059234587e-16
4.128641872824800885e-16
9.194034422677077600e-17
-2.775557561562891351e-17
1.527424020597578647e-15
-6.487865800153258533e-16
3.599551212651874721e-16
-3.391384395534657870e-16
-6.071532165918824830e-17
1.821459649775647449e-16
-4.683753385137379155e-17
3.634245682171410863e-16
9.410874857174178487e-17
-5.204170427930421283e-16
6.245004513516505540e-17
-4.987329993433320396e-16
2.081668171172168513e-16
-2.307182223049153436e-16
-2.645453300864630819e-16
-1.275021754842953214e-16
-3.391384395534657870e-16
4.050579316405844565e-16
-5.204170427930421283e-17
-9.367506770274758310e-17
1.266348137463069179e-16
-1.630640067418198669e-16
-6.938893903907228378e-17
-4.302114220422481594e-16
-2.528359466236196340e-16
8.497976627941383754e-16
1.613292832658430598e-16
-2.246466901389965187e-16
1.908195823574487804e-17
-7.285838599102589797e-17
-1.448494102440633924e-16
4.423544863740858091e-17
6.808789643208967846e-17
-8.912141857830846448e-17
1.821459649775647449e-16
-6.591949208711866959e-17
2.931682674400803990e-16
-1.058181320345852328e-16
1.426810058990923835e-16
1.695692197767328935e-16
-3.894454203567931927e-16
-4.250072516143177381e-17
2.602085213965210642e-17
5.377642775528101993e-17
2.359223927328457648e-16
-4.683753385137379155e-17
1.253337711393243126e-16
-3.261280134836397337e-16
1.561251128379126385e-16
-3.825065264528859643e-16
-3.816391647148975608e-17
-2.428612866367529932e-16
-8.109832250191573166e-16
1.205632815803880931e-15
-1.323594012170303813e-15
1.187201378871627355e-15
-4.605690828718422836e-16
6.435824095873954320e-16
-9.540979117872439019e-17
5.898059818321144121e-17
4.258746133523061417e-16
1.361757928641793569e-16
9.961649560796814740e-16
-1.864177215371576324e-15
4.839878497975291793e-16
-1.700029006457270953e-16
1.960237527853792017e-16
-1.700029006457270953e-16
-2.827599265842195564e-16
-3.668940151690947005e-16
3.269953752216281373e-16
1.170938346284344789e-16
-2.844946500601963635e-16
5.204170427930421283e-18
-8.153200337090993344e-17
-1.821459649775647449e-17
2.064320936412400442e-16
-1.899522206194603768e-16
1.474514954580286030e-16
3.105155021998484699e-16
-3.330669073875469621e-16
9.020562075079396891e-17
-6.088879400678592901e-16
9.462916561453482700e-16
-1.253337711393243126e-15
1.576213118359426346e-15
-2.151057110211240797e-16
2.896988204881267848e-16
-8.673617379884035472e-17
-2.255140518769849223e-17
8.621575675604731259e-16
-6.461844948013606427e-16
1.088972662044440654e-15
-9.844555726168380261e-16
2.775557561562891351e-16
1.994931997373328159e-17
-1.908195823574487804e-17
5.377642775528101993e-17
-3.998537612126540353e-16
3.924811864397526051e-16
-2.671474153004282925e-16
0.000000000000000000e+00
8.673617379884035472e-18
1.769417945496343236e-16
1.162264728904460753e-16
2.896988204881267848e-16
-3.881443777498105874e-16
-5.169475958410885141e-16
-1.899522206194603768e-16
-8.933825901280556536e-17
1.977584762613560088e-16
-1.474514954580286030e-16
-1.110223024625156540e-16
1.266348137463069179e-16
8.521829075736064851e-17
-4.527628272299466516e-16
1.561251128379126385e-16
-2.246466901389965187e-16
-4.943961906533900219e-17
-1.864827736675067626e-16
1.023486850826316186e-16
1.006139616066548115e-16
-1.821459649775647449e-16
-7.697835424647081481e-17
6.123573870198129043e-16
-4.215378046623641239e-16
1.153591111524576718e-16
-7.285838599102589797e-17
3.989863994746656317e-17
4.154662724964452991e-16
9.020562075079396891e-17
-5.811323644522303766e-17
1.613292832658430598e-16
1.318389841742373392e-16
1.821459649775647449e-16
-8.344019919448442124e-16
4.458239333260394233e-16
5.286569793039319620e-16
6.349087922075113966e-16
-2.480654570646834145e-16
6.938893903907228378e-17
-1.700029006457270953e-16
-3.001071613439876273e-16
3.191891195797325054e-16
8.500145032286354763e-17
-6.071532165918824830e-18
-4.579669976578770729e-16
2.116362640691704655e-16
5.724587470723463412e-17
3.122502256758252770e-17
-4.232725281383409310e-16
3.452099717193846118e-16
1.947227101783965963e-16
-2.387413183813080764e-16
2.758210326803123280e-16
2.289834988289385365e-16
3.469446951953614189e-18
9.194034422677077600e-17
-1.908195823574487804e-16
5.464378949326942347e-17
3.486794186713382260e-16
9.070435375013730095e-16
-4.041905699025960530e-16
-1.717376241217039023e-16
1.647987302177966740e-16
-6.279698983036041682e-16
1.687018580387444899e-16
-3.460773334573730153e-16
7.780234789755979818e-16
-2.732189474663471174e-16
-9.194034422677077600e-17
-1.162264728904460753e-16
2.428612866367529932e-17
-1.769417945496343236e-16
-6.535570695742620728e-16
1.708702623837154988e-16
7.450637329320386470e-16
5.065392549852276716e-16
-2.216109240560371063e-16
-5.551115123125782702e-17
2.992397996059992238e-16
-4.653395724307785031e-16
5.843849709696868899e-16
-1.144917494144692682e-16
1.780259967221198281e-16
2.992397996059992238e-17
2.059984127722458425e-17
-1.951563910473907981e-18
-3.985527186056714299e-16
5.520757462296188578e-16
4.380176776841437913e-17
-7.142723912334503211e-16
-5.789639601072593678e-17
2.302845414359211418e-16
9.887923813067800438e-17
4.336808689942017736e-17
4.679416576447437137e-16
-1.289333223519761873e-15
7.684824998577255428e-16
-5.030698080332740574e-16
-4.336808689942017736e-17
-9.714451465470119729e-17
2.706168622523819067e-16
4.891920202254596006e-16
-5.997806418189810529e-16
3.694961003830599111e-16
-1.157060558476530332e-15
-1.812786032395763414e-16
1.578598363138894456e-16
3.504141421473150331e-16
2.147587663259287183e-15
-3.618633170887619599e-15
3.740931175943984499e-15
-2.704433899047842260e-15
4.614364446098306871e-16
2.081668171172168513e-17
-1.387778780781445676e-17
7.632783294297951215e-17
-1.387778780781445676e-17
-6.574601973952098888e-16
1.847480501915299556e-16
1.726049858596923059e-16
-3.694961003830599111e-16
3.261280134836397337e-16
2.255140518769849223e-16
-5.932754287840680263e-16
5.915840733949906394e-15
-5.943162628696541105e-15
3.550111593586535719e-15
-1.801944010670908369e-15
6.271025365656157646e-16
-1.951563910473907981e-16
-5.724587470723463412e-17
-8.526165884426006869e-16
1.163565771511443359e-15
-1.259409243559161951e-15
1.364360013855758780e-15
-1.157927920214518736e-16
-7.858297346174936138e-16
-3.148523108897904876e-16
5.394990010287870064e-16
-3.283831540024095830e-15
3.645521384765260109e-15
-3.384445501630750641e-15
1.500535806719938137e-15
-1.422473250300981817e-16
2.758210326803123280e-16
-2.359223927328457648e-16
2.367897544708341684e-16
-5.863365348801607979e-16
1.007006977804536518e-15
-7.415942859800850329e-16
3.512815038853034366e-16
2.896988204881267848e-16
1.639313684798082704e-15
-8.985867605559860749e-16
2.841477053650010021e-15
-3.099950851570554278e-15
6.531233887052678710e-16
-1.092875789865388469e-16
-7.823602876655399996e-16
3.226585665316861196e-16
-3.747002708109903324e-16
6.175615574477433256e-16
-1.033027829944188625e-15
4.813857645835639687e-17
-8.430756093247282479e-16
1.255939796607208336e-15
6.071532165918824830e-16
-1.674008154317618846e-15
-1.266348137463069179e-16
-1.290634266126744478e-15
1.139713323716762261e-15
-5.251875323519783478e-16
1.387778780781445676e-17
1.006139616066548115e-16
1.457167719820517959e-16
4.163336342344337027e-17
-2.203098814490545010e-16
5.863365348801607979e-16
-1.647987302177966740e-16
-2.272487753529617294e-16
-3.989863994746656317e-16
-1.821459649775647449e-16
2.775557561562891351e-16
-1.110223024625156540e-16
3.157196726277788912e-16
-8.673617379884035472e-17
6.912873051767576271e-16
-3.304648221735817515e-16
4.784960095463659975e-04
-3.199586684384525537e-04
-7.000793555762031828e-04
8.426416234999373200e-04
-1.469066199191411404e-03
1.511191648386180086e-03
-1.377344767540348083e-03
1.295071577101221047e-03
-4.784870502528354094e-04
3.199543142021333934e-04
7.000847306590932476e-04
-8.426650931041106130e-04
1.469075008735897664e-03
-1.511203399016102303e-03
1.377367149651911524e-03
-1.295073074332507915e-03
