-7.836975213665854038e-04
-3.875992395211487647e-05
4.117934660001250011e-03
-2.905577579604285907e-03
3.035342037523139011e-03
-5.625701187360835492e-03
9.204978476093257644e-04
-1.379976452882895888e-03
1.109175401643348793e-03
9.391300918124307479e-04
-1.751932292583312928e-03
1.957069087016779715e-03
-2.257424008636455329e-03
2.223553103295904457e-03
-2.319997092448723881e-03
-9.411620769419429960e-05
-1.799296098253799769e-05
-2.667405718720025631e-04
2.999683826669530956e-04
-3.498628842183021392e-04
2.072616197598044913e-04
7.886463338027064479e-05
4.849826393458350760e-06
-1.362274352751519091e-05
1.099760525908287379e-05
1.886074394874537319e-05
-4.789959712324376451e-05
5.447711176844588499e-05
-1.419535257194022571e-05
-8.448485422604332107e-06
2.459688716001384723e-05
5.382498623043505126e-05
1.334782472732498615e-04
-1.135964280236607948e-03
8.800170905451177097e-04
2.726643458250688212e-05
1.918273454251974430e-04
3.328255408091736200e-04
1.086240653576722726e-04
1.432105361690028111e-05
3.624956932749001659e-06
-1.238647423489752653e-05
1.948351957270673396e-05
5.991260258573008479e-05
-1.870320141889939003e-04
-2.257608811550050609e-04
-5.175058588404515825e-04
-4.028009352164962920e-04
2.812704975511174516e-03
-3.522232373459493505e-03
4.843443794115666681e-04
-5.756160099105291431e-04
7.468848732039047589e-05
3.743357218902454431e-04
1.288144877098097024e-04
-1.634224719824486569e-04
2.232559783775607196e-04
-2.966885052697260453e-04
2.632929368654524441e-04
8.491964223237419285e-05
-5.413139963402640621e-04
9.222020271056757812e-05
-3.648864046037767275e-04
-8.247299724464876580e-04
2.073301029780496262e-03
-3.923944434908940848e-04
-1.023001433838877094e-04
-8.435538588631797188e-04
-5.008152775524653266e-04
-1.057396279557417523e-04
5.292367549610292252e-05
-4.575411287229772667e-05
4.871956447362732132e-04
-4.545250510062555371e-04
-3.463768725037725919e-04
1.461973670377581663e-03
1.638162634617059722e-03
1.930989002286468900e-03
1.209681531980126394e-03
-7.796667605271898754e-04
-2.013936747556873200e-04
5.443729255934885713e-04
4.012967707298503717e-04
2.143025784889299179e-04
1.491178699661588336e-04
-1.328662398494655228e-04
-2.356899196225177573e-05
3.443617306785528784e-05
1.396124463886759190e-04
-3.001602024096591825e-05
-8.246818400904423751e-04
-9.279612336194099920e-04
-1.304139543741044543e-03
-2.601297022054027686e-04
-6.414870103004788326e-04
2.393056511561051508e-04
7.988818059935509641e-05
1.471571262139544090e-04
6.223846020605647289e-05
-1.048780915296667476e-04
-1.360336226543020638e-04
2.955983468779007500e-04
-7.914898179929635499e-04
9.245457814983579214e-05
1.501183981748518970e-05
-1.928374104839952752e-04
-1.007264588431047714e-04
-1.577647533012940806e-04
9.698099398532805671e-05
1.639505559347664843e-05
-1.362504926776886630e-04
1.328911089727522615e-04
1.787680655499467031e-04
-3.078490837351947895e-05
-7.778013300491215531e-05
7.909926366477144921e-05
1.104960344291408200e-04
4.385496493724549971e-04
9.159842835981769557e-05
3.195662944905945310e-04
-1.717134365118683920e-03
-3.111517583003278742e-05
1.352612411295384467e-04
-1.816078814578729606e-03
6.571279077536009913e-04
-7.309563581794262764e-04
-2.885766460812419151e-04
-5.827954646802496752e-05
-2.068847637518644172e-03
-4.489411861741086918e-04
-1.143224294231129888e-04
1.089809473341295590e-03
-7.189800488666183570e-04
-5.828887167674068684e-04
-5.636492194803326139e-05
7.218171111867607848e-03
2.510090992960302934e-03
1.335730303794495019e-04
1.772165801068892668e-03
2.264913504006725586e-05
1.467889632929082408e-04
-8.439446408582290150e-04
1.115778458998778217e-03
-1.590158423701488327e-03
-1.955291341855771615e-03
7.445547315540809036e-04
-1.378607226992372391e-03
1.677776241567651046e-03
7.563777529181817116e-04
3.160690052534881681e-04
-3.004738945055075716e-03
-1.924078904457414418e-03
1.170564310129518226e-04
-5.760854616435884257e-04
-1.464324684887432712e-03
1.422019546895875869e-04
3.843747877139456343e-03
-2.127644942408720222e-03
4.418148944250657045e-04
-1.648002198379287797e-04
-4.440867538667049585e-04
1.445237507147612357e-03
-2.168163727449289469e-03
6.245204852654371447e-04
1.130649419797218752e-02
-1.600608362317683386e-02
3.492909722629423952e-04
-1.373048475709348626e-04
1.802706824395769805e-03
-6.243695983169291266e-03
1.800761277315352221e-03
-3.237350609302717605e-03
-1.338717266762406988e-03
-1.443536461689801445e-04
1.108378680551700898e-02
-3.281582912506495614e-03
1.442100336340673694e-02
-1.218006885457039584e-02
1.640342191311420193e-03
8.908913023477501268e-04
-8.480422505174684683e-03
1.517931137688692186e-03
-1.768016168307424280e-03
8.673862720014725858e-03
-1.813291952209155136e-03
-2.184942718683899332e-03
-1.949887773856968237e-02
2.336151659423845589e-02
-4.443205816205499439e-03
-6.353902926129525314e-04
6.305487031159311487e-03
-7.955052656011051687e-03
-2.755142763178892833e-03
4.572293842449768643e-03
5.352819272294903619e-03
1.562646958574481076e-03
3.823987098226577092e-03
4.666171307730393458e-03
-8.063816503238992184e-02
8.335964334590886815e-02
-4.843917384904073559e-03
6.090501057316812655e-03
7.460025074121185221e-03
-1.637784912224560241e-02
-5.283379677417930284e-03
-1.769217322224252500e-03
-9.890525747071263196e-03
-2.143858279925641916e-03
-1.128972446154715911e-02
-3.470426001757012657e-02
1.964229694737173668e-02
-2.667448417891885026e-02
-6.541763229779257172e-03
-1.185943799658785436e-02
-2.704806883503918860e-02
8.646953161068504645e-03
-8.771532177655077568e-04
-8.837735139279555979e-03
8.509025096714326053e-02
-1.853998889436047140e-02
8.816025371102789027e-03
1.510038120872577577e-02
7.418269158324386492e-04
5.660978040758204641e-04
1.480016044898588290e-02
-1.359710398800845384e-02
5.685396513016381659e-03
-2.677474713039852336e-02
1.329425418274919439e-02
1.000520003513562239e-02
-1.133734339334636302e-03
8.075214509455197476e-03
-9.727531749750505108e-02
7.566716538636086842e-02
-6.851605649990537283e-03
-2.936990528830542291e-03
-3.411849922545274767e-03
-3.962856037325396090e-03
-2.060866847163465854e-03
3.874111587981130672e-02
1.044028048184862494e-02
4.663303598721078511e-03
3.387153233502698119e-02
2.430641557251155688e-03
-3.984304557113338419e-02
3.177479501231438019e-02
8.525706416642511373e-03
-8.964625129857367591e-02
-1.118512639035747908e-02
-8.711726010796777900e-03
2.437916256122763664e-03
-6.436168805068311419e-03
3.370806732727951727e-04
2.535402038986718336e-03
4.158274452258589604e-02
-2.675128379049440674e-02
-1.806923978494017619e-02
3.443473218397631423e-03
-1.337585362674870507e-02
1.729445914103158385e-02
9.470364087918757556e-03
-3.581168168906505300e-02
1.017618457662702036e-01
-9.686384889277564053e-03
1.025075099609186989e-02
1.208673475131371092e-02
-4.858650669301712091e-03
-2.848140616387981328e-03
1.964060950842846411e-03
-1.431867628533244931e-02
-1.653794604516589661e-02
-1.418688903091063630e-02
1.853514494384884276e-04
-4.747708464857612262e-03
2.038407723619053633e-02
1.987935721130965061e-02
2.368665571128901470e-02
-6.596927710430607397e-03
-1.129290364119870521e-02
-3.017226227674977418e-03
1.569123502760022895e-02
-6.225222275152587220e-03
1.755619670031011940e-03
1.501299073441962964e-02
7.208421804969693779e-03
-5.001565172219214067e-03
8.249635388276662512e-04
2.154745308174161548e-03
3.012849420361221262e-03
-5.965457135547826140e-02
-1.964291047891059128e-01
2.050044393696633382e-01
-1.896750336872646617e-02
5.537352982437071525e-02
3.209288380421693523e-03
-3.465094103375469803e-03
4.779417071296518382e-03
-6.173284433639380717e-03
-4.447611402957921123e-03
-1.700453503311351571e-03
-6.952770429905497096e-03
-1.070323822386226587e-03
1.487169410989081300e-03
-1.417099729099572172e-03
-7.021215311283558747e-02
6.615194467270991974e-02
5.525256935723831843e-03
-6.506075704522151781e-02
-7.303706616291451986e-03
7.555622310819602380e-03
2.601538713452092137e-03
-4.174204881923869806e-03
9.870500728571148658e-03
-1.095108265607084089e-02
3.723751110468653727e-03
7.500984172797344612e-04
6.684363207400236331e-04
-8.630317346803445533e-05
5.204700029631800090e-03
4.864814317068920022e-03
-9.497470479840636887e-03
3.474184857559478243e-03
5.387778060579323514e-02
-9.348837106010936607e-03
-1.005682764151488370e-02
-8.529117252552495532e-04
1.186946440786716510e-02
-8.707117290714543045e-03
-1.788021266364455981e-03
1.081559623302364749e-03
2.452922929579447880e-03
1.708231707328747642e-02
1.251766109133425897e-03
-8.103662602298802170e-03
-7.482639318721643826e-03
1.140666286828913994e-02
-4.037186947322171648e-02
3.374095820152187009e-02
6.123839273017819829e-02
-9.816063182028697542e-03
3.719551715487215242e-03
-1.866760362067787157e-02
-1.353451089963133430e-02
2.960396631731457631e-03
-5.332736265612359611e-04
7.464284574888833436e-03
9.075947228394720678e-03
-4.098769559766497067e-02
-3.445664195776009311e-03
-4.943634536812002711e-02
-2.706223078199206100e-02
2.719706182949153256e-02
-5.187754254171962273e-03
-3.343186695079201215e-02
-4.534230003297419834e-03
1.921793645380007534e-02
2.233141575788790897e-03
2.598797190247682104e-03
-6.856125345187781377e-03
-3.101689779118887817e-03
-2.411641514222651397e-03
4.472446779633761776e-03
1.120916688415551574e-02
9.899304374204661444e-04
-9.050328583808339711e-02
1.616352570618934392e-01
-1.420914235526404053e-03
3.791036088916312913e-02
-6.665607533347737979e-03
4.107281665047780861e-02
8.468891561941298274e-03
-1.932452602605550310e-02
-2.563275596691101318e-03
8.414072854997027909e-03
4.203297150020757211e-02
-4.936516620125497995e-02
-2.267722742574145023e-02
3.481550014981620034e-04
-3.099274131591340034e-02
-3.134642990992376338e-02
-6.757222892366554490e-02
1.919762365248233252e-02
5.319741872373624086e-03
1.604276867473411645e-03
-3.322681364180832958e-02
-2.466028486338358791e-03
2.969517893958752847e-02
-2.789649805602554405e-02
-5.651470589766111399e-04
3.158265092304560206e-02
4.309870809917964660e-03
1.490939005969885503e-02
-2.355070631958268088e-02
4.444880157309780838e-02
1.349108027984184145e-02
1.749357736044420894e-02
4.602090737941109261e-02
-6.595146102592445471e-03
-9.550556179121840600e-03
5.737275377270447535e-04
-1.664937952033341065e-03
2.889130657461084009e-02
4.703853315759036133e-03
4.868046093518852389e-03
-3.417210762130966362e-02
3.933370154936433744e-04
2.435177313420878835e-03
1.900791278591773548e-04
2.832162350296644690e-02
1.238186389487876474e-03
5.722182257467808494e-04
-2.673211267161931803e-02
-7.456347321521638628e-03
7.548594289752711892e-04
-1.276931907151342138e-03
-7.520011059373081161e-03
-1.259715600685400519e-02
-5.729613542552899896e-03
-2.964631875300485428e-03
-2.023300999711198384e-03
3.957615470776823172e-04
2.325463621304785233e-05
-6.332900434570765472e-03
-2.716488582088880804e-02
-2.068199410241427366e-03
-7.799599828258764467e-04
-3.356951660777544172e-04
2.548140674488522800e-02
-8.365938438189421400e-02
1.425126538531827636e-01
-1.812107951222767521e-03
-2.904776386248004473e-03
1.543215399886565913e-02
-1.552948594931516726e-02
7.856022276703133328e-03
-8.948507188040355498e-03
5.520250469100044383e-03
-7.839039647536308331e-03
-2.804284162086438659e-03
-1.437096167471254432e-02
5.501184044549414613e-03
-1.801307823228617822e-02
-1.051165412701354773e-02
-5.302804826369021673e-02
-8.404838589451384817e-03
-1.579580453552205908e-03
1.348473823656576656e-02
-1.445690059003319067e-02
6.521958878554054602e-03
-2.598050869962203156e-03
1.078902761470384650e-03
5.646931983478821818e-04
3.735334927240289635e-03
2.876962081488181056e-03
-5.439433260440484225e-02
6.241436578973186267e-02
-7.328812650678723228e-03
1.430603341102093876e-02
4.940770761561097402e-02
-9.508831332904123246e-03
3.416819235570793534e-03
-3.344211386898159055e-03
1.636225578795310774e-03
-1.950038580003994777e-03
-1.485059997254487701e-03
-2.862537665523955457e-04
-1.286169778698085381e-03
3.497376915976777023e-04
6.986566481857314076e-04
2.050007543300763277e-03
-1.871797491365326596e-03
1.332896975013386949e-03
-3.135614563840859181e-02
3.851991220201558125e-02
2.259988210476654436e-04
-3.226387033326300752e-04
-1.696099692280232663e-03
1.469593230026903716e-03
-2.472614018572573749e-03
1.428881232449262864e-04
-5.275838827092640612e-03
6.815107697407327136e-04
-1.416124702990281814e-04
-4.059567796166757558e-04
2.058041432130031882e-03
-4.498274335477217209e-03
1.849046157113397619e-03
-4.773518413223726969e-03
9.138001132769010826e-04
-1.618112421919778304e-03
4.662846062336856168e-04
5.375756961991957211e-04
-5.845644627455043318e-05
4.083297244976188262e-04
-1.424597267301095423e-03
9.844992719321337196e-04
-1.161768074131359560e-03
3.401775902882638990e-04
4.149827433597913029e-04
1.476039457902287438e-04
8.099309770849020748e-04
-2.982397141352145613e-03
2.268985740297061772e-03
-8.206283039433218823e-03
2.058331210549446851e-03
-7.507836577014667320e-04
-9.536336430897157657e-04
-4.733465984102592020e-04
-3.579620955817413869e-03
3.393389158237090225e-03
-7.832315025827142792e-04
4.984957635102042067e-03
6.948246213550439421e-05
-2.601545979643655939e-04
-7.037342574422683281e-03
6.048323246517741530e-03
7.072375095096084321e-04
-4.363733177500258263e-04
2.555266856152298843e-03
-1.066075340803534360e-03
5.114318026046282828e-05
8.194029903787515556e-05
3.696666033774992713e-04
2.703706339728881476e-03
-1.917096540011662201e-03
-1.277970324253278542e-04
-4.027525735675963406e-04
6.158096453275120619e-04
3.304565610670814890e-04
3.363528378114884199e-04
-6.190421447375658859e-04
-3.200344190249062096e-04
2.097590150928856090e-05
4.545555070516443114e-05
-1.343087183591738787e-04
1.820589634998100170e-04
8.755266274073497668e-05
-9.430703507086468651e-05
-7.614221068404179033e-05
6.216393767404090540e-05
-3.915972772578803218e-05
-8.736832683125389520e-05
-1.840824375412379588e-04
-3.194760621324892191e-05
1.696532084119184436e-04
-3.642435758137961554e-05
-1.581914111129277892e-04
1.260632032984094000e-04
-1.535428599145315098e-05
4.161602245108773912e-04
8.460428140887460424e-04
4.312767480646774454e-04
8.878391942994633135e-04
2.447040466935970077e-04
2.835324644196958108e-04
-2.767714559698871563e-04
-9.502141639439309201e-04
-5.764571553704689322e-04
-8.716395722663562717e-04
-1.924998963612305214e-04
-1.282936775790826040e-04
-4.059689714838027319e-06
-4.816591135587918772e-04
3.589197265870397446e-04
-6.425250274192623005e-04
-1.933237631371414328e-03
-1.232905951299396313e-03
-4.285908971419123692e-04
-2.135735235945352382e-03
6.910715087544245724e-05
-6.891407122748558281e-04
1.165273653118110899e-03
1.006367990619400077e-03
1.246002298505982046e-03
1.665928439351579970e-04
3.378121774741203037e-04
-2.033678407068395186e-04
1.272706632935299842e-04
1.274550186493032984e-04
-3.321866596519597314e-05
1.031341869109416234e-03
5.457038937709893234e-04
-1.351490804056760739e-03
2.265025375397452211e-03
-4.560827834449937904e-04
1.415313949066222821e-03
-2.709863071271674181e-04
1.789294400874139740e-04
2.639155131117613962e-05
-8.778336837214455179e-05
-1.249048445684179231e-03
1.449804828339632846e-03
-3.171256909764025300e-08
2.468615549574768031e-05
8.979711956957556196e-05
3.006134109820902955e-04
4.299630638651685821e-05
7.009147503438395432e-04
-4.131484763347410827e-04
1.207771044005809258e-04
6.538022635845311403e-05
-4.720973393826637804e-04
-7.217719129296862324e-04
-3.797048863777678640e-04
-1.124364184035275827e-04
3.390246984563347055e-05
-2.022968390070272945e-04
1.669393347299543209e-05
2.765169465099304169e-05
-3.612532499639928285e-06
-3.573081837937586158e-05
6.959213482035306320e-05
-7.541735306439058956e-05
4.274684083489174724e-04
-2.869036827980097834e-04
-2.503917431388898163e-05
7.166593238643048647e-05
6.703537887422887642e-05
3.940055952903268044e-05
2.046563943671614316e-05
5.031103356600494236e-05
-8.027877210343460634e-05
1.074673052011993618e-05
3.129682822693245076e-05
2.451717562613915918e-03
3.110509473492999166e-05
-2.204309033244681096e-03
9.964777643957532446e-04
-3.730163734939602113e-03
4.807393512190592105e-03
-9.639633686350946445e-04
3.000252852927516936e-03
-1.281312373191425408e-03
-2.987482503709610986e-04
1.998349195150269167e-04
-1.344137193090922180e-03
2.331781777787554633e-03
-2.615309061557382145e-03
2.415032405029382545e-03
-9.206044971481319034e-04
