1.142961228226355846e-04
1.978356528856716791e-04
-1.580475837025651503e-04
3.496978480120654584e-04
-3.378078050231356905e-04
2.967195283426187630e-04
-3.196892469788407617e-04
6.992184232795621568e-05
-1.142971446116336151e-04
-1.978347959989547149e-04
1.580471258532303164e-04
-3.496990677483418491e-04
3.378075457767075462e-04
-2.967198361048268423e-04
3.196898716678886476e-04
-6.992213377029696253e-05
-1.810183947181798203e-15
-5.624840870854797004e-14
4.281796271710103241e-14
-6.065894314621900207e-14
6.328618185058587642e-14
-2.998296055878313382e-14
4.593721236734182867e-14
1.844878416701334345e-14
2.283763456123466540e-15
5.528910662633279571e-14
-4.274445380980651521e-14
6.054445139680453281e-14
-6.327056933930208515e-14
2.963167905489783038e-14
-4.630150429729695816e-14
-1.816949368738107751e-14
4.099238309906994004e-14
-1.647640357482771378e-14
3.351399019413392466e-14
-3.867305781168894896e-14
6.303985111699716981e-15
-3.772242934685365867e-14
-2.451337743902826105e-14
-1.511638036966189702e-14
-4.079635934628456084e-14
1.643823965835622403e-14
-3.353437319497665214e-14
3.885433641492852530e-14
-6.672613850344788489e-15
3.812575255501826632e-14
2.464608378494048679e-14
1.498454138548765968e-14
-7.117570421932839508e-15
4.505510547980762226e-15
-2.514481678428381883e-15
7.934625179117915650e-15
3.550111593586535719e-15
6.738533342431907158e-15
7.690896530743174253e-15
1.776356839400250465e-15
7.052518291583709242e-15
-4.706304790325077647e-15
2.261645731804762249e-15
-7.611099250848241127e-15
-3.857157648834430574e-15
-6.717716660720185473e-15
-7.594619377826461459e-15
-1.631507429156187072e-15
-1.772020030710308447e-15
1.482321210222181662e-15
-1.524821935383613436e-15
4.909267437014364077e-16
-6.132247487578013079e-16
-8.595554823465079153e-16
8.682290997263919508e-16
-1.680079686483537671e-15
2.159297046722130631e-15
-1.266348137463069179e-15
1.261143967035138758e-15
-1.630640067418198669e-16
5.811323644522303766e-16
6.643990912991171172e-16
-6.938893903907228378e-16
1.300175245244616917e-15
-4.380176776841437913e-16
-4.683753385137379155e-17
-6.670011765130823278e-16
-4.544975507059234587e-16
-7.285838599102589797e-17
-7.251144129583053655e-16
-2.853620117981847670e-16
-1.225148454908620010e-16
3.274290560906223391e-16
-2.515349040166370287e-17
3.365363543395005763e-16
4.787836793695987581e-16
4.163336342344337027e-16
4.406197628981090020e-16
3.079134169858832593e-17
1.027823659516258203e-16
-2.602085213965210642e-18
5.629177679544739021e-16
2.203098814490545010e-16
5.551115123125782702e-17
1.006139616066548115e-16
1.856154119295183591e-16
-7.068998164605488910e-17
3.131175874138136805e-16
-2.064320936412400442e-16
-1.474514954580286030e-17
-3.625572064791526827e-16
-1.578598363138894456e-16
-4.336808689942017736e-16
5.568462357885550773e-16
4.172009959724221062e-16
-2.489328188026718180e-16
-3.087807787238716628e-16
1.353084311261909534e-16
2.662800535624398890e-16
-3.547509508372570508e-16
2.419939248987645897e-16
-5.156465532341059088e-16
-4.544975507059234587e-16
4.917941054394248113e-16
-5.811323644522303766e-17
-2.949029909160572061e-17
3.261280134836397337e-16
-2.801578413702543457e-16
3.122502256758252770e-17
1.222980050563649002e-16
1.730386667286865077e-16
4.857225732735059864e-17
-2.081668171172168513e-16
1.353084311261909534e-16
2.046973701652632371e-16
-2.081668171172168513e-16
-1.598114002243633536e-16
2.133709875451472726e-16
-2.567390744445674500e-16
3.087807787238716628e-16
-2.775557561562891351e-17
-2.844946500601963635e-16
3.174543961037556983e-16
-1.283695372222837250e-16
-2.070826149447313469e-16
6.461844948013606427e-17
-1.968911145233676052e-16
2.116362640691704655e-16
1.604619215278546562e-16
-1.318389841742373392e-16
1.483188571960170066e-16
-1.040834085586084257e-17
-1.283695372222837250e-16
5.282232984349377602e-16
-3.573530360512222614e-16
7.459310946700270506e-17
2.402592014227877826e-16
-1.327063459122257427e-16
1.578598363138894456e-16
-4.067926551165612636e-16
3.812054838459033590e-16
-5.013350845572972503e-16
-2.341876692568689577e-16
2.255140518769849223e-17
4.770489558936219510e-17
6.071532165918824830e-17
2.818925648462311528e-18
1.485356976305141075e-16
-3.426078865054194011e-16
3.799044412389207537e-16
6.938893903907228378e-17
-2.688821387764050996e-16
-5.256212132209725496e-16
5.525094270986130596e-16
2.376571162088225719e-16
-2.112025832001762637e-16
2.610758831345094677e-16
9.887923813067800438e-17
-2.116362640691704655e-16
1.908195823574487804e-16
5.247538514829841461e-17
-1.981921571303502105e-16
-3.243932900076629267e-16
1.439820485060749888e-16
-4.683753385137379155e-16
1.734723475976807094e-17
2.584737979205442571e-16
5.724587470723463412e-17
9.150666335777657423e-17
-5.605325231750057924e-16
6.648327721681113189e-16
-3.807718029769091572e-16
5.204170427930421283e-18
3.018418848199644344e-16
1.058181320345852328e-16
-4.770489558936219510e-17
-4.580212077665013481e-16
2.604253618310181650e-16
-4.501607420159814410e-16
4.284766985662713523e-16
1.838806884535415520e-16
-4.284766985662713523e-16
2.480654570646834145e-16
-5.290906601729261638e-16
3.842412499288627714e-16
1.981921571303502105e-16
1.006139616066548115e-16
-2.532696274926138358e-16
-2.255140518769849223e-16
-3.469446951953614189e-18
-1.734723475976807094e-17
1.275021754842953214e-16
3.135512682828078823e-16
7.936359902593892457e-16
-4.232725281383409310e-16
-5.724587470723463412e-17
5.308253836489029709e-16
-3.434752482434078047e-16
-5.681219383824043234e-17
-2.452465314162211030e-16
2.428612866367529932e-17
6.765421556309547668e-17
-1.179611963664228824e-16
3.330669073875469621e-16
-1.873501354054951662e-16
-2.055647319032516407e-16
-3.564856743132338579e-16
5.037203293367653600e-16
-3.295974604355933479e-16
1.032160468206200221e-16
2.237793284010081152e-16
-5.342948306008565851e-16
-5.004677228193088467e-16
6.357761539454998001e-16
-3.953001120882149166e-16
5.221517662690189354e-16
4.145989107584568956e-16
-2.732189474663471174e-16
-1.231653667943533037e-16
1.509209424099822172e-16
-3.261280134836397337e-16
5.299580219109145673e-16
-2.684484579074108979e-16
-5.833007687972013855e-16
-6.591949208711866959e-17
-1.110223024625156540e-16
2.844946500601963635e-16
-2.541369892306022393e-16
4.623038063478190907e-16
-1.660997728247792793e-16
9.194034422677077600e-17
-5.846018114041839908e-16
1.110223024625156540e-16
1.561251128379126385e-16
2.445960101127298003e-16
-3.122502256758252770e-16
3.803381221079149554e-16
2.259477327459791240e-16
-4.683753385137379155e-17
7.268491364342821726e-16
2.116362640691704655e-16
-3.139849491518020841e-16
4.623038063478190907e-16
-4.267419750902945452e-16
-5.160802341031001106e-17
-8.868773770931426270e-17
3.547509508372570508e-16
-1.439820485060749888e-16
-1.717376241217039023e-16
2.185751579730776939e-16
6.245004513516505540e-17
-4.232725281383409310e-16
4.076600168545496672e-16
3.083470978548774610e-16
-1.065120214249759556e-15
4.093947403305264743e-16
3.781697177629439466e-16
-1.136243876764808647e-16
-2.936019483090746007e-16
5.806986835832361749e-16
-9.367506770274758310e-17
-4.293440603042597559e-16
1.266348137463069179e-16
-1.908195823574487804e-17
-2.584737979205442571e-16
2.810252031082427493e-16
1.517883041479706208e-16
-8.586881206085195117e-17
-3.365363543395005763e-16
6.834810495348619952e-16
-2.255140518769849223e-16
-1.578598363138894456e-16
1.370431546021677605e-16
-1.647987302177966740e-16
1.838806884535415520e-16
-5.160802341031001106e-17
3.660266534311062969e-16
4.336808689942017736e-17
-1.075528555105620399e-16
-1.214306433183764966e-17
2.827599265842195564e-16
-3.304648221735817515e-16
-4.900593819634480042e-16
-9.887923813067800438e-17
-6.054184931159056759e-16
1.249000902703301108e-16
2.636779683484746784e-16
-4.354155924701785807e-16
4.358492733391727825e-16
-9.389190813724468399e-17
1.001802807376606097e-16
-1.509209424099822172e-16
-3.009745230819760309e-16
1.769417945496343236e-16
-5.811323644522303766e-17
-1.812786032395763414e-16
-2.376571162088225719e-16
-2.333203075188805542e-16
2.046973701652632371e-16
1.760744328116459201e-16
-2.784231178942775387e-16
-1.856154119295183591e-16
5.507747036226362525e-16
-1.361757928641793569e-16
-2.578232766170529544e-16
-5.867702157491549997e-16
1.509209424099822172e-16
5.967448757360216405e-16
-2.133709875451472726e-16
1.162264728904460753e-16
2.949029909160572061e-17
6.470518565393490462e-16
-3.671108556035918014e-16
-1.778091562876227272e-17
-3.781697177629439466e-16
4.727121472036799332e-16
-6.765421556309547668e-17
-6.245004513516505540e-16
2.567390744445674500e-16
4.224051664003525275e-16
3.920475055707584033e-16
-3.946495907847236140e-16
-3.434752482434078047e-16
1.821459649775647449e-16
7.546047120499110861e-17
7.979727989493312634e-17
-2.133709875451472726e-16
2.775557561562891351e-17
5.429684479807406206e-16
9.280770596475917955e-17
-1.240327285323417073e-16
4.857225732735059864e-17
6.227657278756737469e-16
-4.701100619897147226e-16
4.015884846886308424e-16
1.151422707179605709e-16
2.680147770384166961e-16
-1.743397093356691130e-16
-1.144917494144692682e-16
3.816391647148975608e-17
-2.602085213965210642e-18
-3.226585665316861196e-16
4.497270611469872392e-16
2.428612866367529932e-16
-4.111294638065032814e-16
1.856154119295183591e-16
1.353084311261909534e-16
-3.764349942869671395e-16
2.628106066104862748e-16
-1.925543058334255875e-16
-2.012279232133096230e-16
2.946861504815601052e-16
1.769417945496343236e-16
2.949029909160572061e-16
-2.688821387764050996e-17
-2.714842239903703103e-16
5.104423828061754875e-16
-9.324138683375338132e-17
-3.413068438984367958e-16
-3.070460552478948557e-16
5.377642775528101993e-17
-3.122502256758252770e-17
3.946495907847236140e-16
-6.565928356572214852e-16
2.550043509685906429e-16
5.377642775528101993e-17
3.556183125752454544e-17
-5.724587470723463412e-16
-2.584737979205442571e-16
2.602085213965210642e-17
-2.272487753529617294e-16
1.179611963664228824e-16
1.437652080715778879e-16
-4.438723694155655153e-16
-4.597017211338538800e-17
3.729655473350135253e-16
6.938893903907228378e-17
-2.307182223049153436e-16
6.297046217795809753e-16
-8.057790545912268954e-16
-5.898059818321144121e-17
4.258746133523061417e-16
-2.255140518769849223e-17
-1.457167719820517959e-16
7.546047120499110861e-17
-3.729655473350135253e-17
1.144917494144692682e-16
-6.288372600415925717e-17
-3.131175874138136805e-16
3.720981855970251218e-16
-9.020562075079396891e-17
-7.285838599102589797e-17
4.579669976578770729e-16
-8.326672684688674053e-17
-7.546047120499110861e-17
-8.066464163292152989e-17
-4.597017211338538800e-17
4.597017211338538800e-16
-4.952635523913784255e-16
3.556183125752454544e-16
-1.830133267155531485e-16
6.678685382510707313e-17
2.292003392634356373e-16
-4.423544863740858091e-17
-8.586881206085195117e-17
-3.122502256758252770e-17
2.445960101127298003e-16
-6.383782391594650107e-16
-3.903127820947815962e-17
4.276093368282829488e-16
-6.741569108514866571e-16
3.150691513242875885e-16
1.370431546021677605e-16
3.139849491518020841e-16
-1.647987302177966740e-16
4.163336342344337027e-17
2.172741153660950886e-16
1.821459649775647449e-16
-8.283304597789253876e-17
1.526556658859590243e-16
-2.498001805406602216e-16
7.979727989493312634e-17
4.935288289154016184e-16
-2.463307335887066074e-16
-6.782768791069315739e-16
9.952975943416930704e-16
-1.413799632921097782e-16
-3.365363543395005763e-16
-2.688821387764050996e-17
-2.255140518769849223e-17
-3.252606517456513302e-16
3.677613769070831040e-16
4.443060502845597171e-16
-7.762887554996211747e-17
-1.405126015541213746e-16
6.765421556309547668e-17
1.387778780781445676e-17
-3.642919299551294898e-17
1.942890293094023946e-16
1.561251128379126385e-17
-3.445594504158933091e-16
-2.094678597241994567e-16
-2.341876692568689577e-16
2.498001805406602216e-16
-1.405126015541213746e-16
-5.898059818321144121e-17
-1.387778780781445676e-17
-4.059252933785728601e-16
6.262351748276273611e-16
-1.214306433183764966e-17
-6.591949208711866959e-17
-7.112366251504909087e-17
4.076600168545496672e-17
1.283695372222837250e-16
-5.616167253474912968e-16
2.075162958137255487e-16
5.225854471380131372e-16
-5.065392549852276716e-16
2.480654570646834145e-16
2.636779683484746784e-16
-5.898059818321144121e-17
3.816391647148975608e-17
-1.587271980518778491e-16
9.324138683375338132e-17
-6.878178582248040129e-16
8.430756093247282479e-16
1.335737076502141463e-16
-1.578598363138894456e-16
7.112366251504909087e-17
2.688821387764050996e-17
6.951904329977054431e-16
1.734723475976807094e-18
4.189357194483989133e-16
-2.229119666630197116e-16
-2.428612866367529932e-16
7.459310946700270506e-17
5.377642775528101993e-17
6.349087922075113966e-16
-6.173447170132462247e-16
-8.218252467440123610e-17
-1.344410693882025498e-16
1.040834085586084257e-17
4.813857645835639687e-16
-8.326672684688674053e-17
8.187894806610529486e-16
-6.895525817007808200e-17
-4.172009959724221062e-16
-5.898059818321144121e-17
-1.118896642005040576e-16
-1.353084311261909534e-16
3.790370795009323501e-16
1.275021754842953214e-16
-5.134781488891348999e-16
-1.713039432527097006e-17
1.170938346284344789e-17
-4.215378046623641239e-16
2.289834988289385365e-16
-1.439820485060749888e-16
-1.249000902703301108e-16
1.405126015541213746e-16
-6.444497713253838356e-16
-2.209604027525458037e-16
-8.066464163292152989e-17
-9.974659986866640793e-17
-1.162264728904460753e-16
-2.428612866367529932e-17
-5.585809592645318844e-16
3.321995456495585586e-16
1.481020167615199057e-16
-7.337880303381894009e-16
-4.779163176316103545e-16
2.524022657546254322e-16
-2.081668171172168513e-17
-7.424616477180734364e-16
2.402592014227877826e-16
-6.750242725894750606e-16
4.978656376053436361e-16
7.095019016745141016e-16
-4.423544863740858091e-17
5.464378949326942347e-16
3.321995456495585586e-16
1.778091562876227272e-16
2.758210326803123280e-16
-2.972882356955253158e-16
-6.067195357228882813e-16
5.828670879282071837e-16
-6.010816844259636582e-16
-4.527628272299466516e-16
4.701100619897147226e-16
1.293236351340709689e-15
-4.083105381580409698e-16
-7.066829760260517901e-16
7.199102425303749442e-17
1.821459649775647449e-17
-1.020017403874362572e-15
-7.494005416219806648e-16
-4.510281037539698445e-16
-7.311859451242241903e-16
4.818194454525581705e-16
1.491862189340054101e-16
1.442422570274715099e-15
4.232725281383409310e-16
9.332812300755222168e-16
4.180683577104105098e-16
-2.783797498073781185e-15
1.829699586286537283e-15
-1.840107927142398125e-15
1.693090112553363724e-15
-1.439820485060749888e-15
-1.925543058334255875e-16
2.411265631607761861e-16
-1.469310784152355609e-15
1.386044057305468868e-15
-1.783512573738654794e-15
2.356621842114492438e-15
-1.004404892590571308e-15
9.523631883112670948e-16
4.605690828718422836e-16
-7.068998164605488910e-16
2.140648769355379955e-15
-7.364334836390540318e-15
1.072037424110217074e-14
7.311859451242241903e-16
1.260623549992345716e-14
9.775166787129307977e-15
7.520026268359458754e-15
1.246832498358330099e-14
-5.455705331947058312e-16
7.909905369585246149e-15
-9.957312752106872722e-15
-2.032228552106829511e-15
-1.223760676127838565e-14
-9.816800150552751347e-15
-7.474056096246073366e-15
-1.226883178384596818e-14
1.447626740702645520e-15
4.413049786711198408e-14
-7.888655007004530262e-14
-1.549281536394886416e-14
-5.210588904791535469e-14
-6.558382309451715741e-14
5.041973782926589820e-15
-7.725395843871663004e-14
5.913412121083538864e-14
-4.403075126724331767e-14
7.912637559059909620e-14
1.548240702309300332e-14
5.138858089059894496e-14
6.539820768258763906e-14
-5.417541415475568556e-15
7.736021025162020948e-14
-5.993209400978471990e-14
1.252574433063813331e-13
-5.227589194856108179e-15
6.126869844802484977e-14
8.907805049140904430e-14
-3.932531383865622843e-14
1.315371422894173747e-13
-1.171302638214299918e-13
9.763370667492665689e-14
-1.259409243559161951e-13
5.470450481492861172e-15
-6.090614124154569708e-14
-8.894794623071078377e-14
3.927370581524591842e-14
-1.314903047555660009e-13
1.165985710760431004e-13
-9.678412585256701561e-14
-2.348708276531073780e-04
-6.922644199028153700e-05
2.367799596683130281e-05
-2.963226702498971549e-04
2.683580691971304555e-04
-3.498361774771155397e-04
3.558350116539907987e-04
-1.984239309866277223e-04
2.348725232570901197e-04
6.922616501315800863e-05
-2.367770040208154458e-05
2.963246172439258294e-04
-2.683576051480014713e-04
3.498352703573473499e-04
-3.558361662641430778e-04
1.984239437315717114e-04
