1.369963633944757883e-03
-1.199658797443423075e-03
1.306573821568419308e-03
-2.712402536576910550e-04
4.777560447744508276e-04
8.160652134653135006e-04
-6.308948359512542986e-04
1.425304325984746642e-03
-1.369973323167085130e-03
1.199650503880432192e-03
-1.306570210785397770e-03
2.712374149923743594e-04
-4.777584016209847351e-04
-8.160673801962717820e-04
6.308928905232429052e-04
-1.425301210063276147e-03
-5.651087237046326095e-13
2.346629834892866029e-13
-4.452948426658664971e-13
-1.968130519669486489e-13
-5.421878224165510574e-14
-5.165173844190462660e-13
3.806174125875472214e-13
-5.533559721548897414e-13
5.661408841728388097e-13
-2.362216325324517641e-13
4.465004754816703780e-13
1.956559914084721186e-13
5.429857952155003886e-14
5.175981171445798168e-13
-3.838891010632394796e-13
5.546223202923528106e-13
-3.996108999260172823e-14
3.215734969974626267e-13
2.314190505892099736e-13
1.362139567806508467e-13
3.377849215613348832e-13
-9.566045872100303882e-14
2.449290770201173473e-13
-3.116127147984038004e-13
3.762441747046096907e-14
-3.227427006202709947e-13
-2.303391852254144112e-13
-1.346162764592762073e-13
-3.390248151657893061e-13
9.330557160236452319e-14
-2.417150681000013179e-13
3.137524962060211919e-13
4.928349395250108955e-15
-5.625881704940383088e-14
-6.509983524471962824e-14
3.206636345343127914e-15
-1.115140965679550789e-13
9.814978690902975700e-14
-3.982231211452358366e-14
7.646140665062972630e-14
-3.148523108897904876e-16
5.175374018229206285e-14
5.995724750018638360e-14
1.298440521768640110e-15
1.183671216598014553e-13
-1.033019156326808741e-13
3.420180805235872867e-14
-7.172127475252310091e-14
4.919675777870224920e-15
-1.044390268711836711e-14
-1.189760095998693146e-14
2.129980219978122591e-14
-2.304319929313791704e-14
7.046880440286784619e-15
4.965645949983610308e-15
8.112434335405538377e-15
-4.392319841173275563e-15
1.243796732275370687e-14
1.188892734260704742e-14
-2.585778813291028655e-14
2.548568994731326143e-14
-5.207639874882374897e-15
-7.535638779643250018e-15
-8.631984016460592102e-15
7.323135153836091149e-15
1.329925752857619159e-14
-5.863365348801607979e-16
2.203098814490545010e-15
-9.213983742650810882e-15
-1.955033357425861595e-15
-2.839742330174033214e-15
-2.768618667658984123e-15
-8.561727715683531414e-15
-1.286123985089204780e-14
1.068589661201713170e-15
-2.311952712608089655e-15
9.421283198030039330e-15
2.700097090357900242e-15
3.245667623552606074e-15
2.300243329145246207e-15
-5.131312041939395385e-15
1.816255479347717028e-15
-6.600622826091750994e-16
2.766883944183007316e-15
1.356553758213863148e-15
-1.902124291408568979e-15
-2.857089564933801284e-15
3.828534711480813257e-15
5.694229809893869287e-15
-2.808517307606450686e-15
3.113828639378368734e-16
-3.115129681985351340e-15
-1.846613140177311152e-15
2.607289384393141063e-15
2.466776782839019688e-15
-2.825864542366218757e-15
-5.715913853343579376e-16
-4.410534437671032038e-16
-3.105155021998484699e-16
-2.428612866367529932e-17
2.402592014227877826e-15
2.465042059363042881e-15
3.686287386450715076e-16
-9.697104230710351658e-16
1.258541881821173547e-15
4.336808689942017736e-16
3.170207152347614965e-16
-7.155734338404329264e-16
-2.449429548079251617e-15
-1.925543058334255875e-15
-1.012211148232466940e-15
9.246076126956381813e-16
-1.211053826666308453e-16
6.748074321549779597e-16
5.551115123125782702e-17
-8.040443311152500883e-16
-1.120631365481017383e-15
-3.070460552478948557e-16
1.516148318003729401e-15
-1.426810058990923835e-15
2.940356291780688025e-16
-2.801578413702543457e-16
5.741934705483231483e-16
9.671083378570699551e-16
2.550043509685906429e-16
8.777700788442643898e-16
-1.394717674685352904e-15
8.743006318923107756e-16
-5.915407053080912192e-16
3.825065264528859643e-16
-9.619041674291395339e-16
-2.706168622523819067e-16
1.184816134092159245e-15
-2.240395369224046362e-15
5.212844045310305319e-16
-4.263082942213003435e-16
5.334274688628681815e-16
-1.044303532538037871e-15
2.654126918244514854e-16
1.568190022283033613e-15
-1.710437347313131795e-15
1.693090112553363724e-15
-1.543903893619358314e-16
2.359223927328457648e-16
-8.864436962241484252e-16
1.250735626179277915e-15
7.511352650979574719e-16
-1.554312234475219157e-15
2.643718577388654012e-15
-1.087671619437458048e-15
1.591608789208720509e-16
-3.100818213308542681e-16
1.690488027339398514e-15
-7.892991815694472280e-16
-2.050443148604585986e-15
2.400857290751901019e-15
-1.399054483375294922e-15
2.524022657546254322e-16
-2.059984127722458425e-16
3.404394821604483923e-16
-1.366962099069723990e-15
-2.307182223049153436e-16
2.400857290751901019e-15
-2.046106339914643968e-15
5.685556192513985252e-16
2.255140518769849223e-17
1.370431546021677605e-15
-2.204833537966521817e-15
4.198030811863873168e-16
1.861358289723114012e-15
-3.253473879194501706e-15
1.739060284666749112e-15
-2.471980953266950110e-17
-7.155734338404329264e-17
-8.127179484951341237e-16
1.649722025653943547e-15
7.806255641895631925e-16
-2.976785484776200974e-15
1.945492378307989156e-15
-6.236330896136621504e-16
-1.791101988946053325e-16
-9.189697613987135583e-16
2.764281858969042105e-15
-1.195224474948020088e-15
-2.541369892306022393e-15
3.892719480091955120e-15
-1.373033631235642815e-15
3.417405247674309976e-16
-8.673617379884035472e-17
7.632783294297951215e-16
-2.066055659888377249e-15
1.403391292065236939e-15
3.200564813177209089e-15
-2.831068712794149178e-15
6.184289191857317292e-16
8.413408858487514408e-16
1.342675970406048691e-15
-2.780761731990821772e-15
8.326672684688674053e-16
2.484124017598787759e-15
-3.978588292152807071e-15
2.003605614753212194e-15
-5.447031714567174276e-16
-3.859759734048395785e-17
-1.092008428127400066e-15
2.060851489460446828e-15
-1.519617764955683015e-15
-4.683753385137379155e-16
2.877038884907534566e-15
-1.302777330458582128e-15
-6.327403878625403877e-16
-8.287641406479195894e-16
2.917804886592989533e-15
-1.942022931356035542e-15
-3.249137070504559688e-15
4.152928001488476184e-15
-1.525689297121601840e-15
-3.243932900076629267e-16
1.136243876764808647e-16
9.775166787129307977e-16
-1.905593738360522593e-15
1.783295733304157693e-15
1.139713323716762261e-15
-2.883110417073453391e-15
1.144917494144692682e-15
-5.924080670460796227e-16
1.696559559505317338e-15
-3.622102617839573213e-15
1.278491201794906829e-15
2.945560462208618446e-15
-4.141652298894626938e-15
2.002738253015223790e-15
3.638582490861352881e-16
4.865899350114943900e-16
-9.658072952500873498e-16
1.977584762613560088e-15
-2.048708425128609179e-15
-8.309325449928905982e-16
3.269953752216281373e-15
-3.321995456495585586e-15
1.373684152539134118e-16
-9.801187639268960083e-16
3.399190651176553502e-15
-1.950696548735919578e-15
-3.348016308635237692e-15
4.361094818605693035e-15
-1.903859014884545786e-15
5.429684479807406206e-16
-4.623038063478190907e-16
9.727461891539945782e-16
-2.135444598927449533e-15
2.190088388420718957e-15
1.148386941096646297e-15
-3.275157922644211794e-15
3.293372519141968269e-15
-1.297573160030651707e-15
2.060417808591452626e-15
-3.425211503316205608e-15
7.702172233337023499e-16
2.707903345999795874e-15
-4.349819116011843789e-15
2.493664996716660198e-15
-2.628106066104862748e-16
1.734723475976807094e-18
-1.169203622808367982e-15
1.803245053277890975e-15
-1.524821935383613436e-15
-3.660266534311062969e-16
3.642919299551294898e-15
-3.539703252730674876e-15
1.037798319503124844e-15
5.906733435701028156e-16
3.573530360512222614e-15
-1.212571709707788159e-15
-3.257810687884443723e-15
4.940492459581946605e-15
-2.245599539651976784e-15
2.289834988289385365e-16
-1.301042606982605321e-17
3.794707603699265519e-16
-1.371298907759666008e-15
1.826663820203577870e-15
5.620504062164854986e-16
-3.412201077246379555e-15
3.796442327175242326e-15
-1.858756204509148802e-15
-6.461844948013606427e-17
-1.935517718321122516e-15
1.242062008799393880e-15
2.657596365196468469e-15
-4.713243684228984876e-15
2.840609691912021617e-15
2.645453300864630819e-16
-7.840950111415168067e-16
-1.058181320345852328e-15
2.104219576359867006e-15
-1.759009604640482394e-15
-3.105155021998484699e-16
3.361026734705063745e-15
-3.561387296180384965e-15
1.083334810747516030e-15
-4.662069341687669066e-16
2.466343101970025486e-15
-3.321128094757597182e-15
-3.299444051307887094e-15
4.605690828718422836e-15
-2.079933447696191706e-15
-1.335737076502141463e-16
2.038300084272748336e-16
8.556523545255600993e-16
-2.398255205537935808e-15
1.863093013199090819e-15
8.500145032286354763e-16
-2.921274333544943147e-15
3.070460552478948557e-15
-1.000935445638617693e-15
-1.687018580387444899e-16
-1.332701310419182050e-15
3.335005882565411639e-15
-1.627170620466245055e-15
-4.168540512772267448e-15
2.356621842114492438e-15
-4.076600168545496672e-17
-5.421010862427522170e-17
-1.229051582729567826e-15
1.835337437583461906e-15
-1.634976876108140686e-15
-5.516420653606246560e-16
3.282964178286107426e-15
-3.932618120039421683e-15
1.558649043165161174e-15
-2.740863092043355209e-16
1.870465587971992250e-15
-4.017619570362285231e-15
8.647596527744383366e-16
2.921274333544943147e-15
-2.325396819546909910e-15
2.619432448724978713e-16
-9.254749744336265849e-16
1.620665407431332028e-15
-2.262946774411744855e-15
1.670538707365665232e-15
7.702172233337023499e-16
-2.700964452095888646e-15
3.491998357141312681e-15
-1.731254029024853480e-15
5.316927453868913744e-16
-2.057815723377487416e-15
3.045307062077284854e-15
-1.172673069760321596e-15
-3.034031359483435608e-15
4.269154474378922259e-15
-5.585809592645318844e-16
2.025289658202922283e-16
-1.443289932012703503e-15
2.399122567275924212e-15
-1.471045507628332416e-15
-9.194034422677077600e-17
2.828466627580183967e-15
-3.836340967122708889e-15
1.949829186997931174e-15
-4.848552115355175829e-16
1.582067810090848070e-15
-2.555247680113836850e-15
4.822531263215523722e-16
2.570860191397628114e-15
-4.196296088387896361e-15
2.949029909160572061e-15
1.056012916000881319e-16
4.961309141293668290e-16
-1.994931997373328159e-15
1.493596912816030908e-15
3.538835890992686473e-16
-2.848415947553917249e-15
3.027959827317516783e-15
-1.320124565218350199e-15
1.561251128379126385e-17
-1.631073748287192871e-15
3.464242781525683768e-15
-7.866970963554820173e-16
-2.444225377651321196e-15
3.988129271270679510e-15
-2.189221026682730553e-15
2.870967352741615741e-16
-6.869504964868156094e-16
1.419003803349028203e-15
-9.905271047827568509e-16
-1.196959198423996895e-16
2.935152121352757604e-15
-2.644585939126642415e-15
-1.734723475976807094e-18
4.132978681514742902e-16
1.709136304706149190e-15
-2.637647045222735187e-15
5.342948306008565851e-16
2.000136167801258580e-15
-3.591744957009979089e-15
2.005340338229189001e-15
3.903127820947815962e-18
-1.366094737331735587e-17
-1.963706974805745631e-15
1.654058834343885565e-15
6.557254739192330817e-16
-1.979319486089536895e-15
2.171006430184974079e-15
-5.950101522600448334e-16
1.660997728247792793e-16
-5.264885749589609532e-16
2.180547409302846518e-15
-1.108488301149179733e-15
-2.445960101127298003e-15
3.370567713822936184e-15
-1.647987302177966740e-15
3.911801438327699998e-16
-3.269953752216281373e-16
4.982993184743378379e-16
-1.504005253671891751e-15
-3.538835890992686473e-16
2.096413320717971374e-15
-2.712240154689737892e-15
1.375635716449608026e-15
-9.345822726825048221e-16
1.051242426441945099e-15
-1.830133267155531485e-15
7.251144129583053655e-16
2.190955750158707360e-15
-2.929947950924827182e-15
1.940288207880058735e-15
-3.287300986976049444e-16
6.652664530371055207e-16
-6.366435156834882036e-16
1.849215225391276363e-15
5.811323644522303766e-16
-2.078198724220214899e-15
1.878705524482882083e-15
-8.638922910364499330e-16
4.180683577104105098e-16
-9.137655909707831370e-16
2.386979502944086562e-15
-1.207367539279857738e-15
-2.128505705023542305e-15
2.865763182313685320e-15
-1.605486577016534966e-15
1.734723475976807094e-16
4.822531263215523722e-16
-3.374037160774889799e-16
-1.033895191682177028e-15
1.358288481689839955e-15
2.171006430184974079e-15
-1.901256929670580575e-15
3.035766082959412415e-16
8.309325449928905982e-16
1.340073885192083480e-15
-2.309784308263118646e-15
4.406197628981090020e-16
1.063385490773782749e-15
-2.421673972463622704e-15
1.357421119951851551e-15
-1.721713049906981041e-16
2.602085213965210642e-17
-3.955169525227120175e-16
1.118029280267052172e-15
-4.059252933785728601e-16
-3.642919299551294898e-17
1.855286757557195187e-15
-1.376503078187596429e-15
7.906002241764298333e-16
-1.835771118452456108e-15
2.302845414359211418e-15
9.887923813067800438e-17
-8.881784197001252323e-16
1.975850039137583281e-15
-2.975050761300224167e-16
1.682681771697502882e-16
-1.214306433183764966e-16
1.099814683769295698e-15
-1.484055933698158469e-15
3.495467804093266295e-16
-2.255140518769849223e-17
-1.738192922928760709e-15
1.183948772354170842e-16
-3.668940151690947005e-16
3.720981855970251218e-16
-9.627715291671279374e-16
6.782768791069315739e-16
1.340941246930071884e-15
-1.443289932012703503e-15
1.652324110867908757e-15
-5.251875323519783478e-16
2.298508605669269400e-16
-1.550842787523265542e-15
5.637851296924623057e-16
-1.141448047192739068e-15
-3.989863994746656317e-16
6.643990912991171172e-16
-1.724315135120946252e-15
-9.032488298976737440e-16
-2.862293735361731706e-17
-1.109355662887168137e-15
-2.163200174543078447e-15
-2.112893193739751041e-15
-3.851086116668511750e-16
-2.633310236532793169e-15
-7.546047120499110861e-17
2.068657745102342460e-16
1.778091562876227272e-16
5.186823193170653212e-16
2.024422296464933879e-15
1.776356839400250465e-15
5.290906601729261638e-16
2.508410146262463059e-15
7.580741590018647003e-16
1.009175382149507527e-15
-2.553512956637860043e-15
-1.249000902703301108e-16
-8.239936510889833698e-16
-1.889113865338742926e-15
4.267419750902945452e-16
-1.495765317161001917e-15
1.700462687326265154e-15
-1.142315408930727472e-15
2.711372792951749489e-15
-6.479192182773374498e-16
1.363492652117770376e-15
2.233456475320139134e-15
-1.819724926299670642e-15
1.958502804377815210e-15
-6.663506552095910251e-16
1.036323804548544558e-14
5.250140600043806671e-15
9.561795799584160704e-15
1.108488301149179733e-14
3.010612592557748712e-15
8.826273045769994496e-15
-4.144688064977586350e-15
1.660130366509804389e-15
-1.009522326844702889e-14
-4.990799440385274011e-15
-9.787309851461145627e-15
-1.109008718191972775e-14
-2.705301260785830664e-15
-9.495008945759053631e-15
4.855924690128077259e-15
-1.664900856068740609e-15
-7.598088824778415074e-16
-8.755149383254945405e-15
-1.161050422471276988e-14
3.831136796694778468e-15
-1.356727230561460829e-14
9.557025310025224485e-15
-7.314027855587212912e-15
1.382834818874911775e-14
-6.158268339717665185e-17
8.874845303097345095e-15
1.171285290979540150e-14
-2.840609691912021617e-15
1.297659896204450547e-14
-1.053150622265519587e-14
9.388323451986479995e-15
-1.363839596812965738e-14
-5.868049102186745358e-14
-3.061439990403869160e-14
-1.187374851219225036e-13
6.215774422946296340e-14
-1.028977250627782780e-13
1.153426312794358921e-13
-3.368832990346959377e-14
1.049950057452342378e-13
5.904218086660861786e-14
3.022061767499195639e-14
1.177517285066986830e-13
-6.111517542040090234e-14
1.031835207554454570e-13
-1.165959689908291352e-13
3.287821404018842486e-14
-1.032186489058339873e-13
4.908374054424236022e-13
1.838806884535415520e-15
5.461564360487169978e-13
-3.996082978408033171e-13
2.835258069988633167e-13
-5.663863475446895279e-13
-1.488401416005480371e-13
-3.995276331991703955e-13
-4.908382728041615906e-13
-2.844946500601963635e-15
-5.452851711829076464e-13
3.995775064991047287e-13
-2.829333989318172371e-13
5.661339452789349025e-13
1.487343234685134519e-13
4.001781545026616982e-13
2.694129641600540026e-13
-1.030821261682746126e-12
8.929992162398647793e-13
-7.297001544670500550e-13
9.939497142008590913e-13
-1.006139616066548115e-15
5.133740654805762915e-13
7.268716878394698711e-13
-2.683296293493064866e-13
1.029676344188601433e-12
-8.928136008279352609e-13
7.303576146644452649e-13
-9.951275914410473433e-13
5.230191280070073390e-16
-5.134070252266198509e-13
-7.268682183925179174e-13
-1.082856503354207370e-03
1.420633590088935319e-03
-1.448516551520885771e-03
7.960371710744092860e-04
-9.656703348533567013e-04
-2.948424742023336709e-04
8.286775196356295503e-05
-1.213037405363039068e-03
1.082870386265205251e-03
-1.420619135186677526e-03
1.448508212873764016e-03
-7.960439138551805155e-04
9.656762216055058117e-04
2.948481846833808998e-04
-8.286956851027288407e-05
1.213034932042682387e-03
