-5.855141006394313369e-04
6.846295309769455384e-04
-8.904351779734712147e-05
6.909955000818333859e-04
4.598950520399705186e-04
2.926865982940495122e-04
7.392478643924570852e-04
-2.774575903294641821e-04
5.855023787316240846e-04
-6.846403640508192529e-04
8.904415008920141261e-05
-6.910063400843713399e-04
-4.599001667543295944e-04
-2.926933803816175999e-04
-7.392617912367130395e-04
2.774547731178370058e-04
-1.665334536937734811e-16
-1.708702623837154988e-16
-3.469446951953614189e-18
-9.367506770274758310e-17
1.370431546021677605e-16
-3.018418848199644344e-16
3.243932900076629267e-16
2.723515857283587138e-16
-5.308253836489029709e-16
6.088879400678592901e-16
-1.040834085586084257e-16
-1.734723475976807094e-17
2.584737979205442571e-16
-3.365363543395005763e-16
1.257674520083185143e-16
-4.354155924701785807e-16
-8.326672684688674053e-17
-8.847089727481716182e-17
7.459310946700270506e-17
8.153200337090993344e-17
2.801578413702543457e-16
-3.564856743132338579e-16
-2.966377143920340131e-16
-1.235990476633475055e-16
2.272487753529617294e-16
-1.162264728904460753e-16
-3.816391647148975608e-17
-4.336808689942017736e-17
3.738329090730019288e-16
-2.168404344971008868e-17
3.833738881908743679e-16
-5.290906601729261638e-17
-2.229119666630197116e-16
-9.714451465470119729e-17
7.372574772901430151e-17
-4.163336342344337027e-17
-1.000068083900629290e-15
7.966717563423486581e-16
5.334274688628681815e-16
-4.007211229506424388e-16
-3.868433351428279821e-16
2.498001805406602216e-16
2.411265631607761861e-16
0.000000000000000000e+00
-9.818534874028728154e-16
8.795048023202411969e-16
6.331740687315345895e-17
1.700029006457270953e-16
4.163336342344337027e-17
-2.428612866367529932e-17
-4.475586568020162304e-16
3.885780586188047891e-16
-1.665334536937734811e-16
2.033963275582806318e-16
2.636779683484746784e-16
-1.387778780781445676e-16
2.116362640691704655e-16
-1.023486850826316186e-16
-3.209238430557093125e-17
-3.469446951953614189e-16
-1.578598363138894456e-16
-2.563053935755732482e-16
-1.908195823574487804e-16
1.700029006457270953e-16
-1.439820485060749888e-16
-1.405126015541213746e-16
9.072603779358701104e-16
-5.594483210025202879e-16
-1.257674520083185143e-16
-7.806255641895631925e-18
3.989863994746656317e-16
-2.428612866367529932e-16
-3.191891195797325054e-16
6.071532165918824830e-16
7.606762442158299109e-16
-4.874572967494827935e-16
2.090341788552052549e-16
6.678685382510707313e-17
1.144917494144692682e-16
2.949029909160572061e-17
2.229119666630197116e-16
2.602085213965210642e-16
-6.552917930502388799e-16
4.035400485991047503e-16
-1.318389841742373392e-16
-2.081668171172168513e-17
-1.700029006457270953e-16
6.071532165918824830e-17
-5.100087019371812858e-16
1.506607338885856961e-15
-8.474124180146702656e-16
-3.443426099813962082e-16
5.204170427930421283e-17
-5.377642775528101993e-17
-9.471590178833366735e-16
-8.344019919448442124e-16
-8.954859423426775322e-15
8.050201130704870423e-15
-1.908195823574487804e-17
3.820728455838917625e-16
-2.107689023311820620e-15
3.795574965437253923e-15
-2.140648769355379955e-15
3.467712228477637382e-15
-1.595642021290366586e-14
1.366094737331735587e-14
1.667069260413711618e-15
-1.338339161716106673e-15
-3.910066714851723191e-15
5.824334070592129819e-15
2.711372792951749489e-15
-3.088675148976705032e-15
2.948813068726074960e-15
-9.753482743679597888e-16
4.007211229506424388e-16
-1.494464274554019312e-15
-1.113692471577110155e-15
1.800642968063925764e-15
-8.153200337090993344e-15
1.023139906131120824e-14
-8.847089727481716182e-17
-8.769027171062759862e-16
1.092875789865388469e-15
5.013350845572972503e-16
-6.800116025829083810e-16
-1.595945597898662527e-16
9.298985192973674430e-15
-6.590214485235890152e-15
-1.094610513341365277e-15
-6.158268339717665185e-17
2.487593464550741373e-15
-6.047246037255149531e-15
-3.965577866082981018e-15
2.445960101127298003e-15
-1.515454428613338678e-14
9.739171275002789230e-15
1.328798182598234234e-15
-1.778091562876227272e-15
-1.974115315661606473e-15
8.482797797526586692e-16
1.250735626179277915e-14
-1.192362181212658356e-14
2.099449086800930786e-15
-5.523793228379147990e-15
-7.771561172376095783e-16
5.967448757360216405e-16
4.347217030797878579e-15
1.004404892590571308e-15
-2.588207426157396185e-15
2.842344415387998424e-15
1.359589524296822560e-15
1.064252852511771152e-15
-4.336808689942017736e-17
1.327930820860245831e-15
3.457303887621776539e-15
-2.759945050279100087e-15
3.905729906161781173e-15
-4.747070792010532614e-15
4.403595543767124809e-15
7.294512216482473832e-16
5.986530715595961283e-15
-8.814129981438156847e-15
3.252606517456513302e-15
9.847157811382345471e-15
1.751593661780681543e-14
-1.577297320531911851e-14
-1.335737076502141463e-15
7.459310946700270506e-17
3.453834440669822925e-15
-1.244837566360956771e-14
2.227384943154220309e-15
-6.069797442442848023e-15
2.720349986939929465e-14
-1.781821218349577407e-14
-2.550910871423894832e-15
2.648055386078596030e-15
-6.834810495348619952e-16
-1.449708408873817689e-14
-3.481590016285451838e-14
3.127272746317188989e-14
-1.478981867530926309e-14
1.357421119951851551e-16
3.113828639378368734e-16
4.786102070220010773e-15
7.258083023486960883e-15
-1.529852633463946177e-14
4.410707910018629718e-14
-4.087181981748955195e-14
-3.602586978734834133e-15
-8.875929505269830599e-15
3.108624468950438313e-15
-5.294376048681215252e-15
-2.868365267527650531e-14
3.051118385721807158e-14
-4.246126020235330145e-14
4.907099032669393068e-14
1.268256333286643667e-14
-6.428885201970047092e-15
-1.640701463578864150e-14
2.973836454867040402e-14
2.163200174543078447e-14
-1.575996277924929245e-14
1.138282176849081395e-14
1.641915770012047915e-15
3.091277234190670242e-15
1.994931997373328159e-16
-2.031361190368841108e-15
7.632783294297951215e-15
-2.203012078316746170e-14
1.797780674328564032e-14
-1.423600820560366742e-14
4.272190240461881672e-15
-1.767683222020366429e-15
5.580605422217388423e-15
-3.634245682171410863e-15
-4.714978407704961683e-15
-1.219857548306890749e-14
4.697631172945193612e-15
-8.537875267888850317e-15
6.726607118534566609e-15
-3.309852392163747936e-15
4.543240783583257780e-15
8.482797797526586692e-16
5.552849846601759509e-15
-1.349744968570654180e-14
7.443698435416479242e-15
-2.259477327459791240e-15
1.318389841742373392e-16
-3.079134169858832593e-15
5.273559366969493567e-16
-3.946495907847236140e-15
-1.817122841085705431e-15
-7.159203785356282879e-15
5.198098895764502458e-15
-2.468511506314996495e-15
1.546505978833323525e-15
-1.880440247958858890e-15
2.879640970121499777e-15
-3.734859643778065674e-15
8.606830526058928399e-15
6.867987081826676388e-15
3.665037023869999189e-15
-1.410330185969144168e-15
1.188285581044112860e-15
1.058181320345852328e-15
5.360295540768333922e-15
2.147761135606884864e-14
-1.861878706765907054e-14
1.359762996644420241e-14
1.098079960293318891e-15
-1.846613140177311152e-15
-3.511080315377057559e-15
-1.521352488431659822e-15
8.831477216197924918e-15
-1.804285887363477059e-14
1.883996431084611345e-14
3.660266534311062969e-16
-9.879250195687916403e-16
-2.711372792951749489e-15
4.274358644806852681e-15
2.017396666387227810e-14
-2.271446919444031209e-14
1.421605888562993414e-14
-2.008592944746645514e-14
-9.698838954186328465e-15
5.924080670460796227e-15
7.834011217511260838e-15
-1.148039996401450935e-14
-1.411024075359534891e-14
1.219684075959293068e-14
-2.720523459287527146e-14
1.327323667643653948e-14
4.485127547138034743e-15
-6.636184657349275540e-15
-4.152928001488476184e-15
2.253405795293872416e-15
4.156744393135625160e-14
-3.676312726463848435e-14
2.222137404639390468e-14
-1.268364753503892217e-14
3.922209779183560840e-15
-1.048987285923175250e-14
-6.526029716624748289e-15
5.882447307037352857e-15
2.585605340943430974e-15
4.007211229506424388e-16
1.621315928734823331e-14
-9.623595323415834457e-15
-7.199102425303749442e-16
2.239528007486057959e-15
-2.105954299835843813e-15
-4.371503159461553878e-15
-2.933417397876780797e-15
2.328866266498863524e-15
-8.847089727481716182e-16
1.189152942782101263e-15
2.706168622523819067e-16
4.107825191113079200e-15
-2.403459375965866229e-15
3.906597267899769577e-15
-9.797284511448012267e-15
4.256144048309096206e-15
-6.114900252818245008e-16
3.009745230819760309e-16
-7.979727989493312634e-17
-1.323594012170303813e-15
-2.813721478034381107e-15
-4.010680676458378002e-15
-1.035629915158153835e-15
3.361460415574057947e-15
-1.804979776753867782e-15
1.190020304520089667e-15
2.440755930699367582e-15
4.383646223793391528e-15
-7.672681934245417779e-15
3.792105518485300308e-15
-4.617833893050260485e-15
1.639530525232579805e-15
-5.507747036226362525e-16
1.240327285323417073e-15
9.619909036029383742e-15
-9.209646933960868864e-15
5.053639798302533848e-14
-3.885086696797657169e-14
-1.472780231104309223e-15
2.182282132778823325e-15
1.006139616066548115e-14
-1.550148898132874820e-14
-1.537311944410646447e-14
1.739580701709542154e-14
2.282158836908187993e-14
-1.716595615652849460e-14
4.646456830403877802e-15
-2.871834714479604145e-15
3.264749581788350952e-15
-5.974387651264123633e-15
2.638514406960723591e-14
-2.754393935155974305e-14
-5.916274414818900595e-15
-2.610758831345094677e-15
6.765421556309547668e-17
-8.656270145124267401e-16
8.743006318923107756e-16
-5.394990010287870064e-15
-2.945560462208618446e-14
2.398081733190338127e-14
-1.286210721263003620e-14
-2.181414771040834921e-16
9.436895709313830594e-16
5.575401251789458001e-15
4.298644773470527980e-15
-8.482797797526586692e-15
2.289054362725195801e-14
-9.175819826179321126e-15
1.260276605297150354e-15
1.305379415672547339e-15
1.458902443296494766e-15
-5.898059818321144121e-16
-1.391074755385801609e-14
1.671579541451251316e-14
-7.574670057852728178e-15
1.549628481090081777e-14
7.472321372770096559e-15
-3.490263633665335874e-15
-5.993469609499868511e-15
1.030252272382625733e-14
1.152203332743795272e-14
-1.011690731189673897e-14
-5.722419066378492403e-15
3.069593190740960154e-15
-1.903859014884545786e-15
2.331468351712828735e-15
-1.094610513341365277e-15
4.315992008230296051e-15
-1.014119344056041427e-14
1.130519289294085183e-14
-9.695803188103369052e-15
1.388646142519434079e-15
-5.681219383824043234e-16
2.308916946525130243e-15
-4.083539062449403900e-15
-3.254341240932490109e-15
-4.951768162175795851e-15
3.004541060391829888e-15
-2.192690473634684167e-15
7.042977312465836803e-16
-3.703634621210483147e-15
7.794112577563794275e-15
-4.940492459581946605e-15
8.992806499463767977e-15
-2.881202221249878903e-14
1.764127038894613975e-14
-5.247538514829841461e-16
-1.813653394133751817e-15
-6.473988012345444076e-15
5.679484660348066427e-15
-2.798108966750589843e-15
-8.715250743307478842e-15
-1.659219636684916566e-14
1.230439361510349272e-14
-4.053181401619809776e-15
3.105155021998484699e-16
-3.278627369596165408e-15
1.401136151546467090e-14
-5.481032294696319696e-14
5.107372857970915447e-14
-1.166167856725408569e-15
1.539740557277013977e-14
-7.004813395994347047e-15
1.012991773796656503e-14
3.747002708109903324e-15
1.235817004285877374e-14
2.029452994545266620e-14
-1.725789650075526538e-14
8.663209039028174629e-15
7.547565003540590567e-15
1.218296297178511622e-14
-2.301804580273625334e-14
-1.833689450281283939e-14
1.261143967035138758e-14
-2.760378731148094289e-14
1.480066069703411813e-14
-1.060783405559817538e-15
-4.943961906533900219e-16
-2.622901895676932327e-15
-7.632783294297951215e-17
3.358598121838696215e-14
-3.293372519141968269e-14
2.787093472678137118e-14
-3.490740682621229496e-14
-1.054885345741496394e-14
5.851222284469770329e-15
1.335737076502141463e-15
3.545774784896593701e-15
1.603231436497765117e-14
-4.711508960753008068e-15
5.443995948484214864e-15
-8.306940205149437872e-15
4.361962180343681439e-15
-6.127910678888071061e-15
-4.000272335602517160e-15
-7.585945760446577424e-15
2.235885088186506664e-14
-1.659263004771815986e-14
9.978563114687588609e-15
-4.513967324926149161e-15
1.421605888562993414e-15
-5.707240235963695341e-15
2.359223927328457648e-15
2.792904796322659422e-16
-3.303780859997829111e-15
3.964710504344992614e-15
2.787700625894729001e-15
-1.627170620466245055e-15
-5.152128723651117070e-16
2.022687572988957072e-15
6.055052292897045163e-15
-7.848756367057063699e-15
4.429616395906776916e-15
1.379105163401561640e-16
2.230854390106173923e-15
-3.816391647148975608e-16
7.355227538141662080e-16
2.232589113582150731e-15
-9.841086279216426647e-15
9.898332153923661281e-15
-6.926750839575390728e-15
1.426593218556426734e-15
1.599415044850616141e-15
1.620231726562337826e-15
3.766084666345648202e-15
-7.409003965896943100e-15
1.228444429512975944e-14
-1.008568228932915645e-14
-3.852387159275494355e-15
-2.653042716072029350e-15
2.447694824603274810e-15
-1.330532906074211041e-15
1.668803983889688425e-15
-7.525230438787389176e-15
-5.355958732078391904e-15
6.306587196913682192e-15
2.719179048593645120e-15
-2.042636892962690354e-15
-2.092076512028029356e-15
2.421673972463622704e-15
4.990799440385274011e-15
-4.600486658290492414e-15
8.218252467440123610e-15
-5.505144951012397314e-15
1.994931997373328159e-17
-1.196959198423996895e-16
1.384309333829492061e-15
-2.343611416044666385e-15
-5.244069067877887846e-15
7.828807047083330417e-15
-6.014286291211590196e-15
4.121269298051899455e-15
-1.913399994002418225e-15
3.982057739104760685e-15
1.189152942782101263e-15
-5.264885749589609532e-16
-4.294307964780585962e-15
2.837140244960068003e-15
-4.094381084174258945e-15
5.776195494133773423e-15
-2.007942423443154212e-15
2.652392194768538047e-15
7.277164981722705761e-16
1.667936622151700021e-15
-1.400355525982277527e-14
1.298700730290036631e-14
3.217912047936977160e-16
-6.218983661376853433e-16
-6.210310043996969398e-16
-5.741934705483231483e-16
-3.642919299551294898e-16
-9.974659986866640793e-17
-1.684850176042473890e-15
2.314988478691049067e-15
-8.951173136040324607e-16
1.578598363138894456e-16
-4.440892098500626162e-16
-2.341876692568689577e-16
1.543903893619358314e-16
1.445892017226668713e-15
-1.202597049720921518e-15
5.767955557622883589e-17
-4.093947403305264743e-16
-2.064320936412400442e-16
2.775557561562891351e-17
-1.682681771697502882e-16
6.297046217795809753e-16
1.630640067418198669e-16
-5.377642775528101993e-17
-8.148863528401051326e-16
1.682681771697502882e-16
-5.585809592645318844e-16
-1.179611963664228824e-16
1.630640067418198669e-16
1.821459649775647449e-16
-1.214306433183764966e-17
-8.109832250191573166e-16
3.534499082302744455e-16
1.908195823574487804e-16
-2.445960101127298003e-16
5.152128723651117070e-16
-1.353084311261909534e-16
-1.075528555105620399e-16
7.199102425303749442e-17
-1.157060558476530332e-15
4.440892098500626162e-16
1.214306433183764966e-17
-2.168404344971008868e-16
-2.255140518769849223e-16
5.811323644522303766e-16
-5.577135975265434809e-16
-8.803721640582296004e-17
-2.714842239903703103e-16
-2.949029909160572061e-17
-3.365363543395005763e-16
-1.084202172485504434e-16
-1.790234627208064921e-15
8.157537145780935361e-16
-6.210310043996969398e-16
9.519295074422728931e-16
-5.048045315092508645e-16
6.271025365656157646e-16
-4.770489558936219510e-16
-1.778091562876227272e-16
1.960237527853792017e-16
4.679416576447437137e-16
-7.103692634125025052e-16
3.491130995403324278e-16
-1.370431546021677605e-16
5.828670879282071837e-16
3.365363543395005763e-16
6.800116025829083810e-16
1.139279642847768059e-15
-5.273559366969493567e-16
-2.515349040166370287e-17
1.450228825916610731e-15
-6.574601973952098888e-16
1.476249678056262837e-15
4.753142324176451439e-16
-1.261143967035138758e-15
-7.745540320236443677e-16
7.762887554996211747e-17
-5.065392549852276716e-16
-6.383782391594650107e-16
-3.504141421473150331e-16
2.324529457808921507e-16
2.376571162088225719e-16
-1.006139616066548115e-16
3.148523108897904876e-16
-6.297046217795809753e-16
-7.910339050454240351e-16
2.914335439641035919e-16
-3.469446951953614189e-16
-1.804112415015879378e-16
7.459310946700270506e-17
7.840950111415168067e-16
2.168404344971008868e-16
-1.994931997373328159e-17
3.191891195797325054e-16
1.387778780781445676e-17
-1.665334536937734811e-16
-9.714451465470119729e-17
7.167083446058975654e-04
-5.211597369858961271e-04
3.648036555893418437e-04
-7.442789756794705031e-04
-2.004467541472016757e-04
-5.323757760095264649e-04
-6.492962535668885676e-04
-8.337270207552267831e-06
-7.166870221815072051e-04
5.211781947532904968e-04
-3.648075116462964895e-04
7.442735133528291525e-04
2.004665106553329620e-04
5.323918343578763063e-04
6.492934680618822271e-04
8.335182599118924618e-06
