-7.785056529015961513e-04
8.631813681457718712e-04
-2.467833380634908147e-04
7.613400661357003218e-04
4.296850128025016431e-04
2.135683662969438661e-04
8.543170217014863649e-04
-4.595765039027456533e-04
7.784935988752079983e-04
-8.631915948451879955e-04
2.467835634477610895e-04
-7.613518012781587962e-04
-4.296902839726664952e-04
-2.135744735728638787e-04
-8.543306540224823720e-04
4.595725371783054153e-04
1.214306433183764966e-16
-1.951563910473907981e-16
4.163336342344337027e-17
-7.979727989493312634e-17
2.602085213965210642e-16
-5.377642775528101993e-16
4.354155924701785807e-16
-1.595945597898662527e-16
2.237793284010081152e-16
-2.810252031082427493e-16
-1.700029006457270953e-16
6.245004513516505540e-17
3.469446951953614189e-17
3.261280134836397337e-16
-2.411265631607761861e-16
-1.144917494144692682e-16
1.457167719820517959e-16
-1.734723475976807094e-18
2.081668171172168513e-17
1.422473250300981817e-16
3.105155021998484699e-16
-2.393918396847993790e-16
3.226585665316861196e-16
-3.363195139050034754e-16
2.393918396847993790e-16
-2.081668171172168513e-17
-6.591949208711866959e-17
-8.153200337090993344e-17
2.619432448724978713e-16
-1.266348137463069179e-16
7.372574772901430151e-17
6.938893903907228378e-18
1.977584762613560088e-16
2.428612866367529932e-17
-2.810252031082427493e-16
5.377642775528101993e-17
-1.036497276896142239e-16
-1.418136441611039800e-16
-1.448494102440633924e-16
1.110223024625156540e-16
8.673617379884035472e-19
-9.020562075079396891e-17
1.604619215278546562e-16
1.734723475976807094e-18
3.556183125752454544e-16
-1.823628054120618458e-16
-2.125036258071588691e-16
4.423544863740858091e-17
-2.081668171172168513e-16
5.898059818321144121e-17
2.654126918244514854e-16
-1.092875789865388469e-16
-1.604619215278546562e-16
8.500145032286354763e-17
2.480654570646834145e-16
-1.196959198423996895e-16
4.163336342344337027e-17
-6.938893903907228378e-17
4.510281037539698445e-16
-4.666406150377611084e-16
-2.645453300864630819e-16
9.107298248878237246e-18
-2.766883944183007316e-16
-1.301042606982605321e-16
5.030698080332740574e-17
-1.040834085586084257e-17
5.767955557622883589e-16
-1.322726650432315409e-16
-1.830133267155531485e-16
-2.949029909160572061e-17
-1.682681771697502882e-16
5.898059818321144121e-17
1.578598363138894456e-16
-3.157196726277788912e-16
-5.898059818321144121e-17
3.287300986976049444e-16
-3.868433351428279821e-16
4.987329993433320396e-16
1.370431546021677605e-16
-1.734723475976807094e-17
-1.153591111524576718e-16
-4.865899350114943900e-16
1.695692197767328935e-16
7.001777629911387635e-16
-4.128641872824800885e-16
-3.642919299551294898e-17
2.567390744445674500e-16
-3.400058012914541905e-16
3.209238430557093125e-16
2.220446049250313081e-16
-5.308253836489029709e-16
-1.780259967221198281e-16
4.250072516143177381e-16
-1.144917494144692682e-16
-2.758210326803123280e-16
3.226585665316861196e-16
-3.998537612126540353e-16
1.366094737331735587e-16
-4.345482307321901772e-16
1.595945597898662527e-16
1.517883041479706208e-16
1.942890293094023946e-16
-3.035766082959412415e-17
1.023486850826316186e-16
2.749536709423239245e-16
3.074797361168890575e-16
-7.372574772901430151e-18
-5.507747036226362525e-17
-8.066464163292152989e-17
-1.058181320345852328e-16
-2.810252031082427493e-16
1.457167719820517959e-16
-3.749604793323868535e-15
-2.419939248987645897e-15
1.575996277924929245e-15
1.859623566247137205e-15
1.804112415015879378e-16
8.031769693772616847e-16
-2.416469802035692283e-15
-2.983724378680108202e-15
4.639951617368964776e-15
2.817624605855328923e-15
-3.535366444040732858e-15
-2.744332538995308823e-15
-2.879640970121499777e-16
-1.143182770668715875e-15
2.212639793608417449e-15
4.320328816920238069e-15
2.864028458837708513e-15
-1.100682045507284101e-15
-2.433817036795460353e-15
-8.517492267046122834e-16
2.636779683484746784e-16
1.667069260413711618e-15
4.533699804465385341e-15
-5.612264125653965152e-15
-4.232725281383409310e-15
2.895253481405291041e-15
4.633446404334051749e-15
1.748601263784621551e-15
3.001071613439876273e-16
-3.372302437298912992e-15
-4.708906875539042858e-15
4.639517936499970574e-15
4.847684753617187425e-15
-5.800047941928454520e-15
-4.479056014972115918e-15
3.603020659603828335e-15
-5.838211858399944276e-15
6.092348847630546516e-15
-2.749536709423239245e-15
1.811701830223277909e-15
-7.409003965896943100e-15
8.231262893509949663e-15
5.483460907562687225e-15
-4.380176776841437913e-15
-2.014013955609073037e-15
1.213439071445776563e-15
1.126052376343444905e-14
-1.038253684415568756e-14
1.922073611382302261e-15
6.886852199627924165e-16
1.283695372222837250e-16
-6.817463260588851881e-16
-2.138480365010408946e-15
3.050077551636221074e-15
4.092212679829287936e-15
-2.399122567275924212e-15
-3.712308238590367182e-15
-1.594210874422685720e-15
-5.117434254131580929e-16
3.087807787238716628e-15
2.336238841271764954e-15
-3.307250306949782725e-15
-2.046106339914643968e-15
1.362625290379781973e-15
8.465450562766818621e-16
-9.141992718397773388e-16
-1.894318035766673347e-15
4.672477682543529909e-15
-7.476658181460038577e-16
-5.090329199819443318e-15
2.871834714479604145e-15
1.776356839400250465e-15
-1.039099362110107450e-15
1.994931997373328159e-15
-2.348815586472596806e-15
-2.116362640691704655e-15
4.240531537025304942e-15
2.786399583287746395e-16
-1.697426921243305742e-15
-7.181755190543981371e-16
6.852157730108388023e-16
-3.361894096443052149e-15
-1.470611826759338214e-15
2.066923021626365653e-15
3.946495907847236140e-16
8.847089727481716182e-17
-3.903127820947815962e-16
-9.887923813067800438e-17
9.003214840319628820e-16
1.526556658859590243e-16
4.956972332603726272e-16
-9.614704865601453321e-16
-2.706168622523819067e-15
1.666201898675723214e-15
1.420738526825005010e-15
9.020562075079396891e-16
1.677477601269572460e-15
-2.218711325774336274e-15
-4.813857645835639687e-16
1.594644555291679922e-15
6.071532165918824830e-17
-1.452830911130575942e-15
-5.707240235963695341e-16
-1.283695372222837250e-16
1.240327285323417073e-15
1.604619215278546562e-16
-2.881375693597476584e-15
1.458035081558506363e-15
1.734723475976807094e-16
3.712308238590367182e-16
-6.418476861114186249e-17
3.590877595271990685e-16
2.580401170515500553e-15
-3.328934350399492814e-15
-1.496198998029996119e-15
1.250735626179277915e-15
1.554312234475219157e-15
3.955169525227120175e-16
2.099015405931936584e-16
-1.216041156659741773e-15
-2.372234353398283702e-15
2.968979229134305342e-15
1.512678871051775786e-15
-1.058181320345852328e-15
-1.625435896990268247e-15
-6.609296443471635030e-16
-2.489328188026718180e-16
1.418136441611039800e-15
4.514834686664137564e-15
-3.725752345529187437e-15
-3.764349942869671395e-15
3.590010233534002282e-15
1.549108064047288735e-15
-1.111957748101133348e-15
-2.747801985947262438e-15
3.175411322775545386e-15
7.322701472967096947e-15
-7.670296689465949669e-15
2.738261006829389999e-15
-2.980254931728154588e-15
-1.594210874422685720e-15
1.889113865338742926e-15
-7.190428807923865406e-15
5.990000162547914897e-15
9.740472317609771835e-16
-9.011888457699512855e-16
-4.805184028455755652e-16
-5.655198531684391128e-16
-4.224051664003525275e-16
1.587271980518778491e-16
4.263082942213003435e-16
-9.805524447958902101e-16
-8.005748841632964741e-16
6.461844948013606427e-16
1.158795281952507139e-15
3.851086116668511750e-16
4.605690828718422836e-16
1.214306433183764966e-17
-5.455705331947058312e-16
6.266688556966215629e-16
2.237793284010081152e-16
7.927686285214008421e-16
-5.186823193170653212e-16
6.557254739192330817e-16
2.990663272584015431e-15
-3.413068438984367958e-15
-2.740863092043355209e-16
2.247117422693456490e-15
-3.686287386450715076e-16
-1.540434446667404700e-15
3.903127820947815962e-16
-1.141448047192739068e-15
9.350159535514990239e-16
7.650130529057719286e-16
-3.719247132494274410e-15
2.533129955795132560e-15
-8.500145032286354763e-17
-3.139849491518020841e-16
-2.151057110211240797e-16
5.013350845572972503e-16
4.631711680858074942e-16
-6.245004513516505540e-17
6.670011765130823278e-16
-6.392456008974534143e-16
-1.613292832658430598e-16
-1.734723475976807094e-18
3.157196726277788912e-16
-4.440892098500626162e-16
-9.094287822808411192e-16
1.252470349655254722e-15
-1.630640067418198669e-16
-2.133709875451472726e-16
2.775557561562891351e-17
-5.377642775528101993e-17
-6.166941957097549221e-16
8.569533971325427046e-16
8.027432885082674829e-16
-1.255506115738214135e-15
3.261280134836397337e-16
9.731798700229887800e-16
2.237793284010081152e-16
3.642919299551294898e-17
-1.595945597898662527e-16
-9.454242944073598665e-17
-7.372574772901430151e-18
6.242836109171534531e-16
6.782768791069315739e-16
-4.198030811863873168e-16
2.654126918244514854e-16
-4.683753385137379155e-16
-5.694229809893869287e-16
1.002670169114594501e-15
8.656270145124267401e-16
-5.741934705483231483e-16
-1.285430095698814057e-15
-7.754213937616327712e-16
-3.660266534311062969e-16
1.035629915158153835e-15
8.764690362372817845e-16
-1.096345236817342084e-15
-2.862293735361731706e-16
-5.689893001203927270e-16
8.135853102331225273e-16
3.018418848199644344e-16
2.675810961694224943e-15
-1.231653667943533037e-15
-3.346715266028255087e-15
2.491062911502694988e-15
8.578207588705311082e-16
-4.813857645835639687e-16
2.966377143920340131e-16
-5.238864897449957425e-16
1.802377691539902571e-15
-1.689620665601410110e-15
-1.246832498358330099e-15
1.703932134278218768e-15
-2.229119666630197116e-16
-1.031293106468211818e-15
-4.822531263215523722e-16
-1.977584762613560088e-16
-2.220446049250313081e-16
3.391384395534657870e-16
-7.077671781985372945e-16
5.767955557622883589e-16
3.538835890992686473e-16
1.353084311261909534e-16
9.141992718397773388e-16
-1.490127465864077294e-15
8.656270145124267401e-16
-1.122799769825988392e-15
-7.086345399365256981e-16
8.786374405822527933e-16
1.647987302177966740e-16
4.770489558936219510e-16
4.388850394221321949e-16
-1.665334536937734811e-15
5.339262018622115136e-15
-6.231126725708691083e-15
3.712308238590367182e-16
-7.806255641895631925e-18
1.214306433183764966e-15
-1.257674520083185143e-15
-5.207639874882374897e-15
4.910134798752352481e-15
-9.775166787129307977e-16
1.117161918529063769e-15
-5.984795992119984476e-16
8.673617379884035472e-16
-7.216449660063517513e-16
1.288899542650767671e-15
7.355227538141662080e-16
-4.562322741819002658e-16
1.381707248615526851e-15
-9.263423361716149884e-16
-9.263423361716149884e-16
-9.020562075079396891e-17
-3.712308238590367182e-16
1.880440247958858890e-15
8.725659084163339685e-16
-7.988401606873196670e-16
-1.387778780781445676e-17
-6.661338147750939243e-16
-1.734723475976807094e-17
-3.781697177629439466e-16
-7.441963711940502435e-16
5.152128723651117070e-16
-9.913944665207452545e-16
5.724587470723463412e-16
8.803721640582296004e-16
5.377642775528101993e-16
-5.325601071248797780e-16
1.146652217620669489e-15
-2.898722928357244655e-15
5.724587470723463412e-16
3.088241468107710830e-15
-2.440972771133864683e-15
-5.273559366969493567e-16
7.910339050454240351e-16
4.891920202254596006e-16
3.816391647148975608e-16
-2.591676873109349799e-15
2.413867716821727072e-15
2.040034807748725143e-15
-3.711657717286875879e-15
8.847089727481716182e-17
2.602085213965210642e-17
7.806255641895631925e-18
-2.099015405931936584e-16
1.088538981175446452e-16
-8.257283745649601769e-16
-6.088879400678592901e-16
7.910339050454240351e-16
4.510281037539698445e-17
4.874572967494827935e-16
5.100087019371812858e-16
-8.604228440844963188e-16
-2.706168622523819067e-16
1.150989026310611507e-15
6.591949208711866959e-16
-5.828670879282071837e-16
-1.908195823574487804e-17
-3.191891195797325054e-16
1.601149768326592948e-15
6.392456008974534143e-16
-1.938553484404081928e-16
-1.386477738174463070e-15
4.232725281383409310e-16
1.856154119295183591e-16
-2.376571162088225719e-16
1.613292832658430598e-16
-5.256212132209725496e-16
-9.020562075079396891e-16
-4.943961906533900219e-17
2.096630161152468474e-15
-1.020017403874362572e-15
-2.445960101127298003e-16
9.029235692459280926e-16
-3.178013407989510597e-15
-9.575673587391975161e-16
1.807148181098838791e-15
1.595945597898662527e-15
-1.263746052249103968e-15
-6.938893903907228378e-18
-9.887923813067800438e-17
-4.570996359198886694e-16
1.392115589471387693e-15
6.205973235307027380e-16
-6.201636426617085363e-16
-3.256943326146455320e-15
1.483188571960170066e-15
5.325601071248797780e-16
4.093947403305264743e-16
-4.766152750246277492e-15
4.305583667374435208e-15
3.343679499945295674e-16
1.270034424849519894e-15
-2.461572612411089267e-15
1.021752127350339379e-15
-4.128641872824800885e-16
3.799044412389207537e-16
1.008741701280513325e-15
7.806255641895631925e-17
4.701967981635135629e-15
-4.943961906533900219e-15
5.646524914304507092e-16
-6.192962809237201327e-16
6.609296443471635030e-16
-6.626643678231403101e-16
4.597017211338538800e-17
-2.593411596585326606e-16
-6.591949208711866959e-16
1.080732725533550820e-15
3.712308238590367182e-16
2.515349040166370287e-16
-1.058181320345852328e-16
-2.359223927328457648e-16
-1.140580685454750665e-15
-3.152859917587846894e-16
1.700029006457270953e-16
6.869504964868156094e-16
-4.614364446098306871e-16
-1.821459649775647449e-16
6.609296443471635030e-16
3.538835890992686473e-16
-2.209604027525458037e-16
-1.221679007956666396e-15
1.133641791550843436e-15
-9.540979117872439019e-17
-2.341876692568689577e-16
2.046973701652632371e-16
-3.738329090730019288e-16
9.779503595819249995e-16
-3.790370795009323501e-16
6.826136877968735917e-16
-3.348016308635237692e-16
-2.255140518769849223e-17
-2.688821387764050996e-17
-3.209238430557093125e-16
4.683753385137379155e-16
4.076600168545496672e-16
4.544975507059234587e-16
1.483188571960170066e-16
-4.163336342344337027e-17
4.857225732735059864e-17
6.938893903907228378e-18
-4.753142324176451439e-16
-9.714451465470119729e-17
-7.632783294297951215e-17
-3.035766082959412415e-17
6.236330896136621504e-16
1.006139616066548115e-16
4.510281037539698445e-17
8.933825901280556536e-17
-2.203098814490545010e-16
4.250072516143177381e-16
-1.058181320345852328e-16
-3.504141421473150331e-16
-2.428612866367529932e-16
8.847089727481716182e-17
-1.613292832658430598e-16
8.396061623727746337e-16
-6.071532165918824830e-17
4.852888924045117847e-16
1.092008428127400066e-15
-8.326672684688674053e-16
3.989863994746656317e-17
5.204170427930421283e-18
-6.765421556309547668e-17
4.267419750902945452e-16
-2.688821387764050996e-16
3.287300986976049444e-16
4.237062090073351328e-16
-5.048045315092508645e-16
1.387778780781445676e-16
0.000000000000000000e+00
4.163336342344337027e-17
-2.758210326803123280e-16
-5.204170427930421283e-17
1.422473250300981817e-16
-3.105155021998484699e-16
1.942890293094023946e-16
-3.608224830031758756e-16
-3.417405247674309976e-16
-3.642919299551294898e-17
2.966377143920340131e-16
-3.868433351428279821e-16
2.125036258071588691e-16
-5.325601071248797780e-16
6.418476861114186249e-17
4.631711680858074942e-16
-3.105155021998484699e-16
6.271025365656157646e-16
-9.241739318266439795e-16
-7.324869877312067956e-16
3.278627369596165408e-16
6.591949208711866959e-16
-4.544975507059234587e-16
7.806255641895631925e-17
6.409803243734302214e-16
-1.022619489088327782e-15
6.286204196070954708e-16
4.076600168545496672e-16
9.540979117872439019e-18
-5.698566618583811305e-16
-1.490127465864077294e-15
-1.734723475976807094e-17
-3.178880769727499001e-16
8.222589276130065628e-16
-7.372574772901430151e-17
-5.854691731421723944e-16
-1.238592561847440265e-15
1.335737076502141463e-15
8.448103328007050550e-16
-1.786765180256111307e-16
4.861562541425001882e-16
-4.141652298894626938e-16
6.262351748276273611e-16
-3.313321839115701550e-16
1.020017403874362572e-15
-8.448103328007050550e-16
-2.289834988289385365e-16
-2.289834988289385365e-16
9.887923813067800438e-16
-2.567390744445674500e-16
4.336808689942017736e-16
-6.071532165918824830e-17
-1.283695372222837250e-16
-3.400058012914541905e-16
-4.649058915617843013e-16
3.677613769070831040e-16
-7.884318198314588244e-16
-4.779163176316103545e-16
5.689893001203927270e-16
-1.422473250300981817e-16
-1.387778780781445676e-17
5.204170427930421283e-16
8.834798628680768512e-04
-7.162792669498443954e-04
5.546484965144090479e-04
-8.790414508570397467e-04
-9.876911105350261871e-05
-5.276082445663612432e-04
-6.951675499331042701e-04
1.330339803963971612e-04
-8.834586981373657860e-04
7.162970404862023521e-04
-5.546505908908573590e-04
8.790354129453187976e-04
9.878781831643016278e-05
5.276248005989764116e-04
6.951650422044224412e-04
-1.330347739668192100e-04
