-1.969523450355713939e-02
-1.969306161522280108e-02
-1.969262586932863518e-02
-1.969104486904675946e-02
-1.969114334123210977e-02
-1.969350028782147419e-02
-1.969391356441322141e-02
-1.969534666116405999e-02
-1.969527468803042650e-02
-1.969304419751675972e-02
-1.969261384879635382e-02
-1.969105183075854984e-02
-1.969112056194512184e-02
-1.969350579530420794e-02
-1.969395587897056210e-02
-1.969532760149524803e-02
2.203098814490545010e-16
1.196959198423996895e-16
1.354819034737886341e-15
-2.116362640691704655e-15
-3.634245682171410863e-15
4.128641872824800885e-15
-3.191891195797325054e-15
-1.070324384677689977e-15
1.103284130721249312e-15
2.373101715136272105e-15
2.569125467921651307e-15
-5.152128723651117070e-16
-1.538699723191427893e-15
2.126770981547565498e-15
-2.100750129407913391e-15
-3.106889745474461506e-15
1.270164529110218155e-14
-3.212707877509046739e-15
-1.116988446181466088e-14
3.276025284382200198e-15
1.241021174713807795e-14
1.445024655488680310e-15
-1.110743441667949583e-14
2.090341788552052549e-16
1.320644982261143241e-14
-3.312454477377713147e-15
-1.256113268954806017e-14
2.033095913844817915e-15
1.333048255114377412e-14
-1.174407793236298403e-15
-1.109962816103760019e-14
-1.226449497515602616e-15
2.988061187370050220e-16
7.871307772244762191e-16
-3.585239743975066062e-15
1.358722162558834157e-15
-4.813857645835639687e-16
1.629339024811216063e-15
1.062734969470291446e-15
-7.944599839104782291e-15
3.248269708766571284e-16
1.445024655488680310e-15
-2.946210983512109749e-15
1.156843718042033231e-15
2.194858877979655176e-15
4.965645949983610308e-16
5.434021288497348223e-16
-7.055770898101165756e-15
4.704353226414603739e-15
-1.458902443296494766e-15
-1.278751410316303350e-14
-1.109355662887168137e-15
7.520676789662950057e-15
-4.123004021527876262e-15
-1.390380865995410886e-15
3.780396135022456860e-15
3.174327120603059882e-15
-2.352718714293544622e-16
-1.019366882570871269e-14
-1.168553101504876679e-15
8.499060830113869258e-15
-4.152928001488476184e-15
-1.997317242152796268e-15
5.938392139137604886e-15
7.684824998577255428e-16
1.966742740888705043e-15
-3.874938564463192847e-16
-2.622468214807938125e-15
9.840218917478438243e-16
7.593752016088473056e-16
-7.485331798839922612e-16
3.486360505844388058e-15
-2.736526283353413191e-16
3.728137590308655547e-15
-1.445024655488680310e-15
-1.201296007113938913e-15
1.536314478411959783e-15
1.286731138305796662e-15
-1.425075335514947028e-15
2.688821387764050996e-15
-1.565587937069068403e-15
5.069729358542218733e-16
6.473120650607455673e-15
-9.462916561453482700e-16
-3.985527186056714299e-16
2.057815723377487416e-16
-3.156329364539800508e-15
-1.537832361453439489e-15
-1.864827736675067626e-15
9.285107405165859973e-16
5.442261225008238057e-15
-1.423774292907964423e-15
-2.259911008328785442e-15
-3.215743643592006151e-16
-4.142302820198118241e-15
-2.653693237375520653e-15
1.510510466706804777e-15
-5.437924416318296039e-15
-1.380839886877538447e-15
-4.865031988376955496e-15
5.462644225850965540e-15
5.849270720559296421e-15
8.437261306282195505e-16
6.318730261245519841e-16
-9.584347204771859197e-16
-6.167158797532046322e-15
-1.143616451537710077e-15
-3.941942258722797021e-15
4.259613495261049820e-15
5.372004924231177370e-15
-6.765421556309547668e-16
-2.641116492174688801e-16
-3.070243712044451456e-15
5.926899596109258539e-15
4.484477025834543440e-15
-1.675092356490104351e-15
-1.247374599444572851e-14
-1.111740907666636247e-15
7.650564209926713488e-15
-3.755025804186296057e-15
-2.763631337665550802e-15
5.610095721308994143e-15
5.631996605193201333e-15
-2.295906520455304189e-15
-1.248176909052212125e-14
-1.886511780124777715e-17
9.000395914671166508e-15
-5.572365485706498589e-15
-2.550043509685906429e-15
-6.935858137824268965e-15
6.458809181930647014e-15
9.347557450301025028e-15
-3.164569301050690342e-15
1.973247953923618070e-16
-5.149743478871648961e-15
-2.353802916466030126e-15
-1.253554551827740227e-15
-7.868922527465294081e-15
8.490820893602979424e-15
9.861252439624657029e-15
-1.377587280360081934e-15
-4.080936977235438690e-16
-6.049414441600120540e-15
-2.506892263220983352e-15
7.409220806331440201e-15
9.865372407880101946e-15
-9.279035872999941148e-15
-1.211270667100805554e-15
7.969970169940943094e-15
2.103352214621878602e-16
-8.834946663149878532e-15
-5.949234160862459930e-15
7.011535449463757175e-15
9.010587415092530250e-15
-5.625491392158288306e-15
-4.332905562121069920e-15
4.443494183714591372e-15
5.470884162361855374e-16
-8.302169715590501653e-15
-3.949965354799189754e-15
4.310787837802365630e-15
4.141652298894626938e-15
-1.123818919868124766e-14
-3.639449852599341284e-15
3.089542510714693435e-15
4.141869139329124039e-15
3.351919436456185508e-15
7.147060721024445229e-16
6.526029716624748289e-15
2.471980953266950110e-15
-1.129391719034700259e-14
-1.885861258821286413e-15
2.919322769634469239e-15
1.612859151789436396e-15
1.715424677306565115e-15
1.296055276989172000e-15
1.435093363588713089e-14
2.286647433902277982e-14
-5.410385681137164227e-15
-8.218469307874620711e-15
-1.688102782559930404e-14
-2.118119048211131172e-14
5.411036202440655529e-15
5.078402975922102769e-16
1.610604011270666547e-14
2.500842415098514238e-14
-8.842102397488282861e-15
-6.905500476994674841e-15
-1.301129343156404161e-14
-1.951000125344215519e-14
6.054401771593553860e-15
3.991815558657130225e-15
-3.005451790216717711e-14
-1.380904939007887577e-14
2.206958574224593406e-14
1.987429318339728468e-14
1.433532112460333963e-14
7.899497028729385306e-15
-9.327608130327291747e-15
-1.214414853401013517e-14
-2.763978282360746164e-14
-1.263138899032512086e-14
2.254728521944304731e-14
1.798951612674848377e-14
1.271530623847549890e-14
7.162022711004745190e-15
-1.408075045450374319e-14
-8.655619623820776098e-15
-1.070476172981837948e-14
-9.961432720362317639e-15
-4.066365300037233510e-14
-4.565792188770956272e-14
2.404651998355600284e-14
5.850138082297284825e-15
3.131219242225036226e-14
4.884113946612700374e-14
-1.092225268561897167e-14
-9.596490269103696846e-15
-3.839116524684271781e-14
-4.372695781851287933e-14
2.356231529332397656e-14
7.062709792005072984e-15
2.519447324378365494e-14
5.010119923098965700e-14
4.193390426565635209e-14
3.292700313795027256e-14
3.117710083155866840e-14
1.699074908545483709e-14
-3.639406484512441864e-14
-2.650332210640815589e-14
-3.275548235426306576e-14
-2.601456376705169049e-14
4.194821573433316075e-14
3.005950523216061043e-14
3.190850361711738969e-14
1.557326316514728859e-14
-3.646041801808053151e-14
-2.618630139117339439e-14
-3.303021918477089258e-14
-2.377460207869663833e-14
-4.392406577347074403e-14
-5.202392336367545056e-14
2.189698075638624175e-14
7.622808634311084575e-15
2.312733338172279218e-14
4.753814529523392451e-14
-1.579465724876882859e-15
-4.866333030983938102e-15
-3.847660037803457556e-14
-5.493782512244749228e-14
2.599830073446440792e-14
9.586732449551327306e-15
2.652131986247141526e-14
4.978027538793394768e-14
-6.287288398243440213e-15
-3.244800261814617670e-15
2.274287529135943231e-14
1.949005193346842191e-14
-3.063239766010195098e-14
-1.825579618031092366e-14
-2.654517231026609636e-14
-2.813417901426085166e-14
3.579168211809147238e-14
2.333246443275704962e-14
2.546248802082207163e-14
1.932135007542967742e-14
-3.417491983848108816e-14
-1.877599638266946869e-14
-3.016163707680874495e-14
-2.644347414648695604e-14
2.948899804899873800e-14
2.761137672668834142e-14
9.874479706128980183e-15
-3.786033986319381484e-16
2.595189688148202833e-14
3.383751612240359918e-14
-1.067071778160233464e-14
3.113394958509374533e-15
-2.320040860814831518e-14
-2.877212357255132247e-14
9.191432337463112390e-15
-1.779392605483209877e-15
2.011715447003403767e-14
3.464806566655376230e-14
-1.173388643194162029e-14
4.642770543017427087e-15
-2.133319562669377945e-14
-2.964620736400913614e-14
-1.875669758399922671e-15
-1.257717888170084564e-14
-1.282762958354499716e-14
4.319027774313255463e-15
3.867999670559285619e-15
8.197652626162899026e-15
4.791089400213444094e-15
8.877447388311310306e-16
-4.992100482992256616e-15
-1.162568305512756694e-14
-1.255896428520308916e-14
1.678778643876555066e-15
7.651865252533696093e-15
3.483324739761428646e-15
7.140121827120538001e-15
-2.254706837900855021e-15
2.056514680770504810e-15
-1.150121664572623104e-15
-1.153287534916280777e-14
8.166210763160819397e-16
6.444931394122832558e-15
9.501730999228463759e-15
-4.234243164424889017e-15
-1.804546095884873580e-15
1.439603644626252787e-15
1.842493171921866235e-15
-3.937605450032855003e-15
-4.667924033419090790e-15
7.822301834048417390e-15
7.653599976009672901e-15
-6.075868974608766848e-16
-6.346485836861148755e-15
1.992720224941457730e-14
1.962124039633916794e-14
-2.587340064419407781e-14
-2.194880562023104886e-14
-1.497760249158375245e-14
-9.043764001570586686e-15
2.319758968249985287e-14
1.763107888852477600e-14
1.911665270526441418e-14
1.906005735186067085e-14
-2.676569903214964796e-14
-1.674008154317618846e-14
-2.095654379197231520e-14
-8.367438686374129020e-15
2.152271416644424562e-14
1.652801159823802379e-14
1.632006162155530404e-14
5.049563198133988351e-15
3.703049152037340974e-14
4.899401197244745987e-14
-1.945058697438994955e-14
-1.615461237003401607e-15
-3.815784493932383725e-14
-5.033538690024652595e-14
1.691333705033937207e-14
8.889373612208650854e-15
3.136510148826765487e-14
5.072635020364479885e-14
-1.851188473345199981e-14
5.416674053737580152e-16
-3.775300384811774990e-14
-5.345160078440436280e-14
-4.101124821687118782e-14
-3.346910422419302478e-14
-3.067077841700793783e-14
-1.783252365217258273e-14
3.043095289645414425e-14
3.080521948639614038e-14
3.803663113643995786e-14
1.949200349737889582e-14
-4.330433581167802970e-14
-2.968892492960506502e-14
-2.440452354091071641e-14
-2.255617567725742845e-14
2.727462353191434374e-14
3.245298994813961002e-14
4.110882641239488322e-14
1.351436323959731567e-14
4.503558984070288318e-14
5.621870156902186721e-14
-2.715644549511342376e-14
-3.537101167516709666e-15
-2.657531313066119338e-14
-5.558466013855234422e-14
9.805741288393399202e-15
1.230352625336550432e-15
4.394141300823051211e-14
5.223122281905467901e-14
-2.323423571592986292e-14
-5.885049392251318068e-16
-2.837313717307665684e-14
-5.758219422113963759e-14
1.363145707422575015e-14
1.692222750815375321e-15
-2.934328127701668620e-14
-8.356596664649273976e-15
2.061610430981186681e-14
1.453438064347167824e-14
3.687848637579094202e-14
2.568821891313355366e-14
-3.166520864961164250e-14
-2.387695076377926995e-14
-2.290225301071480146e-14
-1.474319798189238639e-14
2.091274202420390083e-14
1.576711851358769678e-14
3.461575644181369427e-14
2.089452742770614435e-14
-3.190178156364797957e-14
-2.424818158763830667e-14
-2.160554721242213816e-14
-4.897558053551520629e-15
-1.426419746208829054e-14
-3.544517110376510516e-14
1.130822865902381125e-15
9.520379276595214435e-15
3.136900461608860269e-14
3.139545914909724900e-14
-2.134013452059768667e-14
-6.375759295518257375e-15
-1.314811974573171227e-14
-3.242415017035149560e-14
1.653408313040394262e-15
6.173880851001456449e-15
3.219364878848107736e-14
3.487423023973423852e-14
7.026714279878554237e-15
-5.003376185586105862e-15
1.978235283917051390e-14
1.561186076248777255e-14
-1.607199616449062063e-14
-1.784358251433193487e-14
-9.111635057568179263e-15
5.994553811672354016e-15
7.065095036784541094e-15
-3.596081765699921107e-15
1.531760829287520664e-14
1.663231184723112932e-14
-1.239958656584772001e-14
-2.163048386238930476e-14
-9.354713184639429358e-15
2.549176147947918025e-15
-2.313253755215072260e-15
-8.923200719990198593e-15
-8.105495441501631149e-16
9.777118351039781885e-15
1.082966182008870959e-14
1.142618985539023413e-14
-8.045647481580431304e-15
-7.078539143723361349e-15
-4.230556877038438301e-15
-9.375529866351151043e-15
-2.966377143920340131e-15
6.568096760917185861e-15
1.375267087710962954e-14
9.425620006719981347e-15
-9.518427712684740527e-15
-6.815945377547372175e-15
4.085056945490883606e-15
-2.629623949146342454e-15
2.084703937255127926e-15
2.491496592371689189e-15
-9.766493169749423942e-16
-2.189654707551724755e-15
-6.014936812515081499e-15
-1.721713049906981041e-16
6.913306732636570473e-15
-2.749103028554245043e-15
-6.936725499562257369e-16
3.791671837616306107e-15
-7.498342224909748666e-16
1.752721232040066468e-15
-9.787960372764636929e-15
2.522504774504774616e-15
1.334219193460661756e-15
1.711738389920114400e-15
4.566659550508944676e-16
4.293440603042597559e-16
-1.838373203666421318e-15
-6.639870944735726255e-15
2.861209533189246201e-15
3.125971703710206384e-15
-4.572297401805869299e-15
3.995501846043580940e-15
-3.911801438327699998e-16
-1.688970144297918807e-15
-4.620002297395231494e-15
-4.907099032669393068e-16
3.222032016192422077e-15
2.350550309948573613e-15
-3.166304024526667149e-15
7.289308046054543411e-15
-9.684093804640525605e-16
8.157537145780935361e-15
-5.640019701269594066e-15
-9.625546887326308365e-16
2.186618941468765343e-15
2.797241605012601440e-16
1.224281093170631607e-15
4.713894205532476178e-15
8.157537145780935361e-15
5.314542209089445635e-15
-6.113165529342268201e-15
4.540638698369292570e-16
2.363127055149405464e-15
-2.443791696782326994e-15
-5.184437948391185103e-15
2.284630817861454943e-15
-1.080342412751456038e-14
4.998822536461666743e-15
3.470314313691602592e-15
-5.854691731421723944e-16
1.957635442639826806e-15
3.617982649584128296e-15
3.521922337101912603e-15
-7.196934020958778433e-15
3.760013134179729377e-16
-6.097553018058476937e-15
3.644003501723780403e-15
-6.709043043340301438e-16
2.933851078745774998e-15
5.110061679358679498e-15
-3.148523108897904876e-16
9.403068601532282855e-15
-1.760961168550956302e-15
-4.389717755959310352e-15
-2.493664996716660198e-16
-5.485846152342155335e-15
9.086481567166515561e-15
-9.562663161322149108e-15
1.588139342256766895e-15
1.708702623837154988e-15
3.574180881815713917e-15
-7.405100838075995284e-15
1.110439865059653641e-15
-4.896257010944538024e-15
1.379105163401561640e-16
-4.347650711666872780e-15
-5.232793365284038600e-15
-1.027389978647264002e-15
9.246076126956381813e-15
3.474867962816041711e-15
3.047475466422255863e-15
-1.205307555152135279e-14
3.209672111426087326e-15
-2.603819937441187449e-15
-6.744604874597825983e-15
-1.934216675714139910e-15
9.558326352632207090e-16
2.755608241589158069e-15
-1.741662369880714323e-15
9.755651148024568897e-16
7.216449660063517513e-16
-2.806348903261479677e-15
-6.710777766816278245e-15
-1.844835048614434925e-14
9.465084965798453709e-16
5.646091233435512891e-15
8.191797934431477302e-15
3.991815558657130225e-15
6.138969541047423206e-15
9.835014747050507822e-15
-4.402728182029136406e-15
-1.108661773496777414e-14
9.827208491408612190e-16
3.332837478220440630e-15
5.273125686100499365e-15
4.732759323333723955e-15
1.569057384021022017e-15
6.012551567735613389e-15
1.043371118669700337e-14
-1.164216292814934661e-15
-3.580902935285124045e-15
5.992819088196377209e-15
-2.728720027711517560e-15
-3.727920749874158446e-15
4.958490215645205978e-15
3.287734667845043646e-15
8.652150176868822484e-15
5.449200118912145285e-16
1.631290588721689971e-15
2.791386913281179716e-15
-5.975688693871106238e-15
4.015884846886308424e-16
2.992831676928986440e-15
6.179085021429386870e-15
-8.517492267046122834e-16
-8.963316200372162257e-15
-1.007353922499731880e-14
1.303557956022771691e-14
-2.935152121352757604e-15
-1.261143967035138758e-15
8.118505867571457202e-16
2.406061461179831440e-15
-3.517151847542976384e-15
-6.827004239706724320e-15
-1.159055490473903660e-14
1.087151202394665006e-14
-4.106957829375090796e-15
-6.744604874597825983e-15
2.293304435241338979e-15
4.600486658290492414e-15
6.114900252818245008e-15
-1.994931997373328159e-16
-6.836545218824596759e-15
5.035902250760670995e-15
-4.623038063478190907e-15
-6.621439507803472679e-15
-3.972516759986888246e-16
3.566591466608315386e-15
-1.821459649775647449e-15
7.589415207398531038e-15
-4.626507510430144521e-15
7.761152831520234940e-15
1.335737076502141463e-15
-9.221789998292706514e-15
-1.316655118266396585e-15
4.028027911218146073e-15
1.969520897603806164e-02
1.969460783767198672e-02
1.969417507207463919e-02
1.969148164590361905e-02
1.969126891796103146e-02
1.969187495018205267e-02
1.969229889652836241e-02
1.969498972152008628e-02
1.969521004402241537e-02
1.969459286695119521e-02
1.969416343600672095e-02
1.969149077986446714e-02
1.969126577093223071e-02
1.969185403347880822e-02
1.969229140957816371e-02
1.969499075589318735e-02
