-2.668331057189083505e-02
-2.668450156910375654e-02
-2.668425712554777299e-02
-2.668255916790937890e-02
-2.668140492771943137e-02
-2.668043444644201470e-02
-2.668068295499474371e-02
-2.668223252296960529e-02
-2.668341109830392119e-02
-2.668450191507895641e-02
-2.668422106702118476e-02
-2.668252213322453922e-02
-2.668136086605804938e-02
-2.668048752526283249e-02
-2.668078235735928810e-02
-2.668219229076368784e-02
-1.713906794265085409e-15
1.042568809062061064e-15
3.799044412389207537e-16
-2.628106066104862748e-15
-1.920338887906325454e-15
9.853229343548264296e-16
-4.041905699025960530e-16
-2.312386393477083857e-15
-1.746866540308644744e-15
1.238592561847440265e-15
6.938893903907228378e-17
-2.383510055992132948e-15
-1.439820485060749888e-15
1.044303532538037871e-15
3.816391647148975608e-17
-2.138914045879403147e-15
7.650130529057719286e-16
1.613292832658430598e-16
-1.986258379993444123e-15
-1.284562733960825653e-15
4.952635523913784255e-16
6.253678130896389575e-16
-2.164934898019055254e-15
-1.200428645375950509e-15
2.489328188026718180e-16
1.561251128379126385e-16
-1.872633992316963258e-15
-1.026088936040281396e-15
2.706168622523819067e-16
2.229119666630197116e-16
-1.841408969749380731e-15
-8.873110579621368288e-16
-9.534473904837525993e-16
-4.180683577104105098e-16
-7.827939685345342014e-16
1.899522206194603768e-16
-1.130822865902381125e-15
-6.565928356572214852e-16
-7.251144129583053655e-16
6.158268339717665185e-17
-5.993469609499868511e-16
-9.233065700886555760e-16
-1.123667131563976795e-15
3.016250443854673335e-16
-9.081277396738585139e-16
-7.060324547225604874e-16
-5.813492048867274775e-16
-5.258380536554696505e-16
4.800847219765813634e-16
-7.329206686002009974e-17
2.350550309948573613e-16
1.965441698281722438e-15
1.045170894276026274e-16
-2.255140518769849223e-16
9.050919735908991015e-16
1.182647729747188237e-15
3.139849491518020841e-16
-2.662800535624398890e-16
1.190887666258078070e-15
1.377370439925584833e-15
-4.857225732735059864e-17
-1.257674520083185143e-17
1.541301808405393103e-15
1.147519579358657893e-15
9.517343510512255023e-15
1.146001696317178187e-15
-1.273503871801473508e-15
7.760068629347749436e-15
1.011690731189673897e-14
1.364793694724752982e-15
-3.616898447411642792e-16
6.513019290554922236e-15
9.046582927219048997e-15
1.104585173328231917e-15
-1.019150042136374168e-16
6.133982211053989886e-15
9.440365156265784208e-15
7.454974138010328488e-16
1.235990476633475055e-16
6.492853130146691853e-15
-2.402592014227877826e-16
2.566523382707686096e-15
-7.203439233993691460e-15
-1.014292816403639108e-14
-4.839878497975291793e-16
1.365227375593747183e-15
-7.613701336062206337e-15
-8.124577399737376027e-15
-6.479192182773374498e-16
1.458035081558506363e-15
-6.146992637123815939e-15
-9.463783923191471104e-15
1.214306433183764966e-16
9.619041674291395339e-16
-7.083743314151291770e-15
-9.756952190631551503e-15
1.821459649775647449e-17
-3.306382945211794322e-15
-1.250735626179277915e-15
3.590010233534002282e-15
1.552577510999242349e-15
-2.295039158717315786e-15
-2.780761731990821772e-15
3.179748131465487404e-15
8.252946936959659752e-16
-2.870533671872621539e-15
-1.909930547050464611e-15
2.751271432899216052e-15
1.285430095698814057e-15
-2.563921297493720886e-15
-1.068155980332718968e-15
3.029694550793493590e-15
-3.443426099813962082e-15
-2.470246229790973302e-15
3.777794049808491650e-15
2.662800535624398890e-15
-2.804614179785502870e-15
-1.645385216964001529e-15
3.720981855970251218e-15
3.637715129123364477e-15
-2.180547409302846518e-15
-2.469812548921979101e-15
3.900092054864856550e-15
2.543104615781999200e-15
-2.584737979205442571e-15
-1.749468625522609955e-15
3.797309688913230730e-15
5.128709956725430175e-15
2.942524696125659034e-15
-3.717512409018297603e-15
-2.688821387764050996e-15
2.074729277268261285e-15
2.242997454438011573e-15
-2.862727416230725908e-15
-4.132978681514742902e-15
2.707035984261807471e-15
1.588573023125761097e-15
-3.160232492360748324e-15
-1.948961825259942771e-15
1.407728100755178957e-15
9.718788274160061746e-16
-2.805047860654497072e-15
-5.573666528313481194e-15
3.505876144949127138e-15
6.066761676359888611e-15
4.940058778712952403e-15
-3.238728729648698845e-15
-3.713175600328355586e-15
4.720182578132892104e-15
6.464880714096565839e-15
-4.662069341687669066e-15
-1.054711873393898713e-15
5.025493909904810153e-15
4.682452342530396550e-15
-2.228252304892208713e-15
-2.751271432899216052e-15
4.566225869639950474e-15
7.089381165448216393e-15
-3.040102891649354433e-15
-4.091345318091299532e-15
-5.707673916832689542e-15
4.141652298894626938e-16
-9.436895709313830594e-16
-4.576634210495811317e-15
-5.209808279227345906e-15
4.987329993433320396e-16
-2.520553210594300708e-15
-2.990663272584015431e-15
-4.574465806150840308e-15
-1.439386804191755687e-15
4.436555289810684144e-16
-6.827004239706724320e-15
-5.058453655948369487e-15
-1.003537530852582904e-15
-6.735063895479953544e-16
-4.920543139608213323e-15
-2.016616040823038247e-16
3.396588565962588291e-15
6.282301068250006892e-15
3.786467667188375685e-15
1.326196097384269024e-15
3.124236980234229577e-15
4.018053251231279432e-15
5.917141776556888999e-15
1.434182633763825265e-15
7.129713486264677158e-16
6.604959634781693012e-15
4.445662588059562381e-15
1.280225925270883636e-15
3.005408422129818291e-15
4.594415126124573590e-15
5.075367209839143356e-15
-1.769417945496343236e-15
-3.923510821790543446e-15
1.208234901017846141e-15
9.705777848090235693e-16
-1.769417945496343236e-15
-2.249502667472924600e-15
-4.735795089416683368e-16
1.729952986417870875e-15
-3.400058012914541905e-16
-2.385244779468109755e-15
1.235123114895486651e-15
3.265616943526339355e-15
-1.376503078187596429e-15
-2.284197136992460742e-15
2.500170209751573225e-15
2.479353528039851540e-15
-3.995935526912575142e-15
-5.172511724493844554e-15
6.891189008317866183e-16
-1.827097501072572072e-15
-5.301314942585122481e-15
-3.950832716537178158e-15
-1.436351038108796274e-15
-5.017687654262914521e-16
-4.458673014129388434e-15
-7.297114301696439043e-15
-2.364428097756388070e-15
-1.075962235974614600e-15
-4.355890648177762614e-15
-7.699136467254064087e-15
-1.909063185312476207e-15
-1.041267766455078458e-15
1.311450947838466163e-14
3.927413949611491262e-15
1.606353938754523369e-15
9.706645209828224097e-15
1.311364211664667323e-14
2.882243055335464987e-15
-9.419548474554062523e-16
1.124230916693669258e-14
1.514890643483646215e-14
2.278125604826541917e-15
-2.515349040166370287e-17
1.072102476240566205e-14
1.439560276539353367e-14
3.689756833402668690e-15
3.733992282040077271e-16
1.231957244551828978e-14
2.166669621495032061e-15
5.293075006074232647e-15
-1.015940803705817075e-14
-1.342068817189456809e-14
6.932822371741309553e-15
6.307454558651670595e-15
-1.237031310719061139e-14
-1.295534859946378958e-14
7.040375227251871593e-15
4.611328680015347459e-15
-1.018803097441178807e-14
-1.254031600783633849e-14
4.758780175473376062e-15
3.580469254416129843e-15
-1.260016396775753833e-14
-1.305379415672547339e-14
-2.988494868239044422e-15
-1.981921571303502105e-15
2.259043646590797039e-15
-2.936886844828734411e-15
-4.509413675801710042e-15
2.779027008514844965e-15
1.222980050563649002e-15
-2.477618804563874733e-15
-6.869504964868156094e-16
-1.504438934540885953e-15
1.788066222863093913e-15
-2.095979639848977172e-15
1.710437347313131795e-15
-1.012211148232466940e-15
8.439429710627166514e-16
-2.168404344971008868e-18
1.778091562876227272e-16
-1.749902306391604156e-15
8.115903782357491991e-15
8.365270282029158011e-15
-3.347582627766243490e-15
-2.566957063576680298e-15
9.729630295884916791e-15
7.763321235865205949e-15
-1.886511780124777715e-15
-2.840609691912021617e-15
1.050418432790856116e-14
6.424548393280105074e-15
1.108488301149179733e-15
-2.075162958137255487e-15
6.562025228751267036e-15
1.369043767240896159e-14
-1.362191609510787771e-15
-6.913306732636570473e-15
-4.732325642464729754e-15
4.449565715880510197e-16
-1.831867990631508292e-15
-3.211840515771058335e-15
-6.240234023957569320e-15
8.196568423990413521e-17
4.466912950640278268e-16
-6.589347123497901748e-15
-5.775328132395785019e-15
-2.733924198139447981e-15
-1.212571709707788159e-15
-4.612629722622330064e-15
-8.080341951099967446e-15
4.163336342344337027e-17
5.708107597701683744e-15
4.155530086702441395e-15
3.734859643778065674e-15
2.324963138677915708e-15
3.065690062920012338e-15
3.350618393849202903e-15
2.076464000744238092e-15
4.720182578132892104e-15
2.208302984918475431e-15
1.619364364824349423e-15
4.400993458553159599e-15
4.103922063292131384e-15
6.665674956440881260e-15
8.543513119185774940e-16
5.551115123125782702e-17
4.296476369125556971e-15
-1.724315135120946252e-15
-5.132179403677383789e-15
-4.824265986691500530e-15
-3.472482718036573601e-15
-8.586881206085195117e-17
-1.535230276239474279e-15
-1.028127236124554145e-14
-1.602017130064581352e-15
-2.281161370909501329e-16
-5.901095584404103533e-15
-5.443562267615220662e-15
-8.997143308153709995e-15
-2.598182086144262826e-15
1.462805571117442582e-15
-7.766357001948165362e-15
-2.671907833873277127e-15
2.303712776097199821e-15
3.222248856626919178e-16
-1.441555208536726695e-15
-5.473052566706826383e-16
-4.692427002517263190e-16
3.941291737419305719e-15
-8.066464163292152989e-16
1.815821798478722826e-15
1.765514817675395420e-15
1.802811372408896773e-15
2.158863365853136429e-15
9.987670412936466846e-16
-2.070826149447313469e-15
-2.688821387764050996e-17
-5.646524914304507092e-16
1.191755027996066474e-15
-2.407796184655808247e-15
3.929148673087468069e-15
5.159067617555024299e-15
4.975186929101482747e-15
1.546505978833323525e-15
1.925543058334255875e-16
3.597816489175897914e-15
8.977627669048970915e-15
9.658072952500873498e-16
1.635844237846129090e-15
7.533904056167273211e-15
7.223388553967424741e-15
1.654058834343885565e-15
6.210310043996969398e-16
4.437422651548672548e-15
6.542075908777533755e-15
-1.100074892290692219e-14
-1.102937186026053951e-14
-3.598683850913886317e-15
1.387778780781445676e-17
-9.932592942574203221e-15
-1.161440735253371770e-14
-7.458009904093287901e-15
4.358492733391727825e-16
-1.124838069910261140e-14
-1.454305426085156228e-14
-3.220080452281948169e-15
-2.818925648462311528e-16
-7.847889005319075295e-15
-1.278404465621107988e-14
-3.447762908503904100e-15
1.346145417358002305e-15
5.878110498347410839e-15
6.192962809237201327e-16
1.581200448352859667e-15
5.444429629353209066e-15
5.170777001017867747e-15
1.820592288037659046e-15
1.827964862810560476e-15
2.711372792951749489e-15
6.196432256189154941e-15
1.518750403217694611e-15
1.360456886034810964e-15
2.411265631607761861e-16
6.883382752675970551e-15
6.691695808580533367e-16
3.242198176600652459e-15
3.858458691441413180e-15
6.922847711754442912e-15
3.797743369782224931e-15
-8.504048160107302579e-15
-3.435186163303072249e-15
7.552986014403018089e-15
3.064389020313029732e-15
-5.594483210025202879e-15
-3.267351667002316162e-15
5.512083844916304542e-15
5.975255013002112037e-15
-3.765217304607659798e-15
-6.839147304038561970e-15
5.141720382795256228e-15
3.703634621210483147e-15
-8.120240591047434009e-15
-5.935790053923639675e-15
-4.681151299923413944e-15
2.892651396191325830e-16
-3.551846317062512526e-15
-6.176049255346427458e-15
-2.300243329145246207e-15
7.502679033599690683e-17
-6.246739236992482347e-15
-3.749171112454874333e-15
-6.799682344960089608e-15
-1.488826423257094689e-15
4.900593819634480042e-17
-5.431419203283383013e-15
-4.674212406019506716e-15
2.013146593871084633e-15
-3.989863994746656317e-16
-7.604160356944333898e-15
1.919037845299342848e-15
9.701441039400293675e-16
4.864598307507961295e-15
2.815456201510357914e-15
-2.710505431213761085e-16
6.531233887052678710e-15
1.265914456594074977e-15
4.915338969180282902e-15
1.782428371566169290e-15
7.606762442158299109e-16
2.508410146262463059e-15
4.878909776184769953e-15
-1.353084311261909534e-15
2.628106066104862748e-15
5.972652927788146826e-15
2.514047997559387682e-15
8.200905232680355539e-16
-3.376639245988855009e-15
-2.512746954952405076e-15
3.157196726277788912e-15
-2.664535259100375697e-15
-6.726390278100069509e-16
1.283695372222837250e-15
1.108488301149179733e-15
-1.297573160030651707e-15
-3.618633170887619599e-15
-1.536964999715451086e-15
4.175045725807180474e-15
-1.400789206851271729e-15
-2.292437073503350575e-15
2.687954026026062593e-15
-1.141448047192739068e-15
-1.104585173328231917e-15
2.419071887249657493e-15
-4.461275099343353645e-15
2.034396956451800520e-15
1.682248090828508680e-15
3.382710778154773834e-17
4.323798263872191683e-16
2.531828913188149954e-15
3.109491830688426717e-15
4.250072516143177381e-16
-1.196959198423996895e-15
1.604619215278546562e-16
-2.684484579074108979e-16
-4.514617846229640463e-15
1.512245190182781585e-15
7.138387103644561194e-16
-2.309350627394124444e-15
6.978792543854694941e-15
-5.247104833960847259e-15
-3.292938838272974067e-15
-3.721849217708239621e-15
-2.389147907289057571e-15
-2.642851215650665608e-15
-3.899224693126868146e-15
5.169475958410885141e-16
-2.373101715136272105e-15
-1.284129053091831452e-15
5.399326818977812081e-16
1.162698409773454955e-15
-2.213507155346405852e-15
3.521488656232918402e-16
-2.645019619995636617e-15
1.316655118266396585e-15
6.869938645737150296e-15
-3.747002708109903324e-15
-2.358790246459463447e-15
4.912736883966317691e-15
5.176848533183786571e-15
-1.728651943810888270e-15
-6.938893903907228378e-15
6.415874775900221039e-15
2.576931723563546939e-15
-4.584006785268712747e-15
2.225216538809249300e-15
4.047977231191879355e-15
6.461844948013606427e-17
-1.541301808405393103e-15
-6.413706371555250030e-15
-6.779733024986356327e-15
7.913374816537199763e-15
1.345928576923505204e-14
4.574465806150840308e-15
-4.253541963095130995e-15
8.600325313024015372e-15
1.082771025617823568e-14
9.454242944073598665e-16
-6.665891796875378361e-15
9.016225266389454873e-15
1.752504391605569367e-15
3.115997043723339743e-15
2.578666447039523746e-15
8.427503486729825966e-15
1.459292756078589548e-14
-6.286204196070954708e-16
-6.221152065721824442e-15
-9.808343373607364413e-15
-3.634679363040405065e-15
-1.854419395819206784e-15
-6.423247350673122469e-15
-8.193966338776448310e-15
-3.489829952796341672e-15
6.351690007289079176e-15
-3.944978024805756434e-15
-7.340265548161362119e-15
1.011560626928975637e-15
-8.846656046612721980e-15
-7.718218425489808965e-15
-1.026761141387222409e-14
1.734723475976807094e-18
7.732529894166617623e-15
-4.165938427558302237e-15
-1.553444872737230753e-15
6.124441231936117447e-15
-4.976054290839471150e-15
-1.916869440954371839e-16
-4.969982758673552325e-16
-6.088012038940604498e-15
-4.957839694341714676e-15
3.062654296837052925e-15
-3.348016308635237692e-16
5.833875049710002259e-15
-7.060758228094599076e-15
-2.330167309105846130e-15
-5.179884299266745984e-15
-7.061191908963593278e-15
2.798108966750589843e-15
-1.954599676556867394e-15
-1.831434309762514090e-15
-1.069023342070707372e-16
6.646159317336142180e-16
3.604321702210810940e-15
3.016033603420176235e-15
4.712810003359990674e-15
-7.789125247570360955e-15
2.598615767013257027e-15
1.745565497701662139e-15
3.671108556035918014e-15
6.997223980786948516e-15
5.057586294210381084e-15
-3.302479817390846506e-15
-4.524592506216507104e-15
4.653829405176779233e-15
3.448630270241892504e-15
-1.320991926956338602e-15
3.051378594243203679e-15
-1.014813233446432150e-15
3.157196726277788912e-16
-1.870031907102998048e-15
7.520026268359458754e-15
-2.836272883222079599e-15
-1.725182496858934655e-15
1.649722025653943547e-15
-6.279698983036041682e-15
8.239069149151845295e-15
5.360295540768333922e-15
-2.183149494516811728e-15
1.666201898675723214e-15
5.655198531684391128e-15
3.217912047936977160e-15
-5.733261088103347447e-15
4.640385298237958978e-15
7.771561172376095783e-16
3.099950851570554278e-15
-4.191091917959965940e-15
1.344410693882025498e-15
4.638650574761982170e-15
-9.315465065995454097e-16
-2.177077962350892903e-15
-3.625572064791526827e-15
3.431283035482124433e-15
4.730590918988752946e-15
-4.395789288125229177e-15
6.106226635438360972e-16
6.245004513516505540e-16
2.668160830308144438e-02
2.668339018128068618e-02
2.668419585819498466e-02
2.668405923130558535e-02
2.668320767901741566e-02
2.668152920769041592e-02
2.668072325999929981e-02
2.668077959289957488e-02
2.668161737709494677e-02
2.668331706031229142e-02
2.668413987586131658e-02
2.668410512518715541e-02
2.668325877431095700e-02
2.668151034444687930e-02
2.668068021034295662e-02
2.668074045862077470e-02
