-6.650859248829233544e-03
-6.650910182904506973e-03
-6.650909328044400659e-03
-6.650883154641011596e-03
-6.650888636547915705e-03
-6.650905294246022004e-03
-6.650894639766171540e-03
-6.650863036761423680e-03
-6.650868849974407582e-03
-6.650900883888571230e-03
-6.650905920415763062e-03
-6.650893234502682633e-03
-6.650883140917981939e-03
-6.650898999916689952e-03
-6.650904504621614477e-03
-6.650859993097581885e-03
6.641388827777205961e-14
6.671052599216409362e-14
6.680073161291488759e-14
6.647633832290722466e-14
6.641909244819999003e-14
6.589694068193097110e-14
6.583796008374775965e-14
6.528111384795920458e-14
6.630460069878552076e-14
6.691869280928131047e-14
6.667409679916858067e-14
6.646419525857538702e-14
6.646592998205136382e-14
6.636531602044470901e-14
6.550662789983618950e-14
6.540254449127758107e-14
-1.856832829855159517e-13
-1.856936913263718125e-13
-1.855293262770230101e-13
-1.858131704057797151e-13
-1.855839700665162795e-13
-1.856102077590904287e-13
-1.849716126794964666e-13
-1.859690786781831306e-13
-1.852793092560478527e-13
-1.856624663038042300e-13
-1.854527816036455334e-13
-1.851912720396420298e-13
-1.854677435936258334e-13
-1.855666228317565114e-13
-1.850882728332559068e-13
-1.858376733748778875e-13
5.145862035094150855e-14
5.132114351547034659e-14
5.184459632434634813e-14
5.211174373964677642e-14
5.250411650586928047e-14
5.211022585660529671e-14
5.164824731090922327e-14
5.118388352043368172e-14
5.168261651977701376e-14
5.105985079190134002e-14
5.105508030234240380e-14
5.151868515129720549e-14
5.253501626778511735e-14
5.191723786990287692e-14
5.197372480308937170e-14
5.129826684963090244e-14
-7.268382944125573175e-15
-6.862132390095254664e-15
-6.796538158659881645e-15
-7.384663627124643526e-15
-7.637336943422390334e-15
-6.757506880450403486e-15
-6.786617708781639280e-15
-7.028665843789028145e-15
-6.837087319910839511e-15
-6.470301724958993361e-15
-7.070949728515962818e-15
-6.835135756000365603e-15
-6.955373776929008045e-15
-7.028015322485536842e-15
-6.991260868838278242e-15
-6.429915194033908321e-15
2.246466901389965187e-15
2.560018169672773070e-15
2.737610485525898696e-15
2.792796376105410872e-15
3.332403797351446428e-15
2.564680239014460739e-15
2.665836301707358302e-15
3.093879319404635453e-15
2.157670743463402374e-15
3.163485098878204838e-15
2.247334263127953591e-15
2.846464383643443341e-15
2.752789315940695758e-15
3.356473085580624627e-15
2.586039021812425176e-15
3.298143008700904488e-15
-5.465463151499427852e-16
5.280064580004406594e-16
-1.290200585257750276e-17
-6.477023778428403489e-16
3.840244094943656705e-16
1.196959198423996895e-16
1.400789206851271729e-16
9.942133921692075660e-17
-1.604619215278546562e-16
-2.923009057020919954e-16
1.292368989602721285e-16
-9.632052100361221392e-16
-3.686287386450715076e-17
-6.084542591988650884e-16
-4.065758146820641628e-17
4.701100619897147226e-16
-8.453524338869478072e-16
-1.113475631142613054e-16
-3.336090084737897143e-16
-6.139836902785411610e-16
-2.417770844642674888e-17
-4.245735707453235364e-16
5.778797579347738633e-17
-1.105344114848971770e-15
1.087888459871955149e-15
-1.211704347969799755e-15
8.636754506019528321e-16
-1.107187258542197128e-15
4.478839174537618817e-16
-9.439064113658801602e-16
-1.869164545365009644e-16
-4.626290669995647420e-16
1.463781353072679536e-15
2.977219165645195176e-16
1.376611498404844980e-15
5.256212132209725496e-16
-7.022377471188612219e-16
8.289809810824166902e-16
1.032377308640697322e-15
-4.408366033326061029e-16
1.270251265284016995e-15
-1.598981363981621939e-15
1.251819828351763420e-15
2.177077962350892903e-16
1.042785649496558165e-15
2.753873518113181262e-16
8.392809017210289824e-16
-1.730386667286865077e-16
-3.080218372031318097e-16
-1.529592424942549655e-15
-1.224714774039625809e-15
4.785668389351016572e-16
-8.814563662307151048e-17
-3.299227210873389993e-16
-7.647962124712748277e-16
6.957325340839481953e-16
1.252904030524248924e-15
-2.083511314865393871e-15
-3.571361956167251606e-16
-1.806280819360850387e-16
-1.046363516665760329e-15
3.655929725621120951e-16
5.152128723651117070e-16
-1.741770790097962873e-15
1.300608926113611119e-15
3.953001120882149166e-16
-2.936019483090746007e-16
-1.279575403967392333e-15
1.253120870958746025e-15
-1.093092630299885570e-15
-1.111524067232139146e-15
8.166210763160819397e-16
8.793963821029926464e-16
9.508453052697873886e-17
-4.520038857092067985e-16
1.449578304613119428e-16
-1.319799304566604548e-15
3.636414086516381872e-16
8.275715182581855345e-16
1.227316859253591019e-16
1.310149905231483558e-15
-1.289550063954258974e-15
1.475382316318274434e-15
-3.878191170980649360e-16
1.037798319503124844e-15
1.019583723005368370e-15
-5.608577838267514437e-16
-5.194412608378051743e-16
1.568840543586524916e-16
-1.821459649775647449e-17
1.521027227779914170e-15
-6.175615574477433256e-16
1.265263935290583674e-15
-1.178419341274494769e-15
3.958422131744576689e-16
-1.607004460058014672e-15
1.449253043961373777e-15
-4.541722900541778074e-16
-7.578573185673675994e-16
-4.816026050180610696e-16
-1.636928440018614594e-15
5.852523327076752935e-16
1.202380209286424417e-15
4.807352432800726660e-16
9.236318307404012273e-16
-1.536964999715451086e-15
1.660347206944301490e-15
-7.032135290740981759e-16
8.296315023859079929e-16
-2.334287277361291046e-16
2.949029909160572061e-16
-1.240002024671671421e-15
4.246819909625720868e-16
1.607871821796003076e-16
1.307547820017518347e-16
5.783134388037680651e-16
-5.613998849129941959e-16
-1.269709164197774243e-15
-3.411984236811882454e-16
9.302454639925628044e-17
1.027715239299009653e-15
-6.916125658285032785e-16
-1.349723284527204470e-15
1.992763593028357150e-16
-9.109466653223208255e-16
8.838416110101832146e-16
1.201512847548436014e-15
-9.053088140253962024e-16
9.686262208985496613e-16
7.448468924975415462e-17
1.259842924428156152e-15
8.771195575407730871e-16
1.018282680398385764e-15
-1.525689297121601840e-15
-2.015965519519546945e-15
-3.807718029769091572e-16
-1.047122458186500182e-15
2.453549516334696534e-15
-7.049482525500749830e-16
1.002344908462848849e-15
-6.056353335504027768e-16
-4.269588155247916461e-16
1.571008947931495925e-15
-8.490387212733985223e-16
-6.060690144193969786e-16
-1.497825301288724376e-15
-1.860165667333379957e-15
-2.636779683484746784e-16
1.347446459964984911e-15
1.219727444046192488e-15
8.402566836762659364e-16
2.435551760271437161e-15
-2.339491447789221468e-15
2.003388774318715093e-15
-4.499439015814843401e-17
-7.405100838075995284e-17
-3.016250443854673335e-16
-2.842669676039744076e-15
1.559624825120398128e-15
-9.746977530644684862e-16
8.430756093247282479e-16
4.483175983227560835e-16
1.993414114331848452e-15
3.406563225949454932e-16
1.180696165836714329e-15
-2.759619789627354436e-15
-2.078849245523706202e-15
-4.085273785925380707e-16
-5.956606735635361360e-16
1.039316202544604550e-15
1.804003994798630828e-15
-2.357597624069729392e-15
3.686287386450715076e-15
-2.579208548125766498e-15
1.868297183627021241e-15
-2.561102371845258574e-15
-1.215824316225244672e-15
-2.647730125426850378e-15
-2.269451987446657881e-15
-1.021210026264096626e-15
4.892353883123590208e-15
-2.879857810555996878e-15
6.188626000547259309e-16
-1.088105300306452250e-15
-4.010463836023880901e-16
-1.044520372972534972e-15
4.639951617368964776e-15
-3.603562760690071087e-15
-8.966351966455121669e-16
2.002521412580726690e-16
3.437896668734286010e-15
-1.023595271043564736e-15
2.573679117046090425e-15
2.378956406867693829e-15
-8.402566836762659364e-16
-2.880291491424991079e-15
2.347731384300111301e-15
7.535205098774255816e-16
2.792904796322659422e-16
-2.655644801285994561e-15
1.029233122340489359e-15
-2.706602303392813269e-15
1.550083846002525689e-15
2.056297840336007710e-15
1.735373997280298397e-15
-4.340278136893971350e-15
1.424858495080449927e-15
-1.328147661294742932e-16
-1.222546369694654800e-15
4.055458226182029335e-15
-2.946861504815601052e-16
1.893016993159690742e-15
-1.855503597991692288e-15
1.143724871754958627e-15
4.191742439263457243e-15
5.393905808115384559e-16
5.468715758016884365e-16
-3.001505294308870475e-15
1.647987302177966740e-16
-3.057450126409122504e-16
2.488677666723226878e-15
-1.662515611289272499e-15
1.594319294639934270e-15
-3.374145580992138349e-15
-2.346647182127625797e-15
4.228388472693467293e-18
-3.586323946147551567e-15
3.473566920209059106e-15
-7.634951698642922224e-16
-2.522938455373768818e-15
-2.379173247302190930e-15
8.437261306282195505e-16
3.205768983605139510e-15
-2.544839339257976008e-15
-1.875236077530928469e-15
3.829402073218801661e-16
1.723664613817454949e-15
1.882391811869332798e-15
1.348639082354718965e-15
-1.252253509220757621e-16
-5.228022875725102381e-16
3.535583284475229959e-15
-1.594536135074431371e-15
4.192609801001445646e-16
-1.076179076409111701e-15
2.270102508750149184e-15
-1.148386941096646297e-15
4.304282624767452603e-16
1.410872287055386920e-15
8.001412032943022723e-17
1.705883698188692676e-15
-1.891824370769956687e-15
-2.965076101313357526e-15
1.911448430091944317e-15
-2.773497577435168893e-15
-1.375635716449608026e-15
-2.190522069289713158e-15
1.744806556180922286e-15
-1.190562405606332419e-15
1.769417945496343236e-16
2.381883752733404691e-15
1.205849656238378032e-15
-2.633743917401787371e-15
1.273612292018722059e-15
-1.744806556180922286e-15
-1.134400733071583289e-15
1.949395506128936972e-16
-6.542075908777533755e-16
-5.554367729643239215e-16
3.416104205067327371e-15
4.056542428354514840e-15
-9.436895709313830594e-16
-1.150555345441617305e-15
-1.684850176042473890e-16
4.172877321462209466e-15
-5.631779764758704232e-15
-3.358858330360092737e-15
2.468945187183990697e-15
1.862876172764593719e-15
3.319827052150614577e-16
2.561427632497004225e-15
1.001802807376606097e-16
3.825173684746108194e-15
-3.658965491704080364e-15
-8.012254054667877767e-16
-2.130999370020258965e-15
-3.609309032204244261e-16
3.005408422129818291e-16
2.463957857190557377e-15
-4.588668854610400416e-15
2.809493089561687640e-15
2.448779026775760315e-15
-6.297046217795809753e-16
-1.338339161716106673e-15
3.010287331906003061e-15
-3.144403140642459960e-15
2.617264044380007704e-16
-3.141909475645743299e-15
3.647256108241236916e-15
4.002874420816482370e-16
1.169637303677362183e-15
-1.688428043211676055e-15
-5.628093477372253517e-16
-3.235259282696745231e-16
1.599198204416119040e-15
3.453183919366331622e-16
-1.903100073363805933e-15
-1.231328407291787386e-15
-5.406916234185210612e-16
-1.085936895961481241e-15
-1.705450017319698475e-15
4.200199216208844177e-16
1.594861395726177022e-15
-2.869883150569130237e-15
-4.220799057486068762e-16
-7.409437646765937302e-16
2.874219959259072255e-15
-1.627387460900742155e-15
-6.029248281191890158e-16
1.545638617095335121e-15
-2.355971320811001135e-16
1.729519305548876673e-15
5.566293953540579764e-16
-5.620504062164854986e-16
-1.059265522518337832e-15
2.736309442918916091e-15
-7.281501790412647779e-16
1.848673124305033610e-15
-6.342582709040200939e-16
1.228509481643325074e-15
2.840392851477524516e-15
-8.109832250191573166e-16
1.439928905277998439e-15
1.266348137463069179e-16
-2.298074924800275198e-15
9.370759376792214823e-16
-1.713256272961594107e-15
2.550477190554900631e-15
7.483163394494951604e-16
-3.295974604355933479e-16
-7.656635742092632313e-16
-3.129007469793165797e-16
-1.200753906027696161e-15
3.348016308635237692e-16
-2.267283583101686872e-15
-1.187418219306124456e-15
-1.716183618827304969e-15
2.228035464457711612e-16
-4.074431764200525663e-16
1.250518785744780814e-15
-1.904834796839782740e-15
-1.417919601176542699e-15
-1.075311714671123298e-15
-1.020667925177853874e-15
-1.190562405606332419e-15
2.584521138770945470e-15
-2.063019893805417837e-15
-2.722431655111101634e-16
1.381165147529284098e-15
2.711589633386246589e-15
-2.662150014320907587e-15
1.091141066389411662e-15
8.664943762504151437e-16
-1.462913991334691133e-15
9.291612618200772999e-16
1.147085898489663691e-16
1.062409708818545795e-15
1.694607995594843430e-16
1.078455900971331261e-15
-1.821676490210144550e-15
-8.333177897723587080e-16
3.774866703942780788e-15
4.037568890336018512e-16
-2.970497112175785048e-15
-2.941657334387670630e-15
3.111009713729906423e-15
3.329910132354729768e-15
-2.690230850588282152e-15
2.240937470310289115e-15
-2.744332538995308823e-15
1.737650821842517956e-15
8.725659084163339685e-16
-1.725724597945177408e-15
2.528359466236196340e-16
3.616247926108151489e-15
7.686993402922226437e-17
-3.041620774690834139e-15
4.821447061043038218e-15
3.100492952656797030e-15
2.535948881443594871e-16
1.317197219352639337e-15
-4.168540512772267448e-15
4.602221381766469221e-15
2.796157402840115935e-16
4.259938755912795472e-15
-3.269953752216281373e-15
-5.620720902599352087e-15
7.145759678417462624e-15
2.454633718507182039e-16
-2.270753030053640487e-15
1.600282406588604545e-16
-1.839999506925149575e-15
-2.992072735408246587e-15
2.048166324042366426e-15
-4.211149658150947772e-15
4.008620692330655544e-15
-1.456950879386020858e-15
-8.801553236237324995e-16
-5.800264782362951621e-15
1.436351038108796274e-15
-1.533820813415243123e-15
4.549312315749176605e-16
-6.040957664654733605e-15
3.517585528411970586e-15
4.768321154591248501e-15
-4.401969240508396553e-15
7.784246337794176185e-15
-5.595350571763191283e-15
-3.489396271927347470e-15
4.910134798752352481e-15
-6.163038829276601405e-15
1.788066222863093913e-15
-3.654086581927895594e-15
4.244543085063501309e-15
-2.835297101266842645e-15
7.262853513045897103e-15
7.692739674436399611e-15
2.376571162088225719e-16
-5.380895382045558506e-16
-1.530242946246040958e-15
2.287775004161662906e-15
-2.438804366788893674e-15
3.661784417352542675e-15
3.903019400730567412e-15
-5.961810906063291782e-15
7.937552524983626512e-15
-4.385055686617622683e-15
3.590010233534002282e-15
3.271254794823263978e-15
-1.747733902046633148e-15
-6.242077167650794678e-15
-7.741745612632744411e-15
-2.324204197157175855e-15
-1.764647455937407017e-15
1.060241304473574786e-15
-3.640317214337329688e-15
3.877323809242660957e-15
-6.051799686379588650e-15
-1.131007180271703660e-14
-2.763631337665550802e-16
-1.058365634715174863e-14
5.576160193310197855e-15
-1.810400787616295304e-15
-1.273438819671124378e-14
-3.604104861776313840e-15
1.660455627161550041e-15
6.505213034913026604e-18
-2.173500095181690739e-15
-4.323039322351451830e-15
-3.763265740697185890e-16
-2.326806282371141066e-15
-5.898927180059132525e-15
-6.170736664701248486e-15
-2.298725446103766501e-15
1.304295213500061834e-14
1.244425569535412279e-14
2.889181949239372216e-15
1.745825706223058660e-14
1.814564123958639641e-14
1.335433499893845521e-14
6.455122894544196299e-15
1.433467060329984832e-14
1.244393043470237714e-14
1.458100133688855493e-14
7.804520918419655118e-15
1.606321412689348804e-14
8.403867879369641969e-15
1.762945258526604775e-14
5.217614534869241538e-15
2.076919365656682004e-14
-7.508392779048689292e-14
-7.155983704904000930e-14
-8.103327037156660140e-14
-7.651312309425728486e-14
-7.843508828542233857e-14
-7.497366442954511712e-14
-7.528613149565543949e-14
-7.664268525386930264e-14
-8.132394497400996514e-14
-7.449011026061658214e-14
-7.599953652515090141e-14
-7.384262472320823889e-14
-7.462834603760848395e-14
-7.100028030782024047e-14
-7.937097160071182600e-14
-7.953208404354317196e-14
3.078247292481739450e-13
3.112271725058679550e-13
3.065204340346738832e-13
3.127637038247144119e-13
3.133830001056381320e-13
3.066223490388875206e-13
3.059870065658110150e-13
3.127936278046750118e-13
3.133073227939986438e-13
3.077657486499907336e-13
3.075350304276858182e-13
3.057992227495365256e-13
3.059848381614660440e-13
3.112844183805751896e-13
3.133912400421490219e-13
3.048212723899546006e-13
-9.119094368514879534e-14
-8.985520660864665388e-14
-9.443487658522542461e-14
-9.266372391625310456e-14
-9.286495183946641419e-14
-9.164197178890276518e-14
-9.085614205428527157e-14
-9.600133188403248141e-14
-9.570989834006837782e-14
-8.844487642267750971e-14
-8.974418430618413822e-14
-9.434467096447463064e-14
-8.986214550255056110e-14
-9.655470867286908287e-14
-8.655229311038681317e-14
-9.343394113958680691e-14
6.650886800404126609e-03
6.650879835474007851e-03
6.650878546106464562e-03
6.650888424713442132e-03
6.650896556791848629e-03
6.650901800233484373e-03
6.650898567543288981e-03
6.650887758250834808e-03
6.650884863919456075e-03
6.650883014574025809e-03
6.650881563852097805e-03
6.650885803108168987e-03
6.650887188078661444e-03
6.650894513629955485e-03
6.650900458671726856e-03
6.650893352484484045e-03
