-1.389293842254732056e-02
-1.389318945325899654e-02
-1.389319697915027130e-02
-1.389301575349408471e-02
-1.389305905873424937e-02
-1.389316835721714910e-02
-1.389310455322870577e-02
-1.389299627887688807e-02
-1.389300955144751396e-02
-1.389311807538594346e-02
-1.389315766142244779e-02
-1.389308021925631312e-02
-1.389304276672577790e-02
-1.389314647915366671e-02
-1.389316447456135847e-02
-1.389295951960563269e-02
2.779027008514844965e-15
-4.059252933785728601e-16
-3.623837341315550020e-15
-1.026956297778269800e-15
-3.493733080617289488e-15
-8.239936510889833698e-16
-2.853620117981847670e-15
5.688158277727950463e-15
-3.544040061420616894e-15
-4.198030811863873168e-16
5.859895901849654365e-15
2.010544508657119422e-15
3.694961003830599111e-16
7.873909857458727402e-15
-2.428612866367529932e-15
-1.000935445638617693e-15
-6.722920831148115894e-15
4.538903974893315763e-15
1.390380865995410886e-15
3.272989518299240785e-15
2.370065949053312693e-15
-3.789069752402340896e-15
-7.346553920761778045e-15
6.241101385695557724e-15
2.319758968249985287e-15
-4.289103794352655541e-16
-1.061217086428811740e-15
9.614704865601453321e-16
-2.290268669158379566e-15
4.658599894735715452e-15
3.181482854941464211e-15
-4.618701254788248889e-15
8.001412032943022723e-17
1.363709492552267477e-15
-6.505213034913026604e-16
2.095545958979982970e-15
1.029558382992235011e-15
-1.224931614474122910e-15
3.829402073218801661e-16
1.032160468206200221e-16
-2.886796704459904106e-15
1.610257066575471185e-15
-6.353424730765055983e-16
-1.283261691353843048e-15
-9.714451465470119729e-17
5.659535340374333146e-16
-1.385610376436474667e-15
1.213222231011279462e-15
-4.990582599950776910e-15
-2.615963001773025098e-15
9.976828391211611802e-16
4.234243164424889017e-15
5.804384750618396538e-15
-7.029966886396010750e-16
-9.804873926655410799e-15
7.014571215546716587e-15
-9.775166787129307977e-16
1.444048873533443356e-15
4.418340693312927669e-15
-9.592803981717246131e-15
-7.615436059538183144e-16
7.002644991649376038e-15
3.855856606227447969e-15
3.448305009590146852e-15
1.838806884535415520e-15
-1.958069123508821008e-15
1.369997865152683403e-15
-1.144917494144692682e-16
1.383658812526000759e-15
7.407919763724457596e-15
-7.101524229780054043e-15
-1.749685465957107056e-15
-3.199697451439220686e-15
-5.201351502281958972e-15
7.947635605187741703e-15
1.110656705494150742e-15
-5.247538514829841461e-17
1.679429165180046368e-15
-3.689323152533674488e-15
4.274141804372355580e-15
1.992980433462854251e-15
-9.367506770274758310e-17
-1.364360013855758780e-15
9.818534874028728154e-16
-4.647107351707369105e-15
9.809861256648844119e-16
-2.665836301707358302e-15
-7.871307772244762191e-17
-4.805184028455755652e-16
-2.872268395348598347e-15
7.079840186330343954e-16
-1.925543058334255875e-16
-1.389296663822925382e-15
3.480939494981960536e-15
-3.400491693783536107e-15
2.148888705866269788e-16
-9.866239769618090349e-16
2.524022657546254322e-16
-1.760744328116459201e-15
1.041267766455078458e-15
-6.485697395808287524e-16
3.460773334573730153e-15
7.279333386067676770e-16
9.482432200558221780e-16
-2.361392331673428657e-15
3.987695590401685308e-16
-1.945275537873492055e-15
1.020884765612350975e-15
1.977584762613560088e-16
2.241696411831028968e-15
-1.222980050563649002e-16
1.381924089050023952e-15
-2.597314724406274422e-15
-2.205050378401018918e-15
2.414084557256224173e-15
-1.814303915437243120e-15
3.545341104027599499e-16
3.171074514085603369e-15
-2.077114522047729395e-15
3.447329227634909898e-15
-2.605554660917164256e-15
-1.628471663073227660e-15
9.608199652566540294e-16
-1.706967900361178181e-15
1.314053033052431374e-16
3.459255451532250447e-15
-3.414803162460344765e-15
3.276242124816697299e-15
-4.527628272299466516e-16
-1.301693128286096623e-15
3.762181538524700386e-16
7.550383929189052878e-16
2.788567987632717404e-16
1.428327942032403541e-15
-1.789584105904573619e-15
7.127545081919706149e-16
-8.842752918791774164e-16
-1.318823522611367594e-15
6.574601973952098888e-16
2.040034807748725143e-15
-7.062492951570575883e-16
2.066489340757371451e-15
-3.153293598456841096e-15
9.896597430447684474e-16
-1.249434583572295310e-15
-1.574261554448952438e-16
3.994200803436598335e-16
-1.228184220991579423e-15
-1.607654981361505975e-15
1.860490927985125609e-15
-3.694093642092610708e-15
1.288682702216270570e-15
2.294171796979327382e-16
4.072263359855554654e-16
-9.573505183047004152e-16
9.922618282587336580e-16
-9.324138683375338132e-17
4.009379633851395397e-16
-8.116337463226486193e-16
2.263380455280739056e-15
3.658098129966091960e-16
-7.958043946043602546e-16
8.239936510889833698e-18
2.261862572239259350e-15
-3.598683850913886317e-15
3.864096542738337803e-15
-1.270034424849519894e-15
-2.055213638163522205e-15
-1.016331116487911856e-15
4.252240920488148390e-16
-5.965280353015245396e-16
2.398255205537935808e-15
3.148523108897904876e-16
-9.280770596475917955e-17
-1.856587800164177793e-15
-1.075528555105620399e-16
2.296557041758795492e-15
9.501947839662960860e-16
8.441598114972137523e-16
5.199833619240479265e-16
-3.068725829002971750e-15
-1.953732314818878990e-16
-6.158268339717665185e-17
2.483473496295296457e-15
2.740863092043355209e-16
6.704706234650359420e-16
1.960237527853792017e-16
-1.271335467456502499e-15
-2.954450920022999583e-15
-9.248244531301352822e-16
-4.564491146163973667e-16
2.095112278110988768e-15
-3.664603343001004987e-16
-8.101158632811689131e-16
-6.470518565393490462e-16
8.370040771588094231e-16
-1.306680458279529944e-15
1.182864570181685338e-15
-3.151558874980864289e-15
3.303347179128834910e-15
6.596286017401808977e-16
-9.632052100361221392e-16
-3.812054838459033590e-16
2.358790246459463447e-15
-1.373467312104637017e-15
1.076829597712603004e-15
-1.159012122387004240e-15
1.352433789958418231e-15
3.416104205067327371e-15
-3.950615876102681057e-15
1.869381385799506745e-15
2.699663409488906041e-15
-3.583721860933586356e-15
5.617468296081895573e-15
-4.595065647428064892e-15
-1.386694578608960171e-15
1.858539364074651701e-15
-2.853620117981847670e-15
1.040834085586084257e-15
2.883977778811441794e-15
-3.608007989597261655e-15
2.738477847263887099e-15
-4.695029087731228401e-15
-2.445960101127298003e-16
3.490697314534330076e-15
1.260927126600641657e-15
-6.290541004760896726e-16
5.144322468009221438e-15
-7.495956980130280556e-15
3.522572858405403906e-15
-1.042135128193066862e-15
-3.520187613625935796e-15
4.878909776184769953e-15
-1.258975562690167749e-15
1.220811646218677993e-16
4.621953861305705402e-15
-3.040536572518348635e-15
1.445892017226668713e-15
-1.635410556977134888e-15
-3.290987274362500159e-15
-1.680079686483537671e-15
9.094287822808411192e-16
-2.512746954952405076e-15
4.030413155997614183e-15
-4.234893685728380319e-15
1.794571435898006939e-15
2.663451056927890193e-15
-3.412417917680876656e-15
1.783729414173151895e-15
1.341591768233563187e-15
-4.241832579632287548e-15
1.793053552856527233e-15
-3.915704566148647814e-15
1.394283993816358702e-15
-1.210836986231811352e-15
-9.428222091933946558e-16
-2.009677146919131019e-15
-4.453902524570452215e-16
-3.948664312192207149e-16
4.155963767571435596e-15
1.094610513341365277e-15
1.016331116487911856e-15
-2.593411596585326606e-16
-1.141231206758241967e-15
-4.195428726649907958e-15
5.880929423995873151e-15
-8.998878031629686802e-16
6.502827790133558494e-15
9.003214840319628820e-16
2.239961688355052161e-15
-5.876375774871434032e-17
3.191891195797325054e-16
2.983941219114605303e-15
-1.083985332051007333e-15
-8.716985466783455649e-17
1.359155843427828358e-15
-2.056080999901510609e-15
2.771437593307446434e-15
-1.957852283074323907e-15
-1.452397230261581740e-15
-2.792471115453665220e-15
2.537033083616080376e-16
-2.719395889028142221e-15
2.545706700995964411e-15
-1.656877759992347876e-15
2.817624605855328923e-15
-2.644585939126642415e-15
-4.837710093630320785e-16
2.114194236346733646e-16
-2.135878279796443735e-15
1.912966313133424023e-15
-1.003537530852582904e-15
-1.625002216121274046e-15
-5.429684479807406206e-16
1.115210354618589861e-15
-9.003214840319628820e-16
-2.955535122195485087e-16
2.258609965721802837e-15
1.543903893619358314e-16
1.113258790708115953e-15
-3.725969185963684538e-15
2.244732177913988380e-15
-1.600932927892095847e-15
-1.439386804191755687e-15
3.808151710638085774e-15
-2.569775989225142609e-15
-8.075137780672037024e-16
4.123871383265864665e-15
-2.830418191490657875e-15
3.188638589279868540e-15
1.713039432527097006e-17
-3.573530360512222614e-16
-8.975025583835005705e-16
8.543513119185774940e-17
1.938553484404081928e-16
-4.518954654919582481e-16
-9.265591766061120893e-16
3.036633444697400819e-15
-1.654926196081873968e-15
3.803814901948143756e-15
9.957312752106872722e-16
3.231789835744791617e-15
-8.377630186795492762e-15
5.024192867297827547e-15
-4.070962317248572049e-15
-2.108122704180814821e-15
5.882880987906347059e-16
7.121039868884793123e-16
8.847089727481716182e-17
2.862944256665223008e-15
1.114126152446104356e-15
-9.772998382784336968e-16
-2.789652189805202909e-15
-1.821459649775647449e-15
-3.010612592557748712e-15
6.049848122469114742e-17
-1.088972662044440654e-15
3.859759734048395785e-15
-5.069295677673224532e-15
-3.213575239247035142e-16
1.202813890155418619e-15
2.856439043630309982e-15
-2.671474153004282925e-16
1.984089975648473114e-16
-4.980824780398407370e-16
-2.197894644062614589e-15
-1.690054346470404312e-15
-1.336604438240129866e-15
-1.464106613724425188e-15
4.524592506216507104e-15
1.079431682926568214e-15
4.058819252916734399e-15
-1.942022931356035542e-15
3.565724104870326983e-15
-2.404760418572848835e-16
1.183081410616182438e-15
-3.292071476534985663e-15
5.476305173224282896e-15
1.996233039980310764e-15
-1.555396436647704661e-15
-1.627604301335239256e-15
-2.543538296650993402e-16
1.526556658859590243e-16
2.744332538995308823e-15
1.062518129035794345e-16
-2.012712913002090431e-15
-2.968762388699808241e-15
3.556183125752454544e-17
-1.045170894276026274e-16
4.548444954011188202e-15
-2.972882356955253158e-15
3.570060913560269000e-15
-7.944166158235788089e-15
9.324138683375338132e-18
1.291935308733727084e-15
-2.370065949053312693e-16
4.258529293088564316e-15
3.146354704552933867e-15
-4.058385572047740197e-15
6.030332483364375662e-16
1.009175382149507527e-15
-2.355754480376504034e-15
1.004838573459565509e-15
-3.507610868425103945e-15
-9.003214840319628820e-16
3.106889745474461506e-15
-4.101970499381657476e-15
2.076030319875243890e-15
-1.372166269497654412e-15
-3.003240017784847282e-15
5.059754698555352093e-15
-2.442924335044338591e-15
-2.927562706145359073e-15
6.655917136888511720e-15
-1.152506909352091213e-15
-3.259762251794917631e-15
7.546047120499110861e-16
-1.922724132685793563e-15
5.916057574384403495e-15
6.635317295611287136e-17
-5.342948306008565851e-16
1.460637166772471573e-15
7.754213937616327712e-16
-7.337880303381894009e-16
-3.491130995403324278e-16
-1.284996414829819855e-15
-6.305719835175693788e-16
2.704000218178848058e-15
-4.023907942962701156e-15
1.359155843427828358e-15
1.103717811590243514e-15
1.041484606889575559e-15
-1.257674520083185143e-17
-2.274222477005594101e-15
-2.534647838836612266e-15
-1.460854007206968674e-15
3.840244094943656705e-16
1.823628054120618458e-15
3.970348355641917237e-15
9.890092217412771447e-16
-1.148820621965640498e-15
-1.223847412301637405e-15
-1.915134717478395032e-15
1.061650767297805942e-15
-2.402592014227877826e-16
1.795655638070492444e-15
-7.741203511546501659e-17
5.260548940899667514e-16
-2.534430998402115165e-15
2.003605614753212194e-15
8.515323862701151825e-16
-9.879250195687916403e-16
-5.891554605286231094e-16
-1.234472593591995349e-15
-2.665402620838364101e-15
1.856154119295183591e-15
-1.716075198610056418e-15
-9.575673587391975161e-16
5.136949893236320008e-16
-6.657001339060997225e-16
2.970713952610282149e-16
-1.012644829101461141e-15
1.938553484404081928e-16
1.127353418950427510e-15
-2.858390607540783890e-15
1.469744465021349811e-15
1.398620802506300720e-16
-2.079716607261694605e-15
-2.351417671686562016e-15
2.128072024154548103e-15
-3.869517553600765325e-15
3.306382945211794322e-15
-2.333636756057799744e-15
-1.029992063861229212e-15
4.484260185400046339e-16
-3.217478367067982958e-15
3.880576415760117470e-15
2.214374517084394256e-15
-3.990731356484644721e-15
5.643705988656044781e-15
-4.117366170230951639e-15
-3.853254521013482758e-16
3.003673698653841484e-15
-7.047314121155778821e-16
2.808734148040947787e-15
4.037135209467024310e-15
-5.062356783769317303e-15
2.971581314348270553e-15
-1.041050926020581358e-15
2.957703526540456096e-16
2.985459102156085009e-15
-4.819712337567061411e-15
-5.175764331011301067e-15
7.177418381854039353e-15
-7.357612782921130190e-15
1.864394055806073425e-15
2.284197136992460742e-15
-5.957474097373349764e-15
1.538266042322433691e-15
3.670458034732426711e-15
-8.370040771588094231e-15
3.910066714851723191e-15
1.186984538437130254e-15
-2.278992966564530320e-16
9.848892534858322279e-16
5.217180854000247336e-15
4.626073829561150319e-15
2.787917466329226102e-15
-2.929731110490330082e-15
-1.072709629457158087e-15
-1.759443285509476596e-15
9.046582927219048997e-16
5.904781871790554248e-15
1.197176038858493996e-15
-1.364360013855758780e-15
-1.931614590500174700e-15
2.120048928078155370e-15
-8.918647070865759474e-16
-5.018555016000902924e-15
2.218277644905342072e-15
-3.857157648834430574e-15
-5.277896175659435585e-16
1.627170620466245055e-15
-1.683332293000994184e-15
9.853229343548264296e-16
7.652298933402690295e-16
-3.439306131558517166e-15
1.678344963007560864e-16
3.862144978827863895e-15
5.427516075462435197e-15
5.015952930786937713e-15
1.415968037266068791e-15
-3.927630790045988363e-15
4.723868865519342819e-15
-8.205242041370297557e-16
1.502921051499406246e-15
-8.018759267702790794e-16
-2.273788796136599899e-15
-2.167103302364026263e-15
3.788202390664352492e-15
-1.474298114145788929e-15
-5.520757462296188578e-16
-5.115265849786609920e-16
-5.578220177437920313e-15
-5.550898282691285601e-15
-3.094529840708126756e-15
3.041837615125331240e-15
-7.827939685345342014e-15
-1.952214431777399284e-15
6.353424730765055983e-17
-1.806714500229844589e-15
-2.094678597241994567e-15
4.918808416132236516e-15
-4.675513448626489321e-15
-9.389190813724468399e-16
2.621600853069949721e-15
-3.750472155061856938e-15
2.997819006922419760e-15
-1.729085624679882471e-15
-3.612561638721700774e-15
5.765787153277912580e-16
-6.301166186051254670e-15
1.024614421085701110e-14
-1.680079686483537671e-15
-2.478703006736360237e-15
4.844648987534228013e-15
2.294822318282818685e-15
-2.633743917401787371e-15
9.712283061125148720e-15
3.949965354799189754e-15
-2.437720164616408169e-15
9.846073609209859967e-15
-9.120308674948063299e-16
-1.066204416422245060e-15
3.597165967872406611e-15
-1.666418739110220315e-15
6.162388307973110102e-15
-4.694595406862234199e-16
3.797960210216722032e-15
1.935517718321122516e-15
-5.803517388880408134e-15
-2.720913772069621928e-15
9.998512434661321890e-16
-5.891554605286231094e-15
-6.676083297296742103e-15
3.608224830031758756e-15
-3.705369344686459954e-15
-1.127570259384924611e-16
-6.353424730765055983e-17
5.223686067035160363e-16
1.260059764862653253e-15
3.990297675615650519e-15
-4.685921789482350164e-15
1.240760966192411274e-15
1.500318966285441036e-15
1.949829186997931174e-15
4.105223105899113989e-15
-2.203532495359539212e-15
7.892991815694472280e-17
3.615597404804660187e-15
-5.322565305165838367e-15
5.983928630381996072e-15
-4.234026323990391916e-15
6.129645402364047868e-15
-2.130240428499519112e-15
3.978154611283812869e-15
-8.950305774302336204e-15
2.360091289066446052e-15
-3.025357742103551573e-15
2.194425197110660974e-16
-7.308390004290288289e-15
6.820932707540805495e-15
-3.665470704738993390e-15
7.440228988464525628e-15
-6.300515664747763367e-15
5.512951206654292946e-15
-3.604755383079805142e-15
-1.183081410616182438e-15
1.445024655488680310e-15
4.045375145977914144e-15
-5.960509863456309176e-15
8.779435511918620705e-15
4.510281037539698445e-17
2.975050761300224167e-15
2.064320936412400442e-15
4.479056014972115918e-15
-3.802513859341161151e-15
5.499073418846478489e-15
1.389308583534971941e-02
1.389302943366023044e-02
1.389307037636832581e-02
1.389305928155595837e-02
1.389309032191186899e-02
1.389316488589940196e-02
1.389308723025452219e-02
1.389308406847034050e-02
1.389309701920994969e-02
1.389302871655044569e-02
1.389307363505376536e-02
1.389307177781062483e-02
1.389306020619771043e-02
1.389313174437902323e-02
1.389310933653357949e-02
1.389310373482773725e-02
