-2.614568415147480035e-02
-2.614399084643502860e-02
-2.614410840790797400e-02
-2.614611470769850551e-02
-2.614793558840951271e-02
-2.614988622018250136e-02
-2.614977585346518751e-02
-2.614754916364202611e-02
-2.614572924171836010e-02
-2.614396954921030178e-02
-2.614409041669190845e-02
-2.614613347014155612e-02
-2.614792070085230485e-02
-2.614988190736341686e-02
-2.614981556388409900e-02
-2.614753411112360343e-02
-2.234323837058127538e-15
5.169475958410885141e-16
-6.071532165918824830e-17
-7.268491364342821726e-16
-1.030425744730223414e-15
-1.734723475976807094e-17
-7.285838599102589797e-17
-7.528699885739342790e-16
3.105155021998484699e-16
-1.445024655488680310e-15
-2.116362640691704655e-16
2.341876692568689577e-16
-5.689893001203927270e-16
-1.007874339542524922e-15
-2.029626466892864300e-16
1.595945597898662527e-16
-2.580401170515500553e-15
-2.168404344971008868e-15
-1.438085761584773081e-15
8.066464163292152989e-16
-1.521352488431659822e-15
-2.964642420444363324e-15
7.441963711940502435e-16
-1.853552034081218380e-15
1.340941246930071884e-15
-3.171941875823591772e-15
-2.044371616438667161e-15
1.465841337200401995e-15
4.588343593958654765e-16
-3.021888295151597958e-15
-3.571795637036245807e-15
4.184153024056058712e-15
1.745565497701662139e-15
-2.196159920586637782e-15
-1.166601537594402771e-16
4.698064853814187813e-15
2.117446842864190160e-15
-3.287084146541552343e-15
5.244502748746882048e-15
3.994200803436598335e-16
7.689161807267197446e-16
1.979753166958531096e-16
1.903425334015551584e-15
3.148089428028910675e-15
1.044303532538037871e-15
-2.016616040823038247e-16
-2.811553073689410098e-15
7.683523955970272823e-15
3.789503433271335098e-15
1.988860465207409334e-15
-9.653736143810931480e-16
5.702903427273753323e-16
4.463443503688324654e-15
-5.874207370526463023e-15
4.213643323147664432e-15
5.455705331947058312e-16
-3.279494731334153812e-15
-1.583368852697830675e-15
9.089951014118469175e-16
3.113828639378368734e-16
-2.203532495359539212e-15
5.298712857371157270e-15
-5.028963356856763767e-15
3.378373969464831816e-16
-8.790711214512469951e-16
8.313662258618848000e-16
-1.688753303863421706e-15
-1.281960648746860443e-15
6.496539417533142569e-16
3.264315900919356750e-15
2.444008537216824095e-15
2.406278301614328541e-15
1.695258516898334733e-15
2.179246366695863912e-15
2.495399720192637005e-15
1.429412144204889046e-15
1.357854800820845753e-15
1.333134991288176252e-15
-2.387413183813080764e-16
-1.830566948024525686e-15
5.090112359384946217e-15
3.736160686385048280e-15
-1.634976876108140686e-16
7.134483975823613378e-15
-7.739468788070524852e-15
-2.861860054492737504e-15
-5.555451931815724720e-16
-1.564286894462085797e-15
-8.803287959713301802e-15
-5.044575868140555031e-15
2.471547272397955908e-15
-9.823305363587664374e-15
1.090794121694216301e-14
8.625912484294673277e-15
-3.903127820947815962e-17
3.283831540024095830e-15
-5.553717208339747913e-15
1.072059108153666784e-15
-1.091488011084607024e-14
1.229485263598562028e-14
5.720250662033521394e-16
2.553079275768865841e-15
1.357421119951851551e-15
1.035282970462958474e-14
8.570401333063415450e-15
-7.307956323421294087e-15
1.619667941432645364e-14
-1.644257646704616604e-14
-8.143659357973120905e-15
-5.186823193170653212e-16
-3.446895546765915697e-15
-3.947363269585224543e-15
3.675011683856865830e-15
-3.681950577760773058e-15
9.462916561453482700e-16
6.049848122469114742e-16
-4.247036750060217969e-15
-1.768550583758354833e-15
1.954599676556867394e-15
-2.615963001773025098e-15
-1.727350901203905664e-15
3.959506333917062193e-15
-1.862225651461102416e-15
-3.608224830031758756e-16
4.404462905505113213e-15
2.321493691725962094e-15
-1.334436033895158857e-15
2.767317625052001517e-15
-4.637783213023993767e-15
3.885780586188047891e-15
-1.572526830972975631e-15
-2.114627917215727848e-15
2.484124017598787759e-15
-3.630776235219457249e-15
-1.310670322274276600e-14
-1.312058101055058046e-14
6.936291818693263167e-15
1.171718971848534352e-14
1.303731428370369372e-14
5.517288015344234964e-15
-1.320124565218350199e-15
-4.116498808492963235e-15
4.582272061792735940e-15
1.233822072288504046e-14
3.685116448104430731e-14
3.039062057563768349e-14
2.113326874608745243e-15
5.944897352172517913e-15
7.972789095589405406e-15
1.964314128022337513e-14
1.511594668879290282e-14
1.390510970256109147e-14
-1.961928883242869404e-14
-1.105148958457924380e-14
-7.186959360971911792e-15
3.505442464080132936e-15
-1.547980493787903811e-14
-2.434684398533448757e-14
-6.379445582904708090e-15
-1.941025465357348878e-14
-3.320520941541005300e-14
4.492933802779930375e-16
-1.280789710400576098e-14
-6.063725910276929199e-15
-1.132600957465257352e-14
-7.853093175747005716e-15
-2.150276484647051234e-14
1.960237527853792017e-14
4.857225732735059864e-16
1.023660323173913866e-14
-3.145053661945951262e-15
2.598008613796665145e-14
3.067901835351882767e-14
-1.048553605054181048e-14
3.835907286253714688e-14
-5.025884222686904934e-14
1.324981790951085259e-14
8.239502830020839497e-15
-1.850516267998258968e-15
-4.318594093444261262e-15
6.686491638152602945e-15
-1.582024442003948650e-14
1.956768080901838402e-14
4.629109595644109731e-15
-6.161737786669618799e-15
-1.217428935440523219e-14
8.647596527744383366e-16
-1.690488027339398514e-15
-8.582544397395253100e-15
1.923461390163083706e-14
-1.203637883806507602e-14
1.950696548735919578e-15
-5.429684479807406206e-16
-9.167146208799437090e-15
2.490802702981298467e-14
4.639691408847568255e-14
-8.300218151680027745e-15
-2.021386530381974467e-15
-6.989200884710555783e-15
-1.247786596270117343e-14
1.597073168158047451e-14
-1.467966373458473583e-14
-5.025146965209614791e-14
-4.045201673630316463e-14
1.485703921000336436e-14
5.031522073983829557e-14
5.164531996504351241e-14
1.256980630692794421e-14
-1.072536157109560406e-14
-4.365214786861137952e-14
-2.538767807092057183e-14
-2.475016719349909522e-14
3.950312299494385115e-14
2.893909070711409015e-14
3.274290560906223391e-15
6.760217385881617247e-15
1.395194723641246526e-14
5.023108665125342043e-14
4.670873063328251362e-14
-3.826366307135842248e-15
-5.506879674488374121e-14
-4.213599955060765012e-14
-2.549653196903811647e-14
7.151397529714387247e-15
3.794837707959963780e-14
-2.947251817597695833e-14
5.357173038511575669e-14
-7.173168309337896176e-14
-2.312256289216385596e-14
-6.945832797811135606e-15
-9.473758583178337744e-15
-2.989795910846027027e-15
-1.549151432134188155e-14
1.441598576623626116e-14
-5.077795822705510886e-14
3.322082192669384426e-14
-1.390294129821612046e-14
3.657664449097097759e-15
6.383782391594650107e-16
2.413260563605135189e-14
2.141993180049261980e-14
6.112298167604279797e-15
-1.942890293094023946e-15
-1.977671498787358928e-14
1.783339101391057113e-14
-6.604092273043704608e-15
-4.218413812706600652e-15
-1.896833384806839717e-14
-4.558332877824256002e-14
2.783190344857189302e-14
2.200843673971775161e-14
3.249700855634252150e-14
1.763606621851820933e-14
-1.941936195182236702e-14
4.371503159461553878e-15
1.077436750929194886e-14
7.516556821407505140e-15
4.385207474921770654e-14
5.103990147192760674e-14
7.575537419590716581e-15
5.937958458268610684e-15
-1.602450810933575553e-15
3.302089504608751724e-14
5.711186731871542577e-14
-1.949568978476534653e-14
-1.900606408367089273e-14
-2.439368151918586136e-14
-2.146113148304706897e-14
1.212051292664995117e-14
-1.314053033052431374e-14
-4.801064060200310735e-14
-4.465828748467792764e-14
-4.212168808193084146e-14
-4.367860240162002583e-14
-2.148975442040068629e-14
5.270089920017539953e-15
-7.701304871599035096e-15
-2.462786918844273032e-14
-2.400640450317403918e-14
-1.350742434569340844e-14
1.800729704237724604e-14
2.188613873466138671e-14
-5.592748486549226072e-15
4.114764085016986428e-15
1.054711873393898713e-14
3.704718823382968651e-14
4.324405417088783565e-14
-1.581981073917049230e-14
-8.481063074050609885e-15
1.148170100662149196e-14
-1.733856114238818691e-15
5.309988559965006516e-15
2.866457071704076043e-14
-1.004534996851269568e-14
2.246987318432758229e-14
-3.520924871103225939e-14
-1.366918730982824570e-14
-4.930951480464074166e-15
-2.627238704366874344e-15
9.200539635711990627e-15
-1.724488607468543933e-14
-2.416469802035692283e-15
-1.760137174899867318e-14
2.150710165516045436e-14
8.880049473525275516e-15
-7.768091725424142169e-15
6.617970060851519065e-15
-2.411265631607761861e-16
1.981661362782105584e-14
-6.794478174532159187e-15
5.757980897636016948e-15
-1.583412220784730096e-14
1.026175672214080237e-14
-7.431555371084641592e-15
-9.871443940046020771e-15
-3.890117394877989909e-15
-3.544430374202711675e-14
3.115086313898451920e-14
-3.742665899419961306e-16
2.507065735568581033e-14
9.067399608930770682e-15
-1.756234047078919502e-14
-4.392146368825677882e-14
-2.503032503486934957e-14
-4.895823330075543822e-15
5.490139592945197933e-14
4.715932505616748927e-14
9.828943214884588997e-15
1.680079686483537671e-15
3.066557424658000741e-15
2.252928746337978794e-14
3.517845736933367107e-14
1.066421256856742161e-15
-2.063800519369607400e-14
-1.529679161116348496e-14
-8.146695124056080317e-15
1.558518938904462914e-14
3.910587131894516233e-14
4.253845539703426937e-14
2.010544508657119422e-15
-5.378163192570895035e-14
-4.207918735676940969e-14
-1.523564260863530251e-14
1.322076129128824107e-14
-2.077634939090522437e-14
-3.501409231998486860e-14
-2.134924181884656491e-14
-2.559974801585873649e-14
4.667446984463197168e-14
4.180119791974412635e-14
-8.683158359001907911e-15
3.250871793980536495e-15
-1.281093287008872039e-14
-2.247160790780355910e-14
-5.656065893422379531e-15
1.064990109989061295e-14
-3.524958103184872016e-15
7.293644854744485428e-15
-1.545942193703631062e-14
1.104238228633036556e-14
3.952567440013154965e-14
6.366001475965887835e-15
1.235209851069285492e-14
-5.163794739027061098e-14
-3.234999074175348710e-14
1.796306159373983746e-15
-3.688022109926691883e-15
1.294016976904899252e-14
-5.885960122076205892e-14
6.727951529228448635e-14
-1.046645409230606560e-14
3.797656633608426091e-14
2.659331088672445276e-14
-3.084338340286763014e-15
3.006275783867806695e-15
-4.754009685914439842e-15
3.999925390907321798e-14
-3.292548525490879285e-14
3.967139117211360144e-14
-1.705493385406597895e-14
2.864895820575696916e-15
-1.335129923285549580e-14
-1.215000322574155689e-14
-1.147519579358657893e-14
-1.264700150160891212e-14
-2.024552400725632140e-14
-2.902973000873387832e-14
-1.051112322181246839e-14
6.815728537112875074e-15
-2.595666737104096455e-14
-4.546276549666217193e-14
-4.276873993847019051e-14
3.551412636193518324e-15
4.584787410832902310e-14
5.744103109828202491e-14
1.357811432733946333e-14
4.535434527941362148e-15
8.300651832549021947e-15
2.791733857976375077e-14
5.105074349365246178e-14
2.478312693954265455e-14
1.984436920343668476e-14
-1.858105683205657499e-14
2.890049310977360619e-15
1.928622192504114707e-14
4.183589238926366249e-14
4.275226006544841084e-14
-5.466113672802919154e-15
-6.088185511288202179e-14
-5.268441932715361986e-14
-2.171266638706370600e-14
1.706360747144586298e-14
-6.429752563708035495e-15
-2.316376257471830513e-14
-1.469917937368947491e-14
-3.175237850427947706e-14
-6.947567521287112413e-15
2.089474426814064145e-15
5.449633799781139487e-15
1.090360440825222099e-14
-4.844215306665233811e-16
-1.905767210708120274e-14
1.884733688561901488e-14
-1.083421546921314871e-14
1.281093287008872039e-15
-1.507474700623845365e-15
-9.288576852117813587e-15
-9.311995619043500483e-15
5.450501161519127891e-15
1.673401001101026964e-14
-1.925369585986658194e-14
3.149390470635893280e-15
-1.382574610353515254e-15
-1.421996201345088195e-14
-3.080001531596820996e-15
-2.174692717571424794e-14
-4.654002877524376913e-14
4.183242294231170888e-14
6.340847985564224132e-15
2.284587449774555523e-14
2.969933327046092586e-14
-6.064593272014917602e-15
2.827599265842195564e-15
1.434009161416227585e-14
2.369545532010519651e-14
-1.173974112367304201e-14
1.057400694781662764e-14
-1.760267279160565579e-14
4.524592506216507104e-15
4.378008372496466905e-15
2.437459956095011648e-14
3.398973810742056401e-14
-2.236752449924495068e-14
-1.914137251479708368e-14
-2.351547775947260277e-14
-1.659132900511117725e-14
2.370499629922306895e-15
-5.520757462296188578e-15
-1.672533639363038560e-14
-2.674770127608638859e-14
3.029260869924499389e-15
5.403663627667754099e-15
1.880917296914752512e-14
4.486862270614011550e-15
-2.138046684141414744e-15
-4.255276686571107803e-15
-1.614160194396419001e-15
-1.270598209979212356e-14
7.107162081076978666e-15
4.878909776184769953e-15
-4.395789288125229177e-15
-1.700462687326265154e-15
7.701304871599035096e-15
8.218252467440123610e-15
5.965280353015245396e-15
7.128412443657694553e-15
-2.027891743416887493e-14
-1.735764310062393179e-14
-6.797080259746124398e-15
2.899156609226238857e-15
-1.908629504443482006e-15
5.138250935843302614e-15
-2.279426647433524522e-15
5.393688967680887458e-15
2.977652846514189378e-15
1.561684809248120587e-15
6.931521329134326947e-15
-4.770489558936219510e-17
1.409462824231155764e-15
1.328798182598234234e-15
-1.517449360610712006e-15
4.502474781897802814e-15
2.200496729276579799e-15
2.426444462022558923e-15
8.860100153551542235e-16
-7.452805733665357479e-15
8.555656183517612590e-15
-4.810388198883686073e-15
5.494736610156536472e-15
-1.248046804791513864e-14
-9.582612481295882390e-15
-1.162871882121052636e-14
6.510417205340957025e-15
-1.451356396175995656e-14
-1.671536173364351896e-14
1.157407503171725693e-14
-8.736934786757188931e-15
4.789571517171964388e-15
1.048596973141080468e-14
3.706236706424448357e-15
-5.421010862427522170e-17
2.936886844828734411e-15
2.311952712608089655e-15
-5.918009138294877403e-15
8.618973590390766049e-15
8.906070325664927623e-15
1.375505612188909765e-14
-9.428222091933946558e-15
1.038882521675610349e-14
1.157082242519980042e-14
-3.427379907661176617e-15
1.598547683112627738e-15
-2.272487753529617294e-16
-1.322249601476421788e-14
-7.725591000262710395e-15
3.998103931257546151e-15
-4.361094818605693035e-15
-6.839364144473059071e-15
5.889386200941260086e-16
-7.522628353573423965e-15
-3.786033986319381484e-16
-7.605678239985813605e-15
3.736160686385048280e-15
-1.025655255171287195e-15
1.567756341414039412e-15
-7.707810084633948122e-15
4.121269298051899455e-15
-3.149173630201396179e-15
6.052016526814085751e-15
4.300379496946504787e-15
-1.495114795857510614e-15
8.289809810824166902e-16
-3.673276960380889022e-16
-2.694025558191981418e-15
5.843416028827874698e-15
2.090341788552052549e-16
-7.307522642552299885e-16
-2.391316311634028580e-15
5.966581395622228001e-15
-1.120110948438224341e-14
9.268193851275086104e-15
-7.917277944358147579e-15
-1.363492652117770376e-15
-2.990663272584015431e-15
-6.010383163390642380e-15
-6.513886652292910640e-16
-7.507015842289632701e-16
8.208711488322251171e-15
-4.060120295523717004e-15
3.070460552478948557e-16
-1.561684809248120587e-15
-5.076234571577131760e-16
-8.630249292984615295e-17
-7.855912101395468028e-15
1.126225848691042586e-14
-8.021578193351253105e-15
-4.565358507901962071e-15
4.937023012629992991e-15
8.602276876934489280e-15
-7.851575292705526010e-15
1.707184740795675282e-15
1.426810058990923835e-16
-4.429616395906776916e-15
-1.121498727219005787e-15
-7.674850338590388787e-15
-4.236628409204357126e-15
3.849351393192534943e-15
1.656660919557850775e-16
6.133114849316001482e-15
-1.032767621422792104e-14
5.261416302637655917e-15
-2.784231178942775387e-15
-3.380108692940808623e-15
-3.836340967122708889e-15
1.080559253185953139e-14
-6.028164079019404653e-15
1.821459649775647449e-16
1.658395643033827582e-15
-7.979727989493312634e-17
8.618106228652777645e-15
-2.115495278953716252e-15
4.775693729364149931e-15
-3.538835890992686473e-15
3.129441150662159998e-15
7.816663982751492767e-15
-4.033232081646076495e-15
5.983061268644007669e-15
-2.515349040166370287e-15
4.317726731706272858e-15
-6.271025365656157646e-15
4.865899350114943900e-15
-4.088743232877334322e-15
4.857225732735059864e-17
1.783295733304157693e-15
2.775557561562891351e-17
4.411401799409020441e-15
-1.670538707365665232e-15
-1.321859288694327006e-15
2.614777849668042942e-02
2.614509664424466071e-02
2.614416052612208302e-02
2.614457809753746240e-02
2.614597122957796130e-02
2.614871843654556494e-02
2.614963201307479723e-02
2.614914706722391499e-02
2.614777592014450383e-02
2.614508843468069457e-02
2.614415767618747527e-02
2.614457685181141924e-02
2.614595881368009245e-02
2.614870170853195522e-02
2.614962574219089481e-02
2.614915224196735777e-02
