2.424167229106433119e-08
-2.570092604708973383e-08
-2.091425595901474921e-08
1.835027223923146877e-08
1.385037951689982449e-08
-1.627672174472905020e-08
-1.132228784686550860e-08
1.954293192205081020e-08
1.417036429168794243e-08
-1.588284297832087688e-08
-1.649201801512401033e-08
8.555073083976738602e-09
1.752767601545524023e-08
-1.217053999941208886e-08
-2.083482517761803265e-08
2.335604883801911669e-08
1.909930547050464611e-14
9.221789998292706514e-15
-3.975292317548451138e-14
3.144012827860365178e-14
-1.922073611382302261e-14
-9.355363705942920660e-15
3.975118845200853457e-14
-3.151472138807065448e-14
1.913746938697613587e-14
9.287709490379825183e-15
-3.983272045537944450e-14
3.141063797951204606e-14
-1.932481952238163103e-14
-9.174952464441332722e-15
4.002700948468884690e-14
-3.120767533282275963e-14
-2.007443690443810880e-14
2.927269971558787987e-14
-2.709963330127518333e-14
6.471385927131478866e-15
2.030894983434672341e-14
-2.863334569447317790e-14
2.663743791514461279e-14
-6.289348382371162671e-15
-2.050898513517029897e-14
2.915267853509373452e-14
-2.699218886598186984e-14
6.132464328012510180e-15
2.016247412084393176e-14
-2.924646202301373066e-14
2.656479636958808399e-14
-6.106768736524603725e-15
1.946901841132220312e-15
9.906355250000054014e-16
3.341619515817573216e-15
-1.419112223566276754e-15
-1.705992118405941227e-15
-4.325966668217162692e-16
-3.458604930228759144e-15
1.372057849280405861e-15
1.788933584601082316e-15
8.862268557896513244e-16
3.337607967779376850e-15
-1.235990476633475055e-15
-1.625327476773019697e-15
-8.354861941173297168e-16
-3.092361436363155747e-15
1.175491995408783907e-15
7.716646332339704983e-15
-4.170383656465492805e-15
-1.213715542999760366e-14
1.184805292070434390e-14
-7.979619569276064084e-15
3.780721395674202512e-15
1.228851005327658008e-14
-1.290569213996395348e-14
7.620423389531616465e-15
-3.944544343936762232e-15
-1.200276857071802539e-14
1.310122800177171420e-14
-7.379188406153591728e-15
3.922968720704300694e-15
1.178083238601024263e-14
-1.241178384028818193e-14
1.902937443037933107e-15
9.281529537996657808e-15
-8.573518414309311275e-15
1.347820509714492410e-14
-2.366244136395301290e-15
-8.297236595705692608e-15
8.827519878268352826e-15
-1.350067518716968618e-14
2.194642037545158075e-15
9.158852062179922981e-15
-9.292290244558576440e-15
1.323702432387552363e-14
-2.335208849207903725e-15
-8.708582899946692990e-15
8.401347109318613171e-15
-1.309231043890302093e-14
3.862809052658511266e-16
9.771036654478496009e-15
-1.835443824921637046e-14
-7.031091746149964461e-15
-1.426877821626704179e-15
-8.730490560094478214e-15
1.886159753231898828e-14
6.729253249461789044e-15
-3.098514283692010984e-16
9.242566022422959993e-15
-1.874893876220237732e-14
-7.229446533606187497e-15
-5.020194871786787250e-17
-8.962225221936098718e-15
1.778513724097138815e-14
7.833343755548824450e-15
-1.443602317763650889e-14
4.861247445168623282e-15
1.090905930043253869e-14
-1.273530976855785646e-16
1.286757565733750996e-14
-4.006059264698158540e-15
-1.037522186762319942e-14
1.095715044304584884e-15
-1.398330100798803044e-14
4.307304838323255947e-15
1.040930308528892345e-14
-2.727446090158847092e-16
1.335718102964122966e-14
-4.149150234543722005e-15
-1.052453344743339847e-14
1.617019777626349519e-16
7.577421220865410145e-16
1.092221880430108150e-15
1.343184190174401271e-15
-5.156167376743625574e-15
-1.551012194112716402e-15
-1.222004268608412048e-15
-1.058726809563884097e-15
7.259519591365504176e-15
7.232983743193921455e-17
1.630206386549204467e-15
4.198911726129017641e-16
-6.690421871027862899e-15
-1.916327339868129087e-16
-1.368500310901937800e-15
-6.807807084990152857e-16
5.525189138676223077e-15
-7.622185218061905410e-15
6.443582917670803711e-16
-8.712018465580756432e-15
6.044040864582739259e-15
6.452527585593809123e-15
-1.620241890957704878e-15
6.660850256773320766e-15
-2.634221643984038796e-15
-5.892608314272615444e-15
4.593527435595851083e-16
-5.874613946341145088e-15
2.959966798575519586e-15
6.921577162333561462e-15
-1.330241526740355562e-15
9.192689334356837771e-15
-4.819834310311466030e-15
-9.525183647472040827e-15
1.534721717657942797e-14
-1.538429350274664320e-14
-2.978997934834429206e-15
7.495848559913032005e-15
-1.322206911015880171e-14
1.301046672740752141e-14
2.961884481168103322e-15
-7.567812479111757362e-15
1.301064291026055031e-14
-1.471744479216406665e-14
-4.265515620837517785e-15
1.009585346095978609e-14
-1.625683908237224307e-14
1.339845525109503721e-14
5.201005912839479217e-15
-8.729863755713510032e-15
2.551761292502938150e-15
-2.735320108436523068e-15
-8.148694121811600466e-15
7.688199577839116561e-15
-1.204650257585065942e-15
1.502355233490640374e-15
1.081144383545916410e-14
-9.259289840933548899e-15
4.128519900080396265e-15
-1.279223038261334544e-15
-1.167477369661863718e-14
9.434273295309131280e-15
-2.314046578053702286e-15
1.626147404665961860e-15
1.087001446969590446e-14
2.490781696564206560e-15
1.632164726723256409e-16
-4.983162591332829239e-16
2.684667538190715907e-15
-2.361473646836365070e-15
4.085002735382259331e-16
-1.357102635563683934e-15
-1.792972237693590820e-15
2.327131543022886717e-15
5.554909830729481968e-16
8.651831692480654867e-16
3.565707164211381897e-15
-1.069948302049109068e-15
-5.417317798777493421e-16
1.014620109934458170e-15
-4.602126514076376740e-15
2.914172809315163093e-15
9.917102404034816576e-15
-1.417641774369843288e-14
8.225008402227423909e-15
-3.870330705230129453e-15
-9.446562049307896669e-15
1.525210215286634807e-14
-9.657883217120688535e-15
1.951889171125653633e-15
9.843664647507868737e-15
-1.475605933016349569e-14
6.953886387073629494e-15
-2.389019158281074917e-15
-1.112558463867326097e-14
1.567237618437140878e-14
-9.905935121658215881e-15
-1.056755594489033889e-14
1.545581696481279632e-14
-1.524666420134497546e-14
4.370584975746730216e-15
1.078365776665743403e-14
-1.721315960861308225e-14
1.492444270381407256e-14
-2.468586045214354874e-15
-9.615619661184487965e-15
1.563801036363540731e-14
-1.408416230321528351e-14
2.288171415580977919e-15
9.790765745885943172e-15
-1.563954857546762112e-14
1.811443993394133700e-14
-2.700158076730102552e-15
-1.237984731004490579e-14
3.492113553622139266e-15
-1.070236632064354432e-14
-1.368945172605835758e-14
1.220716778528585511e-14
-4.449816437632897470e-15
9.859290711318816069e-15
1.401743304763058973e-14
-1.408283076742219975e-14
5.316927453868913744e-15
-1.027626470246137402e-14
-1.482725753157790316e-14
1.552582254383746974e-14
-8.881787585133041341e-15
8.401635100520679633e-15
1.493940469379437253e-14
-3.861480904997216523e-15
-1.034701567047963122e-16
7.247156298467380409e-15
-7.157940012198979463e-15
7.794603856673201769e-15
6.874654925187462240e-16
-9.931332557548688822e-15
8.656449716109085313e-15
-8.349407048992979474e-15
3.093205081178621030e-15
1.136439033155856038e-14
-1.147276650309385360e-14
9.554158950531715933e-15
-3.136227578635561453e-15
-7.413171367997434258e-15
7.244296715237449891e-15
1.310187174681162747e-15
5.109794016947347139e-15
3.935277803493800186e-15
-8.708277968085681442e-16
-5.672982835444942418e-15
-1.766961549949305765e-15
-2.694472791588131688e-15
7.169320746878288242e-16
4.503304874186112028e-15
-1.547268308485852395e-15
4.036328834101238217e-15
5.994621574308134360e-16
-1.508077788082290427e-15
-2.365441149161304213e-15
-3.554875306881893904e-15
-9.830766029787080251e-16
-1.373492384279875744e-14
8.600091531930573185e-15
-8.428838410654698743e-15
6.301474506044055235e-15
7.930434060094901372e-15
-6.238722917179667649e-15
4.075549847690901339e-15
-2.951469364048664445e-15
-7.865798669955820221e-15
8.991251346972609082e-15
-8.334248547368916515e-15
3.670142938476048111e-15
9.270704456930747850e-15
-8.482198098199930647e-15
4.784983986729635097e-15
1.885596984541743071e-16
-2.680787110852754507e-14
1.354917290559767840e-14
-7.481127127289752266e-15
-2.301750031351822157e-14
2.420680572223082860e-14
-7.130760418987483473e-15
4.990033722600956123e-15
2.204376140175004495e-14
-2.766561055223513976e-14
1.415373758950275174e-14
-6.886797989519299890e-15
-2.179614317808151180e-14
2.628589891324334404e-14
-9.720448458736680175e-15
3.745037591672273347e-15
2.693021993556074523e-14
-2.342112845354384076e-14
-7.641070664653887290e-15
1.658550480656585668e-14
-2.441326492092638079e-14
2.094023671367177541e-14
5.128859034524146931e-15
-1.438094570727424526e-14
2.377526615252728570e-14
-2.336724699370310021e-14
-6.081940506774685673e-15
1.603820971429054110e-14
-2.440640734218540997e-14
2.208394803289957797e-14
4.799258185956764566e-15
-1.741439091995818089e-14
2.372609419587327906e-14
1.091103796939732473e-15
-2.554841104299154786e-15
1.192287981126478880e-14
-1.161145967787727273e-14
1.965831333437459416e-15
4.362731286259788344e-15
-1.295618885614746585e-14
7.318429038781146256e-15
2.311613899429187935e-15
-8.595026274905992469e-15
1.360473487880577148e-14
-8.400818560759526488e-15
6.399469441777799750e-16
5.055827853811881156e-15
-1.023622037284697972e-14
1.022601193176667089e-14
-8.636900195686456061e-15
3.361911037101997235e-15
3.379905405033467591e-15
-1.186198491862078264e-15
1.828991466742632688e-15
2.368219417228298318e-15
3.273653592129888157e-15
-2.417442195859140219e-15
-9.319022604373922158e-16
-2.088823905510572843e-15
-5.784286352845946499e-16
2.205429849161388844e-15
4.217478688332831904e-15
1.038259105426431184e-16
-2.826765785422097332e-15
2.480756214600504661e-16
-1.271476074925746713e-14
6.930481172675098667e-15
1.348944014215730514e-15
-3.650176677843369744e-15
1.029257516889370283e-14
-9.798361937356919737e-15
2.138182209412975432e-16
4.609014586003448710e-15
-1.257677569401795259e-14
6.767318910111397301e-15
2.680039350166918410e-15
-7.025291264527167012e-15
1.083952467172653866e-14
-5.487008281545788235e-15
-3.393129283406001728e-15
8.735823479530391289e-15
-1.718755888481526828e-14
-4.266532060374222945e-15
4.037799283297671682e-15
-1.286792802304356775e-14
1.782448361543724491e-14
5.682198553911069205e-15
-3.423622469507156540e-15
1.412902455623366027e-14
-1.329313178630164849e-14
-1.058199616257513020e-14
4.393221084229154139e-15
-1.215970683518530215e-14
1.596295930725646905e-14
8.681850540131347271e-15
-4.916406230693823320e-15
1.133937236642845736e-14
-3.675858716804120130e-15
-1.284406202272173059e-14
1.946372276133596924e-14
-1.170613085632599137e-14
2.653374752987353036e-15
1.154931456460311923e-14
-1.742645266912708213e-14
1.238955091948865106e-14
-1.825603334953615486e-15
-1.376713819984873299e-14
1.643353693143306815e-14
-1.255641302196595921e-14
-1.861134673025038877e-16
1.340171124574428274e-14
-1.579091675127375360e-14
1.432549554241518974e-14
7.790436454572710612e-15
-1.308430767161736230e-14
8.655436664704169170e-15
-7.857789126406583557e-16
-7.118041372251512899e-15
1.030641907538362712e-14
-1.497091770756402151e-14
2.632392052817969508e-15
1.181282990262572108e-14
-1.166873604577060852e-14
1.159202535393547007e-14
3.931625397425239643e-15
-8.366510338263938307e-15
8.741732381370437288e-15
-1.280636905656891422e-14
-1.769522977581802770e-15
1.553062013845071809e-15
1.974935243554548636e-15
6.011528351935330194e-15
-2.414247187582096998e-16
1.057944151120621123e-16
3.057124865757376853e-15
-2.889215830557262388e-15
-5.736622114838052511e-15
-2.355175109840582093e-15
-3.250031537296860229e-16
-1.035277549452096046e-16
3.108339865880160868e-15
3.488833842050370615e-15
-2.335134310308545347e-16
-4.042278393522752422e-15
7.262833184255162999e-16
-1.164263049033623099e-14
-5.986920350751698261e-15
2.394175894863959098e-15
-8.583388042210718383e-15
9.196639896022831828e-15
4.785360069358216006e-15
8.807313060278654238e-16
1.131257224397733130e-14
-6.020845714355127498e-15
-7.889956049611512867e-15
1.486386968369002304e-15
-1.160416164200372968e-14
9.403437907897285730e-15
7.372784837072349218e-15
-3.268032681491908620e-15
6.638691874873148269e-15
-1.962582115051791920e-15
-1.556124884982343359e-14
1.713675384863895534e-14
-7.466158361045874270e-15
1.905722487368505247e-15
1.082451524790119246e-14
-1.767212949328050842e-14
7.064295437682333034e-15
4.970728147667136110e-17
-9.085709073118619639e-15
1.669227500363315575e-14
-7.552599767379070128e-15
3.284004334745335707e-15
1.449802260124373465e-14
-1.401326903366188759e-14
1.220602937300474533e-14
1.530667140346025912e-14
-8.553433569064017306e-15
3.242509884725242042e-15
-4.935423814425576872e-15
-1.284131763597262665e-14
8.074026473445239382e-15
-5.024230136747506736e-15
5.228964776362449163e-15
8.315810334173084906e-15
-7.695412910417934182e-15
6.930894524753358765e-15
-7.072172844091798027e-15
-1.496650974810651014e-14
1.526990339728584445e-15
-9.689436888471805731e-15
6.979361749995249831e-15
-4.655848731723033485e-15
7.555462738740789663e-15
1.105183178588993453e-15
-2.250729171180548827e-15
8.295671278819166661e-16
-9.563013832962312388e-15
-8.789457605750533586e-15
7.898145164145567443e-15
-2.422907252434824965e-15
-2.033726106357575114e-17
2.436520765963096080e-15
-3.861889174877793096e-15
6.701899167463158669e-15
-4.737641621241697742e-16
-1.123595641983228532e-14
1.118590354891313421e-14
-4.592063762662995652e-15
6.814790024607317309e-15
1.485647339199459849e-14
-4.907996887593482627e-15
1.131207418860434577e-14
-2.305962495605107243e-16
-2.330517641932830508e-14
1.300180327442300443e-14
-6.127727719771464132e-15
1.070736720316413371e-14
1.786842090847721998e-14
-7.671042078459533453e-15
7.695158800533757892e-16
4.041824383863024117e-15
-2.179761023914615625e-14
8.629239629711488169e-15
-1.520149024020200912e-14
-3.467908740121400379e-15
1.243464017733689198e-14
-3.951130872134611671e-15
5.831215366255623755e-15
1.402223403037562710e-14
-1.516136459542467840e-14
4.121225252338642231e-15
-1.731573529852557802e-14
-1.204378529415586763e-14
1.136054819010981487e-14
-1.788052670335937844e-16
9.140603584364276335e-15
7.873449071535421062e-15
-1.150965987014446190e-14
-4.002278109621615343e-15
-3.838780422010801274e-15
-1.553298505443945210e-14
1.376194080568438061e-14
-2.152710518524281191e-15
-3.807934870203588673e-15
1.898551845250229242e-14
-1.201957370439155071e-14
4.732949058713908919e-15
5.748439918518144509e-15
-1.387889911504125440e-14
7.150747008410895944e-15
-3.776845372907566833e-15
-1.618442792977736744e-15
2.136377012795787067e-14
-6.908590453186258529e-15
2.564327873308402950e-15
1.542581166968925999e-14
-1.314513818975737713e-14
-8.948462630609110846e-16
-1.603535013106061058e-15
-1.205741236021129481e-14
7.234013735257782685e-15
4.587530442329290636e-15
1.402686560653121361e-15
8.171414933588749818e-15
-7.375827379418886665e-16
-6.200552224444599858e-15
-2.972665516520756057e-15
-1.700153689707106786e-14
8.730212733287778804e-15
4.812719233554529907e-15
4.934204086981530679e-15
1.726049858596923059e-16
7.315437318411444068e-15
1.253218449154269720e-14
-9.308959852960541070e-15
9.003214840319628820e-15
-1.188339791152737135e-14
-1.073837199716543012e-14
3.453400759800828723e-15
-7.996641543384086503e-15
1.581081186113886261e-14
1.253966548653284718e-14
-7.264696656739122460e-15
7.466249840604177734e-15
-1.254823068369548267e-14
-8.250778532614688743e-15
2.824780340193733252e-15
-5.762534546760456067e-15
-1.483123519829820935e-14
2.789305245110007547e-14
-2.205299744900690584e-14
5.324516869076312275e-15
1.685262172868018382e-14
-3.216242376591349483e-14
1.855059075100973232e-14
-3.025683002755297224e-15
-1.757730246076949499e-14
3.405500707820419137e-14
-2.566848643359431748e-14
2.474366198046418219e-15
1.242723372124610037e-14
-3.084945493503354896e-14
2.070349100491419847e-14
-1.639313684798082704e-15
-2.220446049250313081e-14
3.296148076703531160e-14
-1.105365798892421481e-14
-2.879640970121499777e-15
3.030561912531481994e-14
-2.780588259643224092e-14
9.311995619043500483e-15
8.430756093247282479e-16
-2.948682964465376699e-14
3.216524269156195714e-14
-2.470246229790973302e-15
-1.292368989602721285e-15
2.583870617467454167e-14
-3.035939555307010096e-14
9.801187639268960083e-15
4.940492459581946605e-15
-1.815561589957326305e-14
2.269018306577663679e-15
-1.157060558476530332e-14
-3.847616669716558135e-15
1.316655118266396585e-14
-7.389922007661198222e-16
9.808126533172867312e-15
7.199102425303749442e-15
-1.626129786380658970e-14
-4.215378046623641239e-15
-8.330142131640627667e-15
-3.465977505001660575e-15
1.379452108096757001e-14
6.036837696399288689e-16
1.018282680398385764e-14
