5.445140975583906418e+00
5.288358104458698250e+00
3.771752701888505754e+00
2.818786369499486355e+00
-1.110759153259391757e-01
-1.301989393633183223e+00
-3.928840036168344430e+00
-4.660079374372325667e+00
-5.445141608363226915e+00
-5.288358445113696682e+00
-3.771753669693751920e+00
-2.818787293051366660e+00
1.110754911993381416e-01
1.301988649656896202e+00
3.928839814896203375e+00
4.660079140890552196e+00
5.143246954959349360e+00
4.455771841563740843e+00
2.098435486455877630e+00
7.703323020579898595e-01
-2.175593937825306856e+00
-3.366339068016781511e+00
-5.175196565006939586e+00
-5.531072739808774230e+00
-5.143247815453984906e+00
-4.455772224591896702e+00
-2.098435844549627394e+00
-7.703328144739216565e-01
2.175593822700410129e+00
3.366338942273882751e+00
5.175196041992118801e+00
5.531071916605554861e+00
3.796116124018631854e+00
2.693763968281355670e+00
-6.935476934057113220e-03
-1.384516600510448336e+00
-3.805894527436847863e+00
-4.651768074745165293e+00
-5.375449676774567642e+00
-5.194101974792275200e+00
-3.796116194173240199e+00
-2.693763683049160473e+00
6.935371116105400538e-03
1.384516636882509255e+00
3.805894647017148635e+00
4.651767398134595055e+00
5.375448341565247645e+00
5.194100906680299445e+00
1.957562916567820999e+00
6.534781673788824241e-01
-1.937377921816026971e+00
-3.106585227344426325e+00
-4.697447688079775752e+00
-5.046913141444765216e+00
-4.705847309596830286e+00
-4.030801447932303994e+00
-1.957562289289786372e+00
-6.534776709589656951e-01
1.937378193666447812e+00
3.106585548555202081e+00
4.697447046885797839e+00
5.046911607473732353e+00
4.705846203564219010e+00
4.030801274640905874e+00
-4.636334415659928987e-03
-1.351090680834546864e+00
-3.706909768610278988e+00
-4.533669765697331933e+00
-5.237768075742574858e+00
-5.060518403135168874e+00
-3.700383505843941379e+00
-2.622940217567028220e+00
4.636979601645782947e-03
1.351091168374309870e+00
3.706910135332893486e+00
4.533669733390983225e+00
5.237766448413830211e+00
5.060516811176808183e+00
3.700383700750652594e+00
2.622940942051839919e+00
-2.039517464828982884e+00
-3.226616053120838323e+00
-4.909356752014008229e+00
-5.264147098389496016e+00
-4.903372438857198645e+00
-4.218002469531601406e+00
-2.025034988894443444e+00
-7.009995465410433502e-01
2.039518729869843394e+00
3.226617430630772887e+00
4.909355781489192161e+00
5.264144547966889576e+00
4.903370578539204772e+00
4.218002355161920569e+00
2.025036526456105435e+00
7.010008154241194056e-01
-3.733125894503301012e+00
-4.564947545490725567e+00
-5.274228542441860235e+00
-5.095888194084069234e+00
-3.725735713437946295e+00
-2.641695071584845067e+00
5.240097552896645985e-03
1.359948101748432947e+00
3.733128638685243583e+00
4.564948054992181703e+00
5.274222138837583174e+00
5.095882634566320846e+00
3.725738018938784979e+00
2.641698365554736583e+00
-5.238281442274088893e-03
-1.359945933811426144e+00
-4.859676867410475332e+00
-5.213267848546004224e+00
-4.857134498828481028e+00
-4.174098171170894211e+00
-2.009306665975704842e+00
-6.897847556021482474e-01
2.015508646561972927e+00
3.198559947575513984e+00
4.859675792427715635e+00
5.213260547379747756e+00
4.857128922143240324e+00
4.174099804081660814e+00
2.009310654613814862e+00
6.897871906870985947e-01
-2.015505092563543155e+00
-3.198555753007386482e+00
-5.275404200918526243e+00
-5.096950285927120738e+00
-3.726782919715311060e+00
-2.642022515707461938e+00
4.936125223648286930e-03
1.360535618291390803e+00
3.733733727602132291e+00
4.566107521978717720e+00
5.275396940311055438e+00
5.096943649541077370e+00
3.726785793982477113e+00
2.642026571056889761e+00
-4.933748384550858991e-03
-1.360532732780427745e+00
-3.733730306264557264e+00
-4.566106470264527317e+00
-4.871620345302681621e+00
-4.188958692987688082e+00
-2.013334629352074412e+00
-6.945333010074511426e-01
2.024297604826407415e+00
3.206701910839581338e+00
4.876134306179165101e+00
5.229528698775814277e+00
4.871617089602813699e+00
4.188959148534230792e+00
2.013337720800089325e+00
6.945357189510052986e-01
-2.024294595985611789e+00
-3.206698690149677233e+00
-4.876135327170122657e+00
-5.229532943594313643e+00
-3.725511465005233891e+00
-2.640547227897662275e+00
4.508746218296808689e-03
1.360362097920472468e+00
3.731854038613096058e+00
4.564385037025508574e+00
5.273173261191940853e+00
5.094687854201255028e+00
3.725513601506655892e+00
2.640550336374629659e+00
-4.506574360525200142e-03
-1.360359604502412001e+00
-3.731851267206627298e+00
-4.564384020592578750e+00
-5.273178036665322033e+00
-5.094692118824090343e+00
-2.013453964460123036e+00
-6.927446085593597092e-01
2.021813696806112670e+00
3.205928700040763246e+00
4.872748284682467457e+00
5.226656134683718591e+00
4.869316606953801418e+00
4.185670044935987377e+00
2.013456689653080556e+00
6.927467690714560478e-01
-2.021810971719911532e+00
-3.205925778373885482e+00
-4.872748611628540338e+00
-5.226659271059201473e+00
-4.869318860425356554e+00
-4.185669183315218866e+00
5.463397250135735954e-03
1.358685255146926618e+00
3.730493204244543115e+00
4.561416922914370176e+00
5.270300598431752803e+00
5.092169601487984032e+00
3.722811859229085307e+00
2.639946999163286012e+00
-5.461327735807551369e-03
-1.358682856967174502e+00
-3.730490855277222462e+00
-4.561416367351681878e+00
-5.270303184650146022e+00
-5.092171734095130020e+00
-3.722810359236669253e+00
-2.639944471099640477e+00
2.022617461905567460e+00
3.206757547391313690e+00
4.874334263964567704e+00
5.228249197456799280e+00
4.870755973576716080e+00
4.187094283644162473e+00
2.013899680122666958e+00
6.931621517755882644e-01
-2.022614583542998723e+00
-3.206754735185779026e+00
-4.874335023506771059e+00
-5.228250852882491806e+00
-4.870756714781869334e+00
-4.187093782685288090e+00
-2.013897194978982341e+00
-6.931598731925239232e-01
3.732294767618322684e+00
4.564722454535656837e+00
5.273665599172272067e+00
5.095210672477905156e+00
3.725759267162511268e+00
2.640934628065636502e+00
-4.653318275913612308e-03
-1.360324459446889733e+00
-3.732292267402105068e+00
-4.564722347200184771e+00
-5.273667476605705673e+00
-5.095211778904189082e+00
-3.725757838973358993e+00
-2.640932013799123901e+00
4.655734931138630524e-03
1.360327306972521688e+00
4.870917117772122218e+00
5.224267814869182125e+00
4.866886904949492276e+00
4.184336446921690822e+00
2.011838606948752606e+00
6.932484877360607367e-01
-2.021658911678534842e+00
-3.203871776589389153e+00
-4.870918331153061054e+00
-5.224270627617706886e+00
-4.866887651162791428e+00
-4.184335331621580778e+00
-2.011835343527503817e+00
-6.932455310377469981e-01
2.021662675095875716e+00
3.203875554323865948e+00
5.273581576629684520e+00
5.095145237040091146e+00
3.725652502407939437e+00
2.640950903703096930e+00
-4.716146866332963754e-03
-1.360235471058574674e+00
-3.732272130927499543e+00
-4.564607467149760289e+00
-5.273585540595843391e+00
-5.095147587493261909e+00
-3.725649869239581413e+00
-2.640947070137408037e+00
4.719428638169072612e-03
1.360239315003742844e+00
3.732275790614884681e+00
4.564607881660066369e+00
4.870491883028690516e+00
4.186845314044248312e+00
2.013812240542469212e+00
6.931040520230099533e-01
-2.022471904740142712e+00
-3.206583550164834762e+00
-4.874043479554762470e+00
-5.227963516666186194e+00
-4.870493369096732472e+00
-4.186843457894296350e+00
-2.013807559060561747e+00
-6.931000207486202047e-01
2.022477139192472073e+00
3.206589035207265237e+00
4.874041383523689319e+00
5.227958416199704139e+00
3.722934175680563840e+00
2.639833335962176619e+00
-5.305819113040053693e-03
-1.358821379627690229e+00
-3.730384325592016825e+00
-4.561493662674761751e+00
-5.270328131610002131e+00
-5.092156052662620169e+00
-3.722930529748469386e+00
-2.639827890293648061e+00
5.310150893516803541e-03
1.358826603432000457e+00
3.730389463317703935e+00
4.561493697624624311e+00
5.270321980501907255e+00
5.092152266999582011e+00
2.013741095870916098e+00
6.930919234164111264e-01
-2.022419869139310489e+00
-3.206478463223718656e+00
-4.873900586185391681e+00
-5.227803002851818981e+00
-4.870339693578026541e+00
-4.186720862875053406e+00
-2.013735239132190102e+00
-6.930869555063888798e-01
2.022426381067768730e+00
3.206485249045323727e+00
4.873897751205817030e+00
5.227796826105349126e+00
4.870337728638212127e+00
4.186723003527958120e+00
-4.709258795066251571e-03
-1.360237587568067230e+00
-3.732247043134806042e+00
-4.564588628071815535e+00
-5.273556160329866849e+00
-5.095114962723759966e+00
-3.725631677216548532e+00
-2.640921631769195699e+00
4.714108092539696232e-03
1.360243309817361634e+00
3.732252680294128488e+00
4.564589362790472116e+00
5.273549588945832589e+00
5.095110613008727363e+00
3.725636172819817737e+00
2.640927875739378816e+00
-2.021740281150655960e+00
-3.204041406262381209e+00
-4.871142741897913631e+00
-5.224522081445524435e+00
-4.867119996662835568e+00
-4.184514719529158988e+00
-2.011943625744107234e+00
-6.932555734319842955e-01
2.021746543980821542e+00
3.204047994078256245e+00
4.871141500906416510e+00
5.224516394714937562e+00
4.867117999302426945e+00
4.184517847921638278e+00
2.011949687743837867e+00
6.932606170107109556e-01
-3.732356969504616373e+00
-4.564732877651412224e+00
-5.273708951004160816e+00
-5.095259125179663506e+00
-3.725742877056839042e+00
-2.640986940055367160e+00
4.708275742213200235e-03
1.360297588182611594e+00
3.732362360134969137e+00
4.564735246809719982e+00
5.273703566822843136e+00
5.095255410882087332e+00
3.725748012832733824e+00
2.640993004243732845e+00
-4.703619254793680107e-03
-1.360292408713155377e+00
-4.873927374729932538e+00
-5.227818103000460681e+00
-4.870345619140928228e+00
-4.186730930626310077e+00
-2.013728014610283168e+00
-6.930913786019941014e-01
2.022451444581218727e+00
3.206501853599699636e+00
4.873928280078408726e+00
5.227815242182901834e+00
4.870344997883234939e+00
4.186734504940602619e+00
2.013733288668563493e+00
6.930959225982514793e-01
-2.022446309737725656e+00
-3.206496469955526063e+00
-5.270054431707136722e+00
-5.091893055551833136e+00
-3.722717313816688023e+00
-2.639699738109795302e+00
5.339695161890744939e-03
1.358754788372548372e+00
3.730233817230794280e+00
4.561274167456088158e+00
5.270052346304224145e+00
5.091891848902642792e+00
3.722721929687808906e+00
2.639704977590903834e+00
-5.335426753166382444e-03
-1.358750237363651747e+00
-3.730229157524428185e+00
-4.561271294739329463e+00
-4.870441067206182417e+00
-4.186752225346063838e+00
-2.013816367606005464e+00
-6.930331513502098195e-01
2.022431435780145392e+00
3.206613623810976588e+00
4.873986316499510529e+00
5.227908317547612427e+00
4.870442098718064550e+00
4.186755674962815199e+00
2.013821086283142936e+00
6.930374224445126075e-01
-2.022426883693985378e+00
-3.206609094839554253e+00
-4.873984371819843453e+00
-5.227908270820663894e+00
-3.725921494760867425e+00
-2.641143492343231980e+00
4.741633692837917552e-03
1.360364784083849310e+00
3.732602306317660545e+00
4.564990856538241104e+00
5.273991517618693337e+00
5.095533587291613209e+00
3.725926038543864394e+00
2.641148491895677353e+00
-4.737414453917176103e-03
-1.360360427379902815e+00
-3.732598125014330304e+00
-4.564987567902968557e+00
-5.273991356445628220e+00
-5.095533131108396674e+00
-2.011784054553713119e+00
-6.933873079037364828e-01
2.021896596027391357e+00
3.203939335895867213e+00
4.871190007074603479e+00
5.224472384969091721e+00
4.867020949951903930e+00
4.184569934878530795e+00
2.011789040828156239e+00
6.933917412580524742e-01
-2.021892090665632136e+00
-3.203934927231009588e+00
-4.871187002271019750e+00
-5.224471656518426599e+00
-4.867019497561436481e+00
-4.184565605696802137e+00
4.546531816684816485e-03
1.360141210569353332e+00
3.731312244340345696e+00
4.563680015638093224e+00
5.272353943705535784e+00
5.093897741127024759e+00
3.724905756330277207e+00
2.640154024087432827e+00
-4.541835049019613164e-03
-1.360136391592859706e+00
-3.731307425900761920e+00
-4.563676059154877507e+00
-5.272354408391859870e+00
-5.093897598985941855e+00
-3.724900001318518949e+00
-2.640148104503070137e+00
2.022117038412826417e+00
3.206456394238428764e+00
4.873480514532775310e+00
5.227443255531919242e+00
4.870035096984692835e+00
4.186258700501841901e+00
2.013770745767231141e+00
6.928127440988928187e-01
-2.022111625219516817e+00
-3.206451047582534741e+00
-4.873477804628068455e+00
-5.227443137433104958e+00
-4.870033420604271690e+00
-4.186253698461711359e+00
-2.013764887824419425e+00
-6.928075317420704371e-01
3.734489339065848679e+00
4.565651400136165883e+00
5.275436022071133380e+00
5.097233764726968097e+00
3.726090110936954858e+00
2.642907381145244372e+00
-5.946950091205759417e-03
-1.359584586232835735e+00
-3.734483989407288984e+00
-4.565647891153717275e+00
-5.275436552547613900e+00
-5.097233401290483634e+00
-3.726083986254572711e+00
-2.642900699006091259e+00
5.952576458464173097e-03
1.359590496992400421e+00
4.875698952662416374e+00
5.229600349646600144e+00
4.871929461436914188e+00
4.188281404347353742e+00
2.014232932076614357e+00
6.935211588048956211e-01
-2.023358417159267564e+00
-3.207475379134878235e+00
-4.875697804398895663e+00
-5.229601385675320735e+00
-4.871927557491666505e+00
-4.188276326476157330e+00
-2.014225750769175427e+00
-6.935148267309179104e-01
2.023365618893877560e+00
3.207482450479595126e+00
5.258690075826217836e+00
5.080390057225860900e+00
3.716073400361018297e+00
2.632300579317527145e+00
-3.367215224213431900e-03
-1.357744766546102877e+00
-3.720819340301430689e+00
-4.552436715818689805e+00
-5.258692378201788920e+00
-5.080390009643353189e+00
-3.716066560055350187e+00
-2.632292279202870233e+00
3.373665291120348398e-03
1.357752092156354840e+00
3.720826653931075700e+00
4.552439446258550682e+00
4.870730441662419530e+00
4.187534516111294458e+00
2.013507000055985596e+00
6.936676137522955754e-01
-2.023192738184326434e+00
-3.206531073901734086e+00
-4.874738720835689598e+00
-5.228398491494850475e+00
-4.870727993061787053e+00
-4.187529079862897241e+00
-2.013499841768113363e+00
-6.936609831493927292e-01
2.023200222499119683e+00
3.206538399796687422e+00
4.874740803657680921e+00
5.228398145123877683e+00
3.749617278671569132e+00
2.662134849677740167e+00
-7.844146641288981744e-03
-1.366856852096474340e+00
-3.760701597884611669e+00
-4.595163426852335142e+00
-5.310602299792781977e+00
-5.131691101154864931e+00
-3.749611736025081576e+00
-2.662128904716109634e+00
7.850493231396263316e-03
1.366863361659105491e+00
3.760707075848246816e+00
4.595167672419720795e+00
5.310604851909234370e+00
5.131694306155115015e+00
2.000113525857313945e+00
6.883103023860834835e-01
-2.008672259141404570e+00
-3.184800910519919093e+00
-4.840814168327308487e+00
-5.192330812244090765e+00
-4.837289047681728960e+00
-4.158250888151456159e+00
-2.000107792584474353e+00
-6.883041455765088745e-01
2.008678500745688655e+00
3.184806528363645306e+00
4.840818246129570568e+00
5.192335069156365002e+00
4.837293964826674397e+00
4.158255824541652323e+00
1.091242260044344818e-02
-1.327611336529537889e+00
-3.590720323964100125e+00
-4.412621933168945354e+00
-5.089023108477209512e+00
-4.912831346560436074e+00
-3.606208063937254238e+00
-2.535099744766144969e+00
-1.090603252699891799e-02
1.327617853401726888e+00
3.590725939465008398e+00
4.412626886284514605e+00
5.089027477875973204e+00
4.912836004586279337e+00
3.606213616001425759e+00
2.535105734563223745e+00
-2.063488073324734273e+00
-3.266805689269645985e+00
-4.968897851810769595e+00
-5.328542448112143504e+00
-4.963613358823420363e+00
-4.268876077712099537e+00
-2.050676051495534669e+00
-7.085456248211928765e-01
2.063494262874819629e+00
3.266811816227764620e+00
4.968903120229388293e+00
5.328547142012586058e+00
4.963618209733706266e+00
4.268881796435775478e+00
2.050682209393122513e+00
7.085515904925100417e-01
-3.978218323939681333e+00
-4.815242649684589260e+00
-5.584297887510676794e+00
-5.404835722472076220e+00
-3.919159522427638542e+00
-2.828334788984824488e+00
4.176876253506495162e-02
1.404957369274862033e+00
3.978224451537343054e+00
4.815248136123249978e+00
5.584303543713271978e+00
5.404841406848043484e+00
3.919165336334617056e+00
2.828341042227410007e+00
-4.176319929756875521e-02
-1.404951655792287202e+00
-5.073165246539056206e+00
-5.384054975200014859e+00
-4.988137148408150701e+00
-4.387543069668478957e+00
-1.981131855792785279e+00
-8.208735384977741134e-01
2.186397114689543564e+00
3.226659512193213786e+00
5.073171320957568398e+00
5.384061211582911177e+00
4.988143596966100546e+00
4.387549256134295028e+00
1.981137316368510204e+00
8.208796471514909765e-01
-2.186391173266467813e+00
-3.226654133313929584e+00
