5.445140975583906418e+00
5.288358104458698250e+00
3.771752701888505754e+00
2.818786369499486355e+00
-1.110759153259391757e-01
-1.301989393633183223e+00
-3.928840036168344430e+00
-4.660079374372325667e+00
-5.445141608363226915e+00
-5.288358445113696682e+00
-3.771753669693751920e+00
-2.818787293051366660e+00
1.110754911993381416e-01
1.301988649656896202e+00
3.928839814896203375e+00
4.660079140890552196e+00
5.027034268473177470e+00
4.344098006872810558e+00
2.059999354393557081e+00
7.406631227764157721e-01
-2.113755169231765763e+00
-3.296641763084769305e+00
-5.049300656068220761e+00
-5.402819152674303460e+00
-5.027034896811361619e+00
-4.344098563437697180e+00
-2.059999898832429288e+00
-7.406637210307346342e-01
2.113754837697196187e+00
3.296641407088983566e+00
5.049300389423597935e+00
5.402818904361215147e+00
3.770919398274748424e+00
2.670061201089350522e+00
-2.633451883513951864e-03
-1.378366670945813777e+00
-3.774643480892522440e+00
-4.619365867468377296e+00
-5.335518947449146232e+00
-5.154403528705884696e+00
-3.770919728654463121e+00
-2.670061406955877015e+00
2.633123997442315609e-03
1.378366324547652289e+00
3.774643085152975086e+00
4.619365626270468539e+00
5.335518749383084902e+00
5.154403050764705618e+00
2.010051008525033378e+00
6.898647859500240953e-01
-2.016061029843870589e+00
-3.199710118696271977e+00
-4.861191917296357801e+00
-5.214938001022754399e+00
-4.858702530404125142e+00
-4.175326068144765479e+00
-2.010050953881551639e+00
-6.898647553662019538e-01
2.016060604556020319e+00
3.199709692455829924e+00
4.861192069128114746e+00
5.214938139605637346e+00
4.858702031168044222e+00
4.175325562313147110e+00
-6.459989544355223190e-04
-1.357370659476885066e+00
-3.710630514756191989e+00
-4.543681228295318064e+00
-5.246977890182251691e+00
-5.068364803056192969e+00
-3.709716818494146917e+00
-2.624069214849044318e+00
6.460164181659849283e-04
1.357370474246547332e+00
3.710630374800700793e+00
4.543681415107739596e+00
5.246978033284781517e+00
5.068364533383811654e+00
3.709716581654283196e+00
2.624069275044199845e+00
-2.009106626783696115e+00
-3.194872054660370608e+00
-4.849484454681277867e+00
-5.203863022460672560e+00
-4.849100182064288056e+00
-4.164501857263596563e+00
-2.008178949797419399e+00
-6.856318096419794506e-01
2.009106542845970900e+00
3.194872006471361381e+00
4.849484793718281672e+00
5.203863323446985767e+00
4.849100022562963019e+00
4.164501711687446317e+00
2.008179155483070133e+00
6.856320003953263464e-01
-3.714769749731494652e+00
-4.546079460984953968e+00
-5.250875898200074055e+00
-5.072636060472046182e+00
-3.711090606925888657e+00
-2.627711608477130145e+00
2.601809176990185161e-03
1.356491390363419480e+00
3.714769953648757728e+00
4.546079778061543841e+00
5.250876152805956210e+00
5.072636194262181597e+00
3.711090741920748837e+00
2.627711861680939176e+00
-2.601579919336895370e-03
-1.356491265417561154e+00
-4.855898319016072051e+00
-5.210438853180463070e+00
-4.855079605594725400e+00
-4.170168169994333596e+00
-2.010221543059746985e+00
-6.870693867727091231e-01
2.012197922825655461e+00
3.198505704291331853e+00
4.855898726065267290e+00
5.210439240589497700e+00
4.855079894182322775e+00
4.170168466052492029e+00
2.010221880995269217e+00
6.870697064114693609e-01
-2.012197599285649563e+00
-3.198505367381946130e+00
-5.256728256762926321e+00
-5.077875435812680749e+00
-3.716358067784316876e+00
-2.629254242136703557e+00
1.004691428767178060e-03
1.359549356753172900e+00
3.717779270471722519e+00
4.551947226573112459e+00
5.256728744099322448e+00
5.077875899992442044e+00
3.716358501697789585e+00
2.629254689228381903e+00
-1.004224953734061954e-03
-1.359548897567819825e+00
-3.717778781046134906e+00
-4.551946723099163705e+00
-4.854306691801254736e+00
-4.170664929060680315e+00
-2.008953624393357895e+00
-6.882544144079624227e-01
2.013218413488939706e+00
3.197327030843710283e+00
4.856073975685510469e+00
5.209957089356048066e+00
4.854307296481489509e+00
4.170665546274186397e+00
2.008954204653518705e+00
6.882550004378751307e-01
-2.013217787045834317e+00
-3.197326424001484479e+00
-4.856073391565213448e+00
-5.209956487537008130e+00
-3.715893514667795383e+00
-2.629116428167298292e+00
1.144637860594797680e-03
1.359281070731193086e+00
3.717513009073861063e+00
4.551430099493801507e+00
5.256211927898194247e+00
5.077412821547490296e+00
3.715894261665496856e+00
2.629117166600807298e+00
-1.143891400996126890e-03
-1.359280332956108284e+00
-3.717512289241983847e+00
-4.551429399874770354e+00
-5.256211199436795489e+00
-5.077412063908374407e+00
-2.010429560852001529e+00
-6.871519263704993774e-01
2.012424263069673813e+00
3.198844722845492150e+00
4.856426732249676803e+00
5.211000585817065378e+00
4.855600452589048821e+00
4.170623976315718018e+00
2.010430443551128210e+00
6.871528032941766062e-01
-2.012423379720812200e+00
-3.198843863835250545e+00
-4.856425922402582529e+00
-5.210999757544806599e+00
-4.855599529801141401e+00
-4.170623040573069318e+00
2.127870822977915872e-03
1.357977543693398959e+00
3.717239821192882765e+00
4.549752625556740426e+00
5.254842040548391324e+00
5.076343942340012738e+00
3.714230561495154070e+00
2.629283415327901441e+00
-2.126844189647435907e-03
-1.357976526503361869e+00
-3.717238851498655183e+00
-4.549751673443197753e+00
-5.254841055539449357e+00
-5.076342896678635697e+00
-3.714229502735357791e+00
-2.629282376045724678e+00
2.012426671952927126e+00
3.198622701233692300e+00
4.856247459881306128e+00
5.210754037210176826e+00
4.855344482776659198e+00
4.170497616984697231e+00
2.010248155015456728e+00
6.872208439811073877e-01
-2.012425508600420798e+00
-3.198621560462343805e+00
-4.856246367181268120e+00
-5.210752929379884435e+00
-4.855343281890233342e+00
-4.170496395426768643e+00
-2.010246981259124155e+00
-6.872196768607234940e-01
3.717317488139684656e+00
4.551198636086493998e+00
5.255940263042218952e+00
5.077148615431403833e+00
3.715706379751781530e+00
2.628975904018498788e+00
-1.137839965563771380e-03
-1.359216287022446901e+00
-3.717316222942348869e+00
-4.551197380094843759e+00
-5.255938977099995135e+00
-5.077147286401266335e+00
-3.715705032551871678e+00
-2.628974556290030851e+00
1.139157689500482767e-03
1.359217604899747966e+00
4.855701082510467614e+00
5.209693807450311631e+00
4.854127745450745657e+00
4.170273145205853460e+00
2.009074312578695842e+00
6.879639489844586731e-01
-2.012869101128262450e+00
-3.197346514507716453e+00
-4.855699668929877255e+00
-5.209692378457237538e+00
-4.854126268962953183e+00
-4.170271651282979164e+00
-2.009072827940767247e+00
-6.879624694529365980e-01
2.012870559253945757e+00
3.197347951820415535e+00
5.255878683545259555e+00
5.077103260709987964e+00
3.715623567559524609e+00
2.628992828989749508e+00
-1.193196068933232270e-03
-1.359147147719398374e+00
-3.717311943117461936e+00
-4.551116511088033612e+00
-5.255877078164787441e+00
-5.077101638589335053e+00
-3.715621924040207524e+00
-2.628991188728465822e+00
1.194817189588138736e-03
1.359148769710864402e+00
3.717313538170138987e+00
4.551118100676557532e+00
4.855374114784409834e+00
4.170517170725354106e+00
2.010265142723064891e+00
6.872184405104045934e-01
-2.012431653153675004e+00
-3.198645165926025768e+00
-4.856271707086256662e+00
-5.210783059306080212e+00
-4.855372335003123929e+00
-4.170515371757869794e+00
-2.010263344995774304e+00
-6.872166565806391292e-01
2.012433418600668933e+00
3.198646932925157671e+00
4.856273466341587408e+00
5.210784814494978434e+00
3.714383661779214307e+00
2.629248328377392419e+00
-2.022210846960389389e-03
-1.358107516768765066e+00
-3.717244740344474163e+00
-4.549901807132987308e+00
-5.254952568384640088e+00
-5.076422937581249073e+00
-3.714381709094767725e+00
-2.629246364451592655e+00
2.024147658395212494e-03
1.358109466234793228e+00
3.717246670665084629e+00
4.549903720908409888e+00
5.254954483820734268e+00
5.076424865898523819e+00
2.010239267539240426e+00
6.872324009144358259e-01
-2.012438554645993971e+00
-3.198616434356588822e+00
-4.856255539118370379e+00
-5.210755995590784728e+00
-4.855342094187559354e+00
-4.170505665351083024e+00
-2.010237152177807296e+00
-6.872302900241371582e-01
2.012440671461364960e+00
3.198618553721600755e+00
4.856257631853109658e+00
5.210758081297035105e+00
4.855344198605134665e+00
4.170507782911242245e+00
-1.189998897185669778e-03
-1.359151432628057377e+00
-3.717311269526335060e+00
-4.551120175531542245e+00
-5.255878339065721327e+00
-5.077101474423879601e+00
-3.715624408984418814e+00
-2.628987907376251432e+00
1.192284800307957327e-03
1.359153721591537689e+00
3.717313555094194921e+00
4.551122452541967789e+00
5.255880595975444436e+00
5.077103741536656223e+00
3.715626704143307535e+00
2.628990205941963865e+00
-2.012853453620572886e+00
-3.197392645844868042e+00
-4.855718670035698459e+00
-5.209729103578951914e+00
-4.854167380197637272e+00
-4.170276972904203738e+00
-2.009113120769569161e+00
-6.879341075549912921e-01
2.012855924298754928e+00
3.197395120499117116e+00
4.855721107114788992e+00
5.209731533910193058e+00
4.854169820383792633e+00
4.170279429513597869e+00
2.009115585684835281e+00
6.879365796138836586e-01
-3.717316824266965192e+00
-4.551150731541982353e+00
-5.255902925492021538e+00
-5.077120402087737183e+00
-3.715653578919599465e+00
-2.628984447065633834e+00
1.175370995404224775e-03
1.359177670119560144e+00
3.717319478171538627e+00
4.551153365189340327e+00
5.255905533640066629e+00
5.077123006323759569e+00
3.715656207569411063e+00
2.628987095597296708e+00
-1.172702242316827704e-03
-1.359174997067396751e+00
-4.856255557493224018e+00
-5.210753542765460544e+00
-4.855337766067119531e+00
-4.170504819323192613e+00
-2.010231844975132631e+00
-6.872323307633084744e-01
2.012444511354547050e+00
3.198616089640386573e+00
4.856258374445407533e+00
5.210756331885714410e+00
4.855340545727208301e+00
4.170507625993608691e+00
2.010234682976730358e+00
6.872351864451998749e-01
-2.012441645013128166e+00
-3.198613233063869465e+00
-5.254918446164085211e+00
-5.076397239753093871e+00
-3.714333488819848039e+00
-2.629254804466963691e+00
2.057420804921678698e-03
1.358072221095394383e+00
3.717247546291394755e+00
4.549860992355148959e+00
5.254921394283416980e+00
5.076400186699188133e+00
3.714336492235485565e+00
2.629257838843551465e+00
-2.054376550801116207e-03
-1.358069160445999346e+00
-3.717244490549628022e+00
-4.549857971147620361e+00
-4.855415062261605463e+00
-4.170519119730118796e+00
-2.010305625454432032e+00
-6.871848705839038729e-01
2.012417746080630732e+00
3.198698200787359447e+00
4.856294767690596537e+00
5.210824907944176410e+00
4.855418182027835705e+00
4.170522292852638202e+00
2.010308860804758346e+00
6.871881231072463070e-01
-2.012414478573989030e+00
-3.198694938583731773e+00
-4.856291573427103714e+00
-5.210821781091729221e+00
-3.715626110538947646e+00
-2.628973042994303011e+00
1.182908340647318172e-03
1.359165286666087269e+00
3.717304299990502159e+00
4.551125808933792705e+00
5.255875777656132009e+00
5.077095139623332365e+00
3.715629503349682672e+00
2.628976482637864098e+00
-1.179477262066550491e-03
-1.359161838329301375e+00
-3.717300819460693351e+00
-4.551122379928575157e+00
-5.255872495966585234e+00
-5.077091861824855279e+00
-2.008970652074278274e+00
-6.880213553173964991e-01
2.012912009570907212e+00
3.197245800377624292e+00
4.855659380868016406e+00
5.209607353547341724e+00
4.854024636185705788e+00
4.170252516285018807e+00
2.008974276749129650e+00
6.880249948037360230e-01
-2.012908352467801087e+00
-3.197242132692410976e+00
-4.855655784292949306e+00
-5.209603865307048665e+00
-4.854021150324937750e+00
-4.170248947853044008e+00
1.083958120954759546e-03
1.359323287286194892e+00
3.717401350809306670e+00
4.551380590854673613e+00
5.256111604457224473e+00
5.077296696615246852e+00
3.715865933107381558e+00
2.629007343783759776e+00
-1.080152819454868133e-03
-1.359319463872410871e+00
-3.717397456249272647e+00
-4.551376758181914894e+00
-5.256107941853826127e+00
-5.077293043957750385e+00
-3.715862122932691136e+00
-2.629003486624513553e+00
2.012528959074840973e+00
3.198860410512865737e+00
4.856549678196736330e+00
5.211094313288996638e+00
4.855665980254896041e+00
4.170740318602208951e+00
2.010405974914125427e+00
6.872288743746602924e-01
-2.012524943385931131e+00
-3.198856384674936493e+00
-4.856545663031544890e+00
-5.211090388325265721e+00
-4.855662039648501072e+00
-4.170736312282016023e+00
-2.010401965992371753e+00
-6.872248636645983400e-01
3.717641539441181475e+00
4.549995711825363998e+00
5.255221291871908562e+00
5.076754327713251413e+00
3.714366386505694617e+00
2.629625639677187987e+00
-2.309551709982242667e-03
-1.357902301078341312e+00
-3.717637295880463100e+00
-4.549991484809567055e+00
-5.255217138403079247e+00
-5.076750177519469887e+00
-3.714362148693084897e+00
-2.629621395676799533e+00
2.313693064227097945e-03
1.357906447314173981e+00
4.856974658278900847e+00
5.211625575928911402e+00
4.856196549232687509e+00
4.171064626606892922e+00
2.010732140506179544e+00
6.871574113509700821e-01
-2.012594233461365789e+00
-3.199282473036137997e+00
-4.856970231663766846e+00
-5.211621156158693147e+00
-4.856192108484216341e+00
-4.171060183528632948e+00
-2.010727778203233118e+00
-6.871530383234896178e-01
2.012598586213633745e+00
3.199286823106198163e+00
5.255545085327479882e+00
5.076746132811586598e+00
3.715469743572950456e+00
2.628714381559499103e+00
-1.071841868251729871e-03
-1.359182376685756699e+00
-3.716991323525644653e+00
-4.550891368047917496e+00
-5.255540430948392405e+00
-5.076741471167141917e+00
-3.715465124992227697e+00
-2.628709804628796665e+00
1.076416302506780654e-03
1.359186935999179058e+00
3.716995882419599440e+00
4.550895955392391556e+00
4.850177874447322957e+00
4.167393153007258988e+00
2.007016073037211523e+00
6.879767748785349246e-01
-2.011830844242776806e+00
-3.194453235363645671e+00
-4.852175166247865157e+00
-5.205610417125180689e+00
-4.850172953959785538e+00
-4.167388372265067531e+00
-2.007011406308223833e+00
-6.879718925619493497e-01
2.011835700282924577e+00
3.194457888236099663e+00
4.852179930177789480e+00
5.205615301869982225e+00
3.711127054752032528e+00
2.624868493789318080e+00
-5.050056186390648825e-04
-1.357994567525668383e+00
-3.711848259868851141e+00
-4.545367071400463921e+00
-5.248833007455583122e+00
-5.070115239127652274e+00
-3.711122320600748203e+00
-2.624863831044591311e+00
5.102699793456793578e-04
1.357999815797232390e+00
3.711852892456946496e+00
4.545371773585072717e+00
5.248838367131839711e+00
5.070120614246292234e+00
2.007329781530345691e+00
6.855287139023413800e-01
-2.008532848493982836e+00
-3.193631822760877981e+00
-4.847825970855190292e+00
-5.202000970763818621e+00
-4.847319041339438250e+00
-4.163104385195897983e+00
-2.007324855443704426e+00
-6.855233136938695404e-01
2.008538230431839988e+00
3.193636691989207410e+00
4.847830907571027304e+00
5.202006526863771185e+00
4.847324614301510515e+00
4.163109361632972849e+00
-3.256238866791769278e-03
-1.358322451182343293e+00
-3.721948346249088768e+00
-4.553979539188572012e+00
-5.260365556546489074e+00
-5.081966542259044317e+00
-3.717331091576693503e+00
-2.633011265311304250e+00
3.262140351126405040e-03
1.358328350345347824e+00
3.721953234801847366e+00
4.553984469206158181e+00
5.260371445299878879e+00
5.081972446782965669e+00
3.717336022382011329e+00
2.633016167046055234e+00
-2.044252256949863789e+00
-3.245955055442447001e+00
-4.930387703399223831e+00
-5.289525047631167709e+00
-4.928359338099471465e+00
-4.234557949363879636e+00
-2.039370930496750667e+00
-6.990504065026423852e-01
2.044258064218078541e+00
3.245960731778054331e+00
4.930392989016718630e+00
5.289530809847078352e+00
4.928364992379628440e+00
4.234563220330324285e+00
2.039376593192459897e+00
6.990561262037462420e-01
-3.876623712048278048e+00
-4.708119187244499848e+00
-5.453269922795707991e+00
-5.274985563712742298e+00
-3.835462446780100176e+00
-2.751840992803853858e+00
2.910175946729739310e-02
1.383295578540425730e+00
3.876629473120546177e+00
4.708124564332648809e+00
5.453276279748265232e+00
5.274991819791825520e+00
3.835468002631640783e+00
2.751846943458133854e+00
-2.909624705212854670e-02
-1.383289963310474269e+00
-5.073165246539056206e+00
-5.384054975200014859e+00
-4.988137148408150701e+00
-4.387543069668478957e+00
-1.981131855792785279e+00
-8.208735384977741134e-01
2.186397114689543564e+00
3.226659512193213786e+00
5.073171320957568398e+00
5.384061211582911177e+00
4.988143596966100546e+00
4.387549256134295028e+00
1.981137316368510204e+00
8.208796471514909765e-01
-2.186391173266467813e+00
-3.226654133313929584e+00
