1.110759659225181162e-01
1.301989403627894504e+00
3.928840432401826899e+00
4.660079416083584114e+00
5.445139835234005687e+00
5.288356200994586587e+00
3.771750755552321088e+00
2.818784688987756581e+00
-1.110773333248489536e-01
-1.301990734878362366e+00
-3.928840963721652368e+00
-4.660080247484491345e+00
-5.445140435233722265e+00
-5.288356832202846469e+00
-3.771751545122896232e+00
-2.818785171773595444e+00
2.173106747843760900e+00
3.363318106560152732e+00
5.169962048286999234e+00
5.525682079376720957e+00
5.138337576225424641e+00
4.451170583436296901e+00
2.096718270712170984e+00
7.692087660767705781e-01
-2.173107383609936161e+00
-3.363318883187971231e+00
-5.169962478551288321e+00
-5.525682481004491997e+00
-5.138338024052989006e+00
-4.451171138415454642e+00
-2.096719048188378842e+00
-7.692093217523009452e-01
3.804281620060669056e+00
4.650051733461223691e+00
5.373376288585142824e+00
5.192064150310895521e+00
3.794793940143066813e+00
2.692577442770984320e+00
-6.745694409324489230e-03
-1.384146103545009998e+00
-3.804282045013356761e+00
-4.650052075320317613e+00
-5.373376514777545410e+00
-5.192064419652452578e+00
-3.794794432078809621e+00
-2.692577982611428666e+00
6.745606748194683637e-03
1.384146001888612032e+00
4.710057368863759031e+00
5.059764313731944796e+00
4.717507445842595182e+00
4.042052273196525825e+00
1.961390748237811898e+00
6.565001050140893968e-01
-1.943589760722636228e+00
-3.113508595725412942e+00
-4.710057450969125981e+00
-5.059764326784427446e+00
-4.717507495048592681e+00
-4.042052561037317915e+00
-1.961390874654770577e+00
-6.565000984244478976e-01
1.943589852263240436e+00
3.113508727080248395e+00
5.241196035601532799e+00
5.063872804186745569e+00
3.702735849870955054e+00
2.624772951515478958e+00
-4.750533665594272766e-03
-1.351845126849649192e+00
-3.709399548923510537e+00
-4.536559501295762686e+00
-5.241195547882814942e+00
-5.063872416533255816e+00
-3.702736058289690213e+00
-2.624773126482623287e+00
4.750872679441384833e-03
1.351845500509855080e+00
3.709399952900089392e+00
4.536559935029514712e+00
4.899210977131093436e+00
4.214001535202096527e+00
2.023669263816702202e+00
6.999387844664047842e-01
-2.037285231134514873e+00
-3.224109498458735068e+00
-4.904832149006068676e+00
-5.259541979814982504e+00
-4.899210584745977037e+00
-4.214001539081967174e+00
-2.023669207864655650e+00
-6.999383816266109282e-01
2.037285807895214518e+00
3.224110448718632504e+00
4.904833273683698813e+00
5.259542768307730931e+00
3.724113575009813992e+00
2.640348619424742083e+00
-5.085625890459737931e-03
-1.359446525383798621e+00
-3.731280262113226165e+00
-4.562891670849537284e+00
-5.271768014371627231e+00
-5.093478267736408327e+00
-3.724113898285524193e+00
-2.640348998864775254e+00
5.086233575589198599e-03
1.359446967667544248e+00
3.731282722283804087e+00
4.562894279179796619e+00
5.271768534901721814e+00
5.093478873190070644e+00
2.010023288031157485e+00
6.902394639070642546e-01
-2.016498060189034547e+00
-3.199781767864681825e+00
-4.861793688576554473e+00
-5.215449976618837802e+00
-4.859139563017351726e+00
-4.175976619097349740e+00
-2.010023130220675469e+00
-6.902386045782817892e-01
2.016498636906469688e+00
3.199783840312401928e+00
4.861796885695758519e+00
5.215451618718787152e+00
4.859139970822853982e+00
4.175976428518241690e+00
-4.802507448419673051e-03
-1.360585418478728048e+00
-3.733460094187339262e+00
-4.565949583027179237e+00
-5.275151980161921550e+00
-5.096680905456852706e+00
-3.726710128367611841e+00
-2.641800385103041826e+00
4.803651712328870296e-03
1.360586497422216601e+00
3.733461838171257430e+00
4.565952187072455537e+00
5.275154494744433542e+00
5.096681923008882897e+00
3.726710363219809974e+00
2.641801138551865158e+00
-2.023570117694171611e+00
-3.205933454862488929e+00
-4.874701170785537663e+00
-5.228093477229598385e+00
-4.870329961756261206e+00
-4.187696953912096731e+00
-2.012938400953376394e+00
-6.941797324688090409e-01
2.023571749722682167e+00
3.205934300075440557e+00
4.874703784222454317e+00
5.228097476453781312e+00
4.870330636212882425e+00
4.187697444729390206e+00
2.012940142299685320e+00
6.941812347926791249e-01
-3.731496805592652954e+00
-4.564037774624853938e+00
-5.272752210934018358e+00
-5.094265817559326059e+00
-3.725268987494195549e+00
-2.640289745027679658e+00
4.435323652914310855e-03
1.360309068317486103e+00
3.731497808528316362e+00
4.564039449485735922e+00
5.272755679170542109e+00
5.094268067370887110e+00
3.725270578489791706e+00
2.640291800641396680e+00
-4.433536384078355132e-03
-1.360307211205130651e+00
-4.872666260115383174e+00
-5.226610919432301827e+00
-4.869302533112363385e+00
-4.185600110500594440e+00
-2.013505856637133107e+00
-6.926808023107889900e-01
2.021722944578803638e+00
3.205938778514996645e+00
4.872668042089837392e+00
5.226612754355436152e+00
4.869306259747806287e+00
4.185603334575101364e+00
2.013507745066684951e+00
6.926827975285198002e-01
-2.021721164531342207e+00
-3.205936977062740389e+00
-5.269931885736341748e+00
-5.091801212648078057e+00
-3.722631331266516685e+00
-2.639695254064713392e+00
5.362856722357947810e-03
1.358665805883238820e+00
3.730157286120899585e+00
4.561138483934434440e+00
5.269933339649963244e+00
5.091805601468673004e+00
3.722635194618146404e+00
2.639697450555273495e+00
-5.360584617090122760e-03
-1.358663787244950072e+00
-3.730154814024577714e+00
-4.561136605984914105e+00
-4.870205946299365429e+00
-4.186527045568305461e+00
-2.013757292546292099e+00
-6.929814653926232859e-01
2.022250925627176343e+00
3.206424158847516193e+00
4.873679789859080458e+00
5.227607089190731138e+00
4.870210936500204646e+00
4.186531945735466387e+00
2.013759856356277744e+00
6.929840675544587381e-01
-2.022248643029457504e+00
-3.206421804427294742e+00
-4.873678133420210834e+00
-5.227605675170518218e+00
-3.725517776041742835e+00
-2.640642093127948620e+00
4.549931543569252224e-03
1.360278594880051095e+00
3.731885542668686995e+00
4.564354655082424550e+00
5.273211312083262214e+00
5.094761227715612684e+00
3.725522053189517013e+00
2.640645875991213032e+00
-4.546798113274394537e-03
-1.360275467341311773e+00
-3.731883805760777495e+00
-4.564352917620734473e+00
-5.273207709177285096e+00
-5.094757337457370916e+00
-2.011838077955855564e+00
-6.931634957645412820e-01
2.021490246288274228e+00
3.203773561064712450e+00
4.870670446130404230e+00
5.224061801818929318e+00
4.866734712717422084e+00
4.184145169986082990e+00
2.011842100289238378e+00
6.931670262344504785e-01
-2.021486680651561230e+00
-3.203771344828700851e+00
-4.870667990308343853e+00
-5.224057413142467965e+00
-4.866731031394120777e+00
-4.184141117747826932e+00
4.599663321981317839e-03
1.360178956764185099e+00
3.731814135545418853e+00
4.564190149744440816e+00
5.273083386946609608e+00
5.094649368959347058e+00
3.725392092017931756e+00
2.640636511056482227e+00
-4.595808201623023670e-03
-1.360175008216857329e+00
-3.731811304563060538e+00
-4.564187352387157226e+00
-5.273078871394611511e+00
-5.094645355952920340e+00
-3.725387956403638956e+00
-2.640632335310258316e+00
2.022158465868651334e+00
3.206318125851591816e+00
4.873512608988020745e+00
5.227463944105144478e+00
4.870087917552928580e+00
4.186415234497689930e+00
2.013731240847075554e+00
6.929627316899293898e-01
-2.022154411420519882e+00
-3.206313664209014647e+00
-4.873508716316768741e+00
-5.227460452433389193e+00
-4.870083248747516080e+00
-4.186410766978334586e+00
-2.013727369208729190e+00
-6.929586341025653073e-01
3.730106941087573791e+00
4.561271023943287872e+00
5.270064222955537225e+00
5.091905049774014813e+00
3.722835062271307560e+00
2.639664617409855918e+00
-5.205744169240047320e-03
-1.358791528388320513e+00
-3.730101305420543412e+00
-4.561265800158782469e+00
-5.270060880272088966e+00
-5.091900289139422497e+00
-3.722830712554625165e+00
-2.639660827795139664e+00
5.210104352427604585e-03
1.358795711989472910e+00
4.873395108842658807e+00
5.227333069262714460e+00
4.869970141205445024e+00
4.186324709340920158e+00
2.013675544857646660e+00
6.929607573862559544e-01
-2.022107130405001119e+00
-3.206217709276522054e+00
-4.873389498991862467e+00
-5.227328374947875389e+00
-4.869965735601591739e+00
-4.186320538566148386e+00
-2.013670946069367584e+00
-6.929560039120586934e-01
2.022111824066597840e+00
3.206223001293301067e+00
5.273088828392914706e+00
5.094658557175458569e+00
3.725407401857541156e+00
2.640640703430504832e+00
-4.580922714730139081e-03
-1.360168979487498264e+00
-3.731791543975611081e+00
-4.564179276439209509e+00
-5.273082796755208079e+00
-5.094654231750047835e+00
-3.725403229026647001e+00
-2.640635420738199457e+00
4.586114917494332754e-03
1.360174231455447913e+00
3.731796575582973396e+00
4.564185088905272636e+00
4.866946537995413991e+00
4.184310113062331027e+00
2.011952766094026401e+00
6.931850224033242469e-01
-2.021526754208966548e+00
-3.203889424623188820e+00
-4.870836414050976337e+00
-5.224265230466541787e+00
-4.866942441316880696e+00
-4.184306063499287909e+00
-2.011946844815855062e+00
-6.931794316629692476e-01
2.021532495880256963e+00
3.203894403843513761e+00
4.870842576790344935e+00
5.224272490050877238e+00
3.725507738385597012e+00
2.640695958379011721e+00
-4.570637416365769777e-03
-1.360213857807129223e+00
-3.731877323566533455e+00
-4.564301174722230847e+00
-5.273213442634656190e+00
-5.094776997820643416e+00
-3.725502268892826319e+00
-2.640690138585337632e+00
4.576480313064737286e-03
1.360219760956276058e+00
3.731882855099879048e+00
4.564306763341852147e+00
5.273219988489678656e+00
5.094782861428516441e+00
2.013669455253776164e+00
6.929667606081014730e-01
-2.022113351067659437e+00
-3.206213922472399336e+00
-4.873398512587405307e+00
-5.227329013194732532e+00
-4.869965105466770972e+00
-4.186324425487186751e+00
-2.013663691644342446e+00
-6.929606741677420967e-01
2.022119384056388913e+00
3.206220361086634441e+00
4.873403861462882958e+00
5.227334270067515831e+00
4.869972586647039137e+00
4.186331591325361146e+00
-5.227477374945558447e-03
-1.358720074942717737e+00
-3.729976751731148621e+00
-4.561088853945022947e+00
-5.269855833231045672e+00
-5.091711807343733298e+00
-3.722669586136716724e+00
-2.639572944864405191e+00
5.233919980863185883e-03
1.358726366385205608e+00
3.729983269631574672e+00
4.561094325375139036e+00
5.269861399171333005e+00
5.091719824641233849e+00
3.722677367986479524e+00
2.639579179767526096e+00
-2.022122032350449405e+00
-3.206354659717673528e+00
-4.873509546514653401e+00
-5.227474636133354835e+00
-4.870111352735105648e+00
-4.186392716327098640e+00
-2.013764820476726225e+00
-6.929176245270340928e-01
2.022128732223411163e+00
3.206360834445960872e+00
4.873514994990830296e+00
5.227480697723369651e+00
4.870119764398065598e+00
4.186401241006223906e+00
2.013771894267728513e+00
6.929245195952669079e-01
-3.732018269352891604e+00
-4.564443129318224379e+00
-5.273365983359401987e+00
-5.094924152043755150e+00
-3.725587002128922798e+00
-2.640769633544311379e+00
4.602573588744710530e-03
1.360260624930570650e+00
3.732023320504061825e+00
4.564448366523098599e+00
5.273374037182021468e+00
5.094931976937856710e+00
3.725595468049211156e+00
2.640778180289767185e+00
-4.595128257961623823e-03
-1.360253083715564415e+00
-4.870798970386067239e+00
-5.224139175595313489e+00
-4.866772036941841684e+00
-4.184277147686348286e+00
-2.011767801308669501e+00
-6.932819889533518021e-01
2.021636029662460921e+00
3.203748662154915827e+00
4.870804961289240786e+00
5.224147029714437451e+00
4.866780313913121603e+00
4.184285772985941954e+00
2.011776465283622528e+00
6.932898704430635606e-01
-2.021628261435254981e+00
-3.203742606807235216e+00
-5.272334425151271375e+00
-5.093878570885160606e+00
-3.724963496188600232e+00
-2.640108789874587636e+00
4.450903713608634835e-03
1.360159160987669758e+00
3.731192759334843512e+00
4.563646262053643987e+00
5.272341967821332354e+00
5.093887394144474001e+00
3.724972766464855312e+00
2.640117573990953481e+00
-4.442734961124785061e-03
-1.360150949694471256e+00
-3.731185746603684183e+00
-4.563639857124630161e+00
-4.869716188934392065e+00
-4.185929840407841773e+00
-2.013697968199216870e+00
-6.927146252502457413e-01
2.021860164860539655e+00
3.206215112468768780e+00
4.873059270519022768e+00
5.227052107842150797e+00
4.869726473115449927e+00
4.185940098430570799e+00
2.013706242245222544e+00
6.927231420220970604e-01
-2.021851932052224132e+00
-3.206206226242746204e+00
-4.873052443758049357e+00
-5.227046244210430181e+00
-3.725210160975562790e+00
-2.642054904740696042e+00
5.757769942605264930e-03
1.359345769581745911e+00
3.733301384046500804e+00
4.564450371026697262e+00
5.273996936393744228e+00
5.095819425327132279e+00
3.725220118370161870e+00
2.642063508142705963e+00
-5.748950446080797368e-03
-1.359337078774758290e+00
-3.733291668124216756e+00
-4.564441870218503006e+00
-5.273990344096138649e+00
-5.095810142181940172e+00
-2.014277411159708375e+00
-6.933812712342968254e-01
2.023127045360511911e+00
3.207403820724784804e+00
4.875422197295823601e+00
5.229394953953832470e+00
4.871800936902788592e+00
4.188058107551260179e+00
2.014286792336992704e+00
6.933905952503621739e-01
-2.023117665263538090e+00
-3.207394237578520713e+00
-4.875413260595763631e+00
-5.229386704209691317e+00
-4.871792091206653019e+00
-4.188048562790501528e+00
3.510115387028590449e-03
1.358154494667974221e+00
3.722490128087297734e+00
4.554280629026076888e+00
5.260956098238619205e+00
5.082630484652000291e+00
3.717580702782628865e+00
2.633585969775941393e+00
-3.500416097387911221e-03
-1.358144524713645662e+00
-3.722480558288941310e+00
-4.554270489181121206e+00
-5.260946256794009734e+00
-5.082622786446819418e+00
-3.717571554061809280e+00
-2.633575766482339819e+00
2.022104367072557363e+00
3.205138504283497003e+00
4.872414484631471865e+00
5.226003293513937109e+00
4.868557230593030027e+00
4.185535442152764851e+00
2.012730241665076747e+00
6.932237040939139838e-01
-2.022093980249705769e+00
-3.205128416026612026e+00
-4.872403846545395822e+00
-5.225992487196912784e+00
-4.868548998493571034e+00
-4.185526703854399067e+00
-2.012719992736109020e+00
-6.932136766340090128e-01
3.757040985560649915e+00
4.591316571247681111e+00
5.305923528187983074e+00
5.127064384241932338e+00
3.746649424720434052e+00
2.659412818521615041e+00
-7.365261899763518583e-03
-1.366063204360858707e+00
-3.757030510435986237e+00
-4.591306268361950771e+00
-5.305913385527163406e+00
-5.127054485843412834e+00
-3.746639339963263815e+00
-2.659402603293948619e+00
7.375532216190183558e-03
1.366073789289711016e+00
4.844028315897786818e+00
5.195728422017533710e+00
4.840444128087505682e+00
4.161080373870444049e+00
2.001330844946889620e+00
6.888976485164950425e-01
-2.010073608547886082e+00
-3.186764071402851339e+00
-4.844017802270939477e+00
-5.195717883500812206e+00
-4.840433456089844100e+00
-4.161069642220744491e+00
-2.001320459341707991e+00
-6.888872858167758295e-01
2.010084719721971780e+00
3.186775091071397892e+00
5.102186890826946097e+00
4.925894115167889886e+00
3.614600323573177398e+00
2.542825604372722204e+00
9.620714171008622889e-03
-1.329720519677261237e+00
-3.600907307162902971e+00
-4.423327103821463879e+00
-5.102175461887776819e+00
-4.925883121327054859e+00
-3.614589512248020053e+00
-2.542814796527116172e+00
-9.609749300620950771e-03
1.329731633585565342e+00
3.600918602301012239e+00
4.423338557839466390e+00
4.961799353980731908e+00
4.267150004597399793e+00
2.050075268730104483e+00
7.081146643714795186e-01
-2.062504006311001170e+00
-3.265666729625023024e+00
-4.966901550403240329e+00
-5.326516251630006415e+00
-4.961787881656527510e+00
-4.267138335715260133e+00
-2.050064348998859920e+00
-7.081038340155016986e-01
2.062515884942787814e+00
3.265678446770211352e+00
4.966912661207352642e+00
5.326527424314281056e+00
3.915597801984828319e+00
2.825257682546428839e+00
-4.133553331844092710e-02
-1.403912243120619463e+00
-3.974023177187830047e+00
-4.810677538409377618e+00
-5.578811783559007864e+00
-5.399439049126947943e+00
-3.915585719830295464e+00
-2.825245756609664038e+00
4.134705839944945172e-02
1.403924231924995603e+00
3.974034526837658898e+00
4.810688868346499447e+00
5.578823428906023452e+00
5.399450436169535017e+00
1.981156429652503048e+00
8.208966084412874231e-01
-2.186373069032370609e+00
-3.226633539776865067e+00
-5.073149191674958480e+00
-5.384046136154572615e+00
-4.988148734759781711e+00
-4.387558220551291299e+00
-1.981143385574391180e+00
-8.208834191473513009e-01
2.186383944110590782e+00
3.226644649171849899e+00
5.073161754958027458e+00
5.384058559386670773e+00
4.988160228379584282e+00
4.387569464891046600e+00
