1.110759659225181162e-01
1.301989403627894504e+00
3.928840432401826899e+00
4.660079416083584114e+00
5.445139835234005687e+00
5.288356200994586587e+00
3.771750755552321088e+00
2.818784688987756581e+00
-1.110773333248489536e-01
-1.301990734878362366e+00
-3.928840963721652368e+00
-4.660080247484491345e+00
-5.445140435233722265e+00
-5.288356832202846469e+00
-3.771751545122896232e+00
-2.818785171773595444e+00
2.185612379114787007e+00
3.378809692579982205e+00
5.196536288016399219e+00
5.553135412426341233e+00
5.163397815453984130e+00
4.474508511374730269e+00
2.105613285340993901e+00
7.747770063619391356e-01
-2.185612976840463073e+00
-3.378810475677065384e+00
-5.196536882011455027e+00
-5.553135933922287215e+00
-5.163398175587452954e+00
-4.474508953418073531e+00
-2.105614055593189260e+00
-7.747775767375882916e-01
3.814786324251298488e+00
4.661542474851725792e+00
5.387172753019121352e+00
5.205618230029783078e+00
3.803823579647242159e+00
2.700318639402585319e+00
-7.750598730844973118e-03
-1.386794247778235567e+00
-3.814786765175594230e+00
-4.661543078547815355e+00
-5.387173218170061340e+00
-5.205618318499050545e+00
-3.803823880166840699e+00
-2.700319157983346319e+00
7.750527789900520971e-03
1.386794156275941159e+00
4.648977027720657240e+00
4.997473278032744659e+00
4.661006766093133358e+00
3.987770419740249039e+00
1.942689245706721746e+00
6.420921891654070013e-01
-1.913634174654723630e+00
-3.079719491757580307e+00
-4.648977387432567276e+00
-4.997473595505748989e+00
-4.661006609945944845e+00
-3.987770487036036204e+00
-1.942689288938289627e+00
-6.420920956938862556e-01
1.913634195660434800e+00
3.079719566132271602e+00
5.212266132081746051e+00
5.035490504511114018e+00
3.683374949828921885e+00
2.608911101464712612e+00
-3.185064184968309803e-03
-1.345936146663649247e+00
-3.687881557386047060e+00
-4.512352188503085948e+00
-5.212265640751769347e+00
-5.035490020883353957e+00
-3.683374862907651259e+00
-2.608910991838143456e+00
3.185478438026214092e-03
1.345936534349818858e+00
3.687881503013580531e+00
4.512352139311521348e+00
4.922640423842679525e+00
4.236467622647684728e+00
2.031442339290956411e+00
7.058548434846828590e-01
-2.049748641340265909e+00
-3.238240190181847833e+00
-4.930225318187352990e+00
-5.285418241237403336e+00
-4.922639551734091512e+00
-4.236466932147429532e+00
-2.031441847940781642e+00
-7.058542495819652984e-01
2.049749218267777451e+00
3.238240595791730403e+00
4.930225421941830888e+00
5.285418598384725719e+00
3.738329736693529082e+00
2.652496382960487065e+00
-6.643791308199872327e-03
-1.363602811138682869e+00
-3.747727744586187182e+00
-4.580926857254705276e+00
-5.293445995059911091e+00
-5.114796197249964038e+00
-3.738328617715758639e+00
-2.652495772447031275e+00
6.644636787137944006e-03
1.363603602145044613e+00
3.747728619765239522e+00
4.580927090700630089e+00
5.293446298485016577e+00
5.114797673868601180e+00
2.003361176099175189e+00
6.854304469288895474e-01
-2.006321683943288470e+00
-3.187950281693579413e+00
-4.840743481459847786e+00
-5.193883249989675654e+00
-4.839495891557005436e+00
-4.157286738727190567e+00
-2.003360462034024181e+00
-6.854293849380572734e-01
2.006322472437862103e+00
3.187951504699301886e+00
4.840743849383842168e+00
5.193883325542358875e+00
4.839498165404684471e+00
4.157288561451938591e+00
-5.405726855628060178e-03
-1.359841602500679203e+00
-3.733326073637913467e+00
-4.564981341982088381e+00
-5.274334479595927050e+00
-5.096008665371914326e+00
-3.725666323812354630e+00
-2.641858165981672002e+00
5.406996678373020802e-03
1.359842900690058753e+00
3.733326819293450338e+00
4.564982116141686141e+00
5.274336013635844367e+00
5.096010391989514332e+00
3.725668182995490962e+00
2.641859733810812294e+00
-2.029746526702669307e+00
-3.212809928208703258e+00
-4.887223776647060092e+00
-5.240812467870432201e+00
-4.881741329911422511e+00
-4.198684973411763721e+00
-2.016677400023872746e+00
-6.971365521611094795e-01
2.029748152861683863e+00
3.212811024321532649e+00
4.887225040247670904e+00
5.240814302035637695e+00
4.881743320398204133e+00
4.198687218902253271e+00
2.016679090266662921e+00
6.971379641367276836e-01
-3.733350518231112858e+00
-4.566015030494066096e+00
-5.275133895730098388e+00
-5.096545023172629918e+00
-3.726676170590843107e+00
-2.641645574931994478e+00
4.706433573183440265e-03
1.360707285901715524e+00
3.733353202699780660e+00
4.566017036875027024e+00
5.275135141895671786e+00
5.096547938337433692e+00
3.726678348341573965e+00
2.641646769621068369e+00
-4.704839095581585771e-03
-1.360705803625166466e+00
-4.869849008789233658e+00
-5.223528564682383468e+00
-4.866318976155774578e+00
-4.183077737423058551e+00
-2.012225757431835849e+00
-6.923066523943059991e-01
2.020624203122400875e+00
3.204030000406395740e+00
4.869850408044433365e+00
5.223528149812072918e+00
4.866324038357068282e+00
4.183081441691379965e+00
2.012226465100940054e+00
6.923084632070045652e-01
-2.020622609407669135e+00
-3.204026279618924722e+00
-5.271981460968711453e+00
-5.093903923184756266e+00
-3.723701679548136578e+00
-2.641142046957455580e+00
5.916872335695572138e-03
1.358765986342196364e+00
3.732071575853782353e+00
4.562717870030445155e+00
5.271982202776839266e+00
5.093908381851413480e+00
3.723704760609784614e+00
2.641143211204303398e+00
-5.914786888497540300e-03
-1.358764070669365331e+00
-3.732067463416823383e+00
-4.562715353223635084e+00
-4.874382885623991690e+00
-4.190705736842041063e+00
-2.014979246352398334e+00
-6.941893855422038850e-01
2.024760017021751235e+00
3.208960572768446706e+00
4.878385645647869140e+00
5.232276291019075209e+00
4.874387733805196632e+00
4.190710266841940701e+00
2.014981406881944270e+00
6.941917273840874092e-01
-2.024757212082570756e+00
-3.208957349566798456e+00
-4.878384202516093282e+00
-5.232275299428871485e+00
-3.726461125073905922e+00
-2.641824120935517328e+00
4.984744916757469571e-03
1.360439984406559333e+00
3.733511422470298768e+00
4.565767107833142546e+00
5.274981884870986626e+00
5.096552256519081503e+00
3.726464922965253557e+00
2.641826681315173619e+00
-4.981917389309741331e-03
-1.360437169893392140e+00
-3.733507537807397192e+00
-4.565764249099416361e+00
-5.274980041556415422e+00
-5.096548044365491137e+00
-2.011560752029785792e+00
-6.933942681154907639e-01
2.021821870155270151e+00
3.203650833017177124e+00
4.870871782220171475e+00
5.224091401043081007e+00
4.866585086836070495e+00
4.184240260625289309e+00
2.011563049208477949e+00
6.933973673401140347e-01
-2.021818641068420686e+00
-3.203646017993699413e+00
-4.870870439931144880e+00
-5.224091554059035580e+00
-4.866578297115443874e+00
-4.184234311634426717e+00
5.181517336347633840e-03
1.360484458090298387e+00
3.734325356050662847e+00
4.566548255122187427e+00
5.276003041912834313e+00
5.097522798086362883e+00
3.726985150081254528e+00
2.642504935002968569e+00
-5.178001579475284381e-03
-1.360481063910819799e+00
-3.734320017297400707e+00
-4.566545459284708564e+00
-5.276002006443147430e+00
-5.097516761136120955e+00
-3.726980027792740291e+00
-2.642502326323667994e+00
2.023780811617113873e+00
3.207744790528471501e+00
4.876387213105656926e+00
5.230213625548857159e+00
4.872420057461594567e+00
4.188875753608358288e+00
2.014311687568640430e+00
6.937756203014326939e-01
-2.023776660107905467e+00
-3.207739948619917403e+00
-4.876385144160693130e+00
-5.230212185325647134e+00
-4.872413597655587125e+00
-4.188869655104945799e+00
-2.014308143740355383e+00
-6.937717237376170853e-01
3.731024105899174881e+00
4.561900764433652888e+00
5.270836547024956964e+00
5.092713122104717272e+00
3.723142086188507172e+00
2.640278942214897118e+00
-5.569756069031028649e-03
-1.358796664714861713e+00
-3.731019806523723670e+00
-4.561896999321860768e+00
-5.270832736022754261e+00
-5.092708355127368414e+00
-3.723137060363293394e+00
-2.640274335383499871e+00
5.574133091045233197e-03
1.358801082361309698e+00
4.875891500308984661e+00
5.229689926225630003e+00
4.871986762977885022e+00
4.188501626519382626e+00
2.014109110156708571e+00
6.937050460756505332e-01
-2.023599953032165999e+00
-3.207448417998203904e+00
-4.875887687468325460e+00
-5.229685866604659061e+00
-4.871981366854761575e+00
-4.188496067711776405e+00
-2.014104194546960880e+00
-6.937003067540360446e-01
2.023604769136542636e+00
3.207452933729431521e+00
5.275524213804479778e+00
5.097092692200602571e+00
3.726717067188748178e+00
2.642224367105213023e+00
-5.130638079260469581e-03
-1.360421732260733263e+00
-3.733972000269403235e+00
-4.566145280877431212e+00
-5.275519427208301693e+00
-5.097087035954923628e+00
-3.726711437973529772e+00
-2.642219169665181777e+00
5.135778989032444182e-03
1.360426792506639782e+00
3.733976771546056117e+00
4.566149631313686008e+00
4.867498401034415778e+00
4.185042608047341517e+00
2.011932108798599739e+00
6.935414514176675427e-01
-2.022212432188005060e+00
-3.204242473266806446e+00
-4.871781982065233940e+00
-5.225059433065736059e+00
-4.867492857341501278e+00
-4.185037211412776514e+00
-2.011926432756951488e+00
-6.935358353150787858e-01
2.022217624699865990e+00
3.204247425696823193e+00
4.871787211418297403e+00
5.225065139057660346e+00
3.727077746971663164e+00
2.642487310767709818e+00
-5.127162179065758094e-03
-1.360546011510887610e+00
-3.734333612443829775e+00
-4.566598325918788781e+00
-5.276011246403236044e+00
-5.097550103250332754e+00
-3.727071815508822272e+00
-2.642480468977607355e+00
5.133164601893295577e-03
1.360552045107283226e+00
3.734337488041757691e+00
4.566603082366937905e+00
5.276018503732879950e+00
5.097555593650236361e+00
2.014248408153432646e+00
6.938180865347983728e-01
-2.023815312797088595e+00
-3.207692352650300727e+00
-4.876343662784015542e+00
-5.230123206799768276e+00
-4.872369084322691002e+00
-4.188895527072653557e+00
-2.014240854069532904e+00
-6.938116540279821720e-01
2.023821583801938662e+00
3.207696199009431481e+00
4.876350078851647396e+00
5.230132137435562711e+00
4.872373458288646653e+00
4.188900780517531786e+00
-5.554605999742522927e-03
-1.358553122571134475e+00
-3.730312326385821109e+00
-4.561041155276874370e+00
-5.269831362130677377e+00
-5.091748565926990544e+00
-3.722452735201112528e+00
-2.639767468293898744e+00
5.561438744105181263e-03
1.358560023228014169e+00
3.730316051901318097e+00
4.561046556889433390e+00
5.269840128472023544e+00
5.091754174540741751e+00
3.722459399809220582e+00
2.639775586149735620e+00
-2.023253068901316176e+00
-3.207236204347053921e+00
-4.875348713889597008e+00
-5.229201276022004130e+00
-4.871551347358561657e+00
-4.187974813268881213e+00
-2.014044309431479718e+00
-6.934835491774529181e-01
2.023259735150135796e+00
3.207241769144077548e+00
4.875355785716950052e+00
5.229209536652186685e+00
4.871557333558373060e+00
4.187981230362817442e+00
2.014052030509668079e+00
6.934908304554695535e-01
-3.735934492646339145e+00
-4.568367391921946741e+00
-5.278186970993579585e+00
-5.099683204157725136e+00
-3.728466633657576690e+00
-2.643670495415626487e+00
5.283261171713152411e-03
1.360967068669403313e+00
3.735939889495107025e+00
4.568373131533221887e+00
5.278194912261868765e+00
5.099690249539936104e+00
3.728474668665957115e+00
2.643678882045231493e+00
-5.275651927261495143e-03
-1.360959480370288688e+00
-4.872962509877160286e+00
-5.226140475152768694e+00
-4.868424131375716613e+00
-4.186157809705039590e+00
-2.012044235164323958e+00
-6.940221584573527114e-01
2.022972495443582375e+00
3.204672016479676699e+00
4.872969943324185316e+00
5.226150097393014171e+00
4.868429995617599815e+00
4.186164963982847098e+00
2.012053465536597141e+00
6.940302786331997709e-01
-2.022964596444980945e+00
-3.204666413372573963e+00
-5.269149506970614460e+00
-5.090807842238112002e+00
-3.722663594154932198e+00
-2.638554203561351841e+00
4.555949857451148388e-03
1.359348579350399655e+00
3.729105118947313002e+00
4.560958071485375243e+00
5.269159439701285308e+00
5.090814182737283033e+00
3.722671965213984802e+00
2.638564378079843564e+00
-4.547487220925874180e-03
-1.359339911617170271e+00
-3.729099912189654642e+00
-4.560951192389325115e+00
-4.871744361559923853e+00
-4.187922315288417963e+00
-2.014335019216916933e+00
-6.932230598419691914e-01
2.023054059000095606e+00
3.207543999440971572e+00
4.875336413342726161e+00
5.229294902622125818e+00
4.871752124347496604e+00
4.187930761033291205e+00
2.014344465371173953e+00
6.932319212699948885e-01
-2.023045686496848461e+00
-3.207536683614720108e+00
-4.875328448917344737e+00
-5.229286124445745365e+00
-3.733435033224269617e+00
-2.649623110642793655e+00
7.091108838391398453e-03
1.361500654835028801e+00
3.743456193027732581e+00
4.575057354926364894e+00
5.286890491029131667e+00
5.108616398482674015e+00
3.733444919009373919e+00
2.649632393937307206e+00
-7.082139242072883756e-03
-1.361491777098309930e+00
-3.743447925719884051e+00
-4.575049805724680674e+00
-5.286882718363290934e+00
-5.108607077671050156e+00
-2.013393479354045557e+00
-6.938180996327095729e-01
2.023406316683027395e+00
3.206508286892608250e+00
4.874893902698116399e+00
5.228469668451974250e+00
4.870782300953602650e+00
4.187729687985632943e+00
2.013403024313958234e+00
6.938274273989537555e-01
-2.023397117973260606e+00
-3.206499509188370123e+00
-4.874885916760362647e+00
-5.228461417752413354e+00
-4.870772400996324691e+00
-4.187719473421158689e+00
1.609732562972406109e-03
1.354362385826527237e+00
3.705606423341817557e+00
4.536216759963553891e+00
5.238906350650426091e+00
5.060816703574007924e+00
3.703343194861273613e+00
2.620876318614470346e+00
-1.600088560840477086e-03
-1.354352531854222663e+00
-3.705598046988759275e+00
-4.536207939793948540e+00
-5.238896166862356374e+00
-5.060807514186318024e+00
-3.703333078342055273e+00
-2.620865882102095590e+00
2.031855698449405612e+00
3.217158639194098946e+00
4.893050450571191590e+00
5.247289590281794425e+00
4.887966165498387916e+00
4.203638392099339427e+00
2.019583373523401448e+00
6.975499131268632080e-01
-2.031845649286181388e+00
-3.217149096343767223e+00
-4.893041090303761997e+00
-5.247279696923635051e+00
-4.887956222680518437e+00
-4.203628233438586825e+00
-2.019573302395107461e+00
-6.975400586081210719e-01
3.777537970699368142e+00
4.612972798981308742e+00
5.332335638734444494e+00
5.153213437389985607e+00
3.763531206296547360e+00
2.674773723875751852e+00
-9.900857482241218199e-03
-1.370511056415683493e+00
-3.777527789932045632e+00
-4.612962972000524076e+00
-5.332325595548645936e+00
-5.153202942192025127e+00
-3.763520642987629561e+00
-2.674763473761445631e+00
9.911034420275020504e-03
1.370521479943100918e+00
4.816728504567445057e+00
5.167258501091360756e+00
4.814292390171114100e+00
4.137128408834749749e+00
1.991712265210442645e+00
6.835238661326524801e-01
-1.997585368346808110e+00
-3.170477470853784396e+00
-4.816718047292887661e+00
-5.167247940956634089e+00
-4.814281362223142402e+00
-4.137117278393974473e+00
-1.991701855144109246e+00
-6.835135499326608910e-01
1.997596452315451909e+00
3.170488412947221057e+00
5.038531117186774821e+00
4.862781680791716354e+00
3.573902304248817163e+00
2.505671514639526087e+00
1.573164720249236800e-02
-1.319229099676639594e+00
-3.551657082673987276e+00
-4.371340097222499388e+00
-5.038519542291566289e+00
-4.862770638358361097e+00
-3.573891413219925539e+00
-2.505660565938814699e+00
-1.572068983005655771e-02
1.319240198952091658e+00
3.551668238293989699e+00
4.371351484196282833e+00
4.974137933294104030e+00
4.278671348908517302e+00
2.054429770401859034e+00
7.108826868154437539e-01
-2.068734756235146133e+00
-3.273329267915743301e+00
-4.980058005683925870e+00
-5.340061444146854797e+00
-4.974126416108101800e+00
-4.278659645861232264e+00
-2.054418809504836130e+00
-7.108718642697865464e-01
2.068746641013294418e+00
3.273340862569675824e+00
4.980069010971819310e+00
5.340072685599838387e+00
3.933973208745520367e+00
2.840905323866606214e+00
-4.328477031536445002e-02
-1.409281984927154285e+00
-3.995179452655209573e+00
-4.833923437721534988e+00
-5.606750523625759541e+00
-5.426919184456285628e+00
-3.933961116777146216e+00
-2.840893406292709589e+00
4.329630362150930362e-02
1.409293973686749135e+00
3.995190750691279824e+00
4.833934722849742016e+00
5.606762201232873721e+00
5.426930625525269392e+00
1.981156429652503048e+00
8.208966084412874231e-01
-2.186373069032370609e+00
-3.226633539776865067e+00
-5.073149191674958480e+00
-5.384046136154572615e+00
-4.988148734759781711e+00
-4.387558220551291299e+00
-1.981143385574391180e+00
-8.208834191473513009e-01
2.186383944110590782e+00
3.226644649171849899e+00
5.073161754958027458e+00
5.384058559386670773e+00
4.988160228379584282e+00
4.387569464891046600e+00
