1.110759659225181162e-01
1.301989403627894504e+00
3.928840432401826899e+00
4.660079416083584114e+00
5.445139835234005687e+00
5.288356200994586587e+00
3.771750755552321088e+00
2.818784688987756581e+00
-1.110773333248489536e-01
-1.301990734878362366e+00
-3.928840963721652368e+00
-4.660080247484491345e+00
-5.445140435233722265e+00
-5.288356832202846469e+00
-3.771751545122896232e+00
-2.818785171773595444e+00
2.188267763888598783e+00
3.382343750808585181e+00
5.202383124022741612e+00
5.559244861134205351e+00
5.169012342985984887e+00
4.479615901683859924e+00
2.107705189358858089e+00
7.758889564869577704e-01
-2.188268366264707332e+00
-3.382344533962208466e+00
-5.202383674073288056e+00
-5.559245351265040824e+00
-5.169012768712466510e+00
-4.479616397306421582e+00
-2.107705950538955264e+00
-7.758895206439128112e-01
3.819276575116122618e+00
4.666547599670395563e+00
5.393160478997676144e+00
5.211498158957706295e+00
3.807805391134869932e+00
2.703625074882742396e+00
-8.110914771373075108e-03
-1.387996263673898278e+00
-3.819277040116001665e+00
-4.666548089622720497e+00
-5.393160827256072487e+00
-5.211498437359638025e+00
-3.807805809502228911e+00
-2.703625546392273371e+00
8.110843483727089159e-03
1.387996181998471856e+00
4.637290502221072863e+00
4.985484193249202001e+00
4.650106015992814257e+00
3.977454256277023426e+00
1.938953751158070338e+00
6.394845037559312440e-01
-1.908013713762023222e+00
-3.073088234030556976e+00
-4.637290714320914553e+00
-4.985484321049518108e+00
-4.650106107031482416e+00
-3.977454491374719847e+00
-1.938953764578873917e+00
-6.394844245704294217e-01
1.908013796256827987e+00
3.073088285476357040e+00
5.198937685183348201e+00
5.022374745698326315e+00
3.674619329004694901e+00
2.601431990329627464e+00
-2.242717103002878336e-03
-1.343396732148144590e+00
-3.677792044960122464e+00
-4.501280507377686035e+00
-5.198937196140208883e+00
-5.022374301565391441e+00
-3.674619360017478353e+00
-2.601431977022813591e+00
2.243127364329248769e-03
1.343397113710135482e+00
3.677792099265212222e+00
4.501280575867062872e+00
4.929385901178513052e+00
4.242888644546455090e+00
2.033723763098172821e+00
7.075078254782934950e-01
-2.053267039884520972e+00
-3.242321823533426794e+00
-4.937480969700843048e+00
-5.292842078281178253e+00
-4.929385313001303892e+00
-4.242888245342993692e+00
-2.033723283730123121e+00
-7.075072236664257108e-01
2.053267599848270120e+00
3.242322258980353755e+00
4.937481345812144262e+00
5.292842641733873421e+00
3.744448709993224877e+00
2.657804386829546228e+00
-7.363700242475641929e-03
-1.365333694691928335e+00
-3.754862290623315335e+00
-4.588677583045933872e+00
-5.302812804901956945e+00
-5.124035612062362688e+00
-3.744447970422833283e+00
-2.657803667936271097e+00
7.364548747363769236e-03
1.365334543567379155e+00
3.754863003198720683e+00
4.588678134814128562e+00
5.302813563389089602e+00
5.124036543133132504e+00
1.999782449410944851e+00
6.825910240291886977e-01
-2.000460477705121587e+00
-3.181424837709058373e+00
-4.828860932164706021e+00
-5.181803129721131995e+00
-4.828578289723190586e+00
-4.146751816835728910e+00
-1.999781574100962578e+00
-6.825900322651095031e-01
2.000461480350688159e+00
3.181425766284899481e+00
4.828861685310820384e+00
5.181804046845343237e+00
4.828579648558571691e+00
4.146752990218272927e+00
-5.541932091958907784e-03
-1.359488704069663489e+00
-3.732799074169388387e+00
-4.564143143114824497e+00
-5.273431020461147867e+00
-5.095183561094164482e+00
-3.724959931218538856e+00
-2.641535856280307737e+00
5.543159340244103485e-03
1.359489913417806228e+00
3.732800407452866676e+00
4.564144501260027020e+00
5.273432411494796135e+00
5.095185072880686228e+00
3.724961311094380889e+00
2.641537053725902862e+00
-2.032645655889195879e+00
-3.216222018424502949e+00
-4.893169887872975465e+00
-5.246893628685628030e+00
-4.887342698238612115e+00
-4.204008426964193745e+00
-2.018576011013937244e+00
-6.984702473557061753e-01
2.032647190088170408e+00
3.216223726358317325e+00
4.893171585197070961e+00
5.246895196052521193e+00
4.887344561552919409e+00
4.204010226588278165e+00
2.018577415935832509e+00
6.984717151103297939e-01
-3.733799605809203559e+00
-4.566509864567311006e+00
-5.275679907971973392e+00
-5.097141364540382469e+00
-3.727142834573386132e+00
-2.641937937849655693e+00
4.707621992289356960e-03
1.360879425601134951e+00
3.733801939203186926e+00
4.566511961842296685e+00
5.275681632414558564e+00
5.097143591918515071e+00
3.727144634864904216e+00
2.641939412831835199e+00
-4.705901961187931512e-03
-1.360877758213246747e+00
-4.866876481180125502e+00
-5.220436772014557469e+00
-4.863537940442528296e+00
-4.180517852273534452e+00
-2.011206632115479120e+00
-6.917053955102842044e-01
2.019266167175313598e+00
3.202301018108950181e+00
4.866878802757744538e+00
5.220438823735529255e+00
4.863540561794633454e+00
4.180520065028904497e+00
2.011208407712758106e+00
6.917074425025724338e-01
-2.019264244095237082e+00
-3.202298686126517691e+00
-5.272810862860645820e+00
-5.094721386020593989e+00
-3.724146025430189688e+00
-2.641688162122318051e+00
6.076073396269834198e-03
1.358815780157133890e+00
3.732739177370989037e+00
4.563341890819685887e+00
5.272813460768939642e+00
5.094724081065543864e+00
3.724148510911547749e+00
2.641690533769843974e+00
-6.073729068288904846e-03
-1.358813485859485137e+00
-3.732736743097000431e+00
-4.563339269254051977e+00
-4.876255686484905816e+00
-4.192486330400367223e+00
-2.015619856877230998e+00
-6.946705077901376146e-01
2.025744341535236082e+00
3.210075817527000552e+00
4.880451924914362749e+00
5.234402724622503555e+00
4.876258954301644799e+00
4.192489652899048735e+00
2.015622609542117250e+00
6.946731389504460230e-01
-2.025741650773321023e+00
-3.210073284610039934e+00
-4.880449471209360013e+00
-5.234400261347574634e+00
-3.726391110543449070e+00
-2.641808313350377801e+00
5.001654135503965162e-03
1.360397522942659920e+00
3.733465322831135413e+00
4.565698798210347853e+00
5.274912886918294852e+00
5.096475815302364154e+00
3.726394741204262839e+00
2.641811340777708406e+00
-4.998636685496834521e-03
-1.360394532954038560e+00
-3.733462341612876934e+00
-4.565696272638281705e+00
-5.274910296160978618e+00
-5.096472069853349218e+00
-2.011293525701779661e+00
-6.932934101067670385e-01
2.021557545794357758e+00
3.203246269957203296e+00
4.870204547470462941e+00
5.223361420776921449e+00
4.865954386524809827e+00
4.183712010664266678e+00
2.011296680443642071e+00
6.932967541096095587e-01
-2.021554277205975581e+00
-3.203242844382919507e+00
-4.870202018910050334e+00
-5.223358888152884738e+00
-4.865949867080262337e+00
-4.183707735467292466e+00
5.319459631139394559e-03
1.360600918262137249e+00
3.735082746820043820e+00
4.567244779678095945e+00
5.276881387178407046e+00
5.098459939803071883e+00
3.727563504755338819e+00
2.643071322381004951e+00
-5.315754059260711581e-03
-1.360597203624720253e+00
-3.735079283946550976e+00
-4.567241674984994226e+00
-5.276877869771185559e+00
-5.098455822830417539e+00
-3.727559304149661745e+00
-2.643067587634574611e+00
2.024175299589922261e+00
3.208132083084568986e+00
4.877111813136203011e+00
5.230950029195048145e+00
4.873107285330286587e+00
4.189555183555871309e+00
2.014505107259914940e+00
6.939736142355557025e-01
-2.024171164351624252e+00
-3.208128237127627180e+00
-4.877108179644168651e+00
-5.230946125242945222e+00
-4.873103175939548670e+00
-4.189550803703458115e+00
-2.014500917921765666e+00
-6.939695865663012553e-01
3.730902559331977564e+00
4.561753904541326676e+00
5.270697996585163914e+00
5.092556818085672177e+00
3.722998003172195869e+00
2.640215543872933335e+00
-5.587182120394159485e-03
-1.358733555365927437e+00
-3.730898158378913365e+00
-4.561749546296645974e+00
-5.270693774043259339e+00
-5.092552618255973940e+00
-3.722993618299556662e+00
-2.640211110720011689e+00
5.591552320935476612e-03
1.358737920177073510e+00
4.876427633553695351e+00
5.230214187030846062e+00
4.872424874205160350e+00
4.188965363195894298e+00
2.014224497154133875e+00
6.938749042251103338e-01
-2.023883897521483011e+00
-3.207679100358633573e+00
-4.876423027489324546e+00
-5.230209985254127503e+00
-4.872419901085632610e+00
-4.188960594678672322e+00
-2.014219987016883096e+00
-6.938701980041271922e-01
2.023888575126786993e+00
3.207684174650341724e+00
5.276037207013051678e+00
5.097623603808399295e+00
3.727028722528530125e+00
2.642575396268005861e+00
-5.227932075881202602e-03
-1.360461436887469455e+00
-3.734420659447765356e+00
-4.566554030844264034e+00
-5.276032537860193550e+00
-5.097618262008446699e+00
-3.727023693689291317e+00
-2.642570651863368703e+00
5.232962430908089449e-03
1.360466426371102822e+00
3.734426102935084035e+00
4.566559078852003850e+00
4.867353192092429559e+00
4.184948014660217375e+00
2.011850180857156278e+00
6.935337095484130909e-01
-2.022171671876494159e+00
-3.204143215734458927e+00
-4.871625301997515756e+00
-5.224868301234306678e+00
-4.867347927945824715e+00
-4.184942840524685792e+00
-2.011844728020820039e+00
-6.935283160465935959e-01
2.022177050006153110e+00
3.204148514829707750e+00
4.871630738887823497e+00
5.224873909008710626e+00
3.727551233554102783e+00
2.642949067555234954e+00
-5.230429237587585871e-03
-1.360650564312668953e+00
-3.734945681826003394e+00
-4.567192796630820339e+00
-5.276775113866508882e+00
-5.098334195701769822e+00
-3.727545690057382899e+00
-2.642942999320437636e+00
5.236188389427232776e-03
1.360656327618744443e+00
3.734950892411031287e+00
4.567198474787539375e+00
5.276781489560754324e+00
5.098339712397147672e+00
2.014468034818400977e+00
6.940716529487735986e-01
-2.024286440153725497e+00
-3.208122540734269723e+00
-4.877234323432485752e+00
-5.231036094649653023e+00
-4.873165440204117793e+00
-4.189682389546602437e+00
-2.014461740069566797e+00
-6.940655502278766376e-01
2.024292507257410278e+00
3.208128195399798877e+00
4.877240163154699104e+00
5.231042403114202877e+00
4.873171721088193742e+00
4.189688606702279827e+00
-5.549554070457948449e-03
-1.358371304564775839e+00
-3.729789915638242803e+00
-4.560442835788461657e+00
-5.269164379166964451e+00
-5.091066451225030320e+00
-3.721937757612415965e+00
-2.639414736243291593e+00
5.556050523846873743e-03
1.358377796663743142e+00
3.729795927210684425e+00
4.560448465616160796e+00
5.269170742883294345e+00
5.091073716920377912e+00
3.721944749974729572e+00
2.639421274546351004e+00
-2.023238833050210683e+00
-3.207175661503261832e+00
-4.875294453261282079e+00
-5.229124969836815850e+00
-4.871467565141330169e+00
-4.187927230444938864e+00
-2.014001471199548199e+00
-6.934933596909820253e-01
2.023245610915913595e+00
3.207182180696723339e+00
4.875300831615681396e+00
5.229131753337195043e+00
4.871474824113408708e+00
4.187934426974616819e+00
2.014008389026533230e+00
6.935002576339485136e-01
-3.737601739835943793e+00
-4.570113394741310842e+00
-5.280288473420747586e+00
-5.101790739260814611e+00
-3.729857036303839024e+00
-2.644910366350449404e+00
5.480906125176670911e-03
1.361330067309028058e+00
3.737608140050653116e+00
4.570120041930402444e+00
5.280296101601556380e+00
5.101797674284542339e+00
3.729864545475587878e+00
2.644918052800204311e+00
-5.473595395434125918e-03
-1.361322724941146589e+00
-4.873763917081056718e+00
-5.226902357347802841e+00
-4.869115556084744334e+00
-4.186914944635678815e+00
-2.012203998490104340e+00
-6.942839411593465515e-01
2.023434809668652523e+00
3.205050259377625110e+00
4.873771145502759694e+00
5.226910210910507004e+00
4.869122765336289405e+00
4.186922735216582758e+00
2.012212096257282479e+00
6.942916823179058339e-01
-2.023427037003651563e+00
-3.205043193551719849e+00
-5.266058716721751409e+00
-5.087758398798506221e+00
-3.720584285238374367e+00
-2.636827215031543936e+00
4.363826166153030039e-03
1.358726383139852167e+00
3.726756224681555540e+00
4.558355678239382591e+00
5.266066409080978339e+00
5.087766330410397941e+00
3.720592684941638861e+00
2.636835544260302200e+00
-4.355727582939001967e-03
-1.358718208754273737e+00
-3.726748459477963404e+00
-4.558348165706099131e+00
-4.872292058733636466e+00
-4.188357620219379740e+00
-2.014565518573252945e+00
-6.933018453242180135e-01
2.023268114394287664e+00
3.207883060115757523e+00
4.875899913437904409e+00
5.229933599412806444e+00
4.872300803386686141e+00
4.188366246317110964e+00
2.014573961412023717e+00
6.933103991532740817e-01
-2.023259827229229924e+00
-3.207874480784417059e+00
-4.875891941141334840e+00
-5.229926021340263631e+00
-3.737453705394164327e+00
-2.653199931959209668e+00
7.617618781632281948e-03
1.362600649915994611e+00
3.748228679723884404e+00
4.580209761420004355e+00
5.293180434820891733e+00
5.114798364863704982e+00
3.737462698273173345e+00
2.653208796254517665e+00
-7.608827360069294124e-03
-1.362591889181611560e+00
-3.748219921768288110e+00
-4.580201274767583541e+00
-5.293172212593741932e+00
-5.114789548816171205e+00
-2.012931997543794260e+00
-6.938361000689480251e-01
2.023179113229374160e+00
3.205849592057213648e+00
4.874139899200935488e+00
5.227594243564791299e+00
4.869901536548956855e+00
4.187090116197779821e+00
2.012941324224091222e+00
6.938452902704974612e-01
-2.023169874943846480e+00
-3.205840561003457712e+00
-4.874131231001542552e+00
-5.227585478962001098e+00
-4.869892149917612656e+00
-4.187080565015692812e+00
3.702653483169892311e-04
1.352362400667055820e+00
3.696004297547150319e+00
4.526148503964499525e+00
5.226572491303920209e+00
5.048584486446839215e+00
3.695490148319615642e+00
2.613629422977797656e+00
-3.607417968175016094e-04
-1.352352697080154709e+00
-3.695994788188798896e+00
-4.526139191072880763e+00
-5.226562962727185457e+00
-5.048574740950507511e+00
-3.695480233325899366e+00
-2.613619793331662056e+00
2.036105585128855644e+00
3.222290813335620285e+00
4.901981804604021775e+00
5.256486661712625796e+00
4.896349289370563795e+00
4.211509038078662392e+00
2.022502541110229313e+00
6.994864549915578156e-01
-2.036095631569149411e+00
-3.222280772121585812e+00
-4.901972178293919846e+00
-5.256477080885197495e+00
-4.896339240685644967e+00
-4.211499065401795860e+00
-2.022492855613681417e+00
-6.994766866589343657e-01
3.783368779253782233e+00
4.619200682290809823e+00
5.339915017386449136e+00
5.160706658628164689e+00
3.768415320137081359e+00
2.679142503976528200e+00
-1.057038250442491646e-02
-1.371825092062628038e+00
-3.783358377146663898e+00
-4.619190551047783977e+00
-5.339904940686024837e+00
-5.160696294488289482e+00
-3.768404996436702348e+00
-2.679132425742849044e+00
1.058050735304939122e-02
1.371835474746217809e+00
4.804055899304588095e+00
5.154170765703302237e+00
4.802340809159225010e+00
4.125981406357606573e+00
1.987483098364403178e+00
6.808507429559994550e-01
-1.991613931407773874e+00
-3.163110125098553826e+00
-4.804045172392601870e+00
-5.154159956561080058e+00
-4.802329865646668416e+00
-4.125970378276064388e+00
-1.987472736869425605e+00
-6.808404816191703235e-01
1.991625104649329847e+00
3.163121175404614238e+00
5.026309670562898013e+00
4.850711828119948166e+00
3.565979386498207226e+00
2.498675782522893130e+00
1.675247821054353173e-02
-1.317049769898963385e+00
-3.542288476389695351e+00
-4.361262943899728128e+00
-5.026298222362679979e+00
-4.850700666488199531e+00
-3.565968596915142452e+00
-2.498665064887345633e+00
-1.674156025452940358e-02
1.317060841712401009e+00
3.542299951629999111e+00
4.361274517518281435e+00
4.979534342577745853e+00
4.283641861281898500e+00
2.056388711924880486e+00
7.120220876517278086e-01
-2.071358849681568692e+00
-3.276687591292313240e+00
-4.985728803215004667e+00
-5.345954034009757549e+00
-4.979522831544064054e+00
-4.283630279103332050e+00
-2.056377859700320609e+00
-7.120112608210948935e-01
2.071370658454177782e+00
3.276699329055356547e+00
4.985739931217782583e+00
5.345965194079902894e+00
3.938143479288927828e+00
2.844270849070882790e+00
-4.358964678334559945e-02
-1.410592543118297071e+00
-3.999780493422288252e+00
-4.839142585654790274e+00
-5.612954032458764786e+00
-5.432990016342571948e+00
-3.938131438906447457e+00
-2.844258967197982990e+00
4.360117251851461373e-02
1.410604514180478830e+00
3.999791841291000072e+00
4.839153932495952937e+00
5.612965708047336300e+00
5.433001437580541548e+00
1.981156429652503048e+00
8.208966084412874231e-01
-2.186373069032370609e+00
-3.226633539776865067e+00
-5.073149191674958480e+00
-5.384046136154572615e+00
-4.988148734759781711e+00
-4.387558220551291299e+00
-1.981143385574391180e+00
-8.208834191473513009e-01
2.186383944110590782e+00
3.226644649171849899e+00
5.073161754958027458e+00
5.384058559386670773e+00
4.988160228379584282e+00
4.387569464891046600e+00
