1.110759659225181162e-01
1.301989403627894504e+00
3.928840432401826899e+00
4.660079416083584114e+00
5.445139835234005687e+00
5.288356200994586587e+00
3.771750755552321088e+00
2.818784688987756581e+00
-1.110773333248489536e-01
-1.301990734878362366e+00
-3.928840963721652368e+00
-4.660080247484491345e+00
-5.445140435233722265e+00
-5.288356832202846469e+00
-3.771751545122896232e+00
-2.818785171773595444e+00
2.104515030363325767e+00
3.287906721164798096e+00
5.031861751603564414e+00
5.385530635464832905e+00
5.011611235219277205e+00
4.328383028542789113e+00
2.055627133132377882e+00
7.357278743803730148e-01
-2.104515629953104039e+00
-3.287907509707031384e+00
-5.031862245615607243e+00
-5.385531002838659376e+00
-5.011611566752874225e+00
-4.328383511404910067e+00
-2.055627904450445520e+00
-7.357284421318228684e-01
3.772414020099478904e+00
4.617140198615581781e+00
5.332734741730606132e+00
5.151617947401955000e+00
3.769211222583917831e+00
2.668347862482024713e+00
-2.264350558037166866e-03
-1.378003882586528839e+00
-3.772414488790745146e+00
-4.617140563780676388e+00
-5.332734856077915531e+00
-5.151618070410647121e+00
-3.769211607468093916e+00
-2.668348329089105242e+00
2.264285752138479532e-03
1.378003792407063610e+00
4.863912990199703579e+00
5.218132687739571729e+00
4.861811240560320435e+00
4.177519042600062349e+00
2.011726797755075680e+00
6.897725292527850938e-01
-2.016799627951134877e+00
-3.202034285200897390e+00
-4.863912969020672605e+00
-5.218132543281949864e+00
-4.861811167469397787e+00
-4.177519089018469245e+00
-2.011726773074284047e+00
-6.897724265068595484e-01
2.016799652440390833e+00
3.202034252386975144e+00
5.245891025027435539e+00
5.067081833149857495e+00
3.709583280206402378e+00
2.622746078131665826e+00
2.532409853351922442e-04
-1.357957969860085656e+00
-3.709225971153033541e+00
-4.543189557701028392e+00
-5.245890486388630869e+00
-5.067081333188427905e+00
-3.709583082021623568e+00
-2.622745889202831471e+00
-2.527754985873964717e-04
1.357958385326057504e+00
3.709226119649695619e+00
4.543189796812388437e+00
4.846023385843485798e+00
4.160986112015782723e+00
2.007617275037633764e+00
6.842231497011411756e-01
-2.006823269086516870e+00
-3.193348435493612136e+00
-4.845694374878796395e+00
-5.200299908739917321e+00
-4.846022676037135213e+00
-4.160985553383684810e+00
-2.007616704797328122e+00
-6.842224564365202433e-01
2.006823907387509376e+00
3.193348948267973775e+00
4.845694982049919552e+00
5.200300671677765330e+00
3.708699524278536330e+00
2.624799555367686832e+00
-1.707155076095329821e-03
-1.356247481451147596e+00
-3.711113453661341044e+00
-4.542823141893302719e+00
-5.246599923870681081e+00
-5.068274286175048715e+00
-3.708698699854145797e+00
-2.624798709518876283e+00
1.708162235788719327e-03
1.356248474955404903e+00
3.711114287173557180e+00
4.542823981343656392e+00
5.246600973190178152e+00
5.068275313398264537e+00
2.009259823223678687e+00
6.855450019557769448e-01
-2.009541523585786749e+00
-3.196353953638437329e+00
-4.851180724995222349e+00
-5.205872377477282598e+00
-4.851063567586616720e+00
-4.165860547926851787e+00
-2.009258648935504876e+00
-6.855437667591045559e-01
2.009542747832983256e+00
3.196355115634649025e+00
4.851181952083576832e+00
5.205873666794691879e+00
4.851064842966619217e+00
4.165861753178997873e+00
-9.160503771828659811e-05
-1.359213578471422990e+00
-3.713813855751295190e+00
-4.548336818888443212e+00
-5.252034581252877921e+00
-5.073105875910745688e+00
-3.713683577738613018e+00
-2.626117339996515643e+00
9.310177749619963968e-05
1.359215064564223585e+00
3.713815374694299010e+00
4.548338353366700559e+00
5.252036134251566679e+00
5.073107425256941028e+00
3.713685108603958618e+00
2.626118857616540847e+00
-2.010722295036796670e+00
-3.195372444053259819e+00
-4.851696974674623242e+00
-5.205742595317124355e+00
-4.850612936366853312e+00
-4.166658270075465964e+00
-2.008104555455778595e+00
-6.868014308565849602e-01
2.010724106604074635e+00
3.195374257967523501e+00
4.851698823484447587e+00
5.205744428092486054e+00
4.850614770999016834e+00
4.166660108477722169e+00
2.008106366749533578e+00
6.868032391340055387e-01
-3.713697318646734580e+00
-4.547994481921543652e+00
-5.251724142925308314e+00
-5.072844043238186273e+00
-3.713360763179510915e+00
-2.626088787949552472e+00
2.394547346786828274e-04
1.358993529269036715e+00
3.713699488916963443e+00
4.547996630826749431e+00
5.251726234501569834e+00
5.072846135779058407e+00
3.713362902765999340e+00
2.626090938222568116e+00
-2.373567830222922241e-04
-1.358991429629763381e+00
-4.851930704881628920e+00
-5.206667189416246622e+00
-4.851799755147357729e+00
-4.166510766999910409e+00
-2.009548585155548128e+00
-6.856677452332397005e-01
2.009868582867986753e+00
3.196829843562729589e+00
4.851933127735253315e+00
5.206669578591207603e+00
4.851802155033143826e+00
4.166513189955027840e+00
2.009551017339861190e+00
6.856701735375514417e-01
-2.009866134450928321e+00
-3.196827399925300295e+00
-5.250522837975287516e+00
-5.071941578752885427e+00
-3.711807279722461494e+00
-2.626350617702381207e+00
1.235426000651855278e-03
1.357720790352890061e+00
3.713554350969852536e+00
4.546458545868136802e+00
5.250525524831705759e+00
5.071944265316503220e+00
3.711810006185210842e+00
2.626353368836612745e+00
-1.232696809865423777e-03
-1.357718050414743916e+00
-3.713551582650311822e+00
-4.546455807760218626e+00
-4.851557051326485848e+00
-4.166396493728410810e+00
-2.009371113130275610e+00
-6.857383330209770866e-01
2.009876732910641728e+00
3.196615528928036465e+00
4.851767375342782351e+00
5.206437559624062850e+00
4.851560048662307167e+00
4.166399517095865868e+00
2.009374154564647519e+00
6.857413723707005415e-01
-2.009873663588214399e+00
-3.196612477541579178e+00
-4.851764349470210291e+00
-5.206434557529886042e+00
-3.713172753220833844e+00
-2.625946437592250327e+00
2.328459886344827891e-04
1.358929596148381824e+00
3.713501760846075417e+00
4.547763914098345239e+00
5.251454328106658132e+00
5.072582090767910223e+00
3.713176089291984283e+00
2.625949790591540989e+00
-2.294854176168261328e-04
-1.358926235303113295e+00
-3.713498390438846108e+00
-4.547760568053501373e+00
-5.251451021836802013e+00
-5.072578784821823561e+00
-2.008237625469253107e+00
-6.865105588943215542e-01
2.010382193758785796e+00
3.195412344915005587e+00
4.851348970030768371e+00
5.205508714666372327e+00
4.850463315856210933e+00
4.166289273693589479e+00
2.008241287379497919e+00
6.865142207963114140e-01
-2.010378520807794445e+00
-3.195408673429700031e+00
-4.851345313408813809e+00
-5.205505075096840351e+00
-4.850459678671797725e+00
-4.166285629444795191e+00
2.888337967494470759e-04
1.358862372499762161e+00
3.713505128649478237e+00
4.547691779585134597e+00
5.251403728077316480e+00
5.072547884438339594e+00
3.713101164386187314e+00
2.625973329863539263e+00
-2.848504237263557184e-04
-1.358858389669002298e+00
-3.713501154171555019e+00
-4.547687806817507727e+00
-5.251399766165907756e+00
-5.072543925282247734e+00
-3.713097196099337527e+00
-2.625969355569797603e+00
2.009879449642188121e+00
3.196633879553814062e+00
4.851785829781800174e+00
5.206461139021977935e+00
4.851584402461825540e+00
4.166414866970994169e+00
2.009389622427993682e+00
6.857392576082699254e-01
-2.009875144664636348e+00
-3.196629585139534768e+00
-4.851781537846487247e+00
-5.206456852180287420e+00
-4.851580122289165686e+00
-4.166410579340253939e+00
-2.009385315390360471e+00
-6.857349525161207104e-01
3.713539572076683726e+00
4.546586523829464710e+00
5.250612935871917131e+00
5.072001674535487226e+00
3.711948433334245401e+00
2.626305935086636012e+00
-1.124310507430058802e-03
-1.357841523553609875e+00
-3.713534944109530667e+00
-4.546581905098198817e+00
-5.250608325048872871e+00
-5.071997063302039699e+00
-3.711943823358476724e+00
-2.626301328768731125e+00
1.128937356552989386e-03
1.357846139830864995e+00
4.851773372000939943e+00
5.206438418568491322e+00
4.851559049994103034e+00
4.166409869904801333e+00
2.009365968553193493e+00
6.857547384023005010e-01
-2.009882826564990399e+00
-3.196602062410011769e+00
-4.851768420493299594e+00
-5.206433467371524237e+00
-4.851554108600670823e+00
-4.166404935273955168e+00
-2.009361018717990888e+00
-6.857497889357789811e-01
2.009887765010093919e+00
3.196607010952544847e+00
5.251405972035254166e+00
5.072549619184198555e+00
3.713106224011308854e+00
2.625972474190534367e+00
-2.800854106495800542e-04
-1.358860804630552810e+00
-3.713498130109520901e+00
-4.547689394705971999e+00
-5.251400698285028312e+00
-5.072544348735916309e+00
-3.713100949003828699e+00
-2.625967202456730654e+00
2.853665089278751622e-04
1.358866075419404407e+00
3.713503413756082505e+00
4.547694676619203236e+00
4.850504726164237113e+00
4.166295432932762388e+00
2.008284026685441148e+00
6.864883086882715979e-01
-2.010358097243447606e+00
-3.195449486587460086e+00
-4.851358314555619167e+00
-5.205537123370620023e+00
-4.850499110924193502e+00
-4.166289823940544146e+00
-2.008278433324783840e+00
-6.864827047841636221e-01
2.010363710526898107e+00
3.195455110093465834e+00
4.851363933219368541e+00
5.205542734946927652e+00
3.713134406948219723e+00
2.625968393581110671e+00
-2.616625439643614727e-04
-1.358882548021144165e+00
-3.713499522963309651e+00
-4.547715577338825810e+00
-5.251421313995165541e+00
-5.072559954109357783e+00
-3.713128467322191817e+00
-2.625962468102865710e+00
2.676087942888737852e-04
1.358888494928029989e+00
3.713505493480560027e+00
4.547721546793947134e+00
5.251427267759861017e+00
5.072565901618184547e+00
2.009363753361405713e+00
6.857594524234011946e-01
-2.009883955607295380e+00
-3.196596751401515224e+00
-4.851767126295073673e+00
-5.206430785226397795e+00
-4.851551737306802892e+00
-4.166406434501848999e+00
-2.009357483863557725e+00
-6.857531740705510304e-01
2.009890256670602948e+00
3.196603061382421451e+00
4.851773449853513220e+00
5.206437100985020550e+00
4.851558024198135755e+00
4.166412707570553486e+00
-1.154109735167022479e-03
-1.357800902960592193e+00
-3.713534326192737822e+00
-4.546538349594978712e+00
-5.250578296853642080e+00
-5.071977142761260104e+00
-3.711901319555127365e+00
-2.626314881815988045e+00
1.160731217148139229e-03
1.357807535605037863e+00
3.713540992583427958e+00
4.546545022349310905e+00
5.250584953058769599e+00
5.071983775588791765e+00
3.711907924254275848e+00
2.626321482178201716e+00
-2.009850989404651234e+00
-3.196671284151415104e+00
-4.851792122360484960e+00
-5.206488215986465384e+00
-4.851620481839451493e+00
-4.166413249996389290e+00
-2.009428912240882603e+00
-6.857045113414719228e-01
2.009857985113825407e+00
3.196678294889331085e+00
4.851799169626672459e+00
5.206495245559076501e+00
4.851627441919315054e+00
4.166420174885351102e+00
2.009435864014494033e+00
6.857114650386285648e-01
-3.713486311957533204e+00
-4.547691443582554172e+00
-5.251398396155049220e+00
-5.072540092520568145e+00
-3.713109038721340127e+00
-2.625957289978126052e+00
2.736414166833586931e-04
1.358876521750105537e+00
3.713493688038067120e+00
4.547698839511650881e+00
5.251405761604265088e+00
5.072547404989911968e+00
3.713116314982645605e+00
2.625964574491036707e+00
-2.663246281531339663e-04
-1.358869203622172561e+00
-4.851317293804135566e+00
-5.205436370858755879e+00
-4.850379272426530441e+00
-4.166287505714413975e+00
-2.008147577092368685e+00
-6.865775693714520900e-01
2.010428867449524315e+00
3.195317412753632791e+00
4.851325073632152041e+00
5.205444120542799702e+00
4.850386915313270819e+00
4.166295107382883778e+00
2.008155252981602246e+00
6.865852578960564001e-01
-2.010421214968636239e+00
-3.195309713995573730e+00
-5.251619154715349680e+00
-5.072727732637817510e+00
-3.713336831707298114e+00
-2.625981272155143209e+00
1.730814208094122507e-04
1.359030581060216791e+00
3.713578732283759898e+00
4.547940296977361463e+00
5.251627236421170686e+00
5.072735749879311307e+00
3.713344822409707202e+00
2.625989274529130224e+00
-1.650586107003313872e-04
-1.359022539139215890e+00
-3.713570658570532590e+00
-4.547932180697951132e+00
-4.851870256200478515e+00
-4.166634574427600768e+00
-2.009527586776234553e+00
-6.857471780357285995e-01
2.009968191400689719e+00
3.196838312998765197e+00
4.852053412020513434e+00
5.206765037123702200e+00
4.851878616071040540e+00
4.166642907445397448e+00
2.009536034104039803e+00
6.857556323471896143e-01
-2.009959864698393162e+00
-3.196829950119827846e+00
-4.852044937823226434e+00
-5.206756585857143627e+00
-3.711913402380135896e+00
-2.626674986933354106e+00
1.417472989824255028e-03
1.357629173872810568e+00
3.713914587139482304e+00
4.546651581091883720e+00
5.250858479971370230e+00
5.072315772968684300e+00
3.711922181646827301e+00
2.626683778004851533e+00
-1.408715049154736759e-03
-1.357620400912486813e+00
-3.713905847781589831e+00
-4.546642824941038441e+00
-5.250849714269460122e+00
-5.072307023870982867e+00
-2.009781849572741308e+00
-6.856429338197360668e-01
2.009951557685323742e+00
3.197142831598521528e+00
4.852283645230846432e+00
5.207091678223123132e+00
4.852222151372846071e+00
4.166801189912659353e+00
2.009791017568115734e+00
6.856521005135725044e-01
-2.009942449392005948e+00
-3.197133724312160474e+00
-4.852274564537356838e+00
-5.207082601582814441e+00
-4.852212997914603143e+00
-4.166792039545915038e+00
1.533309341804343408e-04
1.358840528805983938e+00
3.712995125273432340e+00
4.547251979030789037e+00
5.250822851436331540e+00
5.071954822097233695e+00
3.712791857141061413e+00
2.625572555010324827e+00
-1.438994639551549061e-04
-1.358830962174333745e+00
-3.712985603691851821e+00
-4.547242596559635253e+00
-5.250813452783339663e+00
-5.071945266692106991e+00
-3.712782261824083996e+00
-2.625563104267294889e+00
2.009363651089214997e+00
3.192552708268041606e+00
4.847880048582409174e+00
5.201492347770699354e+00
4.846583927962614169e+00
4.163473839602992221e+00
2.006220172853659278e+00
6.865448707706246489e-01
-2.009353629542245390e+00
-3.192542644810452579e+00
-4.847870402740679374e+00
-5.201482727307292109e+00
-4.846573838667426415e+00
-4.163463793365972165e+00
-2.006210523069943186e+00
-6.865351993522822438e-01
3.708553684562129416e+00
4.542608490844022739e+00
5.245125424726706953e+00
5.066301328065480725e+00
3.709176325175633337e+00
2.622220162106649433e+00
4.397046839275704105e-04
-1.357918132746927187e+00
-3.708543336889892572e+00
-4.542598446967200054e+00
-5.245115380290836349e+00
-5.066290951524499597e+00
-3.709165947947858921e+00
-2.622210075188299960e+00
-4.296221664616457921e-04
1.357928488392202038e+00
4.846473609408474381e+00
5.201044725061381158e+00
4.846679602443748180e+00
4.161718407075121640e+00
2.007760826825660594e+00
6.845091391953272986e-01
-2.007269404368991594e+00
-3.193664694301171281e+00
-4.846463362064609370e+00
-5.201034448343883732e+00
-4.846668744670826534e+00
-4.161707511956497463e+00
-2.007750512107245644e+00
-6.844988498897663920e-01
2.007280287724640733e+00
3.193675531192794903e+00
5.263530052893687916e+00
5.084900698236834771e+00
3.719946231393164382e+00
2.634172422233543642e+00
-2.733976342612164708e-03
-1.359614033551824530e+00
-3.723800671351999103e+00
-4.556948545418353369e+00
-5.263519156137411059e+00
-5.084889673153363709e+00
-3.719935300205009288e+00
-2.634161609544408922e+00
2.744843282277230519e-03
1.359625026962911321e+00
3.723811730859356572e+00
4.556959472980707915e+00
4.925950607954296068e+00
4.232149846741959820e+00
2.038670201849121177e+00
6.983412603335528157e-01
-2.042827870266798129e+00
-3.244534058607528415e+00
-4.927659208485692943e+00
-5.286806425296130207e+00
-4.925939285887936947e+00
-4.232138330182706909e+00
-2.038659256401897490e+00
-6.983304215000697424e-01
2.042839607134511848e+00
3.244545597904940237e+00
4.927670407866354907e+00
5.286817736068364582e+00
3.824777697349790007e+00
2.740691978133245499e+00
-2.644560633693792892e-02
-1.381216208262383116e+00
-3.862164338640003969e+00
-4.694016657803254944e+00
-5.435483796075307517e+00
-5.257132585008346126e+00
-3.824765620720147918e+00
-2.740680039311549354e+00
2.645713107806839035e-02
1.381228179125153499e+00
3.862175613419142284e+00
4.694028012529859240e+00
5.435495556279843044e+00
5.257143959781176434e+00
1.981156429652503048e+00
8.208966084412874231e-01
-2.186373069032370609e+00
-3.226633539776865067e+00
-5.073149191674958480e+00
-5.384046136154572615e+00
-4.988148734759781711e+00
-4.387558220551291299e+00
-1.981143385574391180e+00
-8.208834191473513009e-01
2.186383944110590782e+00
3.226644649171849899e+00
5.073161754958027458e+00
5.384058559386670773e+00
4.988160228379584282e+00
4.387569464891046600e+00
