1.110759659225181162e-01
1.301989403627894504e+00
3.928840432401826899e+00
4.660079416083584114e+00
5.445139835234005687e+00
5.288356200994586587e+00
3.771750755552321088e+00
2.818784688987756581e+00
-1.110773333248489536e-01
-1.301990734878362366e+00
-3.928840963721652368e+00
-4.660080247484491345e+00
-5.445140435233722265e+00
-5.288356832202846469e+00
-3.771751545122896232e+00
-2.818785171773595444e+00
2.117628304710765352e+00
3.300469407332977223e+00
5.056745556989217683e+00
5.410249884782776242e+00
5.033688484436035893e+00
4.350778150961654767e+00
2.061965646915234984e+00
7.426804978879343322e-01
-2.117628945018098729e+00
-3.300470230490591295e+00
-5.056746003757664809e+00
-5.410250250601306377e+00
-5.033688819735335329e+00
-4.350778593778158232e+00
-2.061966437196051771e+00
-7.426810869226250222e-01
3.775526663507653868e+00
4.620272834359506753e+00
5.336639289382691942e+00
5.155517897476065592e+00
3.771619884440162274e+00
2.670731061373527560e+00
-2.762043904176945171e-03
-1.378533572595787460e+00
-3.775527163890473936e+00
-4.620273120773068065e+00
-5.336639439472373958e+00
-5.155518063293458297e+00
-3.771620199664608375e+00
-2.670731540094914092e+00
2.761941384179335008e-03
1.378533419603210630e+00
4.859370111003610049e+00
5.212915275862926023e+00
4.856783597613219428e+00
4.173794399451467463e+00
2.009160416512037806e+00
6.897233976539054456e-01
-2.015401632183436487e+00
-3.198379399739968321e+00
-4.859369977578796629e+00
-5.212915114751017320e+00
-4.856783521411559335e+00
-4.173794350078430249e+00
-2.009160446783152310e+00
-6.897233575142308615e-01
2.015401543504692583e+00
3.198379267853320496e+00
5.247296347017578633e+00
5.068761573289662259e+00
3.709694830382417319e+00
2.624528353736111708e+00
-9.936845389640267239e-04
-1.357117168525550754e+00
-3.711101212876859901e+00
-4.543783163135953096e+00
-5.247295808799380623e+00
-5.068761080408649811e+00
-3.709694578568589307e+00
-2.624528200791862886e+00
9.940988870858441344e-04
1.357117504961874443e+00
3.711101299606059278e+00
4.543783462085004388e+00
4.850394780127262884e+00
4.165950504925302944e+00
2.008439399869992759e+00
6.861910806355158154e-01
-2.010032032377230493e+00
-3.195529963505783666e+00
-4.851054858279520765e+00
-5.205353373895562186e+00
-4.850394051044298216e+00
-4.165949914416982480e+00
-2.008438879156205559e+00
-6.861904374623137848e-01
2.010032593170791415e+00
3.195530399756267403e+00
4.851055500501024298e+00
5.205354160808632891e+00
3.712017366266632923e+00
2.628817825688511078e+00
-2.931393470895258136e-03
-1.356596420800424641e+00
-3.716162885872183352e+00
-4.547335303920010396e+00
-5.252516783064694827e+00
-5.074306115298457875e+00
-3.712016552260304358e+00
-2.628817012181355217e+00
2.932362911260162370e-03
1.356597369650609730e+00
3.716163675567110580e+00
4.547336127797557026e+00
5.252517841613882688e+00
5.074307151789066772e+00
2.010588038354000684e+00
6.876412153092593682e-01
-2.013193937510206144e+00
-3.199317899220370798e+00
-4.857674695545688870e+00
-5.212160534629084019e+00
-4.856594484601871820e+00
-4.171788848345372003e+00
-2.010586895828544218e+00
-6.876400120202593724e-01
2.013195125483907777e+00
3.199319022572841398e+00
4.857675904481142837e+00
5.212161816881609511e+00
4.856595756307416245e+00
4.171790039874377243e+00
-1.344092092210808507e-03
-1.359673486273396570e+00
-3.719260667143042820e+00
-4.553297123669481472e+00
-5.258485154181930632e+00
-5.079660553938856182e+00
-3.717358840590132107e+00
-2.630426792473374853e+00
1.345562328111110564e-03
1.359674945426006420e+00
3.719262155836160044e+00
4.553298628688176919e+00
5.258486689255104096e+00
5.079662087739094112e+00
3.717360348576820073e+00
2.630428284471503453e+00
-2.014134913554971540e+00
-3.198039522643644439e+00
-4.857681007167163223e+00
-5.211503749925014084e+00
-4.855662528404772083e+00
-4.172138145694252565e+00
-2.009261916610196153e+00
-6.887904844227379364e-01
2.014136705467571620e+00
3.198041317690171415e+00
4.857682823502925906e+00
5.211505546503691910e+00
4.855664332409579842e+00
4.172139958501755785e+00
2.009263708700449236e+00
6.887922710726661624e-01
-3.718927594217310784e+00
-4.552702756470413448e+00
-5.257878100054798054e+00
-5.079109716428961363e+00
-3.716833018667581090e+00
-2.630241420854219303e+00
1.482322002295047292e-03
1.359386023668627930e+00
3.718929750827315583e+00
4.552704876069910256e+00
5.257880139196931424e+00
5.079111760540662601e+00
3.716835134520315886e+00
2.630243556148793349e+00
-1.480242756794308747e-03
-1.359383940016194892e+00
-4.858099105884631896e+00
-5.212613310625306084e+00
-4.857015472145642221e+00
-4.172155539023423287e+00
-2.010756427086775489e+00
-6.877050559337628544e-01
2.013375790884508021e+00
3.199593548539389154e+00
4.858101486754160092e+00
5.212615639763424014e+00
4.857017820880301429e+00
4.172157928248915404e+00
2.010758847812748051e+00
6.877074693062495969e-01
-2.013373349889454822e+00
-3.199591109503531428e+00
-5.256433286537096627e+00
-5.077966999587886221e+00
-3.715120940967084007e+00
-2.630364567927446995e+00
2.458960678707042009e-03
1.358069018386848459e+00
3.718598741715782641e+00
4.550965620291862024e+00
5.256435905527492736e+00
5.077969621220259633e+00
3.715123643305298540e+00
2.630367307793968212e+00
-2.456246227070059407e-03
-1.358066288566146751e+00
-3.718595979314047284e+00
-4.550962910682842200e+00
-4.856754574291300308e+00
-4.172024466274553589e+00
-2.010572244814648801e+00
-6.877717556765154949e-01
2.013375139546849102e+00
3.199367939327839583e+00
4.857916699595399734e+00
5.212363830634940243e+00
4.856757511158114049e+00
4.172027452552640625e+00
2.010575275966139497e+00
6.877747815367680762e-01
-2.013372075540349471e+00
-3.199364889198536677e+00
-4.857913714703243180e+00
-5.212360892240874399e+00
-3.716649658735416306e+00
-2.630103657417905083e+00
1.476823885868131393e-03
1.359323196023907832e+00
3.718738365719259420e+00
4.552478546093933431e+00
5.257616136756295688e+00
5.078855545980902164e+00
3.716652969326933675e+00
2.630106997375996514e+00
-1.473478570274284029e-03
-1.359319846542594634e+00
-3.718734999870653812e+00
-4.552475222170408564e+00
-5.257612899262232631e+00
-5.078852308813565308e+00
-2.009379477010912574e+00
-6.885006523469895390e-01
2.013788749443853110e+00
3.198058633771862613e+00
4.857309247306856648e+00
5.211241668637971891e+00
4.855485171651078957e+00
4.171749804638658077e+00
2.009383125717212337e+00
6.885042987546211579e-01
-2.013785086216679066e+00
-3.198054966291385082e+00
-4.857305620678141089e+00
-5.211238083307518920e+00
-4.855481591103045780e+00
-4.171746197629425446e+00
1.531787500858956905e-03
1.359252956646196830e+00
3.718729992751127700e+00
4.552393490175782098e+00
5.257550006634525097e+00
5.078806031930520604e+00
3.716567707372641305e+00
2.630121771191011870e+00
-1.527821464223786969e-03
-1.359248988562496541e+00
-3.718726024210329495e+00
-4.552389532563618779e+00
-5.257546099117210048e+00
-5.078802132059454522e+00
-3.716563767759634818e+00
-2.630117814898989881e+00
2.013382520173675250e+00
3.199393594845696409e+00
4.857946428699568386e+00
5.212399472643910237e+00
4.856792960158468730e+00
4.172052304874074302e+00
2.010595183196182134e+00
6.877742199978383875e-01
-2.013378228047359553e+00
-3.199389306394418764e+00
-4.857942154435084703e+00
-5.212395223625210683e+00
-4.856788731112248847e+00
-4.172048056134594951e+00
-2.010590894048421617e+00
-6.877699324267577685e-01
3.718613930437473236e+00
4.551126875994462750e+00
5.256563207083472022e+00
5.078066121985279402e+00
3.715288193149313578e+00
2.630341769028920140e+00
-2.350490321099757245e-03
-1.358197602861171749e+00
-3.718609304954084038e+00
-4.551122261330577956e+00
-5.256558633161763083e+00
-5.078061559217978527e+00
-3.715283617272425509e+00
-2.630337185092928909e+00
2.355098658010437284e-03
1.358202202124439983e+00
4.857928591855757539e+00
5.212371166285068469e+00
4.856762461176593604e+00
4.172042567999874940e+00
2.010569631964755022e+00
6.877886296736931415e-01
-2.013383408195573931e+00
-3.199358547562167310e+00
-4.857923640858026637e+00
-5.212366231278696915e+00
-4.856757565697225054e+00
-4.172037677683080759e+00
-2.010564703341524595e+00
-6.877836983954461747e-01
2.013388331909585993e+00
3.199363491464376708e+00
5.257553416054941309e+00
5.078808863925122985e+00
3.716573516054333837e+00
2.630121435041040900e+00
-1.523052046905835769e-03
-1.359251664974152174e+00
-3.718723747591624385e+00
-4.552392066367619172e+00
-5.257548159296341339e+00
-5.078803631281312292e+00
-3.716568281523927819e+00
-2.630116191696456607e+00
1.528314733486656847e-03
1.359256918265143055e+00
3.718729035454220622e+00
4.552397359619605233e+00
4.855532474243802632e+00
4.171761542663938727e+00
2.009427796989391002e+00
6.884798360947732565e-01
-2.013767697687667724e+00
-3.198099266814193431e+00
-4.857324966582476478e+00
-5.211276634912224814e+00
-4.855526900315120464e+00
-4.171755981136357150e+00
-2.009422227800012450e+00
-6.884742503273568737e-01
2.013773296098734455e+00
3.198104889313301946e+00
4.857330606248728699e+00
5.211282251952395583e+00
3.716605569421015165e+00
2.630120549152437981e+00
-1.504922906592838245e-03
-1.359274548619920031e+00
-3.718729385196941628e+00
-4.552423012061918683e+00
-5.257574500019835284e+00
-5.078824878185488778e+00
-3.716599678096767168e+00
-2.630114657070495188e+00
1.510851641295341387e-03
1.359280478006465565e+00
3.718735368081717230e+00
4.552429013554712967e+00
5.257580458359221609e+00
5.078830795731347436e+00
2.010567096138077492e+00
6.877932755899119899e-01
-2.013384071869933845e+00
-3.199352520302233494e+00
-4.857921299158462602e+00
-5.212362456500512664e+00
-4.856754284408303590e+00
-4.172038441464039238e+00
-2.010560853803093018e+00
-6.877870145220966736e-01
2.013390359237686500e+00
3.199358834632310966e+00
4.857927672762214044e+00
5.212368808666639985e+00
4.856760527404833994e+00
4.172044657247373500e+00
-2.379593817095038057e-03
-1.358155785694587836e+00
-3.718603522889342372e+00
-4.551073228527287462e+00
-5.256522040091596182e+00
-5.078035217882363561e+00
-3.715237081138018205e+00
-2.630347100947180827e+00
2.386199757974731897e-03
1.358162402573969585e+00
3.718610214504320943e+00
4.551079956781819646e+00
5.256528724215189463e+00
5.078041827981523149e+00
3.715243626461287807e+00
2.630353662109317092e+00
-2.013357996500373392e+00
-3.199435660874446974e+00
-4.857961031702981103e+00
-5.212435155430064526e+00
-4.856837084602806165e+00
-4.172058364237757999e+00
-2.010637376199406301e+00
-6.877414941072027554e-01
2.013364981725673353e+00
3.199442684463696285e+00
4.857968154835022645e+00
5.212442245778190042e+00
4.856843999681138335e+00
4.172065221588088235e+00
2.010644299344142460e+00
6.877484328100706978e-01
-3.718707509011410561e+00
-4.552388347856006767e+00
-5.257539482572211931e+00
-5.078793415248953558e+00
-3.716572002700618160e+00
-2.630103627998670035e+00
1.516717796475695618e-03
1.359265361920738435e+00
3.718714922491072272e+00
4.552395818266020910e+00
5.257546890759600799e+00
5.078800710071654123e+00
3.716579212977498159e+00
2.630110870764877706e+00
-1.509412848716358817e-03
-1.359258057023384536e+00
-4.857246072682707805e+00
-5.211136676154292324e+00
-4.855371492111831166e+00
-4.171720883208110742e+00
-2.009278812953785742e+00
-6.885615956400814586e-01
2.013820771023024037e+00
3.197944911401030765e+00
4.857253941435080158e+00
5.211144498301817585e+00
4.855379094265679818e+00
4.171728418586775788e+00
2.009286464149455220e+00
6.885692751053819061e-01
-2.013813126023455080e+00
-3.197937193201969563e+00
-5.257780358012996480e+00
-5.079000857491767995e+00
-3.716813349306542946e+00
-2.630138873115548837e+00
1.417285139397610758e-03
1.359423436060695600e+00
3.718815016033914400e+00
4.552654069205869014e+00
5.257788486743740108e+00
5.079008866012302725e+00
3.716821285726507718e+00
2.630146843699025183e+00
-1.409266749122779598e-03
-1.359415400952696862e+00
-3.718806902254475855e+00
-4.552645876171860451e+00
-4.857080106516846740e+00
-4.172273085329711861e+00
-2.010734237177460582e+00
-6.877823100169909720e-01
2.013471162650124935e+00
3.199598632019869271e+00
4.858214605994043644e+00
5.212704251169632208e+00
4.857088446111645474e+00
4.172281379612407193e+00
2.010742673872389918e+00
6.877907655393518116e-01
-2.013462835501108383e+00
-3.199590248985362706e+00
-4.858206061377103424e+00
-5.212695741239175007e+00
-3.715272754612328754e+00
-2.630717291364673471e+00
2.637813671547116229e-03
1.357995872169329932e+00
3.718999865059757326e+00
4.551212888277149204e+00
5.256829982950083746e+00
5.078399536912687751e+00
3.715281518581464937e+00
2.630726074859459196e+00
-2.629049278739718862e-03
-1.357987093880610452e+00
-3.718991095676495551e+00
-4.551204089556464716e+00
-5.256821188954159396e+00
-5.078390777045282078e+00
-2.011093220559233341e+00
-6.877264583362222572e-01
2.013576932917928719e+00
3.200076011602306814e+00
4.858722460234824680e+00
5.213323598644154622e+00
4.857702400359769079e+00
4.172681027993034419e+00
2.011102395049588321e+00
6.877356381922878903e-01
-2.013567810883171383e+00
-3.200066880144594172e+00
-4.858713372429786403e+00
-5.213314520131016039e+00
-4.857693217959426768e+00
-4.172671860258898135e+00
1.410993292079895569e-03
1.359309914758899618e+00
3.718486126525380353e+00
4.552259080293952209e+00
5.257330714525243032e+00
5.078566445935676299e+00
3.716504276081407543e+00
2.629915638989677618e+00
-1.401543596026115284e-03
-1.359300330812075464e+00
-3.718476578937495169e+00
-4.552249709884073070e+00
-5.257321332556309734e+00
-5.078556844373580681e+00
-3.716494646228990728e+00
-2.629906175841074667e+00
2.012758702979478453e+00
3.195183290763120798e+00
4.853814843836738113e+00
5.207198636470051767e+00
4.851581908994016423e+00
4.168913234632913856e+00
2.007353478690992343e+00
6.885308956883331444e-01
-2.012748655342717186e+00
-3.195173194276947903e+00
-4.853805272694607709e+00
-5.207189093195787599e+00
-4.851571726333432366e+00
-4.168903101852945881e+00
-2.007343808047492129e+00
-6.885211988443991071e-01
3.713191046473015344e+00
4.546523773123201551e+00
5.250392246890423387e+00
5.071723054261014774e+00
3.711987438785120830e+00
2.625972265362492397e+00
-8.517767983818956947e-04
-1.358033530705799352e+00
-3.713180710855040534e+00
-4.546513821508755271e+00
-5.250382264577474700e+00
-5.071712614458061097e+00
-3.711976954007318419e+00
-2.625962120118945364e+00
8.618900561064358253e-04
1.358043922826174255e+00
4.848248689168804582e+00
5.202274957144321199e+00
4.847500725250946552e+00
4.163592459408351765e+00
2.007146689745379131e+00
6.859288832686749604e-01
-2.008958890492277050e+00
-3.193530597700296347e+00
-4.848238592519543033e+00
-5.202264794458508312e+00
-4.847489766413902501e+00
-4.163581409490777041e+00
-2.007136314702390845e+00
-6.859185646496883670e-01
2.008969824604596166e+00
3.193541429521781883e+00
5.258350498740609780e+00
5.080061347143558947e+00
3.715836856336124150e+00
2.632130513571270036e+00
-3.366219654189735091e-03
-1.357662499006563994e+00
-3.720585083418716188e+00
-4.552146543576075288e+00
-5.258339652921379503e+00
-5.080050276965756062e+00
-3.715825800272668289e+00
-2.632119616413979291e+00
3.377121226091653067e-03
1.357673535391552333e+00
3.720596099047066119e+00
4.552157362501687565e+00
4.929367324000237360e+00
4.235550446747453179e+00
2.039704583450953734e+00
6.993444024389599001e-01
-2.044781745459809841e+00
-3.246515914262879221e+00
-4.931456803026654789e+00
-5.290612464263077186e+00
-4.929355935341837913e+00
-4.235538831009164618e+00
-2.039693597442892692e+00
-6.993335416054808906e-01
2.044793513348909020e+00
3.246527450683029503e+00
4.931467904544894587e+00
5.290623699907651911e+00
3.840156196957020818e+00
2.756574871613283850e+00
-3.011218769775639292e-02
-1.384252454850364522e+00
-3.882728223495189646e+00
-4.714193528091916718e+00
-5.460898976704758212e+00
-5.282630624372871786e+00
-3.840144062611057674e+00
-2.756562899518303578e+00
3.012372322324665883e-02
1.384264446189975351e+00
3.882739474024951232e+00
4.714204819206424979e+00
5.460910695430168715e+00
5.282642015964654547e+00
1.981156429652503048e+00
8.208966084412874231e-01
-2.186373069032370609e+00
-3.226633539776865067e+00
-5.073149191674958480e+00
-5.384046136154572615e+00
-4.988148734759781711e+00
-4.387558220551291299e+00
-1.981143385574391180e+00
-8.208834191473513009e-01
2.186383944110590782e+00
3.226644649171849899e+00
5.073161754958027458e+00
5.384058559386670773e+00
4.988160228379584282e+00
4.387569464891046600e+00
