1.110759659225181162e-01
1.301989403627894504e+00
3.928840432401826899e+00
4.660079416083584114e+00
5.445139835234005687e+00
5.288356200994586587e+00
3.771750755552321088e+00
2.818784688987756581e+00
-1.110773333248489536e-01
-1.301990734878362366e+00
-3.928840963721652368e+00
-4.660080247484491345e+00
-5.445140435233722265e+00
-5.288356832202846469e+00
-3.771751545122896232e+00
-2.818785171773595444e+00
2.192509030360252353e+00
3.388813561097177907e+00
5.212396725612832071e+00
5.569924700385769256e+00
5.178932437264435862e+00
4.488249226640586009e+00
2.111720329062232615e+00
7.774185630941952141e-01
-2.192509543874999967e+00
-3.388814111664356865e+00
-5.212396927959845883e+00
-5.569924885262884651e+00
-5.178932741661893324e+00
-4.488249721059609953e+00
-2.111721108475974162e+00
-7.774191341735341432e-01
3.834145152446602367e+00
4.683120200142062650e+00
5.412989912111958901e+00
5.230961980769051500e+00
3.820978222703192984e+00
2.714577738014715358e+00
-9.309981472561757246e-03
-1.391969142828187511e+00
-3.834144730323768346e+00
-4.683119541790123463e+00
-5.412989165425752702e+00
-5.230961812927833243e+00
-3.820978563462641198e+00
-2.714578313299540913e+00
9.309926073247688783e-03
1.391969240730875468e+00
4.622734289904925298e+00
4.970263110046888144e+00
4.636114301067180143e+00
3.964748218473778785e+00
1.933721981291193437e+00
6.367372394382505574e-01
-1.901419419451222392e+00
-3.064266717302845500e+00
-4.622734834105929558e+00
-4.970263542366159193e+00
-4.636115141440454224e+00
-3.964748594450467234e+00
-1.933721993724147215e+00
-6.367371768791308950e-01
1.901419336278923788e+00
3.064266323369348122e+00
5.155901179498680875e+00
4.979939518776227203e+00
3.646554122226416617e+00
2.577017672063175890e+00
1.102578006809974785e-03
-1.335489154987727911e+00
-3.644996456474399515e+00
-4.465683877737092189e+00
-5.155903356057271125e+00
-4.979941051069586955e+00
-3.646554592341740619e+00
-2.577017446366873799e+00
-1.102289839699303366e-03
1.335489061515665155e+00
3.644994015068575788e+00
4.465681259401957703e+00
4.941437087667505779e+00
4.254417800064520527e+00
2.037752091529563714e+00
7.105272670520389466e-01
-2.059620817203763110e+00
-3.249580077213332974e+00
-4.950494807449875800e+00
-5.306126623693630862e+00
-4.941436527318187721e+00
-4.254417217195679335e+00
-2.037751566672947323e+00
-7.105265433355669735e-01
2.059621667316340776e+00
3.249580732497271640e+00
4.950495614145895118e+00
5.306127705574763098e+00
3.758928442911694923e+00
2.669983956561658989e+00
-8.783663528821603408e-03
-1.369628112642385265e+00
-3.771349289998277232e+00
-4.606929398435965162e+00
-5.324709359611159876e+00
-5.145554182335779103e+00
-3.758927371627167169e+00
-2.669983068843938767e+00
8.784860704063573306e-03
1.369629511764326679e+00
3.771351098971962745e+00
4.606931638673357199e+00
5.324711835761339884e+00
5.145555665201963613e+00
1.993108721250942184e+00
6.768209642171049145e-01
-1.988843778184817834e+00
-3.168997755160147367e+00
-4.805757900132497262e+00
-5.158458546936082634e+00
-4.807523179762489995e+00
-4.126164365020317248e+00
-1.993107341730322002e+00
-6.768196116284194153e-01
1.988845589294610416e+00
3.168999525126591887e+00
4.805761060002604168e+00
5.158461829470290638e+00
4.807524795421250552e+00
4.126165724602832263e+00
-5.488596111345295063e-03
-1.358279692168648856e+00
-3.729322721979766886e+00
-4.559957355288520198e+00
-5.268568861271911707e+00
-5.090473676052195806e+00
-3.721559672649126682e+00
-2.639060038360204086e+00
5.490367912744015255e-03
1.358281328262335608e+00
3.729323872769901183e+00
4.559958784514752672e+00
5.268570349674905451e+00
5.090475011355645840e+00
3.721561469685804369e+00
2.639062034669472201e+00
-2.037638107994815151e+00
-3.222107805034045924e+00
-4.903545233328774344e+00
-5.257536830916823334e+00
-4.897024773777721052e+00
-4.213175117735218578e+00
-2.021891130788100899e+00
-7.007888477747660216e-01
2.037639767793258727e+00
3.222108929505420161e+00
4.903548376251094076e+00
5.257540162153834018e+00
4.897025521078412602e+00
4.213176623980826818e+00
2.021893645522466532e+00
7.007910956091115695e-01
-3.735846051604372775e+00
-4.568895576331522435e+00
-5.278489267092416171e+00
-5.099879009304357780e+00
-3.729068659272532393e+00
-2.643419991904516486e+00
4.794842102963996384e-03
1.361520650900662099e+00
3.735847180319578520e+00
4.568899263574992098e+00
5.278493794969988606e+00
5.099879813592859357e+00
3.729071223092252030e+00
2.643423447881267485e+00
-4.792359728359654215e-03
-1.361518110794558423e+00
-4.860090460815748692e+00
-5.213461116558591790e+00
-4.857186549413747834e+00
-4.174538401459108705e+00
-2.009005870010827977e+00
-6.902227419314725942e-01
2.016026652538601915e+00
3.198415183610543888e+00
4.860094115248957181e+00
5.213465461208510732e+00
4.857188691128806468e+00
4.174541517955236536e+00
2.009008839887087117e+00
6.902252674419784295e-01
-2.016023576287251373e+00
-3.198413081591550355e+00
-5.273434914175224364e+00
-5.095376426269708325e+00
-3.724448915548268069e+00
-2.642173838725081492e+00
6.273008428743350774e-03
1.358784225987348826e+00
3.733318848360533515e+00
4.563780376723842735e+00
5.273437431366854611e+00
5.095381159629458701e+00
3.724451601100721820e+00
2.642175558869072738e+00
-6.270081337318266466e-03
-1.358781397809607272e+00
-3.733314332879992037e+00
-4.563777402785482273e+00
-4.879789978396291694e+00
-4.195827643022181697e+00
-2.016834734666951068e+00
-6.955117565400643631e-01
2.027558490490831034e+00
3.212225800983862012e+00
4.884232348058611173e+00
5.238283237634378864e+00
4.879794878695520310e+00
4.195830579022407747e+00
2.016836947627629772e+00
6.955152146211335262e-01
-2.027555379972015626e+00
-3.212220817500505810e+00
-4.884228832082512461e+00
-5.238280451066509080e+00
-3.726191782828607746e+00
-2.641614725098192729e+00
4.962246230971644606e-03
1.360349262657454705e+00
3.733206573790422311e+00
4.565435225906473882e+00
5.274591346244576151e+00
5.096155896244479955e+00
3.726195128541962109e+00
2.641618475064029248e+00
-4.958493570999644717e-03
-1.360345499762110055e+00
-3.733202667263002095e+00
-4.565430394706442740e+00
-5.274586773902347758e+00
-5.096152782656423241e+00
-2.010686519107348413e+00
-6.929608553537477400e-01
2.020769435837026506e+00
3.202209591938196098e+00
4.868481915315563846e+00
5.221570014290221273e+00
4.864309525401351308e+00
4.182210079229744082e+00
2.010691693604889085e+00
6.929647870857672531e-01
-2.020764846489735866e+00
-3.202206843399341807e+00
-4.868476828412910962e+00
-5.221564426723064756e+00
-4.864307455424322413e+00
-4.182205711505106116e+00
5.482161114584177368e-03
1.360742464469326674e+00
3.736019266027190255e+00
4.568170056942085999e+00
5.278048901889551558e+00
5.099629992275776402e+00
3.728272636936500906e+00
2.643797590594473945e+00
-5.477621574675620685e-03
-1.360738005293081088e+00
-3.736015191121423662e+00
-4.568165238465311973e+00
-5.278044108948499513e+00
-5.099625892676191263e+00
-3.728268303581445231e+00
-2.643792722772948078e+00
2.024706618727562635e+00
3.208720763896443895e+00
4.878189344582738229e+00
5.232044543097592815e+00
4.874101182771998886e+00
4.190513953692351024e+00
2.014828605045578591e+00
6.942349752931155082e-01
-2.024702379273738639e+00
-3.208715359505443843e+00
-4.878184688488756748e+00
-5.232040439555060374e+00
-4.874095145508185567e+00
-4.190509729687498464e+00
-2.014824092949115908e+00
-6.942298609757140415e-01
3.730566737746082495e+00
4.561376839899052626e+00
5.270252905666637844e+00
5.092123205570991296e+00
3.722701630630136815e+00
2.639972551457826722e+00
-5.561385211661024931e-03
-1.358639283849206958e+00
-3.730562180419612961e+00
-4.561372612747416788e+00
-5.270248432321167797e+00
-5.092117781304555280e+00
-3.722695569994458165e+00
-2.639966550252603739e+00
5.566712695193230809e-03
1.358644580648430855e+00
4.876873845316081812e+00
5.230647487842994714e+00
4.872802251050086575e+00
4.189377240858224383e+00
2.014311186439613710e+00
6.940254996070539528e-01
-2.024138121968005688e+00
-3.207875260447262900e+00
-4.876866898414053964e+00
-5.230639419308356963e+00
-4.872799996702858571e+00
-4.189371749345268903e+00
-2.014303973494599109e+00
-6.940199707330360068e-01
2.024143609566496416e+00
3.207878000405287366e+00
5.276488255176224662e+00
5.098079090655400769e+00
3.727279168780146978e+00
2.642879171938873561e+00
-5.319293547561864018e-03
-1.360486507826181635e+00
-3.734799578576318613e+00
-4.566890644419506096e+00
-5.276479677674736024e+00
-5.098076755013741135e+00
-3.727273207755888329e+00
-2.642871453409144422e+00
5.325265326472598988e-03
1.360492391842677895e+00
3.734802366035991028e+00
4.566897674223450387e+00
4.866952788777965999e+00
4.184579430513838183e+00
2.011701551017027079e+00
6.934520317834140801e-01
-2.021977180414722852e+00
-3.203888990819129479e+00
-4.871202988737152850e+00
-5.224429961293965974e+00
-4.866947622759107972e+00
-4.184574228296340515e+00
-2.011695289291607569e+00
-6.934456892760172408e-01
2.021982722953047151e+00
3.203894449939101996e+00
4.871210365804449438e+00
5.224437685219975869e+00
3.728262035418737685e+00
2.643607049883081039e+00
-5.344412946574148698e-03
-1.360828530311323670e+00
-3.735816088243422595e+00
-4.568105203645955292e+00
-5.277896885252894243e+00
-5.099447071683276711e+00
-3.728255037392314897e+00
-2.643600952229974155e+00
5.350905109675071526e-03
1.360834971544007566e+00
3.735823154289682702e+00
4.568110425969134525e+00
5.277902125370055764e+00
5.099454832545958105e+00
2.014762149586321716e+00
6.943862222605144963e-01
-2.024882997943310503e+00
-3.208701061191328030e+00
-4.878374021595718979e+00
-5.232171440828933484e+00
-4.874181460045394765e+00
-4.190706966432593994e+00
-2.014755036441846947e+00
-6.943793988026338848e-01
2.024889837099608680e+00
3.208707285519003527e+00
4.878381099810208177e+00
5.232178973139568257e+00
4.874187357540024301e+00
4.190713751816660171e+00
-5.452706890130182976e-03
-1.357993503063145591e+00
-3.728433876380726097e+00
-4.558912818721249316e+00
-5.267344897001335902e+00
-5.089285794717377520e+00
-3.720717573339040296e+00
-2.638417658131099852e+00
5.459926251910299407e-03
1.358000726680298031e+00
3.728439007125405436e+00
4.558921289968006718e+00
5.267354357216524008e+00
5.089289942547662982e+00
3.720724441652248249e+00
2.638425968061812732e+00
-2.023079883072523177e+00
-3.207009168241799379e+00
-4.874982089389320095e+00
-5.228812393182458607e+00
-4.871185675901192447e+00
-4.187646907141595598e+00
-2.013911402157657626e+00
-6.934123236152029968e-01
2.023087515848077445e+00
3.207016176181198830e+00
4.874989381191164206e+00
5.228819860547239351e+00
4.871192536638473847e+00
4.187654607399326601e+00
2.013919311254445788e+00
6.934198446913070191e-01
-3.740630708403263505e+00
-4.573379666167868507e+00
-5.284251078195313589e+00
-5.105700628282169973e+00
-3.732423427647054925e+00
-2.647171132001084892e+00
5.808088459049936397e-03
1.362039905175102206e+00
3.740639529961066412e+00
4.573385636546794863e+00
5.284256544007040368e+00
5.105710488950570891e+00
3.732431985402524521e+00
2.647178586930121647e+00
-5.800211728178242959e-03
-1.362032008071437206e+00
-4.874418769689954800e+00
-5.227499270520723940e+00
-4.869616347744803342e+00
-4.187529370627888881e+00
-2.012258753656984922e+00
-6.945609527943018557e-01
2.023857468561711226e+00
3.205274469741013377e+00
4.874424743805819915e+00
5.227504969778273392e+00
4.869626725048529003e+00
4.187538527396120536e+00
2.012266729742807847e+00
6.945692862251120481e-01
-2.023849269271609241e+00
-3.205265556604333987e+00
-5.258952895916691794e+00
-5.080748565462733346e+00
-3.715953486577264542e+00
-2.632785678554236952e+00
3.803894692393143626e-03
1.357429566992873538e+00
3.721333702108897246e+00
4.552481696250505472e+00
5.258961979706129775e+00
5.080756013568492158e+00
3.715962628683790570e+00
2.632795167044997608e+00
-3.795247981780370834e-03
-1.357420876054395986e+00
-3.721326730126446325e+00
-4.552473545715732151e+00
-4.874854974274035690e+00
-4.190640367070031402e+00
-2.015557901253210993e+00
-6.937549353134914165e-01
2.024426099140478108e+00
3.209523728141515431e+00
4.878531922456600611e+00
5.232711750497397674e+00
4.874861891027574501e+00
4.190649444825986336e+00
2.015567865718232987e+00
6.937639285023748936e-01
-2.024417329946738064e+00
-3.209516743178896458e+00
-4.878522683800917470e+00
-5.232701696141443648e+00
-3.744486976779526799e+00
-2.659414024860408787e+00
8.527147145579805701e-03
1.364533030658011681e+00
3.756547420789093650e+00
4.589157411564488420e+00
5.304037835833142367e+00
5.125519242641143336e+00
3.744496891384252457e+00
2.659424214080417403e+00
-8.517866934709425117e-03
-1.364523772484400599e+00
-3.756539568761614323e+00
-4.589148867905483264e+00
-5.304028652065429839e+00
-5.125510955554961612e+00
-2.011119228251766256e+00
-6.931490781216959052e-01
2.021270384294508560e+00
3.202931192484645972e+00
4.869628848743791316e+00
5.222782264898049753e+00
4.865429821313666636e+00
4.183201490213331653e+00
2.011129165532859364e+00
6.931587876533914505e-01
-2.021261125054364616e+00
-3.202922258578806858e+00
-4.869619462834328338e+00
-5.222772674029683593e+00
-4.865420559123387889e+00
-4.183191876887605964e+00
-2.303807924604803908e-03
1.348760742730425566e+00
3.677214442774971559e+00
4.506789361690937135e+00
5.202675696415917095e+00
5.024809743175916665e+00
3.680484206395009394e+00
2.599365657022647991e+00
2.313692965558728463e-03
-1.348750702197661022e+00
-3.677204950720117438e+00
-4.506779816199205868e+00
-5.202665898177636805e+00
-5.024800271956561204e+00
-3.680473968305812527e+00
-2.599355527388403253e+00
2.045797812680785643e+00
3.234493773849799858e+00
4.922756158532475723e+00
5.278011719824529102e+00
4.916036389803135620e+00
4.229746517096173442e+00
2.029570057649010550e+00
7.037533358569323383e-01
-2.045787492215388692e+00
-3.234483555581038949e+00
-4.922746290406386116e+00
-5.278001956489125845e+00
-4.916026301883663407e+00
-4.229736338508627291e+00
-2.029560114416081529e+00
-7.037433910468964271e-01
3.793851032552128633e+00
4.630319093085917714e+00
5.353480906707352105e+00
5.174136170590792894e+00
3.777117461048157043e+00
2.687015833329331915e+00
-1.182912412456427545e-02
-1.374119284615564096e+00
-3.793840456581605292e+00
-4.630308758917411893e+00
-5.353470693633851418e+00
-5.174125603396710460e+00
-3.777106947468015452e+00
-2.687005577917372268e+00
1.183943597950196797e-02
1.374129852146338093e+00
4.763015827877360664e+00
5.111940882036642542e+00
4.763862635545833335e+00
4.089803982411249983e+00
1.974105058505766008e+00
6.719173972243277504e-01
-1.972053806567268586e+00
-3.139564712117338008e+00
-4.763005241672296997e+00
-5.111929953231963530e+00
-4.763851281941425597e+00
-4.089792325885677649e+00
-1.974094325131869887e+00
-6.719069151039730459e-01
1.972064918251440035e+00
3.139575577358391989e+00
5.010859511582880899e+00
4.835599069403408556e+00
3.555576962344722869e+00
2.490313160502824363e+00
1.748999606660874701e-02
-1.313761670997650732e+00
-3.530840639188102870e+00
-4.348250240158355595e+00
-5.010848120682803497e+00
-4.835587939494216947e+00
-3.555566123121150834e+00
-2.490302328350838756e+00
-1.747901933930323670e-02
1.313772758175266953e+00
3.530852011011126557e+00
4.348261817563749076e+00
4.997395315410367189e+00
4.300103768097869761e+00
2.062868961410447177e+00
7.157995487535953050e-01
-2.080053700159111507e+00
-3.287805570426622026e+00
-5.004505988902820945e+00
-5.365455962196104878e+00
-4.997383936170017193e+00
-4.300092362057161388e+00
-2.062858164739313160e+00
-7.157887216825495891e-01
2.080065618119099291e+00
3.287817445957138318e+00
5.004517322803627266e+00
5.365467203369336247e+00
3.945685236018522168e+00
2.849770946794321969e+00
-4.371196778353416551e-02
-1.413265936331222772e+00
-4.007494782473897565e+00
-4.848423589473179973e+00
-5.623741940987488697e+00
-5.443442343849817178e+00
-3.945673223315461442e+00
-2.849759087441187777e+00
4.372350881961453023e-02
1.413277949124754906e+00
4.007506243127416212e+00
4.848435061939587065e+00
5.623753713175853264e+00
5.443453786902361813e+00
1.981156429652503048e+00
8.208966084412874231e-01
-2.186373069032370609e+00
-3.226633539776865067e+00
-5.073149191674958480e+00
-5.384046136154572615e+00
-4.988148734759781711e+00
-4.387558220551291299e+00
-1.981143385574391180e+00
-8.208834191473513009e-01
2.186383944110590782e+00
3.226644649171849899e+00
5.073161754958027458e+00
5.384058559386670773e+00
4.988160228379584282e+00
4.387569464891046600e+00
