1.110759659225181162e-01
1.301989403627894504e+00
3.928840432401826899e+00
4.660079416083584114e+00
5.445139835234005687e+00
5.288356200994586587e+00
3.771750755552321088e+00
2.818784688987756581e+00
-1.110773333248489536e-01
-1.301990734878362366e+00
-3.928840963721652368e+00
-4.660080247484491345e+00
-5.445140435233722265e+00
-5.288356832202846469e+00
-3.771751545122896232e+00
-2.818785171773595444e+00
2.151283103690037279e+00
3.337112861381058337e+00
5.124201103097656862e+00
5.478598833937011747e+00
5.095431637203099662e+00
4.410796135845515664e+00
2.081827402826299966e+00
7.592084125860729671e-01
-2.151283679303483076e+00
-3.337113602387808964e+00
-5.124201566659860596e+00
-5.478599264231841737e+00
-5.095432082374137472e+00
-4.410796661519341022e+00
-2.081828168947552626e+00
-7.592089691452298394e-01
3.788491581405909248e+00
4.633765803749520629e+00
5.353227426781847598e+00
5.171993480496619888e+00
3.782114901911914462e+00
2.680537188459803044e+00
-4.508171517922559927e-03
-1.381140489071240873e+00
-3.788491874181412644e+00
-4.633766086580249244e+00
-5.353227708197718648e+00
-5.171993867781114140e+00
-3.782115450739088836e+00
-2.680537652331554277e+00
4.508136102716134470e-03
1.381140451973021932e+00
4.809702237367033284e+00
5.161178535413447399e+00
4.809327601676949726e+00
4.130331215430278924e+00
1.991714581392271199e+00
6.799957770526591228e-01
-1.992615388606650662e+00
-3.168674956197928161e+00
-4.809702185891486792e+00
-5.161178534376370308e+00
-4.809327906729903290e+00
-4.130331704055141273e+00
-1.991714514119719004e+00
-6.799955775836932226e-01
1.992615521545841206e+00
3.168675199626317607e+00
5.249455469253881290e+00
5.071586195249639495e+00
3.709207220009739903e+00
2.628078261910974600e+00
-3.844288745228489120e-03
-1.354921953659431688e+00
-3.714644426876267946e+00
-4.544227600858159910e+00
-5.249455000208888222e+00
-5.071585816069072550e+00
-3.709207212909797935e+00
-2.628078109593830369e+00
3.844779350402184256e-03
1.354922420361329483e+00
3.714644604318359633e+00
4.544227744357155707e+00
4.868833845516959968e+00
4.184753083682238639e+00
2.013656792501147486e+00
6.921064075793149639e-01
-2.021094142958368867e+00
-3.205965337332695064e+00
-4.871912871642297027e+00
-5.226024360953050341e+00
-4.868833132565441701e+00
-4.184752567721244709e+00
-2.013656208464548847e+00
-6.921057145291021895e-01
2.021094820475822118e+00
3.205965812017887995e+00
4.871913180302859914e+00
5.226024968459707765e+00
3.718522511486636706e+00
2.635920523956361894e+00
-4.760742652050264576e-03
-1.357679323611637789e+00
-3.725252066382566341e+00
-4.555965080560021363e+00
-5.263539582317597443e+00
-5.085429671458521206e+00
-3.718521620969721386e+00
-2.635919638435163304e+00
4.761719060676312260e-03
1.357680314113234310e+00
3.725252694141280241e+00
4.555965540548199577e+00
5.263540513219985506e+00
5.085430748768930975e+00
2.012454118262633429e+00
6.910415888736968215e-01
-2.018958962998545381e+00
-3.203705888163783211e+00
-4.867687985900813530e+00
-5.221762524521103010e+00
-4.864995577552138961e+00
-4.180987752912637134e+00
-2.012452976679768746e+00
-6.910404212400176327e-01
2.018960101379613903e+00
3.203706866801000253e+00
4.867688857229447663e+00
5.221763574394395313e+00
4.864997013419516847e+00
4.180989129245256564e+00
-3.639359008033362600e-03
-1.360462385527067664e+00
-3.729113474877733481e+00
-4.562223288363942864e+00
-5.270121764976080314e+00
-5.091499502491190654e+00
-3.723971101762622471e+00
-2.638245274228245840e+00
3.640737454007395707e-03
1.360463739260575178e+00
3.729114712445948054e+00
4.562224549295621934e+00
5.270123247567602753e+00
5.091501149351215894e+00
3.723972761741654924e+00
2.638246760729899609e+00
-2.019955978078362246e+00
-3.202519264322655879e+00
-4.867831843431930317e+00
-5.221255165269893972e+00
-4.864206710423118807e+00
-4.181460579652097387e+00
-2.011190641452387240e+00
-6.922121528380809075e-01
2.019957546162742368e+00
3.202520816923179137e+00
4.867833604813401216e+00
5.221256954791805960e+00
4.864208695908797786e+00
4.181462540873521760e+00
2.011192275961964704e+00
6.922137824871499312e-01
-3.728091850880253855e+00
-4.560924854435989495e+00
-5.268645985573418677e+00
-5.090085169570329526e+00
-3.722907260320456047e+00
-2.637541141720783244e+00
3.673602147554690025e-03
1.360047187652913658e+00
3.728093865412816843e+00
4.560927042824607369e+00
5.268648221113413577e+00
5.090087338412035756e+00
3.722909239488463307e+00
2.637543038244040794e+00
-3.671718728907946618e-03
-1.360045334089421187e+00
-4.869031681789353527e+00
-5.223147379206862340e+00
-4.866264955177805440e+00
-4.182185545834916418e+00
-2.012897122220679069e+00
-6.913407003123334116e-01
2.019602562081449726e+00
3.204475727755438541e+00
4.869034491762211481e+00
5.223150163531519397e+00
4.866267230064379667e+00
4.182187597371625820e+00
2.012899184634167060e+00
6.913428611120678857e-01
-2.019600408057220964e+00
-3.204473446909750223e+00
-5.266297290735344916e+00
-5.088050206027062927e+00
-3.720617344424637984e+00
-2.637144891684438885e+00
4.566571085398237265e-03
1.358573853749948324e+00
3.727063131078073521e+00
4.558442880921535156e+00
5.266300489050085964e+00
5.088052832051682017e+00
3.720619320408423025e+00
2.637147052125098146e+00
-4.564136296486854052e-03
-1.358571430272619951e+00
-3.727060231358031217e+00
-4.558439592207404800e+00
-4.865953526825001596e+00
-4.182002583774264259e+00
-2.012701530567593711e+00
-6.913918833258012597e-01
2.019567699672579320e+00
3.204218295377135650e+00
4.868786958287877553e+00
5.222838204842577881e+00
4.865955887795874624e+00
4.182004544015227587e+00
2.012704018952001128e+00
6.913945885327340557e-01
-2.019564928559677508e+00
-3.204215209587469193e+00
-4.868782874666846006e+00
-5.222834257295088989e+00
-3.722843799536848408e+00
-2.637516278196203157e+00
3.683561162803379412e-03
1.360009625517888177e+00
3.728038277939413003e+00
4.560841956077069881e+00
5.268565102721021631e+00
5.090013166654718368e+00
3.722845801263302334e+00
2.637518757586438944e+00
-3.680541876934682270e-03
-1.360006621607349198e+00
-3.728034374105328563e+00
-4.560837387526232689e+00
-5.268561075276221750e+00
-5.090010278015978606e+00
-2.011248212451639983e+00
-6.919165759746135347e-01
2.019551699827109026e+00
3.202427921074156636e+00
4.867309641597675096e+00
5.220831823742754452e+00
4.863884078212183937e+00
4.180957479309033609e+00
2.011251215709060514e+00
6.919198841516591703e-01
-2.019548289424753396e+00
-3.202423947998979337e+00
-4.867304254017112974e+00
-5.220826868855239944e+00
-4.863881654273875199e+00
-4.180955513354828845e+00
3.729883140998012988e-03
1.359920211874407148e+00
3.727955675522706791e+00
4.560676586010178113e+00
5.268403027103173208e+00
5.089869267545911846e+00
3.722699757693044731e+00
2.637481955216065543e+00
-3.726226392340924523e-03
-1.359916558399279829e+00
-3.727950741324520756e+00
-4.560670842655134116e+00
-5.268398405010617402e+00
-5.089866135179184958e+00
-3.722697486082793716e+00
-2.637478998829720034e+00
2.019587600421550277e+00
3.204260810859304698e+00
4.868848432414036864e+00
5.222907695912898163e+00
4.866023658805727514e+00
4.182061013888303869e+00
2.012740376780004503e+00
6.914041252761709000e-01
-2.019583418074299086e+00
-3.204255901020537589e+00
-4.868842149346557235e+00
-5.222902152412973287e+00
-4.866020990154698467e+00
-4.182058689233115523e+00
-2.012736710285011110e+00
-6.914001146773296469e-01
3.727165854069974582e+00
4.558700965846462339e+00
5.266547507927673344e+00
5.088268268657162530e+00
3.720868496736261744e+00
2.637196876744179352e+00
-4.463079885699928334e-03
-1.358721538444306320e+00
-3.727159945977247979e+00
-4.558694386200875748e+00
-5.266542568644438482e+00
-5.088264826118301443e+00
-3.720865621556286307e+00
-2.637193215953214764e+00
4.467473204830266047e-03
1.358725945610226749e+00
4.868801342942865595e+00
5.222848208702748352e+00
4.865965318513274518e+00
4.182026595066806074e+00
2.012706627174086993e+00
6.914130861558398511e-01
-2.019574126958560978e+00
-3.204208226628928902e+00
-4.868794602496004487e+00
-5.222842389600754309e+00
-4.865962110432845655e+00
-4.182023548907824129e+00
-2.012702139274192170e+00
-6.914082919121505855e-01
2.019579138916444361e+00
3.204214015454350140e+00
5.268414718325128199e+00
5.089880925068346329e+00
3.722715831714629608e+00
2.637490924151228544e+00
-3.720784666452519457e-03
-1.359920061408769421e+00
-3.727957074051605701e+00
-4.560683180142945936e+00
-5.268409565170857789e+00
-5.089876965830143263e+00
-3.722711953862432921e+00
-2.637486300111882898e+00
3.725985901713323167e-03
1.359925312916447693e+00
3.727963656704273099e+00
4.560690140589550801e+00
4.863956549431987852e+00
4.180997491586780690e+00
2.011307798754786269e+00
6.919047921219171338e-01
-2.019543501756231318e+00
-3.202483020745288567e+00
-4.867351957657670702e+00
-5.220892175344461705e+00
-4.863952485372941226e+00
-4.180993320041422656e+00
-2.011302383419841355e+00
-6.918991730196943912e-01
2.019549371932513715e+00
3.202489521748299151e+00
4.867358791047085909e+00
5.220898062097194092e+00
3.722768395581456335e+00
2.637507123134043674e+00
-3.705472390444834469e-03
-1.359949145724611119e+00
-3.727987600992371142e+00
-4.560740657512662999e+00
-5.268466058885786119e+00
-5.089928202246818856e+00
-3.722763272162918913e+00
-2.637501436090087470e+00
3.711489708085577693e-03
1.359955243656919999e+00
3.727994613771389965e+00
4.560747726683878511e+00
5.268471486230655643e+00
5.089932909532138616e+00
2.012699476021383216e+00
6.914143730694971568e-01
-2.019571345659064043e+00
-3.204198753348184159e+00
-4.868783125281683333e+00
-5.222827362528925654e+00
-4.865948931412310330e+00
-4.182015284680214329e+00
-2.012693115232059515e+00
-6.914079455469043234e-01
2.019578000549779428e+00
3.204205781357867266e+00
4.868789942141185101e+00
5.222833413695027183e+00
4.865954098151535234e+00
4.182020779718508052e+00
-4.490307062509017733e-03
-1.358676641845417032e+00
-3.727135294019810807e+00
-4.558624866123926367e+00
-5.266475737739551910e+00
-5.088208762340319602e+00
-3.720800029858562397e+00
-2.637183654175758285e+00
4.497103188213264977e-03
1.358683532097568980e+00
3.727142590388036858e+00
4.558631963598557491e+00
5.266481659443348562e+00
5.088214435192009333e+00
3.720806429267990545e+00
2.637190390830939979e+00
-2.019589879988406445e+00
-3.204336012272077205e+00
-4.868915207844957571e+00
-5.222995186647911403e+00
-4.866117136185923897e+00
-4.182113692549518369e+00
-2.012796996275480588e+00
-6.913800990283844872e-01
2.019597220894757683e+00
3.204343458410674472e+00
4.868922149070495031e+00
5.223001646829422917e+00
4.866123484936588639e+00
4.182120435891011567e+00
2.012804227792149625e+00
6.913872732331234339e-01
-3.727942537970106773e+00
-4.560679157472933731e+00
-5.268397885402257508e+00
-5.089862965377856874e+00
-3.722707252768771902e+00
-2.637465547503970775e+00
3.718493943634985054e-03
1.359935496942447086e+00
3.727950073888031124e+00
4.560686426604796395e+00
5.268404590254652575e+00
5.089869698067363224e+00
3.722714761010982087e+00
2.637473207052166924e+00
-3.710968651546600779e-03
-1.359927908566289201e+00
-4.867161970564314544e+00
-5.220637024840237395e+00
-4.863687690255849461e+00
-4.180851632958372477e+00
-2.011113682337409170e+00
-6.919564966163681552e-01
2.019546079470988520e+00
3.202266865107393556e+00
4.867169340575663306e+00
5.220644228079710736e+00
4.863695132732121174e+00
4.180859445605329405e+00
2.011121715879395921e+00
6.919644070026759186e-01
-2.019538184740461428e+00
-3.202259063051200005e+00
-5.268701830090269489e+00
-5.090131996209501075e+00
-3.722980955564066274e+00
-2.637536319589113276e+00
3.630741626852294728e-03
1.360101135850813492e+00
3.728101729260876240e+00
4.560994731619996578e+00
5.268709525665895121e+00
5.090139782116187561e+00
3.722989385272009955e+00
2.637544774098002698e+00
-3.622538373182228408e-03
-1.360092880880005017e+00
-3.728093855508662902e+00
-4.560987012676934960e+00
-4.866197697610292749e+00
-4.182166690379533591e+00
-2.012836241067664567e+00
-6.913740178335936459e-01
2.019618827495507585e+00
3.204406912316962064e+00
4.868999006211295111e+00
5.223092015210204941e+00
4.866206165375656312e+00
4.182175415320009471e+00
2.012844989294227727e+00
6.913826334083166270e-01
-2.019610380958630103e+00
-3.204398666961796316e+00
-4.868990985103093472e+00
-5.223083919713274348e+00
-3.720943081426373755e+00
-2.637615736266924138e+00
4.745550870508610797e-03
1.358570043774739000e+00
3.727642881005016395e+00
4.558912580242126644e+00
5.266947469794119208e+00
5.088723912691663465e+00
3.720952283142265671e+00
2.637624837281717038e+00
-4.736686064639341991e-03
-1.358561150421564667e+00
-3.727634400934021652e+00
-4.558904261893115262e+00
-5.266938865832611505e+00
-5.088715040864811634e+00
-2.013430427995388072e+00
-6.915304427429831424e-01
2.020151880441334313e+00
3.205333226935133339e+00
4.870350781587447386e+00
5.224560847124597451e+00
4.867580659683663491e+00
4.183322189277396852e+00
2.013439673690363030e+00
6.915396711691144116e-01
-2.020142721929047980e+00
-3.205324136427203818e+00
-4.870342133481925018e+00
-5.224552107722408856e+00
-4.867571065824038534e+00
-4.183312612737024594e+00
3.521373129217757105e-03
1.359844513795301912e+00
3.727024215943314456e+00
4.559829152766192273e+00
5.267296399195251944e+00
5.088742566056282612e+00
3.722063063822675044e+00
2.636735846099469427e+00
-3.511924383492298282e-03
-1.359834942176646688e+00
-3.727014595475918846e+00
-4.559819968777954813e+00
-5.267287112256890502e+00
-5.088732574987835378e+00
-3.722053300098399298e+00
-2.636726461515836561e+00
2.018667201261326483e+00
3.200439018146900683e+00
4.864698729255760412e+00
5.217888443415558797e+00
4.861069144075943704e+00
4.178778966092528080e+00
2.009884831274963979e+00
6.917890177545990005e-01
-2.018657169677158247e+00
-3.200428726685768055e+00
-4.864689301880933847e+00
-5.217879112413258191e+00
-4.861058506061388229e+00
-4.178768660947281610e+00
-2.009875338563750446e+00
-6.917793549325408353e-01
3.730465659355095998e+00
4.563357898933435131e+00
5.271659415087033729e+00
5.093086440830024486e+00
3.724791491952597067e+00
2.639350422583021327e+00
-4.014443257574122105e-03
-1.360479251523405431e+00
-3.730455080465882922e+00
-4.563347809198702087e+00
-5.271649428379514113e+00
-5.093075774572630721e+00
-3.724781132693310237e+00
-2.639340506856218571e+00
4.024511516728800954e-03
1.360489599387674442e+00
4.851333852094648513e+00
5.204043618142019767e+00
4.848407112443419820e+00
4.167044147948247179e+00
2.005341214262603255e+00
6.890392213337128702e-01
-2.012417581876236206e+00
-3.192581230430923345e+00
-4.851323303288714861e+00
-5.204033124943570066e+00
-4.848396333828922877e+00
-4.167033392078272946e+00
-2.005330994382218623e+00
-6.890289752245568611e-01
2.012428525445222771e+00
3.192592235643440191e+00
5.205787336921290809e+00
5.028542400394359291e+00
3.680714379279969695e+00
2.603345686030102524e+00
-4.741712273374412007e-04
-1.346848494606847524e+00
-3.681369475295101168e+00
-4.508068403546504399e+00
-5.205775905692919814e+00
-5.028531669074149946e+00
-3.680703997888638668e+00
-2.603335075407641863e+00
4.849969173489336485e-04
1.346859439322011909e+00
3.681380958254346414e+00
4.508080195416616753e+00
4.944025377129740662e+00
4.249774703122269237e+00
2.044440142005975236e+00
7.032412711903160973e-01
-2.052742344002534747e+00
-3.255227990169284435e+00
-4.947449935474841354e+00
-5.306830973902893156e+00
-4.944014165874869526e+00
-4.249763448021691481e+00
-2.044429329665320871e+00
-7.032304573803463965e-01
2.052754091259165303e+00
3.255239760096346746e+00
4.947461473162649170e+00
5.306842452615133432e+00
3.884320596572560458e+00
2.798001341293243183e+00
-3.757701510566690412e-02
-1.395139072121682089e+00
-3.937448690893624814e+00
-4.771014838168793126e+00
-5.530820704809065624e+00
-5.352102289885122488e+00
-3.884308593702284984e+00
-2.797989479269075819e+00
3.758852642205142564e-02
1.395151046691485819e+00
3.937460064957645223e+00
4.771026254301281355e+00
5.530832425758775983e+00
5.352113670396362544e+00
1.981156429652503048e+00
8.208966084412874231e-01
-2.186373069032370609e+00
-3.226633539776865067e+00
-5.073149191674958480e+00
-5.384046136154572615e+00
-4.988148734759781711e+00
-4.387558220551291299e+00
-1.981143385574391180e+00
-8.208834191473513009e-01
2.186383944110590782e+00
3.226644649171849899e+00
5.073161754958027458e+00
5.384058559386670773e+00
4.988160228379584282e+00
4.387569464891046600e+00
