1.110759659225181162e-01
1.301989403627894504e+00
3.928840432401826899e+00
4.660079416083584114e+00
5.445139835234005687e+00
5.288356200994586587e+00
3.771750755552321088e+00
2.818784688987756581e+00
-1.110773333248489536e-01
-1.301990734878362366e+00
-3.928840963721652368e+00
-4.660080247484491345e+00
-5.445140435233722265e+00
-5.288356832202846469e+00
-3.771751545122896232e+00
-2.818785171773595444e+00
2.132450349441213255e+00
3.315894759147291815e+00
5.085869578382817835e+00
5.439555152056604115e+00
5.060057406724082441e+00
4.376797261812133577e+00
2.070130153663156669e+00
7.501730383349899389e-01
-2.132450868036175784e+00
-3.315895544121806093e+00
-5.085870276890876340e+00
-5.439555441350476528e+00
-5.060057639610049840e+00
-4.376797884571134389e+00
-2.070130934952416180e+00
-7.501735728592652253e-01
3.779346976424814208e+00
4.624270721598457534e+00
5.341546126316017329e+00
5.160388672841145663e+00
3.774736939187961493e+00
2.673610577314274206e+00
-3.253471151981179778e-03
-1.379327651016709400e+00
-3.779347609096088245e+00
-4.624271858132072310e+00
-5.341545651266573103e+00
-5.160388182604170204e+00
-3.774737887729392227e+00
-2.673611191411821686e+00
3.253481149588168149e-03
1.379327771345759901e+00
4.847346544213891661e+00
5.200086965302753939e+00
4.844869679693669440e+00
4.163437326927873272e+00
2.004320288622256196e+00
6.879106915471844275e-01
-2.010330886527338379e+00
-3.190599114681254456e+00
-4.847347621650671456e+00
-5.200086431229797412e+00
-4.844869125064394488e+00
-4.163438169322025928e+00
-2.004320238984370395e+00
-6.879104140085356978e-01
2.010331375915816565e+00
3.190599230626167682e+00
5.248147405460887427e+00
5.069910844858799059e+00
3.709408570262303861e+00
2.626035164214591155e+00
-2.242499182326308793e-03
-1.356130435271091672e+00
-3.712589330796105536e+00
-4.543891191868262958e+00
-5.248146127390059590e+00
-5.069909561994032643e+00
-3.709409028857199697e+00
-2.626035191561471027e+00
2.243039728599276021e-03
1.356131069184353999e+00
3.712589207045662754e+00
4.543890505369625465e+00
4.856089151048180952e+00
4.172060186393904857e+00
2.009799261048803132e+00
6.883584479331343875e-01
-2.013802335134509569e+00
-3.198577573674812324e+00
-4.857743836616153388e+00
-5.211826780380157231e+00
-4.856088235062556713e+00
-4.172059920920993648e+00
-2.009798706806767754e+00
-6.883577080368800116e-01
2.013803128278393917e+00
3.198578093253503951e+00
4.857743947781639093e+00
5.211827640472821876e+00
3.715247206563516702e+00
2.632536948608850569e+00
-3.983192467970001274e-03
-1.357036196015700691e+00
-3.720880592459682834e+00
-4.551676846314305358e+00
-5.258136140950065318e+00
-5.080006261401377010e+00
-3.715246514141852696e+00
-2.632536151936679225e+00
3.984196282331167738e-03
1.357037219299377817e+00
3.720881309424406425e+00
4.551677395888992450e+00
5.258137268668065190e+00
5.080007426442524121e+00
2.011778793349922712e+00
6.895105722474468291e-01
-2.016456870173485516e+00
-3.201972453742572444e+00
-4.863481463865406695e+00
-5.217784798402364643e+00
-4.861542109299921144e+00
-4.177087847274309595e+00
-2.011777625248188262e+00
-6.895093555394434803e-01
2.016458081581100181e+00
3.201973575757965484e+00
4.863482550420643591e+00
5.217785949853984917e+00
4.861543358531899450e+00
4.177089055965568676e+00
-2.477864890532986523e-03
-1.360085310790906554e+00
-3.724174590937876062e+00
-4.557768589925138336e+00
-5.264300939483040231e+00
-5.085570433397772483e+00
-3.720669134263675293e+00
-2.634314043800191296e+00
2.479336412971601747e-03
1.360086766697101490e+00
3.724176089832633263e+00
4.557770094061344146e+00
5.264302243124930669e+00
5.085571795073798640e+00
3.720670755556053422e+00
2.634315607719986740e+00
-2.017106614858099611e+00
-3.200325049887986939e+00
-4.862861910052420633e+00
-5.216478964903319415e+00
-4.860014995440474550e+00
-4.176886409820428803e+00
-2.010237767038514534e+00
-6.905320815790435551e-01
2.017108389868330853e+00
3.200326845187309921e+00
4.862863700221648600e+00
5.216480547854104977e+00
4.860016691975562964e+00
4.176888323561279037e+00
2.010239598938039496e+00
6.905338687853262991e-01
-3.723590559044651638e+00
-4.556889613964668406e+00
-5.263355635810013311e+00
-5.084688111456880044e+00
-3.719914539464003855e+00
-2.633944037618495049e+00
2.599434394640037522e-03
1.359726560133547313e+00
3.723592753198582184e+00
4.556891757815779265e+00
5.263357384086960522e+00
5.084689921064136087e+00
3.719916782171563074e+00
2.633946261530571764e+00
-2.597348064734421140e-03
-1.359724474023879637e+00
-4.863632561285212930e+00
-5.217944522393432649e+00
-4.861688249912068827e+00
-4.177216987122631231e+00
-2.011832902867898287e+00
-6.895349355466238173e-01
2.016525323029989547e+00
3.202068402019297100e+00
4.863634883127973652e+00
5.217946627582706220e+00
4.861690469433075812e+00
4.177219428691742564e+00
2.011835372190023730e+00
6.895373629039359686e-01
-2.016522866197724362e+00
-3.202065930572170593e+00
-5.261577557352105750e+00
-5.083215135802827689e+00
-3.717987924315985460e+00
-2.633872720688145819e+00
3.545102343901779512e-03
1.358353643933026378e+00
3.723004267369495857e+00
4.554879626410805571e+00
5.261579933726928004e+00
5.083217553281817125e+00
3.717990688412021960e+00
2.633875526213069751e+00
-3.542372679004980509e-03
-1.358350891438246721e+00
-3.723001463455104521e+00
-4.554876928754728382e+00
-4.861398720223206738e+00
-4.177057914954171558e+00
-2.011638939591397612e+00
-6.895938099216850636e-01
2.016509617325991766e+00
3.201826225744849097e+00
4.863419526599260578e+00
5.217663737980063665e+00
4.861401524561971499e+00
4.177060884451505807e+00
2.011642007509466090e+00
6.895968526145072053e-01
-2.016506518943683268e+00
-3.201823127088183618e+00
-4.863416611674897361e+00
-5.217660976609557189e+00
-3.719761303241751804e+00
-2.633831118215447464e+00
2.597302795790864312e-03
1.359673718421094080e+00
3.723437513979005686e+00
4.556705618449234052e+00
5.263141096276704900e+00
5.084479995865117452e+00
3.719764602575931001e+00
2.633834480772203612e+00
-2.593949724558455242e-03
-1.359670349814448898e+00
-3.723434105254937343e+00
-4.556702300918888504e+00
-5.263138026339177600e+00
-5.084476923740710141e+00
-2.010356329452287483e+00
-6.902534234423873816e-01
2.016779694800345801e+00
3.200355110725030094e+00
4.862519743769286862e+00
5.216243684681196591e+00
4.859858864072765350e+00
4.176523280677650440e+00
2.010359983044934129e+00
6.902570714982690925e-01
-2.016776009897908395e+00
-3.200351397220985827e+00
-4.862516136328307148e+00
-5.216240194706349698e+00
-4.859855413938344526e+00
-4.176519751514475409e+00
2.650327477849511761e-03
1.359598269476861798e+00
3.723407396448624507e+00
4.556596887134277907e+00
5.263046169512735517e+00
5.084401942301927768e+00
3.719660018165113158e+00
2.633832440280397424e+00
-2.646373902218650091e-03
-1.359594305143087656e+00
-3.723403377065305886e+00
-4.556592886951579935e+00
-5.263042341076809905e+00
-5.084398171036300873e+00
-3.719656159257047623e+00
-2.633828516291809141e+00
2.016523978675741180e+00
3.201861981659324563e+00
4.863465094012128453e+00
5.217715980495038153e+00
4.861451690217685417e+00
4.177098321643581080e+00
2.011666964181593187e+00
6.895981956236040267e-01
-2.016519691608150033e+00
-3.201857654247267426e+00
-4.863460751308570806e+00
-5.217711723799525636e+00
-4.861447598617591126e+00
-4.177094211308012284e+00
-2.011662715619624731e+00
-6.895939317034829319e-01
3.723060670355121005e+00
4.555085972666200078e+00
5.261761019348806911e+00
5.083366522420711853e+00
3.718188986226097281e+00
2.633878687429581866e+00
-3.441224455293484443e-03
-1.358492816183328511e+00
-3.723055972308201067e+00
-4.555081238138791733e+00
-5.261756433837993185e+00
-5.083362060808084948e+00
-3.718184564194253916e+00
-2.633874195571553667e+00
3.445795428269857272e-03
1.358497381656906144e+00
4.863438597092032190e+00
5.217678716512306636e+00
4.861412900584788588e+00
4.177080754540796192e+00
2.011638315146442313e+00
6.896106324231469076e-01
-2.016520813123859224e+00
-3.201821872306559236e+00
-4.863433471588001211e+00
-5.217673661639135929e+00
-4.861408155019857347e+00
-4.177076068688283961e+00
-2.011633473811737183e+00
-6.896057513552845686e-01
2.016525702052086810e+00
3.201826852377552157e+00
5.263052946662138076e+00
5.084407963757175963e+00
3.719667684733974244e+00
2.633833465159811649e+00
-2.641937330303353697e-03
-1.359597817209970749e+00
-3.723403587162521511e+00
-4.556598172722663875e+00
-5.263047590721957825e+00
-5.084402808815841723e+00
-3.719662675042850086e+00
-2.633828374281764972e+00
2.647139606822717251e-03
1.359603008595805518e+00
3.723408974748766642e+00
4.556603671045841075e+00
4.859915085126520928e+00
4.176543385239734896e+00
2.010407069004097380e+00
6.902346211336272130e-01
-2.016763677244690189e+00
-3.200401238064545240e+00
-4.862545275116336718e+00
-5.216288634892081610e+00
-4.859909674227883336e+00
-4.176538084089228775e+00
-2.010401628151521791e+00
-6.902291084052395442e-01
2.016769215925550363e+00
3.200406896578082971e+00
4.862551192555346624e+00
5.216294473175975277e+00
3.719705995720140379e+00
2.633837943857940900e+00
-2.624364878405651726e-03
-1.359622389166257994e+00
-3.723416097503023714e+00
-4.556636635735573648e+00
-5.263083144792841672e+00
-5.084433239850708830e+00
-3.719700386681947357e+00
-2.633832250461755731e+00
2.630216402401904657e-03
1.359628235143681696e+00
3.723422202699867345e+00
4.556642917255222081e+00
5.263089277012832135e+00
5.084439096309741224e+00
2.011635018902298899e+00
6.896149523258253700e-01
-2.016519995638230256e+00
-3.201813837124472872e+00
-4.863427839626141669e+00
-5.217666602203212989e+00
-4.861402284663592255e+00
-4.177074682545379503e+00
-2.011628930903646584e+00
-6.896087775344288406e-01
2.016526208986882729e+00
3.201820188010321200e+00
4.863434571297545972e+00
5.217673261684960373e+00
4.861408349851745747e+00
4.177080594159246374e+00
-3.468994324882411755e-03
-1.358449192343539114e+00
-3.723041941474479088e+00
-4.555023502758297482e+00
-5.261709693633448204e+00
-5.083325941774415213e+00
-3.718132376361535929e+00
-2.633878839664007376e+00
3.475517808244883364e-03
1.358455718179211846e+00
3.723048768742017511e+00
4.555030554471628967e+00
5.261716605031073968e+00
5.083332504758063308e+00
3.718138607360093051e+00
2.633885180566712947e+00
-2.016506801496193546e+00
-3.201912599564749939e+00
-4.863494815222136225e+00
-5.217767578964678243e+00
-4.861511195029394550e+00
-4.177119346604335703e+00
-2.011715002277100872e+00
-6.895695256879152968e-01
2.016513712095215904e+00
3.201919655706725987e+00
4.863502324390949205e+00
5.217775013752737223e+00
4.861517931137923298e+00
4.177125890235226180e+00
2.011721773219379283e+00
6.895763804391498164e-01
-3.723381735973587237e+00
-4.556587269898563441e+00
-5.263031653064838444e+00
-5.084386082717999855e+00
-3.719662500734071564e+00
-2.633813783042722179e+00
2.635133630139254151e-03
1.359608830548207248e+00
3.723389266344474979e+00
4.556595048118163405e+00
5.263039295326266576e+00
5.084393335676366199e+00
3.719669421480982230e+00
2.633820831657604167e+00
-2.627899442101100467e-03
-1.359601607258205336e+00
-4.862414695247354146e+00
-5.216095742283862080e+00
-4.859707255841726692e+00
-4.176459693010901475e+00
-2.010242770662483025e+00
-6.903066439390683762e-01
2.016792024062979305e+00
3.200216732786784313e+00
4.862422904361670462e+00
5.216103883803039132e+00
4.859714697593040533e+00
4.176466966689129201e+00
2.010250312576502552e+00
6.903142629439694700e-01
-2.016784443842766006e+00
-3.200209005568281473e+00
-5.263304153284670939e+00
-5.084625743523814911e+00
-3.719924824328576740e+00
-2.633868448364698356e+00
2.538532302904040420e-03
1.359771618123539305e+00
3.723514044554661506e+00
4.556879134539526532e+00
5.263312472166723488e+00
5.084633717489392524e+00
3.719932579566723962e+00
2.633876314674883368e+00
-2.530552863510554876e-03
-1.359763632794003918e+00
-3.723505881424063801e+00
-4.556870732363397458e+00
-4.861713240364057498e+00
-4.177296373944483499e+00
-2.011797460216552924e+00
-6.896025392087095085e-01
2.016598236036451830e+00
3.202048254703223407e+00
4.863703213024684224e+00
5.217988944897745895e+00
4.861721491588569144e+00
4.177304553742048121e+00
2.011805873519678212e+00
6.896109781380498349e-01
-2.016589942617850628e+00
-3.202039904138932691e+00
-4.863694490651356617e+00
-5.217980237698522039e+00
-3.718156285669091510e+00
-2.634228946398547322e+00
3.717040171483307169e-03
1.358289066074070073e+00
3.723412227312557832e+00
4.555143603009430997e+00
5.261988245489321869e+00
5.083662989735344695e+00
3.718165065146896708e+00
2.634237760966665842e+00
-3.708267855292461754e-03
-1.358280284364543844e+00
-3.723403506414498132e+00
-4.555134802000424088e+00
-5.261979383795473808e+00
-5.083654222221711372e+00
-2.012270904682972095e+00
-6.896084525460460801e-01
2.016848155247120467e+00
3.202717986712043885e+00
4.864530046692269849e+00
5.218939625558388862e+00
4.862644254237665109e+00
4.177984562808360280e+00
2.012280142377854908e+00
6.896176662322072159e-01
-2.016839015089811227e+00
-3.202708897314476832e+00
-4.864521084705254239e+00
-5.218930621435192485e+00
-4.862634976995496849e+00
-4.177975261811599950e+00
2.531233804642715225e-03
1.359733360870565511e+00
3.723394993696026667e+00
4.556741256402708551e+00
5.263148545988451055e+00
5.084479834927270403e+00
3.719826313170473853e+00
2.633794197812729720e+00
-2.521730764639614451e-03
-1.359723721278685460e+00
-3.723385528951869361e+00
-4.556732147870291350e+00
-5.263139323668005076e+00
-5.084470096197246214e+00
-3.719816436167724394e+00
-2.633784607023116120e+00
2.015880055096234358e+00
3.197770082084827159e+00
4.859409054356844671e+00
5.212632671623836700e+00
4.856372220443778254e+00
4.174011792483614869e+00
2.008532927262528744e+00
6.903066996275543099e-01
-2.015869930398825449e+00
-3.197759949469713980e+00
-4.859400015570802367e+00
-5.212623630491251880e+00
-4.856361616690755945e+00
-4.174001203512020197e+00
-2.008523160061137514e+00
-6.902969273660145566e-01
3.718848206840265735e+00
4.551670544786332151e+00
5.257101049636546897e+00
5.078530492295078247e+00
3.715807657245697282e+00
2.630456762584338914e+00
-2.155974277224718613e-03
-1.358510100681772803e+00
-3.718837921950841618e+00
-4.551661142688728567e+00
-5.257091528940535774e+00
-5.078519716740344414e+00
-3.715796684929332461e+00
-2.630446442534774221e+00
2.166169567295020328e-03
1.358520593381494557e+00
4.849505481328837853e+00
5.202975328457024595e+00
4.847789838168093723e+00
4.165026208938362728e+00
2.006323395297300749e+00
6.872762088500359301e-01
-2.010445211546501021e+00
-3.193054397436095204e+00
-4.849496419411052806e+00
-5.202966214059096650e+00
-4.847778029374974373e+00
-4.165014309538887183e+00
-2.006312942453080339e+00
-6.872658140909816415e-01
2.010456314523302979e+00
3.193065410168761886e+00
5.245428065284925445e+00
5.067497783170493264e+00
3.706777259001841962e+00
2.625563068701666669e+00
-3.243441396807648057e-03
-1.354437249467339122e+00
-3.711323630320586542e+00
-4.540969578236131454e+00
-5.245418005049155674e+00
-5.067486072576227407e+00
-3.706765553705645644e+00
-2.625552074454189366e+00
3.254425104651812416e-03
1.354448403108482468e+00
3.711334784352296357e+00
4.540979635869384801e+00
4.933692684202442891e+00
4.239741273707874569e+00
2.041133163312939924e+00
7.004703318949446755e-01
-2.047120957499693805e+00
-3.249109162200022993e+00
-4.936171016288298574e+00
-5.295434323094997175e+00
-4.933680611666636295e+00
-4.239729031630972145e+00
-2.041122160246504169e+00
-7.004594235178697170e-01
2.047132845951461277e+00
3.249120890167314535e+00
4.936181335830394978e+00
5.295444726386183021e+00
3.858846447599442619e+00
2.774714386260537680e+00
-3.371520709734532328e-02
-1.388546223313719130e+00
-3.906510174736367969e+00
-4.738398012693529004e+00
-5.490937382654363930e+00
-5.312568858657134463e+00
-3.858834121876504764e+00
-2.774702376011962457e+00
3.372676807751340960e-02
1.388558252216995914e+00
3.906521439275175922e+00
4.738409063587561754e+00
5.490948864441397070e+00
5.312580416379024228e+00
1.981156429652503048e+00
8.208966084412874231e-01
-2.186373069032370609e+00
-3.226633539776865067e+00
-5.073149191674958480e+00
-5.384046136154572615e+00
-4.988148734759781711e+00
-4.387558220551291299e+00
-1.981143385574391180e+00
-8.208834191473513009e-01
2.186383944110590782e+00
3.226644649171849899e+00
5.073161754958027458e+00
5.384058559386670773e+00
4.988160228379584282e+00
4.387569464891046600e+00
