1.110759659225181162e-01
1.301989403627894504e+00
3.928840432401826899e+00
4.660079416083584114e+00
5.445139835234005687e+00
5.288356200994586587e+00
3.771750755552321088e+00
2.818784688987756581e+00
-1.110773333248489536e-01
-1.301990734878362366e+00
-3.928840963721652368e+00
-4.660080247484491345e+00
-5.445140435233722265e+00
-5.288356832202846469e+00
-3.771751545122896232e+00
-2.818785171773595444e+00
2.110113958470396067e+00
3.293129509696669732e+00
5.042371094328666814e+00
5.395927564168487400e+00
5.020874598961327706e+00
4.337863552477332796e+00
2.058218288736506807e+00
7.387385594073639927e-01
-2.110114572422927992e+00
-3.293130310977191666e+00
-5.042371572072537944e+00
-5.395927931269225652e+00
-5.020874932236406352e+00
-4.337864021888111488e+00
-2.058219067347066833e+00
-7.387391346256410030e-01
3.773797541476794581e+00
4.618510354519488104e+00
5.334453952114568409e+00
5.153339934715274850e+00
3.770258868460817148e+00
2.669413090765445418e+00
-2.501822135832799769e-03
-1.378219427959070265e+00
-3.773798020887153548e+00
-4.618510698837914319e+00
-5.334454077488180346e+00
-5.153340070986067722e+00
-3.770259235065918979e+00
-2.669413562406146578e+00
2.501745231658442526e-03
1.378219318505091717e+00
4.862523639238215623e+00
5.216456486201320963e+00
4.860159737013429293e+00
4.176421657277900934e+00
2.010780794508673974e+00
6.898970307862212215e-01
-2.016486024420974577e+00
-3.200760901930222779e+00
-4.862523590242602722e+00
-5.216456337517823449e+00
-4.860159663735943880e+00
-4.176421680402552461e+00
-2.010780787321023944e+00
-6.898969472971084871e-01
2.016486015828704570e+00
3.200760839374522604e+00
5.246613965823176073e+00
5.067924562326158622e+00
3.709699449790226033e+00
2.623591100083142003e+00
-3.052245569134809247e-04
-1.357605631908553878e+00
-3.710132013344906277e+00
-4.543536422081309034e+00
-5.246613425607259629e+00
-5.067924063015932568e+00
-3.709699240749428917e+00
-2.623590925549680986e+00
3.056732996206005864e-04
1.357606022692892322e+00
3.710132140009648527e+00
4.543536673922696778e+00
4.847898686646417765e+00
4.163138764317506180e+00
2.007951210709873813e+00
6.850929708621594783e-01
-2.008226304408796015e+00
-3.194271033318802910e+00
-4.848012649041587352e+00
-5.202474591146533989e+00
-4.847897972845848003e+00
-4.163138200340893214e+00
-2.007950657940723360e+00
-6.850922946750979126e-01
2.008226917793766830e+00
3.194271520982472357e+00
4.848013262951179847e+00
5.202475360011880490e+00
3.710182611591982926e+00
2.626614119774068890e+00
-2.267849695432103130e-03
-1.356393928880668343e+00
-3.713389564325495940e+00
-4.544844948883282498e+00
-5.249258172554103652e+00
-5.070986993778633156e+00
-3.710181794155237522e+00
-2.626613286557283544e+00
2.268843127941778687e-03
1.356394906813912060e+00
3.713390382560104452e+00
4.544845780600338614e+00
5.249259221946341647e+00
5.070988020735728519e+00
2.009858884607639506e+00
6.864983593557263397e-01
-2.011200012211420862e+00
-3.197694823776948247e+00
-4.854125396164946871e+00
-5.208722106692469822e+00
-4.853569310510031265e+00
-4.168549629792700273e+00
-2.009857722562097049e+00
-6.864971364912406671e-01
2.011201223127380366e+00
3.197695972168695278e+00
4.854126615379050769e+00
5.208723390112212748e+00
4.853570580286087122e+00
4.168550827271003456e+00
-6.621175296874405461e-04
-1.359422558142463044e+00
-3.716293568024602756e+00
-4.550594593630073348e+00
-5.254970950652583461e+00
-5.076089762061521959e+00
-3.715356375863444249e+00
-2.628079422916843821e+00
6.636032618615612120e-04
1.359424033128949105e+00
3.716295076210256454e+00
4.550596117716873223e+00
5.254972492855595867e+00
5.076091300873560641e+00
3.715357896983164654e+00
2.628080930205422661e+00
-2.012288566776231136e+00
-3.196601011806745163e+00
-4.854447079684625521e+00
-5.208391753424894688e+00
-4.852935733197089263e+00
-4.169175985196452494e+00
-2.008639445497431009e+00
-6.877130323569330406e-01
2.012290369403359591e+00
3.196602817835052068e+00
4.854448916673041126e+00
5.208393570627922742e+00
4.852937552981347658e+00
4.169177812342385714e+00
2.008641248188357764e+00
6.877148310150716926e-01
-3.716087701873424187e+00
-4.550148203873647823e+00
-5.254538091655719612e+00
-5.075708662168712415e+00
-3.714949733082205441e+00
-2.627986215811168869e+00
8.060556036113018579e-04
1.359174615244858719e+00
3.716089866362155547e+00
4.550150342164336337e+00
5.254540161286395339e+00
5.075710733520877760e+00
3.714951862281413941e+00
2.627988358810387837e+00
-8.039664782908856637e-04
-1.359172523573644487e+00
-4.854747086018726066e+00
-5.209382679478303579e+00
-4.854182042320825730e+00
-4.169087840007550838e+00
-2.010101307791193559e+00
-6.865969726191264444e-01
2.011469076296576119e+00
3.198092833358540776e+00
4.854749493308678332e+00
5.209385045435361405e+00
4.854184420976380032e+00
4.169090248588202208e+00
2.010103733495927081e+00
6.865993932246411413e-01
-2.011466633009633131e+00
-3.198090393365823125e+00
-5.253236518252795584e+00
-5.074707395131023091e+00
-3.713330615902028509e+00
-2.628191368292425167e+00
1.794541245312268303e-03
1.357883181510531445e+00
3.715868528699143525e+00
4.548529179663637123e+00
5.253239179209186815e+00
5.074710056201404917e+00
3.713333331282890448e+00
2.628194112794651538e+00
-1.791819775279543956e-03
-1.357880447781665056e+00
-3.715865764363666557e+00
-4.548526452764561689e+00
-4.853931648919741271e+00
-4.168966597976472954e+00
-2.009920905441237249e+00
-6.866660643839626044e-01
2.011473647960116296e+00
3.197873666495835820e+00
4.854575791195687273e+00
5.209144693838243079e+00
4.853934622630612594e+00
4.168969605719599514e+00
2.009923940447292168e+00
6.866690963154494787e-01
-2.011470583327740869e+00
-3.197870618186772873e+00
-4.854572780978885227e+00
-5.209141715457380251e+00
-3.714760958865689133e+00
-2.627843722236667290e+00
7.997887665590350595e-04
1.359110219685377041e+00
3.715891895781352705e+00
4.549916906247460702e+00
5.254267589796064897e+00
5.075446104425135552e+00
3.714764283294268221e+00
2.627847067732199005e+00
-7.964361935484344165e-04
-1.359106865611702464e+00
-3.715888529514033145e+00
-4.549913569783154088e+00
-5.254264308850137510e+00
-5.075442824241806150e+00
-2.008763845885944033e+00
-6.874214021706849254e-01
2.011943059118999511e+00
3.196628450304805469e+00
4.854082874378057078e+00
5.208139548640151162e+00
4.852768533223595249e+00
4.168793447053711354e+00
2.008767500369224912e+00
6.874250559842058905e-01
-2.011939392479479505e+00
-3.196624783163160011e+00
-4.854079229840116305e+00
-5.208135929072673420e+00
-4.852764917377074383e+00
-4.168789818081925169e+00
8.554144647536131773e-04
1.359041864812063460e+00
3.715890938757746120e+00
4.549839988324207773e+00
5.254211253475565613e+00
5.075406251488155718e+00
3.714685533262851447e+00
2.627867388828587281e+00
-8.514396404723933868e-04
-1.359037889773401453e+00
-3.715886969242947035e+00
-4.549836023179308242e+00
-5.254207311351346554e+00
-5.075402313940637455e+00
-3.714681577300795734e+00
-2.627863423506554330e+00
2.011478292973754911e+00
3.197895074040700170e+00
4.854598928219839848e+00
5.209173294338972582e+00
4.853963616517609658e+00
4.168988921060627462e+00
2.009941286536913729e+00
6.866676203500756692e-01
-2.011473995065848452e+00
-3.197890784563471644e+00
-4.854594644476060594e+00
-5.209169021891382201e+00
-4.853959355082138494e+00
-4.168984648566337547e+00
-2.009936988123640411e+00
-6.866633236899136739e-01
3.715865916428728433e+00
4.548670704613482663e+00
5.253342816739417387e+00
5.074783370259481785e+00
3.713482432873456140e+00
2.628155579449866330e+00
-1.684463358963962480e-03
-1.358007140311171534e+00
-3.715861292103124658e+00
-4.548666089881501229e+00
-5.253338219755061544e+00
-5.074778776489171861e+00
-3.713477836240304253e+00
-2.628150982841860550e+00
1.689081733626426581e-03
1.358011748495496995e+00
4.854584373144159137e+00
5.209148390690350183e+00
4.853936254462080768e+00
4.168982084187742743e+00
2.009916885449899215e+00
6.866826943100728942e-01
-2.011480709915932863e+00
-3.197861991612664045e+00
-4.854579424242215779e+00
-5.209143446695100543e+00
-4.853931329422023211e+00
-4.168977165719468303e+00
-2.009911944599955813e+00
-6.866777528809926423e-01
2.011485641245533085e+00
3.197866936095292267e+00
5.254213876879174627e+00
5.075408343758262220e+00
3.714690848448945371e+00
2.627866696276007996e+00
-8.466607397882468852e-04
-1.359040397315169013e+00
-3.715884178546720484e+00
-4.549837921115613248e+00
-5.254208610349579089e+00
-5.075403086855009960e+00
-3.714685587876880302e+00
-2.627861435373116450e+00
8.519340811048904281e-04
1.359045660591650551e+00
3.715889461225081458e+00
4.549843204239847338e+00
4.852812332404164763e+00
4.168801858720974529e+00
2.008811039139918542e+00
6.873997182328913658e-01
-2.011920180438092398e+00
-3.196667015927552313e+00
-4.854094781481796517e+00
-5.208170598957934772e+00
-4.852806731255071782e+00
-4.168796265847184657e+00
-2.008805454897831133e+00
-6.873941216113350627e-01
2.011925787368396001e+00
3.196672637309564191e+00
4.854100404693769022e+00
5.208176210334947598e+00
3.714720547511109139e+00
2.627863852428634850e+00
-8.283430079364572035e-04
-1.359062594986853334e+00
-3.715887220812498004e+00
-4.549865967411670375e+00
-5.254231459384738123e+00
-5.075420889784123091e+00
-3.714714624040562629e+00
-2.627857938554219341e+00
8.342825504041446712e-04
1.359068535160586455e+00
3.715893193719336018e+00
4.549871945440631116e+00
5.254237413258032952e+00
5.075426826700808469e+00
2.009914560931786554e+00
6.866873998529630096e-01
-2.011481694114167329e+00
-3.197856436959317428e+00
-4.854577792415875948e+00
-5.209140408103244191e+00
-4.853928663096307439e+00
-4.168978437520820535e+00
-2.009908300839113426e+00
-6.866811277672323355e-01
2.011487990045328189e+00
3.197862747482923318e+00
4.854584130943694120e+00
5.209146734569039872e+00
4.853934935342506307e+00
4.168984691741978388e+00
-1.713998780327889325e-03
-1.357966023754920259e+00
-3.715858602498281371e+00
-4.548620318970794330e+00
-5.253305541337688567e+00
-5.074756265082898565e+00
-3.713433686294588920e+00
-2.628163071829324515e+00
1.720614908271470922e-03
1.357972651014381249e+00
3.715865276661570071e+00
4.548627009170119528e+00
5.253312206019510100e+00
5.074762890109016489e+00
3.713440271488356093e+00
2.628169659183440920e+00
-2.011451256174252578e+00
-3.197934162265334557e+00
-4.854608225024921175e+00
-5.209203480692750965e+00
-4.854002604238067953e+00
-4.168990081066838549e+00
-2.009981624342029427e+00
-6.866336065633277252e-01
2.011458248597474352e+00
3.197941177511718358e+00
4.854615297196629875e+00
5.209210530018530072e+00
4.854009549464955775e+00
4.168996983629141617e+00
2.009988566644479668e+00
6.866405553584006283e-01
-3.715870413884809320e+00
-4.549837441920367986e+00
-5.254203500412613081e+00
-5.075396192356222969e+00
-3.714691729741366633e+00
-2.627850320031142051e+00
8.402698952526396411e-04
1.359055240070891957e+00
3.715877803219954867e+00
4.549844863314617349e+00
5.254210880135370410e+00
5.075403498940720404e+00
3.714698984010227356e+00
2.627857590749859806e+00
-8.329566726884403633e-04
-1.359047925948416946e+00
-4.854038369012649845e+00
-5.208053893649303490e+00
-4.852672395186765186e+00
-4.168780610323074676e+00
-2.008669439659995781e+00
-6.874859465125356950e-01
2.011983783605441722e+00
3.196525852163061732e+00
4.854046179890775470e+00
5.208061668308640257e+00
4.852680024651581547e+00
4.168788189679935030e+00
2.008677107611259949e+00
6.874936326742235870e-01
-2.011976132922749461e+00
-3.196518145566786373e+00
-5.254432711992034655e+00
-5.075592114928191734e+00
-3.714925298548104493e+00
-2.627878908714158968e+00
7.400569175621117980e-04
1.359211115561584471e+00
3.715969079652863272e+00
4.550093446015839760e+00
5.254440810601841427e+00
5.075600129660571724e+00
3.714933270680403687e+00
2.627886900557559802e+00
-7.320347215234849526e-04
-1.359203075102943359e+00
-3.715960990397179753e+00
-4.550085301522463155e+00
-4.854253170722505395e+00
-4.169211844687656487e+00
-2.010080936762788983e+00
-6.866761161931058677e-01
2.011568398995230211e+00
3.198101825878899351e+00
4.854870003498975350e+00
5.209480996927323915e+00
4.854261524018073537e+00
4.169220164243629512e+00
2.010089381069818604e+00
6.866845720670902153e-01
-2.011560071071999189e+00
-3.198093454094430577e+00
-4.854861502668726736e+00
-5.209472523830394941e+00
-3.713460043996181348e+00
-2.628530982373272984e+00
1.975577267715012547e-03
1.357800621244273032e+00
3.716250531081876751e+00
4.548750177060080446e+00
5.253603969424919029e+00
5.075112127827804187e+00
3.713468817593278626e+00
2.628539771063752362e+00
-1.966815962408757518e-03
-1.357791845334075376e+00
-3.716241778579814081e+00
-4.548741402936523848e+00
-5.253595192175653850e+00
-5.075103374201368034e+00
-2.010378472870411493e+00
-6.865917734593316446e-01
2.011602225762229246e+00
3.198477743745804514e+00
4.855214801541069214e+00
5.209928463338615146e+00
4.854716689094260573e+00
4.169478014192270265e+00
2.010387643587047357e+00
6.866009459928928971e-01
-2.011593111471488005e+00
-3.198468625418014799e+00
-4.855205714569595266e+00
-5.209919383276063520e+00
-4.854707525284648995e+00
-4.169468858599389094e+00
7.266116554987883322e-04
1.359050156312518576e+00
3.715486264727663634e+00
4.549519872599759651e+00
5.253772611122546010e+00
5.074952455084893899e+00
3.714472274595980394e+00
2.627543925543808889e+00
-7.171727846844506331e-04
-1.359040582607657699e+00
-3.715476729944984235e+00
-4.549510489668627145e+00
-5.253763215980080226e+00
-5.074942882264689814e+00
-3.714462668567108938e+00
-2.627534471200487776e+00
2.010898821458960928e+00
3.193726069225042430e+00
4.850550457530188986e+00
5.204054618056532355e+00
4.848825283455044044e+00
4.165924104280818163e+00
2.006719467645030619e+00
6.874477325717072151e-01
-2.010888789330405046e+00
-3.193715990402933969e+00
-4.850540833124789231e+00
-5.204045021465972809e+00
-4.848815160756648091e+00
-4.165914028947379499e+00
-2.006709811152068479e+00
-6.874380515237594746e-01
3.710567535360634661e+00
4.544284626996291543e+00
5.247394960369955896e+00
5.068643312797662226e+00
3.710372103842938696e+00
2.623856044019901912e+00
-1.388140753925757979e-04
-1.357946604799529888e+00
-3.710557186784999129e+00
-4.544274610219933841e+00
-5.247384935490163826e+00
-5.068632912211283426e+00
-3.710361690660576084e+00
-2.623845938311473169e+00
1.489080337654467964e-04
1.357956974127616512e+00
4.847355084559938909e+00
5.201688486686815160e+00
4.847133813710662764e+00
4.162631965662526135e+00
2.007521574398360098e+00
6.851572133647616525e-01
-2.008061891736983018e+00
-3.193661607547171766e+00
-4.847344885050586250e+00
-5.201678246606175726e+00
-4.847122920073539731e+00
-4.162621017640665499e+00
-2.007511239915220180e+00
-6.851469137809920174e-01
2.008072794493872326e+00
3.193672446654630015e+00
5.261884347130393103e+00
5.083399676086585828e+00
3.718540629212170767e+00
2.633646046654502193e+00
-3.076179710070069649e-03
-1.358857442149686179e+00
-3.722878899914135786e+00
-4.555352123555362454e+00
-5.261873465008578776e+00
-5.083388634402991713e+00
-3.718529658513975988e+00
-2.633635207643345577e+00
3.087058837241845894e-03
1.358868450511906634e+00
3.722889949675486143e+00
4.555363020338636382e+00
4.927448042197820399e+00
4.233658340268099174e+00
2.039108724018126040e+00
6.988011259219368831e-01
-2.043705123668038137e+00
-3.245392167208949630e+00
-4.929338363161059000e+00
-5.288479886156546073e+00
-4.927436697511057950e+00
-4.233646790921596015e+00
-2.039097765406415075e+00
-6.987902793452940298e-01
2.043716872131300377e+00
3.245403707988577136e+00
4.929349533059141919e+00
5.288491174162984088e+00
3.831193315325535753e+00
2.747452172518384028e+00
-2.807344161451025277e-02
-1.382413428449106529e+00
-3.870882074030405295e+00
-4.702469995076907772e+00
-5.446184725585287545e+00
-5.267890162482859573e+00
-3.831181216417655300e+00
-2.747440220426052182e+00
2.808497039669219028e-02
1.382425408017665669e+00
3.870893339170109027e+00
4.702481326503590964e+00
5.446196471339655787e+00
5.267901542471997267e+00
1.981156429652503048e+00
8.208966084412874231e-01
-2.186373069032370609e+00
-3.226633539776865067e+00
-5.073149191674958480e+00
-5.384046136154572615e+00
-4.988148734759781711e+00
-4.387558220551291299e+00
-1.981143385574391180e+00
-8.208834191473513009e-01
2.186383944110590782e+00
3.226644649171849899e+00
5.073161754958027458e+00
5.384058559386670773e+00
4.988160228379584282e+00
4.387569464891046600e+00
