-4.719250199999999729e-01
-4.719232300000000269e-01
-4.719233999999999374e-01
-4.719252500000000738e-01
-4.719257399999999825e-01
-4.719244200000000111e-01
-4.719238900000000125e-01
-4.719245699999999877e-01
-4.719238700000000786e-01
-4.719227999999999756e-01
-4.719226300000000096e-01
-4.719236800000000120e-01
-4.719239100000000020e-01
-4.719228100000000259e-01
-4.719233600000000139e-01
-4.719250500000000126e-01
5.404858010939118662e-01
5.404859023196643131e-01
5.404839361225651784e-01
5.404830503373174722e-01
5.404799358332829096e-01
5.404802190691601060e-01
5.404834022835479646e-01
5.404841745147525023e-01
5.404870888462414147e-01
5.404872721599389696e-01
5.404852836687563666e-01
5.404846456790465270e-01
5.404811307976673529e-01
5.404808005922491221e-01
5.404833445145059700e-01
5.404838572879513414e-01
1.642873514920081268e+00
1.642873219362085413e+00
1.642870841964641837e+00
1.642870731275980267e+00
1.642871095263836345e+00
1.642871493284343343e+00
1.642873942512212748e+00
1.642874387637741185e+00
1.642874885550974939e+00
1.642874635163920738e+00
1.642872267723882507e+00
1.642871969985936431e+00
1.642871568614458822e+00
1.642871629033676228e+00
1.642873332437622791e+00
1.642873392214310169e+00
2.765965928023138787e+00
2.765966423945212860e+00
2.765967073487387129e+00
2.765967527223602840e+00
2.765967735703988239e+00
2.765967281396442434e+00
2.765967663843206026e+00
2.765967626347867192e+00
2.765967352982249494e+00
2.765967862865870153e+00
2.765968104548325091e+00
2.765968165330790374e+00
2.765967660354795576e+00
2.765966873665999692e+00
2.765966647315216242e+00
2.765966404956033742e+00
3.910890627026795574e+00
3.910891758405057317e+00
3.910892591445405575e+00
3.910892032763953363e+00
3.910891854931950906e+00
3.910892136369043204e+00
3.910892353824499956e+00
3.910892009219824494e+00
3.910892081107525620e+00
3.910893040742964288e+00
3.910893085454567153e+00
3.910892051211647846e+00
3.910891181176404885e+00
3.910891266417712231e+00
3.910891102020140675e+00
3.910890589234703008e+00
5.040962833895541451e+00
5.040963326964407187e+00
5.040963083648607679e+00
5.040962403776584999e+00
5.040962880933959944e+00
5.040963006976181049e+00
5.040962397320594590e+00
5.040962872722161592e+00
5.040963949230281571e+00
5.040964157651499633e+00
5.040962872826558971e+00
5.040961780809562143e+00
5.040961928891619870e+00
5.040961861818631817e+00
5.040960848636933278e+00
5.040961395480350937e+00
6.178091644631594548e+00
6.178091445372992041e+00
6.178091352059219332e+00
6.178091655410447913e+00
6.178091584523213164e+00
6.178091248596502716e+00
6.178091546450095173e+00
6.178092178873656692e+00
6.178092302718032336e+00
6.178091512322854584e+00
6.178090564312681998e+00
6.178090705225606882e+00
6.178090317666152131e+00
6.178089867053073725e+00
6.178090157925317349e+00
6.178090866940091352e+00
7.317334789723091149e+00
7.317335543973851664e+00
7.317335532819033261e+00
7.317335478364292989e+00
7.317335457853999081e+00
7.317334941536767445e+00
7.317335967492802240e+00
7.317335946801078350e+00
7.317334557286608643e+00
7.317334802834648322e+00
7.317334468327520547e+00
7.317334280922710654e+00
7.317334123345665908e+00
7.317333609544669493e+00
7.317334659559034726e+00
7.317334951735156245e+00
8.452687711643058321e+00
8.452687620232529397e+00
8.452687413054043475e+00
8.452687544499163153e+00
8.452686341155482452e+00
8.452686997026603422e+00
8.452686697481166078e+00
8.452685777714304294e+00
8.452686745663919865e+00
8.452686494430246000e+00
8.452686218171947985e+00
8.452686378333529760e+00
8.452684948319914682e+00
8.452685491272182716e+00
8.452685936389375598e+00
8.452685710575826405e+00
9.590354830284461229e+00
9.590354714575147099e+00
9.590353944104975881e+00
9.590353393901576595e+00
9.590353287151591744e+00
9.590353071271977115e+00
9.590352575101015020e+00
9.590353019595410089e+00
9.590353639197600089e+00
9.590353577675196917e+00
9.590352753640587480e+00
9.590352039960711394e+00
9.590351836431048937e+00
9.590351968508270986e+00
9.590352834948795646e+00
9.590353906460185485e+00
1.072829201879549643e+01
1.072829117856863057e+01
1.072829061350749669e+01
1.072828989650546916e+01
1.072828950044681307e+01
1.072828984028140908e+01
1.072828997342079482e+01
1.072829080363535859e+01
1.072829092690599673e+01
1.072829002200010251e+01
1.072828916606272465e+01
1.072828845681545751e+01
1.072828865998958570e+01
1.072828966425301367e+01
1.072829108523966468e+01
1.072829208047221350e+01
1.186399062969312190e+01
1.186399056796500595e+01
1.186398859584340038e+01
1.186398842834687528e+01
1.186398957750050265e+01
1.186398928092761906e+01
1.186399096634517214e+01
1.186399116369459250e+01
1.186398934330063781e+01
1.186398914976921048e+01
1.186398730216107644e+01
1.186398738957870513e+01
1.186398970910034834e+01
1.186399009582219577e+01
1.186399228341874057e+01
1.186399235268829599e+01
1.300183930465700932e+01
1.300183825640754698e+01
1.300183791350493756e+01
1.300183841938373952e+01
1.300183942044581364e+01
1.300184026775851187e+01
1.300184050538112679e+01
1.300183969516539761e+01
1.300183788404096674e+01
1.300183695680838447e+01
1.300183715340701340e+01
1.300183820688607561e+01
1.300184037722888597e+01
1.300184150761180213e+01
1.300184180605110029e+01
1.300184104605423840e+01
1.413967825729849892e+01
1.413967802769195359e+01
1.413967853947927900e+01
1.413967985940976213e+01
1.413968095274895731e+01
1.413968094598543779e+01
1.413968001172661104e+01
1.413967849372629892e+01
1.413967711705957875e+01
1.413967716930804031e+01
1.413967861819965144e+01
1.413968043924415952e+01
1.413968223509287014e+01
1.413968237255866356e+01
1.413968150202171614e+01
1.413967993437525017e+01
1.527548561666089277e+01
1.527548554139699633e+01
1.527548860907090678e+01
1.527548888138584715e+01
1.527548872022403970e+01
1.527548858206553639e+01
1.527548557346651492e+01
1.527548521677175586e+01
1.527548505164068260e+01
1.527548538296488267e+01
1.527548929056584726e+01
1.527548993818612288e+01
1.527549034396308691e+01
1.527549020920357847e+01
1.527548695421578806e+01
1.527548641865132417e+01
1.641324884301789666e+01
1.641325040273580882e+01
1.641325169037283516e+01
1.641325154330704805e+01
1.641325029644739786e+01
1.641324904564594789e+01
1.641324770645525177e+01
1.641324743612432258e+01
1.641324885450358195e+01
1.641325078879162547e+01
1.641325293582124800e+01
1.641325313499934779e+01
1.641325200579807131e+01
1.641325058384232349e+01
1.641324869325581659e+01
1.641324808124270618e+01
1.755103730447067178e+01
1.755103818512082015e+01
1.755103799483641325e+01
1.755103701346017431e+01
1.755103547871637559e+01
1.755103459678302968e+01
1.755103398315757346e+01
1.755103499990751459e+01
1.755103786999900706e+01
1.755103919800405521e+01
1.755103972458054074e+01
1.755103884661449243e+01
1.755103694845191242e+01
1.755103570564379112e+01
1.755103440646364632e+01
1.755103515615781973e+01
1.868694565985175515e+01
1.868694557384725741e+01
1.868694379856514587e+01
1.868694347837119452e+01
1.868694154315831568e+01
1.868694121153124144e+01
1.868694328547166705e+01
1.868694430246485183e+01
1.868694692395839851e+01
1.868694715965898823e+01
1.868694564503910627e+01
1.868694514512155180e+01
1.868694246345797438e+01
1.868694179690083246e+01
1.868694327682000988e+01
1.868694390787768711e+01
1.982467524327405073e+01
1.982467466088819208e+01
1.982467322514915864e+01
1.982467232718990857e+01
1.982467204893495349e+01
1.982467298872585815e+01
1.982467532465698312e+01
1.982467637937375571e+01
1.982467699065171018e+01
1.982467650589274299e+01
1.982467471571413853e+01
1.982467350153521224e+01
1.982467251231762972e+01
1.982467307881143270e+01
1.982467469095428569e+01
1.982467532050536363e+01
2.096241793092429972e+01
2.096241699063756769e+01
2.096241565713081556e+01
2.096241565871737222e+01
2.096241701005674329e+01
2.096241831139306910e+01
2.096241972863152014e+01
2.096242001076231176e+01
2.096241969996013310e+01
2.096241859477212444e+01
2.096241677428129435e+01
2.096241638888956516e+01
2.096241684237609348e+01
2.096241777838076459e+01
2.096241845108480817e+01
2.096241838310203676e+01
2.209835773061190523e+01
2.209835720505435219e+01
2.209835722851699558e+01
2.209835782081960431e+01
2.209835987450005490e+01
2.209836024977398949e+01
2.209836081346109538e+01
2.209836087858840870e+01
2.209835922987933898e+01
2.209835859799242996e+01
2.209835780950971795e+01
2.209835783484176730e+01
2.209835904215328384e+01
2.209835907203872196e+01
2.209835909761716266e+01
2.209835917295196950e+01
2.323610074413895532e+01
2.323610070935296434e+01
2.323610207643401893e+01
2.323610265252787954e+01
2.323610370421307891e+01
2.323610387799031329e+01
2.323610353559979202e+01
2.323610334130520982e+01
2.323610206342120676e+01
2.323610162709439919e+01
2.323610183323489764e+01
2.323610191867668107e+01
2.323610227716359233e+01
2.323610226009785507e+01
2.323610193388831036e+01
2.323610178324937436e+01
2.437383153802636215e+01
2.437383240169198118e+01
2.437383290766854671e+01
2.437383356766630982e+01
2.437383370553126127e+01
2.437383328277754302e+01
2.437383379595559063e+01
2.437383310551970794e+01
2.437383221080287754e+01
2.437383248681751269e+01
2.437383186627234721e+01
2.437383217897616916e+01
2.437383209272226381e+01
2.437383169742260236e+01
2.437383222646687031e+01
2.437383163647738016e+01
2.550974004503017767e+01
2.550974008942835169e+01
2.550974079693410701e+01
2.550974063339815601e+01
2.550974048758602919e+01
2.550974117173241140e+01
2.550974064140362074e+01
2.550974021307657580e+01
2.550973981862022555e+01
2.550973924688100780e+01
2.550973925211687998e+01
2.550973904176511553e+01
2.550973889558332885e+01
2.550973958428163613e+01
2.550973930446903637e+01
2.550973923583583769e+01
2.664752700775273553e+01
2.664752691080185798e+01
2.664752660663090467e+01
2.664752700024536480e+01
2.664752761240682233e+01
2.664752780042360669e+01
2.664752722321252776e+01
2.664752656925025320e+01
2.664752592309346113e+01
2.664752546648862719e+01
2.664752496468506848e+01
2.664752535381460774e+01
2.664752605972152111e+01
2.664752637842967076e+01
2.664752650496309272e+01
2.664752644591715480e+01
2.778528876416483939e+01
2.778528859009580643e+01
2.778528997024870506e+01
2.778528984500645649e+01
2.778529085995630510e+01
2.778529072793712018e+01
2.778528893907437691e+01
2.778528897694218358e+01
2.778528724871588906e+01
2.778528687818118570e+01
2.778528822617622396e+01
2.778528822015979927e+01
2.778528962486113230e+01
2.778528982914425072e+01
2.778528913587123839e+01
2.778528971427301286e+01
2.892109649173010766e+01
2.892109740254637984e+01
2.892109795149146478e+01
2.892109871788801101e+01
2.892109853488247495e+01
2.892109756674184240e+01
2.892109643652892714e+01
2.892109516172352102e+01
2.892109461682749227e+01
2.892109551420640301e+01
2.892109639186014647e+01
2.892109740586753475e+01
2.892109798662224662e+01
2.892109748261248470e+01
2.892109729122928385e+01
2.892109645424665132e+01
3.005893762218197551e+01
3.005893833077366750e+01
3.005893933171818944e+01
3.005893921925911982e+01
3.005893813795837843e+01
3.005893708168386880e+01
3.005893492825990876e+01
3.005893466726771734e+01
3.005893564405414153e+01
3.005893656336226627e+01
3.005893831291940188e+01
3.005893862674247075e+01
3.005893824928101310e+01
3.005893756929383542e+01
3.005893635796537566e+01
3.005893651986407278e+01
3.119678848967695828e+01
3.119678874696224113e+01
3.119678869674586963e+01
3.119678860268869869e+01
3.119678562450089743e+01
3.119678470083424315e+01
3.119678408405404113e+01
3.119678416110481578e+01
3.119678684052734141e+01
3.119678759716609306e+01
3.119678842404216468e+01
3.119678855163767750e+01
3.119678621118861628e+01
3.119678581102843395e+01
3.119678614062438271e+01
3.119678634133388329e+01
3.233248848530451625e+01
3.233248848416426569e+01
3.233248760952275802e+01
3.233248605760820737e+01
3.233248395215565552e+01
3.233248345598999407e+01
3.233248401310871856e+01
3.233248559018608859e+01
3.233248768543012375e+01
3.233248816475294518e+01
3.233248769853956617e+01
3.233248630984731875e+01
3.233248525618827074e+01
3.233248537200491768e+01
3.233248628699072924e+01
3.233248753038962064e+01
3.347042566602684133e+01
3.347042483512524313e+01
3.347042270071568737e+01
3.347042148786830751e+01
3.347042011072218770e+01
3.347042061732850016e+01
3.347042307867344135e+01
3.347042444956391449e+01
3.347042553935969522e+01
3.347042489719949998e+01
3.347042310968974732e+01
3.347042240336389085e+01
3.347042226065979520e+01
3.347042300792637093e+01
3.347042476144437728e+01
3.347042553316277491e+01
3.460809076408962426e+01
3.460809024993332628e+01
3.460808761448033977e+01
3.460808677882577200e+01
3.460808803342404616e+01
3.460808872869678510e+01
3.460809181309461025e+01
3.460809246747467682e+01
3.460809089676646266e+01
3.460809056239308745e+01
3.460808887572211034e+01
3.460808863401027224e+01
3.460809035693550584e+01
3.460809068893968288e+01
3.460809260407243926e+01
3.460809282756839877e+01
3.574344128898081863e+01
3.574344002412023968e+01
3.574343849559177499e+01
3.574343909512649731e+01
3.574344101481410263e+01
3.574344246076322662e+01
3.574344364352501202e+01
3.574344296372846230e+01
3.574344179942227839e+01
3.574344100212259434e+01
3.574344063134135041e+01
3.574344130754077042e+01
3.574344261294881875e+01
3.574344370338723564e+01
3.574344389087431040e+01
3.574344283048922932e+01
3.688268343397296434e+01
3.688268257790144133e+01
3.688268305488694665e+01
3.688268424743485241e+01
3.688268665620417153e+01
3.688268705144000847e+01
3.688268652016446225e+01
3.688268597297867757e+01
3.688268472755228089e+01
3.688268444952997527e+01
3.688268515687592242e+01
3.688268608087967948e+01
3.688268769700838590e+01
3.688268757045982937e+01
3.688268624589829159e+01
3.688268554279922995e+01
3.801981123183938394e+01
3.801981114291420027e+01
3.801981369426771096e+01
3.801981451785203348e+01
3.801981531576168294e+01
3.801981544757421005e+01
3.801981410441619147e+01
3.801981379690336382e+01
3.801981333187199397e+01
3.801981326405994110e+01
3.801981536574032816e+01
3.801981591213449008e+01
3.801981553048415208e+01
3.801981521010262099e+01
3.801981356231962650e+01
3.801981284490304347e+01
3.914988282056094704e+01
3.914988385689734685e+01
3.914988542183717612e+01
3.914988556029592814e+01
3.914988527087880499e+01
3.914988530345272721e+01
3.914988472422609789e+01
3.914988422309873783e+01
3.914988495458614892e+01
3.914988579454804807e+01
3.914988638415823630e+01
3.914988600200429403e+01
3.914988501397639453e+01
3.914988482201847120e+01
3.914988350459041300e+01
3.914988254159028003e+01
4.029480860046386681e+01
4.029480932551415151e+01
4.029480971217289920e+01
4.029480982161636149e+01
4.029480968988507072e+01
4.029480944751583138e+01
4.029480959457600875e+01
4.029480974625905532e+01
4.029481030493208493e+01
4.029481048493142481e+01
4.029481010160471044e+01
4.029480989856212858e+01
4.029480884197378288e+01
4.029480824348146228e+01
4.029480795152091588e+01
4.029480782934071925e+01
4.141790435725906150e+01
4.141790443640805819e+01
4.141790339468785476e+01
4.141790346750849494e+01
4.141790370822899803e+01
4.141790402134883209e+01
4.141790553659586749e+01
4.141790555747338942e+01
4.141790532206531594e+01
4.141790509417108979e+01
4.141790332555110865e+01
4.141790275339959493e+01
4.141790224426534195e+01
4.141790248649711970e+01
4.141790360975616636e+01
4.141790370182068415e+01
4.252029273451029923e+01
4.252029230465811338e+01
4.252029156807678589e+01
4.252029193236603533e+01
4.252029425070278279e+01
4.252029496768282968e+01
4.252029503564172330e+01
4.252029425140658248e+01
4.252029315515421359e+01
4.252029284855937163e+01
4.252029035033935145e+01
4.252029044960698201e+01
4.252029295724845070e+01
4.252029288735149493e+01
4.252029298894585452e+01
4.252029338740260300e+01
4.353269996220420524e+01
4.353270035197351007e+01
4.353270156963873916e+01
4.353270169606077644e+01
4.353270222297682324e+01
4.353270277146867073e+01
4.353270097514383252e+01
4.353269918655671944e+01
4.353269909782881086e+01
4.353270092681806602e+01
4.353270148121654159e+01
4.353269976336389391e+01
4.353269916780129023e+01
4.353270032860854855e+01
4.353270033094057823e+01
4.353269981183445481e+01
