-4.719250199999999729e-01
-4.719232300000000269e-01
-4.719233999999999374e-01
-4.719252500000000738e-01
-4.719257399999999825e-01
-4.719244200000000111e-01
-4.719238900000000125e-01
-4.719245699999999877e-01
-4.719238700000000786e-01
-4.719227999999999756e-01
-4.719226300000000096e-01
-4.719236800000000120e-01
-4.719239100000000020e-01
-4.719228100000000259e-01
-4.719233600000000139e-01
-4.719250500000000126e-01
5.504394049668310807e-01
5.504393814091561588e-01
5.504394138328450037e-01
5.504391109484996214e-01
5.504388393717419836e-01
5.504389981004915722e-01
5.504402294673601537e-01
5.504406567755786295e-01
5.504407049929045392e-01
5.504408007265751968e-01
5.504407694175565968e-01
5.504406777186797717e-01
5.504399936705338670e-01
5.504395538745366911e-01
5.504402118400908428e-01
5.504403869434750796e-01
1.662906983371014613e+00
1.662906825117898890e+00
1.662906524811155418e+00
1.662906376085087290e+00
1.662906222120221988e+00
1.662906470602526943e+00
1.662907663582905204e+00
1.662908176142524841e+00
1.662908404501144854e+00
1.662908276992986822e+00
1.662907902681208805e+00
1.662907562438150189e+00
1.662906710384886022e+00
1.662906635109972386e+00
1.662907080797848325e+00
1.662907178656336082e+00
2.800450247405883886e+00
2.800449910394921194e+00
2.800449381273318217e+00
2.800448950700825446e+00
2.800449124232546882e+00
2.800449915991231276e+00
2.800451517127378498e+00
2.800451956483797744e+00
2.800451659455524656e+00
2.800451309582330239e+00
2.800450413447945763e+00
2.800449625100929651e+00
2.800449078755202770e+00
2.800449516025506735e+00
2.800450429668519536e+00
2.800450666705897707e+00
3.949972075970907159e+00
3.949971998253100303e+00
3.949971223711511659e+00
3.949970837200734497e+00
3.949972332535535369e+00
3.949973800102305699e+00
3.949974530900376646e+00
3.949974028959489569e+00
3.949973459107366747e+00
3.949973205930370490e+00
3.949971737073043165e+00
3.949970919735737773e+00
3.949971693941467521e+00
3.949972894012934166e+00
3.949973194512544694e+00
3.949972571966501977e+00
5.087651025276014316e+00
5.087650511292205024e+00
5.087650197892083170e+00
5.087651029328660535e+00
5.087653542824227770e+00
5.087654141643483285e+00
5.087653722197986284e+00
5.087653192816745218e+00
5.087652053782560024e+00
5.087651297906724324e+00
5.087650082723292222e+00
5.087650508208330535e+00
5.087652542695791702e+00
5.087652857854226163e+00
5.087652161637519654e+00
5.087651799893383675e+00
6.231132588988324450e+00
6.231132507376100804e+00
6.231133796474257913e+00
6.231135027706384832e+00
6.231136800854014446e+00
6.231136672333708049e+00
6.231135164750945421e+00
6.231134448441156160e+00
6.231133161989141023e+00
6.231132667239397627e+00
6.231133156863908340e+00
6.231134117856963250e+00
6.231135387180325225e+00
6.231135126076125630e+00
6.231133827214711651e+00
6.231133327011217915e+00
7.375190769167041971e+00
7.375191149461171491e+00
7.375193082947442136e+00
7.375194338851234654e+00
7.375194685214554013e+00
7.375193558962340745e+00
7.375191499294804665e+00
7.375191140828736280e+00
7.375190716068111385e+00
7.375190666123945249e+00
7.375192061786260744e+00
7.375193043553792016e+00
7.375193070819986652e+00
7.375192098544981256e+00
7.375190526862315465e+00
7.375190415792360454e+00
8.515734437798041512e+00
8.515735300246946693e+00
8.515737944496850176e+00
8.515738275944913838e+00
8.515735952013987031e+00
8.515734724339541373e+00
8.515734096132844044e+00
8.515734041908842755e+00
8.515733810192575248e+00
8.515734381891505222e+00
8.515736567117775380e+00
8.515736702320776175e+00
8.515734500250532690e+00
8.515733578194152997e+00
8.515733606664880995e+00
8.515733910694873288e+00
9.658977149554312192e+00
9.658978654774070804e+00
9.658979224029287991e+00
9.658977876601269941e+00
9.658975550308515068e+00
9.658975385599418928e+00
9.658975162118325741e+00
9.658974887718214219e+00
9.658976161142554417e+00
9.658977438559304574e+00
9.658977550069840490e+00
9.658976252631781279e+00
9.658974568159898411e+00
9.658974736932467664e+00
9.658975266594904241e+00
9.658975390300309272e+00
1.080231698156909559e+01
1.080231725779414731e+01
1.080231504652074825e+01
1.080231389551351384e+01
1.080231317914172884e+01
1.080231301798100674e+01
1.080231293206142773e+01
1.080231362124243688e+01
1.080231560204872565e+01
1.080231561826663089e+01
1.080231352855307669e+01
1.080231272759326089e+01
1.080231273218407395e+01
1.080231295095917154e+01
1.080231357506197476e+01
1.080231448707382214e+01
1.194334207579266582e+01
1.194334117468509682e+01
1.194333923197487834e+01
1.194333868333656135e+01
1.194333822388583854e+01
1.194333837405855370e+01
1.194333982513473735e+01
1.194334059357335143e+01
1.194334037806023829e+01
1.194333955434469097e+01
1.194333822817648816e+01
1.194333806309528079e+01
1.194333836172476104e+01
1.194333883760605630e+01
1.194334083537862412e+01
1.194334189996036244e+01
1.308653826792044406e+01
1.308653752801882320e+01
1.308653584788875257e+01
1.308653541925714237e+01
1.308653638730848634e+01
1.308653728193407595e+01
1.308653789847034155e+01
1.308653760573943181e+01
1.308653677210858390e+01
1.308653631223694802e+01
1.308653542231462374e+01
1.308653540680769645e+01
1.308653697610536604e+01
1.308653814730545051e+01
1.308653941735981618e+01
1.308653927913215753e+01
1.422975458664324755e+01
1.422975343517500235e+01
1.422975251474712088e+01
1.422975334588504737e+01
1.422975501971748180e+01
1.422975491464709563e+01
1.422975423990821753e+01
1.422975421705164045e+01
1.422975352385174830e+01
1.422975278080632222e+01
1.422975268937679871e+01
1.422975377620123538e+01
1.422975610002153957e+01
1.422975635582616150e+01
1.422975592143967205e+01
1.422975577973622130e+01
1.537096542288009537e+01
1.537096483418888049e+01
1.537096648892258166e+01
1.537096740309245924e+01
1.537096689868092803e+01
1.537096644547043311e+01
1.537096662714016482e+01
1.537096644674020141e+01
1.537096497024157316e+01
1.537096481742300647e+01
1.537096708310073723e+01
1.537096833199885637e+01
1.537096851720349022e+01
1.537096812573971683e+01
1.537096807633084339e+01
1.537096769030693011e+01
1.651407772385544703e+01
1.651407859506442222e+01
1.651407995285892127e+01
1.651407956803578969e+01
1.651407880161283970e+01
1.651407902504430325e+01
1.651407872397670573e+01
1.651407794010495422e+01
1.651407786678729650e+01
1.651407905757474737e+01
1.651408114738941890e+01
1.651408110730989875e+01
1.651408045899680843e+01
1.651408054351660937e+01
1.651407982360825244e+01
1.651407865325257163e+01
1.765721928351146985e+01
1.765721985139589734e+01
1.765721948855127366e+01
1.765721909516752675e+01
1.765721913452502889e+01
1.765721906940023445e+01
1.765721814480430041e+01
1.765721813301084708e+01
1.765721998424507078e+01
1.765722093197048892e+01
1.765722111830027785e+01
1.765722077495087206e+01
1.765722059175582359e+01
1.765722029946100946e+01
1.765721866458168776e+01
1.765721824544708696e+01
1.879853162081557727e+01
1.879853157501069560e+01
1.879853113567752487e+01
1.879853100429513546e+01
1.879853073871437275e+01
1.879853050698799777e+01
1.879853087594703354e+01
1.879853163302189500e+01
1.879853296326670531e+01
1.879853311590500908e+01
1.879853278731614452e+01
1.879853256086580515e+01
1.879853181610939927e+01
1.879853126175305178e+01
1.879853081869831399e+01
1.879853107949848479e+01
1.994161844804789752e+01
1.994161829973826627e+01
1.994161770032896541e+01
1.994161756436955812e+01
1.994161777926313306e+01
1.994161806062269093e+01
1.994161897279812479e+01
1.994161949550410284e+01
1.994162004915422415e+01
1.994161994905917012e+01
1.994161917324266753e+01
1.994161877704957675e+01
1.994161838489863570e+01
1.994161827500424522e+01
1.994161813479263756e+01
1.994161823190626848e+01
2.108471636195890042e+01
2.108471601479158153e+01
2.108471576844358353e+01
2.108471604563020207e+01
2.108471682769226874e+01
2.108471718168700448e+01
2.108471782250117954e+01
2.108471808950079662e+01
2.108471801615591446e+01
2.108471759233259846e+01
2.108471685709603705e+01
2.108471683922743267e+01
2.108471679280100020e+01
2.108471656500781322e+01
2.108471639108956097e+01
2.108471652976482247e+01
2.222605875069898573e+01
2.222605866452979839e+01
2.222605924710409653e+01
2.222605970626839778e+01
2.222606039079686369e+01
2.222606062669944649e+01
2.222606087491351090e+01
2.222606082553944518e+01
2.222606023264869179e+01
2.222605992952346909e+01
2.222605989522161352e+01
2.222605990595951297e+01
2.222605947328196052e+01
2.222605930035997801e+01
2.222605924767895758e+01
2.222605916277608884e+01
2.336915721007303759e+01
2.336915734134527867e+01
2.336915818857276506e+01
2.336915872469803546e+01
2.336915910045005162e+01
2.336915894559507123e+01
2.336915868875895441e+01
2.336915864239984231e+01
2.336915837079239466e+01
2.336915819566863206e+01
2.336915808397564831e+01
2.336915806250378935e+01
2.336915763366513943e+01
2.336915732370183818e+01
2.336915703149509227e+01
2.336915707271985809e+01
2.451224446208553331e+01
2.451224482279580386e+01
2.451224610659780367e+01
2.451224632827505800e+01
2.451224559455353003e+01
2.451224534073796590e+01
2.451224569841234668e+01
2.451224573071133861e+01
2.451224507597998326e+01
2.451224493161177875e+01
2.451224520601777357e+01
2.451224504579584007e+01
2.451224387619537026e+01
2.451224362198830775e+01
2.451224419367432716e+01
2.451224440273511718e+01
2.565355708925644507e+01
2.565355801712074424e+01
2.565355843135783331e+01
2.565355771548993857e+01
2.565355711633919000e+01
2.565355762208284318e+01
2.565355792680485791e+01
2.565355730642535192e+01
2.565355688488583041e+01
2.565355734082487515e+01
2.565355700221523350e+01
2.565355605108678461e+01
2.565355540291070113e+01
2.565355601918789930e+01
2.565355671642262436e+01
2.565355647726001465e+01
2.679669865881393065e+01
2.679669887933151884e+01
2.679669751503391595e+01
2.679669715586513945e+01
2.679669813402248479e+01
2.679669836514725745e+01
2.679669729564525227e+01
2.679669704857844792e+01
2.679669777497485228e+01
2.679669763886264633e+01
2.679669577361768162e+01
2.679669538347675228e+01
2.679669656950164480e+01
2.679669698745660966e+01
2.679669673873810254e+01
2.679669702239646867e+01
2.793981111430075615e+01
2.793981041422081546e+01
2.793980988422192269e+01
2.793981039082025575e+01
2.793981068930520806e+01
2.793981015351044661e+01
2.793980982549904013e+01
2.793981021797225495e+01
2.793980973143830582e+01
2.793980876584756956e+01
2.793980806415567386e+01
2.793980866350346304e+01
2.793980950246847073e+01
2.793980940154903081e+01
2.793981006411006263e+01
2.793981087860682067e+01
2.908102269361103964e+01
2.908102253855855324e+01
2.908102289031507937e+01
2.908102291598249423e+01
2.908102252135546451e+01
2.908102248512436816e+01
2.908102259368559928e+01
2.908102224937205094e+01
2.908102094556029016e+01
2.908102068760803860e+01
2.908102122135781542e+01
2.908102152970137411e+01
2.908102206701840942e+01
2.908102251783661885e+01
2.908102343331667683e+01
2.908102345110232179e+01
3.022424011784735498e+01
3.022423997334157519e+01
3.022423973873302927e+01
3.022423980571065272e+01
3.022423999587412879e+01
3.022423980727465320e+01
3.022423887241920681e+01
3.022423850147929869e+01
3.022423821457993398e+01
3.022423815403801228e+01
3.022423857322745633e+01
3.022423914813232315e+01
3.022424027468419894e+01
3.022424044316803560e+01
3.022424020379088105e+01
3.022424014908945367e+01
3.136743715685579659e+01
3.136743682790511656e+01
3.136743750748762949e+01
3.136743779768552898e+01
3.136743686212371074e+01
3.136743623889054078e+01
3.136743611635305129e+01
3.136743614116163315e+01
3.136743544032526643e+01
3.136743542868179446e+01
3.136743714207283418e+01
3.136743790650017871e+01
3.136743764858858086e+01
3.136743737828284040e+01
3.136743791554897243e+01
3.136743807127772143e+01
3.250846211861261281e+01
3.250846267554160107e+01
3.250846325056897967e+01
3.250846259220475787e+01
3.250846142384214232e+01
3.250846162447553667e+01
3.250846168841626849e+01
3.250846103484163763e+01
3.250846094297951083e+01
3.250846207357412965e+01
3.250846359900874916e+01
3.250846315418979771e+01
3.250846271093555373e+01
3.250846334571428287e+01
3.250846364822699996e+01
3.250846286229471360e+01
3.365180077588073715e+01
3.365180111267078189e+01
3.365179999404083588e+01
3.365179943176149635e+01
3.365179973460433871e+01
3.365179981778173612e+01
3.365179867768320321e+01
3.365179848486280179e+01
3.365180044720239039e+01
3.365180128015398964e+01
3.365180071549852414e+01
3.365180050554493363e+01
3.365180161173964279e+01
3.365180178455631221e+01
3.365180037095242938e+01
3.365179991169297580e+01
3.479504202104030242e+01
3.479504146697531297e+01
3.479504072452260743e+01
3.479504095847629941e+01
3.479504087578144578e+01
3.479504023173483773e+01
3.479504004914978310e+01
3.479504096997863627e+01
3.479504231869557884e+01
3.479504210010532006e+01
3.479504209490361433e+01
3.479504267570005283e+01
3.479504277121913702e+01
3.479504200532336000e+01
3.479504123058944742e+01
3.479504165825914441e+01
3.593558439958247419e+01
3.593558420800462727e+01
3.593558402229714233e+01
3.593558394680204060e+01
3.593558336507749118e+01
3.593558317447960349e+01
3.593558410599633390e+01
3.593558474974160788e+01
3.593558522197866978e+01
3.593558542139497547e+01
3.593558592359596560e+01
3.593558578017069038e+01
3.593558491139979338e+01
3.593558463031362749e+01
3.593558460138768851e+01
3.593558465022007908e+01
3.707964238476149177e+01
3.707964195692831311e+01
3.707964145357644981e+01
3.707964149731115810e+01
3.707964134008967960e+01
3.707964135942046369e+01
3.707964228074850155e+01
3.707964296085441447e+01
3.707964383096916094e+01
3.707964372825343702e+01
3.707964324961407243e+01
3.707964315621457274e+01
3.707964257207452619e+01
3.707964214112711687e+01
3.707964199705450170e+01
3.707964230891398216e+01
3.822312398579970960e+01
3.822312366218524460e+01
3.822312399774438063e+01
3.822312398136010358e+01
3.822312355904875147e+01
3.822312387881828499e+01
3.822312568095715335e+01
3.822312627512120997e+01
3.822312593056742003e+01
3.822312555043416893e+01
3.822312555383920341e+01
3.822312540584664475e+01
3.822312400184337378e+01
3.822312375871631218e+01
3.822312492367343850e+01
3.822312512158487152e+01
3.936080303872082453e+01
3.936080328135595607e+01
3.936080355038002665e+01
3.936080305361388554e+01
3.936080339220824698e+01
3.936080463242801386e+01
3.936080566957389948e+01
3.936080532950565214e+01
3.936080500216904454e+01
3.936080510015160172e+01
3.936080458440457619e+01
3.936080364163007062e+01
3.936080317677294715e+01
3.936080404848437553e+01
3.936080434076242796e+01
3.936080367730931329e+01
4.051032558104784442e+01
4.051032548607125250e+01
4.051032525372143311e+01
4.051032553924618185e+01
4.051032703064314688e+01
4.051032775750870485e+01
4.051032791384414367e+01
4.051032770187362786e+01
4.051032723891512433e+01
4.051032665774448560e+01
4.051032573321762698e+01
4.051032568221683050e+01
4.051032610414734592e+01
4.051032646617393596e+01
4.051032628727337936e+01
4.051032585199261149e+01
4.164786893815224289e+01
4.164786896611932576e+01
4.164786912747136682e+01
4.164786960182306075e+01
4.164787035421583283e+01
4.164787051196572065e+01
4.164787052841964510e+01
4.164787035758047296e+01
4.164786995744172060e+01
4.164786969813505380e+01
4.164786905788071181e+01
4.164786883933462747e+01
4.164786884501382502e+01
4.164786897346616712e+01
4.164786867920805236e+01
4.164786855979804869e+01
4.276033662664310242e+01
4.276033651955218318e+01
4.276033664199979256e+01
4.276033707668720751e+01
4.276033775598578757e+01
4.276033809161310728e+01
4.276033771981933995e+01
4.276033696112376248e+01
4.276033712921648799e+01
4.276033709410711481e+01
4.276033534468787423e+01
4.276033551709679870e+01
4.276033650503920569e+01
4.276033609046098860e+01
4.276033570621682856e+01
4.276033606775558837e+01
4.378269996306774914e+01
4.378270035507543412e+01
4.378270157973345533e+01
4.378270170688151808e+01
4.378270223682356033e+01
4.378270278846530061e+01
4.378270098182448322e+01
4.378269918296586383e+01
4.378269909372839663e+01
4.378270093322122136e+01
4.378270149080348972e+01
4.378269976308555300e+01
4.378269916410274476e+01
4.378270033157627950e+01
4.378270033392168870e+01
4.378269981183446902e+01
