-4.719250199999999729e-01
-4.719232300000000269e-01
-4.719233999999999374e-01
-4.719252500000000738e-01
-4.719257399999999825e-01
-4.719244200000000111e-01
-4.719238900000000125e-01
-4.719245699999999877e-01
-4.719238700000000786e-01
-4.719227999999999756e-01
-4.719226300000000096e-01
-4.719236800000000120e-01
-4.719239100000000020e-01
-4.719228100000000259e-01
-4.719233600000000139e-01
-4.719250500000000126e-01
5.742483664312338920e-01
5.742478935835834131e-01
5.742486213560177299e-01
5.742481162213155521e-01
5.742475003190411487e-01
5.742482600090009770e-01
5.742489561102346318e-01
5.742494366057467881e-01
5.742496730069326372e-01
5.742492844469185842e-01
5.742499297815619741e-01
5.742497032585508476e-01
5.742486768750385551e-01
5.742487780854348411e-01
5.742489231056105980e-01
5.742491743381252789e-01
1.710771421074188892e+00
1.710770940578181465e+00
1.710770870663325560e+00
1.710771047077009666e+00
1.710771342753760083e+00
1.710771894151976502e+00
1.710772377171364322e+00
1.710772570927855618e+00
1.710772827324232415e+00
1.710772397204395778e+00
1.710772248201945622e+00
1.710772226612994107e+00
1.710771830747763067e+00
1.710772047730930279e+00
1.710771779982905638e+00
1.710771583103912530e+00
2.869431543060445566e+00
2.869431711516006178e+00
2.869432439297614934e+00
2.869432258743016995e+00
2.869433431812594471e+00
2.869433476336801014e+00
2.869433822177221316e+00
2.869434275877250862e+00
2.869433023438182406e+00
2.869433133705360017e+00
2.869433456801462778e+00
2.869432953996829738e+00
2.869433357278533325e+00
2.869433032558466046e+00
2.869432765653476380e+00
2.869432996001057390e+00
4.031989227657629016e+00
4.031990152237773017e+00
4.031990295803120183e+00
4.031990647452316168e+00
4.031990951690125335e+00
4.031991470766054242e+00
4.031991865795879093e+00
4.031990593656706423e+00
4.031990592724732814e+00
4.031991318692490722e+00
4.031990831133080100e+00
4.031990729434540732e+00
4.031990278358419388e+00
4.031990586493646056e+00
4.031990536952421600e+00
4.031989091320845375e+00
5.187213254087408743e+00
5.187213149647381449e+00
5.187213829294048395e+00
5.187213938014838988e+00
5.187214589471118131e+00
5.187214932583826155e+00
5.187213320086717872e+00
5.187213323321745229e+00
5.187214232233129607e+00
5.187213950885157132e+00
5.187213705950684428e+00
5.187213367649373907e+00
5.187213630450735025e+00
5.187213682985336582e+00
5.187211710615271087e+00
5.187211936664691159e+00
6.346808290149322573e+00
6.346808669510825673e+00
6.346809101702229228e+00
6.346809428955675791e+00
6.346809547899490589e+00
6.346808649623078225e+00
6.346808497445969088e+00
6.346809002682912926e+00
6.346808903419332459e+00
6.346808837240551782e+00
6.346808424319561936e+00
6.346808524192084633e+00
6.346808127298006141e+00
6.346807074884072364e+00
6.346807208348915097e+00
6.346807923483209990e+00
7.505915982021003963e+00
7.505916224178729834e+00
7.505916510006875875e+00
7.505916549695575313e+00
7.505915654620743283e+00
7.505915539663807756e+00
7.505915964891578973e+00
7.505915964478271363e+00
7.505915914067344374e+00
7.505915707424785310e+00
7.505915474967178369e+00
7.505915229352285500e+00
7.505914065273937119e+00
7.505914145160261342e+00
7.505914982522272183e+00
7.505915188433029961e+00
8.661990343576558615e+00
8.661990479412269295e+00
8.661990231930712270e+00
8.661989829070504854e+00
8.661989599469988477e+00
8.661989778496707260e+00
8.661989947043919003e+00
8.661989928670470462e+00
8.661989691710036965e+00
8.661989527249581045e+00
8.661988815491312721e+00
8.661988299780377432e+00
8.661988236287838205e+00
8.661988617898217058e+00
8.661989397703527160e+00
8.661989803113970154e+00
9.820854932173590512e+00
9.820854775239245882e+00
9.820854159268947114e+00
9.820854030400392176e+00
9.820854305315046773e+00
9.820854418746927550e+00
9.820854281501995686e+00
9.820854172423221229e+00
9.820853876248458292e+00
9.820853483926706318e+00
9.820852601429590933e+00
9.820852546008191908e+00
9.820853249324317247e+00
9.820853675296969953e+00
9.820854406696591710e+00
9.820854700597244857e+00
1.097970067870503996e+01
1.097970041171204159e+01
1.097970012863794764e+01
1.097970023956751007e+01
1.097970049614379029e+01
1.097970039742351567e+01
1.097970022167778659e+01
1.097970008920495388e+01
1.097969927140635704e+01
1.097969886122969285e+01
1.097969871790583340e+01
1.097969904626339144e+01
1.097969996025542549e+01
1.097970031261580459e+01
1.097970091409341897e+01
1.097970103091155103e+01
1.213628328282186963e+01
1.213628313308583984e+01
1.213628324729679875e+01
1.213628335925598201e+01
1.213628334719537882e+01
1.213628326249629374e+01
1.213628284680976499e+01
1.213628245611728396e+01
1.213628171178192261e+01
1.213628163748194311e+01
1.213628219122863605e+01
1.213628263952643849e+01
1.213628346926550172e+01
1.213628377673350478e+01
1.213628394910513109e+01
1.213628380086818659e+01
1.329500152298385629e+01
1.329500157434961061e+01
1.329500175635015857e+01
1.329500172158784110e+01
1.329500155366947034e+01
1.329500139025851801e+01
1.329500064265367953e+01
1.329500025408816555e+01
1.329500009101009361e+01
1.329500037630190157e+01
1.329500123485743046e+01
1.329500162892549753e+01
1.329500224495306604e+01
1.329500237315147082e+01
1.329500211188820202e+01
1.329500183006505409e+01
1.445373603810333130e+01
1.445373609327475606e+01
1.445373612344881131e+01
1.445373606250179144e+01
1.445373564085662643e+01
1.445373529978557769e+01
1.445373464309436251e+01
1.445373455521246697e+01
1.445373499566626840e+01
1.445373538965290017e+01
1.445373623697491361e+01
1.445373656184031042e+01
1.445373680033200969e+01
1.445373669423610608e+01
1.445373624795812084e+01
1.445373608023030698e+01
1.561052664743447593e+01
1.561052665666133699e+01
1.561052653495599607e+01
1.561052636637002777e+01
1.561052572125344895e+01
1.561052541444949782e+01
1.561052522686238753e+01
1.561052541147468808e+01
1.561052614418456663e+01
1.561052655552921564e+01
1.561052722938264559e+01
1.561052738742606039e+01
1.561052723491065208e+01
1.561052702303894080e+01
1.561052667503593483e+01
1.561052660908131529e+01
1.676915999187728090e+01
1.676915995184133479e+01
1.676915962771398938e+01
1.676915934520849660e+01
1.676915879317911262e+01
1.676915869611807608e+01
1.676915897204440498e+01
1.676915928943113698e+01
1.676916010640865551e+01
1.676916045791259435e+01
1.676916082494949833e+01
1.676916080107541163e+01
1.676916043399126366e+01
1.676916023745242512e+01
1.676916002819301710e+01
1.676915998982961042e+01
1.792781662792963715e+01
1.792781651640042284e+01
1.792781605783887855e+01
1.792781578486157557e+01
1.792781556009685673e+01
1.792781566779864733e+01
1.792781622800580621e+01
1.792781660943037991e+01
1.792781733683867529e+01
1.792781756702304818e+01
1.792781761804562635e+01
1.792781744650250886e+01
1.792781704051942526e+01
1.792781688196254919e+01
1.792781671585824199e+01
1.792781670186430176e+01
1.908470389646168286e+01
1.908470372732539744e+01
1.908470330053625830e+01
1.908470314706210402e+01
1.908470323061975193e+01
1.908470347717288718e+01
1.908470422752306916e+01
1.908470461327639001e+01
1.908470513568712690e+01
1.908470520817811078e+01
1.908470497425897250e+01
1.908470473001342071e+01
1.908470429928036438e+01
1.908470417589519386e+01
1.908470410518854621e+01
1.908470407141269121e+01
2.024331170074795239e+01
2.024331151944670282e+01
2.024331118803613094e+01
2.024331116835839239e+01
2.024331157165084960e+01
2.024331192850414141e+01
2.024331270355666845e+01
2.024331303423034356e+01
2.024331329823346692e+01
2.024331320097155995e+01
2.024331268557541463e+01
2.024331240668376353e+01
2.024331206716911069e+01
2.024331200629506355e+01
2.024331196868224936e+01
2.024331192946785762e+01
2.140192908550554307e+01
2.140192889170330659e+01
2.140192875440587628e+01
2.140192891333651559e+01
2.140192957990997513e+01
2.140192999833680787e+01
2.140193071169428052e+01
2.140193091111655832e+01
2.140193078645502922e+01
2.140193050072560865e+01
2.140192984547708477e+01
2.140192961326135901e+01
2.140192943376290913e+01
2.140192944034135891e+01
2.140192944499617411e+01
2.140192939326385968e+01
2.255884613013133944e+01
2.255884597539376912e+01
2.255884613923938886e+01
2.255884648616617127e+01
2.255884736923455236e+01
2.255884778018960546e+01
2.255884824903390751e+01
2.255884821713059907e+01
2.255884764993557212e+01
2.255884725647507594e+01
2.255884664687715713e+01
2.255884654340106721e+01
2.255884658673265974e+01
2.255884663631972842e+01
2.255884662415419228e+01
2.255884651044553735e+01
2.371746350497000222e+01
2.371746351912344863e+01
2.371746411578369873e+01
2.371746460223863906e+01
2.371746553821906289e+01
2.371746582437021544e+01
2.371746580928610371e+01
2.371746550377131513e+01
2.371746461896965386e+01
2.371746425402011127e+01
2.371746395927283402e+01
2.371746400747226247e+01
2.371746420981871495e+01
2.371746426825394494e+01
2.371746409792991628e+01
2.371746387516570209e+01
2.487607151700003527e+01
2.487607178232541116e+01
2.487607277992286114e+01
2.487607332418504669e+01
2.487607401156457954e+01
2.487607402389944511e+01
2.487607339748032587e+01
2.487607289113501707e+01
2.487607202254944383e+01
2.487607184370382285e+01
2.487607196671524079e+01
2.487607214615690410e+01
2.487607234135180434e+01
2.487607228871919673e+01
2.487607185135208354e+01
2.487607159823022585e+01
2.603295933807198637e+01
2.603295989372639596e+01
2.603296109657722823e+01
2.603296147412018158e+01
2.603296155141008938e+01
2.603296122876043839e+01
2.603296015515367046e+01
2.603295963161289706e+01
2.603295916387426701e+01
2.603295927008267086e+01
2.603295973221444370e+01
2.603295988003369743e+01
2.603295981823539762e+01
2.603295958807688493e+01
2.603295902689941244e+01
2.603295889637736948e+01
2.719161693136385693e+01
2.719161760332392674e+01
2.719161848895379308e+01
2.719161853845058374e+01
2.719161787217926118e+01
2.719161729002743400e+01
2.719161615033928925e+01
2.719161588129112062e+01
2.719161608305327960e+01
2.719161638600617081e+01
2.719161679733370107e+01
2.719161679305767265e+01
2.719161632517871396e+01
2.719161597612076875e+01
2.719161562094633666e+01
2.719161582123986420e+01
2.835025133823232935e+01
2.835025183780971503e+01
2.835025200119861566e+01
2.835025166287514864e+01
2.835025037485512911e+01
2.835024973147316985e+01
2.835024915571250048e+01
2.835024929626606038e+01
2.835024995448275575e+01
2.835025020718754263e+01
2.835025023519736465e+01
2.835024999811685831e+01
2.835024923869470825e+01
2.835024898905431101e+01
2.835024933606546327e+01
2.835024992156331436e+01
2.950704265741713073e+01
2.950704275226679485e+01
2.950704204408476272e+01
2.950704133164205700e+01
2.950703998052707178e+01
2.950703967328583843e+01
2.950703997027633463e+01
2.950704037089004217e+01
2.950704091853667421e+01
2.950704096524159326e+01
2.950704048196128682e+01
2.950704000569503194e+01
2.950703947064222987e+01
2.950703964154626391e+01
2.950704079889979070e+01
2.950704159183244357e+01
3.066577720636654902e+01
3.066577688805937996e+01
3.066577538664981972e+01
3.066577462428709921e+01
3.066577398442107949e+01
3.066577418990552673e+01
3.066577505510547752e+01
3.066577529796088797e+01
3.066577541721082056e+01
3.066577521808129347e+01
3.066577422893822558e+01
3.066577389939631360e+01
3.066577420255569564e+01
3.066577480890844143e+01
3.066577642911778767e+01
3.066577697422395943e+01
3.182449501612212828e+01
3.182449418808037578e+01
3.182449267317597474e+01
3.182449234158048412e+01
3.182449271455322304e+01
3.182449321921833274e+01
3.182449381409206879e+01
3.182449389098859527e+01
3.182449344403698532e+01
3.182449284850459748e+01
3.182449220073996798e+01
3.182449235960609002e+01
3.182449352210189275e+01
3.182449441265747936e+01
3.182449560784946385e+01
3.182449573266659826e+01
3.298107670636217392e+01
3.298107585348544291e+01
3.298107517065884764e+01
3.298107544743312758e+01
3.298107644374358216e+01
3.298107670034244876e+01
3.298107686268732408e+01
3.298107667181311342e+01
3.298107554325914492e+01
3.298107516559962704e+01
3.298107543915975981e+01
3.298107601739668837e+01
3.298107779354392477e+01
3.298107843196571309e+01
3.298107869935350323e+01
3.298107835146936395e+01
3.413992157054615006e+01
3.413992119635854294e+01
3.413992178898238450e+01
3.413992224930717612e+01
3.413992288908664818e+01
3.413992299469602187e+01
3.413992249676500990e+01
3.413992195857095169e+01
3.413992113049837940e+01
3.413992125099584030e+01
3.413992256534962877e+01
3.413992340411518711e+01
3.413992471900085945e+01
3.413992486039857255e+01
3.413992407631630499e+01
3.413992332292371401e+01
3.529878559203201860e+01
3.529878606749138470e+01
3.529878676234898904e+01
3.529878730917911156e+01
3.529878755504172005e+01
3.529878703748942570e+01
3.529878620390764610e+01
3.529878560328827319e+01
3.529878581389042580e+01
3.529878672074285362e+01
3.529878818779561556e+01
3.529878900415669563e+01
3.529878934056495865e+01
3.529878870594826168e+01
3.529878737058410820e+01
3.529878635848836410e+01
3.645486054025345624e+01
3.645486034371950268e+01
3.645486149591277325e+01
3.645486178173062086e+01
3.645486060406194184e+01
3.645486061960318125e+01
3.645485923961290808e+01
3.645485931435319316e+01
3.645486139236442824e+01
3.645486160466469983e+01
3.645486335269502831e+01
3.645486351818580317e+01
3.645486207314630178e+01
3.645486205540588998e+01
3.645485980545542759e+01
3.645485927570483398e+01
3.761396726612298380e+01
3.761396815719430009e+01
3.761396866291171648e+01
3.761396753793816572e+01
3.761396789172840727e+01
3.761396650373537653e+01
3.761396659912227847e+01
3.761396853866126122e+01
3.761396872430589866e+01
3.761396992237581571e+01
3.761397035261460786e+01
3.761396909826554236e+01
3.761396915805202212e+01
3.761396733717025143e+01
3.761396632602387058e+01
3.761396788592015383e+01
3.877356360533207180e+01
3.877356405213129875e+01
3.877356209229937178e+01
3.877356332543494233e+01
3.877356083710971291e+01
3.877356074909485528e+01
3.877356427917430182e+01
3.877356327254994284e+01
3.877356553187777166e+01
3.877356586068280819e+01
3.877356358616701471e+01
3.877356477045781702e+01
3.877356130170632298e+01
3.877356061087976258e+01
3.877356354632266289e+01
3.877356213849414246e+01
3.992878651738475781e+01
3.992878492494871523e+01
3.992878638249947443e+01
3.992878442701819353e+01
3.992878431644462012e+01
3.992878706103255126e+01
3.992878632140066486e+01
3.992878776556946008e+01
3.992878843329284422e+01
3.992878670191260682e+01
3.992878743982114287e+01
3.992878503236043031e+01
3.992878408941516000e+01
3.992878648369985228e+01
3.992878501049173678e+01
3.992878612480709677e+01
4.109134203254085804e+01
4.109134387871855409e+01
4.109134174456806221e+01
4.109134150872969116e+01
4.109134498569968486e+01
4.109134354078340579e+01
4.109134607291954921e+01
4.109134659099492382e+01
4.109134368910179091e+01
4.109134508599058933e+01
4.109134221460293190e+01
4.109134162059432782e+01
4.109134408456159804e+01
4.109134228082609042e+01
4.109134442029023404e+01
4.109134473618334482e+01
4.225000461528539830e+01
4.225000396279980208e+01
4.225000398560249693e+01
4.225000525683544339e+01
4.225000514771083004e+01
4.225000612464496896e+01
4.225000666541240690e+01
4.225000556531477969e+01
4.225000559470007744e+01
4.225000462887645369e+01
4.225000391103208841e+01
4.225000453379892917e+01
4.225000369967445835e+01
4.225000460589421891e+01
4.225000475140689105e+01
4.225000371333626958e+01
4.338652784121260453e+01
4.338652801094075784e+01
4.338652683821698020e+01
4.338652903080090084e+01
4.338652886055918145e+01
4.338652903476016576e+01
4.338652975243605425e+01
4.338652709161210907e+01
4.338652822409071774e+01
4.338652850509532755e+01
4.338652566846327829e+01
4.338652760408374576e+01
4.338652756167798685e+01
4.338652693345269284e+01
4.338652769220793459e+01
4.338652621791695907e+01
4.443269996531295618e+01
4.443270036314044091e+01
4.443270160597971596e+01
4.443270173501544207e+01
4.443270227282508245e+01
4.443270283265653831e+01
4.443270099919416083e+01
4.443269917362964350e+01
4.443269908306731963e+01
4.443270094986942809e+01
4.443270151572949800e+01
4.443269976236186380e+01
4.443269915448653506e+01
4.443270033929237428e+01
4.443270034167258586e+01
4.443269981183450312e+01
