-4.719250199999999729e-01
-4.719232300000000269e-01
-4.719233999999999374e-01
-4.719252500000000738e-01
-4.719257399999999825e-01
-4.719244200000000111e-01
-4.719238900000000125e-01
-4.719245699999999877e-01
-4.719238700000000786e-01
-4.719227999999999756e-01
-4.719226300000000096e-01
-4.719236800000000120e-01
-4.719239100000000020e-01
-4.719228100000000259e-01
-4.719233600000000139e-01
-4.719250500000000126e-01
5.672336915440113758e-01
5.672335655261828702e-01
5.672336717822026309e-01
5.672334232341096349e-01
5.672330375287489845e-01
5.672333788080788919e-01
5.672346901282642184e-01
5.672350303194204635e-01
5.672351632463367155e-01
5.672351027827111647e-01
5.672348864846242789e-01
5.672348152130655130e-01
5.672341928681879919e-01
5.672340356363358982e-01
5.672347911347808136e-01
5.672347721336238324e-01
1.696711444992477835e+00
1.696711174364968544e+00
1.696710939591963063e+00
1.696711082667551107e+00
1.696711898747672143e+00
1.696712257728307138e+00
1.696712940776461398e+00
1.696713181486131594e+00
1.696712889179156303e+00
1.696712617269374279e+00
1.696712272629732787e+00
1.696712240552871842e+00
1.696712417122780980e+00
1.696712458127077605e+00
1.696712350868677888e+00
1.696712150503249195e+00
2.850029608494407007e+00
2.850029479311999125e+00
2.850030136205352616e+00
2.850030647349039992e+00
2.850031276565333727e+00
2.850031539265722724e+00
2.850031938146776245e+00
2.850031766398605448e+00
2.850031076318779277e+00
2.850030950318344303e+00
2.850031177776759517e+00
2.850031259897406244e+00
2.850031176595065663e+00
2.850031167200840709e+00
2.850030894429267381e+00
2.850030474997640173e+00
4.008229209589170061e+00
4.008230068527560697e+00
4.008231090832587107e+00
4.008231004462199820e+00
4.008231514514985605e+00
4.008232072884093888e+00
4.008231678299262413e+00
4.008230889930403329e+00
4.008230656587387308e+00
4.008231274605162042e+00
4.008231527362240421e+00
4.008231025140276849e+00
4.008230906373548841e+00
4.008231237469396468e+00
4.008230360607836218e+00
4.008229380224174854e+00
5.158283868036726005e+00
5.158284457664725764e+00
5.158284784448866844e+00
5.158285046650156858e+00
5.158285566884685203e+00
5.158285314919046627e+00
5.158284180524043805e+00
5.158284005052517607e+00
5.158284875301710315e+00
5.158285126637990103e+00
5.158284582660648709e+00
5.158284538807793140e+00
5.158284691266494804e+00
5.158284113606789845e+00
5.158282527966091990e+00
5.158282483841520438e+00
6.312911190173338127e+00
6.312911386745985176e+00
6.312911856247578335e+00
6.312912093459477347e+00
6.312911502277721354e+00
6.312910875921152964e+00
6.312910631979351983e+00
6.312911113295855081e+00
6.312911613406272160e+00
6.312911388316750916e+00
6.312911280585077556e+00
6.312911316420387386e+00
6.312910130812323217e+00
6.312909286327669456e+00
6.312909167697950963e+00
6.312909922397356155e+00
7.467167500914560385e+00
7.467167743930399837e+00
7.467167670541865476e+00
7.467167349462974002e+00
7.467166527810001675e+00
7.467166387168098218e+00
7.467166944776019832e+00
7.467167234660876396e+00
7.467167304812551087e+00
7.467167249264327289e+00
7.467166778692062579e+00
7.467166136261843334e+00
7.467164861720840818e+00
7.467164815139650358e+00
7.467165920315890659e+00
7.467166593804519970e+00
8.618333888600414383e+00
8.618333806862899849e+00
8.618333063327090926e+00
8.618332654093215695e+00
8.618332488430251459e+00
8.618332756897077118e+00
8.618333309287390165e+00
8.618333397472996538e+00
8.618333291127177276e+00
8.618332992539301074e+00
8.618331731961619724e+00
8.618331102724427595e+00
8.618330943707897873e+00
8.618331481519904358e+00
8.618332921480959641e+00
8.618333446359688566e+00
9.772295789354224382e+00
9.772295388424158347e+00
9.772294585229337471e+00
9.772294506497383182e+00
9.772295044381923645e+00
9.772295335837064556e+00
9.772295522063760842e+00
9.772295463349864875e+00
9.772294879181574245e+00
9.772294231435081358e+00
9.772292958422184483e+00
9.772292860251516444e+00
9.772293929797967849e+00
9.772294675998077551e+00
9.772295788713794451e+00
9.772296026116775280e+00
1.092624944231623552e+01
1.092624906104911808e+01
1.092624887795584243e+01
1.092624913502326045e+01
1.092624975319571234e+01
1.092624982776187714e+01
1.092624969942457192e+01
1.092624942155420520e+01
1.092624814052096482e+01
1.092624751479484857e+01
1.092624731634695223e+01
1.092624782753302526e+01
1.092624931236974817e+01
1.092624988797887831e+01
1.092625040002390868e+01
1.092625026643992392e+01
1.207792474828301188e+01
1.207792465479783139e+01
1.207792508913192719e+01
1.207792538093909407e+01
1.207792568580806680e+01
1.207792561301572221e+01
1.207792491696501891e+01
1.207792431126911481e+01
1.207792315763083479e+01
1.207792305137165911e+01
1.207792394937173519e+01
1.207792467403055525e+01
1.207792593369778622e+01
1.207792620664893413e+01
1.207792592182761560e+01
1.207792553077161379e+01
1.323174715273301416e+01
1.323174737172841553e+01
1.323174793944365213e+01
1.323174804977762520e+01
1.323174788492115717e+01
1.323174758890244718e+01
1.323174643360361991e+01
1.323174585120950830e+01
1.323174562376147989e+01
1.323174606318961466e+01
1.323174743280637422e+01
1.323174804799631232e+01
1.323174864358813174e+01
1.323174854850193682e+01
1.323174779612922691e+01
1.323174737616873564e+01
1.438558749007054693e+01
1.438558773411680214e+01
1.438558801181718572e+01
1.438558793989674101e+01
1.438558726761290529e+01
1.438558674805035409e+01
1.438558576401991651e+01
1.438558563827224468e+01
1.438558634179411300e+01
1.438558697100081041e+01
1.438558821432064860e+01
1.438558854553192212e+01
1.438558840501810465e+01
1.438558805359392068e+01
1.438558732234305459e+01
1.438558719674937691e+01
1.553747077384017672e+01
1.553747088466687565e+01
1.553747072563400344e+01
1.553747044412444467e+01
1.553746948536406336e+01
1.553746904030207610e+01
1.553746878288658451e+01
1.553746907138540401e+01
1.553747021012804552e+01
1.553747081147196774e+01
1.553747153113810064e+01
1.553747151913487734e+01
1.553747090892633764e+01
1.553747055522011955e+01
1.553747026531299724e+01
1.553747036701891560e+01
1.669120793356380972e+01
1.669120786251220778e+01
1.669120733671606160e+01
1.669120693102705388e+01
1.669120616688650216e+01
1.669120603319544571e+01
1.669120646461178126e+01
1.669120695260046006e+01
1.669120809128909499e+01
1.669120847902449967e+01
1.669120858458162004e+01
1.669120834733110925e+01
1.669120770799549902e+01
1.669120753827249715e+01
1.669120763293701870e+01
1.669120776518597182e+01
1.784496913260450768e+01
1.784496893724814015e+01
1.784496828929125201e+01
1.784496794231420580e+01
1.784496765765197424e+01
1.784496781265800891e+01
1.784496863269633948e+01
1.784496915405653183e+01
1.784496996747976638e+01
1.784497009627044051e+01
1.784496979077785994e+01
1.784496949275380473e+01
1.784496911744943759e+01
1.784496909929817221e+01
1.784496923042571481e+01
1.784496927447390391e+01
1.899694928330844235e+01
1.899694905650702026e+01
1.899694853820746943e+01
1.899694835766782930e+01
1.899694849047808631e+01
1.899694882682146968e+01
1.899694978989935024e+01
1.899695022429326130e+01
1.899695061840330368e+01
1.899695054459236943e+01
1.899695009527345135e+01
1.899694986198383617e+01
1.899694965397600299e+01
1.899694965436513527e+01
1.899694966730158541e+01
1.899694959143679185e+01
2.015066089245296510e+01
2.015066069543288663e+01
2.015066032744786639e+01
2.015066030829602184e+01
2.015066080308388763e+01
2.015066123477127746e+01
2.015066210134578384e+01
2.015066239905476664e+01
2.015066247080392614e+01
2.015066228721887143e+01
2.015066177332516872e+01
2.015066158221462445e+01
2.015066141519141496e+01
2.015066137299250570e+01
2.015066126158328430e+01
2.015066117564196091e+01
2.130438246890999565e+01
2.130438226494817400e+01
2.130438209331948229e+01
2.130438225611122860e+01
2.130438299719750006e+01
2.130438345530476596e+01
2.130438416927992407e+01
2.130438431982731373e+01
2.130438408570199726e+01
2.130438379559515738e+01
2.130438323666662015e+01
2.130438305421917988e+01
2.130438287961138855e+01
2.130438284965783780e+01
2.130438280673588380e+01
2.130438276168317202e+01
2.245639278282561335e+01
2.245639259637395213e+01
2.245639269244313141e+01
2.245639303561460665e+01
2.245639397622810307e+01
2.245639441753148446e+01
2.245639489525714083e+01
2.245639484343229952e+01
2.245639425434110237e+01
2.245639387198999515e+01
2.245639327300684940e+01
2.245639315234788924e+01
2.245639314664553154e+01
2.245639319603910877e+01
2.245639324851655516e+01
2.245639316601618773e+01
2.361011429768413095e+01
2.361011424471340447e+01
2.361011475445350172e+01
2.361011524953646301e+01
2.361011630320845711e+01
2.361011664723871561e+01
2.361011667485998089e+01
2.361011635598827141e+01
2.361011540133242548e+01
2.361011499904537558e+01
2.361011463554723733e+01
2.361011466951539362e+01
2.361011492696380998e+01
2.361011503912350307e+01
2.361011496777566165e+01
2.361011475695444872e+01
2.476382606470243530e+01
2.476382623897542601e+01
2.476382722222619392e+01
2.476382785088543415e+01
2.476382875533763794e+01
2.476382883599512041e+01
2.476382817802344860e+01
2.476382758860708933e+01
2.476382655190946025e+01
2.476382632385385207e+01
2.476382645001365645e+01
2.476382668335820725e+01
2.476382702784954759e+01
2.476382703915482963e+01
2.476382663976219334e+01
2.476382633952115242e+01
2.591580675011365997e+01
2.591580726563557135e+01
2.591580867407070343e+01
2.591580921760828460e+01
2.591580951171534153e+01
2.591580917374219695e+01
2.591580785535115083e+01
2.591580719927340226e+01
2.591580660005472581e+01
2.591580672913271854e+01
2.591580734912193762e+01
2.591580757968840132e+01
2.591580767076485969e+01
2.591580747660972150e+01
2.591580680716355189e+01
2.591580655690958679e+01
2.706956893307382472e+01
2.706956971817325197e+01
2.706957102360619416e+01
2.706957123247397234e+01
2.706957053612119068e+01
2.706956978751000165e+01
2.706956829373671880e+01
2.706956795022432871e+01
2.706956823021857872e+01
2.706956863113151357e+01
2.706956924616939020e+01
2.706956932159353357e+01
2.706956893180247548e+01
2.706956854357471087e+01
2.706956790340878527e+01
2.706956793370303771e+01
2.822330722831607730e+01
2.822330799868782236e+01
2.822330854651882603e+01
2.822330819003303048e+01
2.822330652111712013e+01
2.822330564594703262e+01
2.822330488853301134e+01
2.822330510463950048e+01
2.822330599202532753e+01
2.822330634656842463e+01
2.822330655268580202e+01
2.822330636675001259e+01
2.822330552645320267e+01
2.822330511847630063e+01
2.822330507852906933e+01
2.822330557308301380e+01
2.937519136217460769e+01
2.937519170222543963e+01
2.937519095980048078e+01
2.937519003495054193e+01
2.937518815669106687e+01
2.937518775242209657e+01
2.937518822090915549e+01
2.937518873291350374e+01
2.937518952101135739e+01
2.937518965344104416e+01
2.937518926517919482e+01
2.937518879155465612e+01
2.937518790942089097e+01
2.937518784351671286e+01
2.937518880577082570e+01
2.937518969987621986e+01
3.052903180780333159e+01
3.052903145505861104e+01
3.052902951753291916e+01
3.052902843549574285e+01
3.052902757050870264e+01
3.052902791512283898e+01
3.052902901759649978e+01
3.052902938184265125e+01
3.052902968900493264e+01
3.052902953053422053e+01
3.052902854678558953e+01
3.052902802945311578e+01
3.052902783755933669e+01
3.052902832783110298e+01
3.052903014395883474e+01
3.052903104594906480e+01
3.168285358826065945e+01
3.168285254737903500e+01
3.168285037856985653e+01
3.168284993089484658e+01
3.168285056200539884e+01
3.168285115734861179e+01
3.168285202103446707e+01
3.168285218336534825e+01
3.168285181641216397e+01
3.168285129284441126e+01
3.168285026305932206e+01
3.168285013688285190e+01
3.168285106092588066e+01
3.168285200284244496e+01
3.168285391403879814e+01
3.168285435346580314e+01
3.283452777192975702e+01
3.283452656652820423e+01
3.283452563701564486e+01
3.283452606743303903e+01
3.283452729112286761e+01
3.283452766747554818e+01
3.283452800546108108e+01
3.283452786274219903e+01
3.283452682334230843e+01
3.283452626179661848e+01
3.283452598285160207e+01
3.283452641334423561e+01
3.283452832562702639e+01
3.283452934720791205e+01
3.283453023700974427e+01
3.283452986854546651e+01
3.398848038708045749e+01
3.398847991288990045e+01
3.398848066202042162e+01
3.398848131258961303e+01
3.398848214962676195e+01
3.398848230718354557e+01
3.398848199323867902e+01
3.398848146151991045e+01
3.398848033930394763e+01
3.398848017761253004e+01
3.398848112334603400e+01
3.398848208782108316e+01
3.398848405071110079e+01
3.398848452111523954e+01
3.398848381481537473e+01
3.398848274030211059e+01
3.514244207907742634e+01
3.514244240378479844e+01
3.514244366707640665e+01
3.514244414071208666e+01
3.514244446922028686e+01
3.514244427415122374e+01
3.514244323029745942e+01
3.514244265755493757e+01
3.514244237501732471e+01
3.514244286024730712e+01
3.514244476828033470e+01
3.514244573857019560e+01
3.514244666189600963e+01
3.514244630091701538e+01
3.514244416937427218e+01
3.514244302492742378e+01
3.629360875108470452e+01
3.629360939583630596e+01
3.629361024537288216e+01
3.629361045322221457e+01
3.629361014902522697e+01
3.629360953522139255e+01
3.629360840647204611e+01
3.629360831813024646e+01
3.629360935324036319e+01
3.629361032756074223e+01
3.629361211823960787e+01
3.629361250330125443e+01
3.629361186699497210e+01
3.629361087838329780e+01
3.629360862050047132e+01
3.629360810940672621e+01
3.744786554314807603e+01
3.744786575109684179e+01
3.744786609655117360e+01
3.744786614200525321e+01
3.744786502882757873e+01
3.744786431183780451e+01
3.744786418122887994e+01
3.744786487813662035e+01
3.744786674113635172e+01
3.744786738345342769e+01
3.744786813729168529e+01
3.744786803356654303e+01
3.744786607708591220e+01
3.744786482627100099e+01
3.744786387231280145e+01
3.744786435072128938e+01
3.860249223262767515e+01
3.860249240743635113e+01
3.860249253311579309e+01
3.860249192473990831e+01
3.860249063328191710e+01
3.860249062873666759e+01
3.860249196758560686e+01
3.860249290526783028e+01
3.860249412502966493e+01
3.860249441855870600e+01
3.860249421313282880e+01
3.860249328851471518e+01
3.860249088068885470e+01
3.860249041085268118e+01
3.860249135722551728e+01
3.860249196013158723e+01
3.975254582276105708e+01
3.975254603904636497e+01
3.975254517671066168e+01
3.975254439604368173e+01
3.975254436520879153e+01
3.975254526396569332e+01
3.975254691604234836e+01
3.975254723097572196e+01
3.975254785863480578e+01
3.975254793647483353e+01
3.975254616301672428e+01
3.975254489038131567e+01
3.975254411837673274e+01
3.975254472575064568e+01
3.975254569695386664e+01
3.975254564341002350e+01
4.091074550614985128e+01
4.091074513645885702e+01
4.091074442778243991e+01
4.091074440598562489e+01
4.091074559852286541e+01
4.091074642974063380e+01
4.091074751605760440e+01
4.091074785158276939e+01
4.091074724978402344e+01
4.091074627277271958e+01
4.091074484367850772e+01
4.091074454202364308e+01
4.091074468558193189e+01
4.091074519945578203e+01
4.091074593909406332e+01
4.091074593027632034e+01
4.206406356685320702e+01
4.206406337872185475e+01
4.206406353192417669e+01
4.206406407016590521e+01
4.206406559082929419e+01
4.206406603774183139e+01
4.206406642650802752e+01
4.206406610864396356e+01
4.206406461222754700e+01
4.206406417988453228e+01
4.206406349024127422e+01
4.206406326399991968e+01
4.206406402538132028e+01
4.206406450236435290e+01
4.206406464276199131e+01
4.206406436418355099e+01
4.319354146775103231e+01
4.319354140789874918e+01
4.319354244263633547e+01
4.319354301781599759e+01
4.319354413700777684e+01
4.319354449416586306e+01
4.319354330698428157e+01
4.319354243621360467e+01
4.319354225627204613e+01
4.319354215520668561e+01
4.319354092898974073e+01
4.319354118310372570e+01
4.319354291414963143e+01
4.319354271828714786e+01
4.319354148058096143e+01
4.319354150968359818e+01
4.423269996462212106e+01
4.423270036065889599e+01
4.423270159790394729e+01
4.423270172635885444e+01
4.423270226174768993e+01
4.423270281905923440e+01
4.423270099384964738e+01
4.423269917650232230e+01
4.423269908634765102e+01
4.423270094474690239e+01
4.423270150805995371e+01
4.423269976258453795e+01
4.423269915744536718e+01
4.423270033691819236e+01
4.423270033928769607e+01
4.423269981183449318e+01
