-4.719250199999999729e-01
-4.719232300000000269e-01
-4.719233999999999374e-01
-4.719252500000000738e-01
-4.719257399999999825e-01
-4.719244200000000111e-01
-4.719238900000000125e-01
-4.719245699999999877e-01
-4.719238700000000786e-01
-4.719227999999999756e-01
-4.719226300000000096e-01
-4.719236800000000120e-01
-4.719239100000000020e-01
-4.719228100000000259e-01
-4.719233600000000139e-01
-4.719250500000000126e-01
5.464917319938513707e-01
5.464916237889572148e-01
5.464920015405627662e-01
5.464917697423737897e-01
5.464941479368410349e-01
5.464944745365376555e-01
5.464953945492780907e-01
5.464957053800687525e-01
5.464931151439714752e-01
5.464930785688764114e-01
5.464933029675901333e-01
5.464932687160070079e-01
5.464953014830118416e-01
5.464950967303829898e-01
5.464954370377952397e-01
5.464954140258926341e-01
1.654946890173126572e+00
1.654946681068917069e+00
1.654946510293141992e+00
1.654946167093045206e+00
1.654946623927056271e+00
1.654946974175848906e+00
1.654947742819509848e+00
1.654948422236790506e+00
1.654948312239667541e+00
1.654948083963987182e+00
1.654947791973160109e+00
1.654947297577940901e+00
1.654947248771584833e+00
1.654947269071478377e+00
1.654947065320536481e+00
1.654947299197758737e+00
2.787272118794357212e+00
2.787270135936017024e+00
2.787267447461516223e+00
2.787266112901208626e+00
2.787266855510762475e+00
2.787269123982496044e+00
2.787272800046463050e+00
2.787274298447110610e+00
2.787273421752256564e+00
2.787271400543848365e+00
2.787268482907630407e+00
2.787266899597825809e+00
2.787266905628516422e+00
2.787268693094966832e+00
2.787271583131754049e+00
2.787272950304639174e+00
3.934993686710861027e+00
3.934991612939039207e+00
3.934989853665757931e+00
3.934989923063598294e+00
3.934993300081890855e+00
3.934996752783843199e+00
3.934998758995023493e+00
3.934997759259208472e+00
3.934994914590340009e+00
3.934992741635346736e+00
3.934990582206877807e+00
3.934990217102384058e+00
3.934992517262733358e+00
3.934995633110265789e+00
3.934997419267986629e+00
3.934996400846563880e+00
5.069688214941076687e+00
5.069686945572476233e+00
5.069687569874458788e+00
5.069689755859760005e+00
5.069696437220644114e+00
5.069697801323778563e+00
5.069696256364767173e+00
5.069694299818339189e+00
5.069689228649171042e+00
5.069687907391047688e+00
5.069687635802588410e+00
5.069689173252500680e+00
5.069695203160326180e+00
5.069696437112511944e+00
5.069694848886820537e+00
5.069693084634509184e+00
6.210660508401963043e+00
6.210660778474010435e+00
6.210665641033637385e+00
6.210668825383946157e+00
6.210672207202771133e+00
6.210671442682843768e+00
6.210666870853978949e+00
6.210664491175651669e+00
6.210661246391750545e+00
6.210661131663035128e+00
6.210664889333593841e+00
6.210667718962425532e+00
6.210670795753290285e+00
6.210669989141393010e+00
6.210665647605142503e+00
6.210663438755370080e+00
7.352731109004993826e+00
7.352733518708199689e+00
7.352738907003254276e+00
7.352740720764417759e+00
7.352739756165742158e+00
7.352737351074013716e+00
7.352732601509018195e+00
7.352730967620213498e+00
7.352731142413947651e+00
7.352733055680888974e+00
7.352737772248710613e+00
7.352739361154974951e+00
7.352738225108090830e+00
7.352735968813441048e+00
7.352731629192792440e+00
7.352730198674048090e+00
8.491113392666422399e+00
8.491115562294529795e+00
8.491119079853486795e+00
8.491118709965771671e+00
8.491114166837107291e+00
8.491112232247525426e+00
8.491108963837474377e+00
8.491109029781023665e+00
8.491112833126980064e+00
8.491114662314851458e+00
8.491117652406460437e+00
8.491117144368912406e+00
8.491112721889143344e+00
8.491111059692768137e+00
8.491108513561382409e+00
8.491108924573913086e+00
9.632094567435284915e+00
9.632096427875476152e+00
9.632095796513194585e+00
9.632093461418898883e+00
9.632089790086702408e+00
9.632088068952462834e+00
9.632088144725221568e+00
9.632090176285391436e+00
9.632093693815731328e+00
9.632095156304803396e+00
9.632094082174120331e+00
9.632091808556829449e+00
9.632088751594931608e+00
9.632087515717653758e+00
9.632088364824356930e+00
9.632090567364274492e+00
1.077323097039106514e+01
1.077323072293842721e+01
1.077322707850940020e+01
1.077322542525260474e+01
1.077322258199969340e+01
1.077322255017040931e+01
1.077322588181286633e+01
1.077322748127796892e+01
1.077322946654332547e+01
1.077322895609263043e+01
1.077322547344545534e+01
1.077322412930626072e+01
1.077322238008006394e+01
1.077322278811652190e+01
1.077322625882548657e+01
1.077322803731142642e+01
1.191206099821627085e+01
1.191205960234458772e+01
1.191205618546696243e+01
1.191205496522835539e+01
1.191205508657732359e+01
1.191205647882816443e+01
1.191205957904816515e+01
1.191206016821826985e+01
1.191205911045758015e+01
1.191205783791347272e+01
1.191205513038668329e+01
1.191205453680134063e+01
1.191205548251966029e+01
1.191205680916517373e+01
1.191206026996014877e+01
1.191206146491660434e+01
1.305305973732030367e+01
1.305305800633301949e+01
1.305305622739203031e+01
1.305305625040318596e+01
1.305305813969501116e+01
1.305305978925185784e+01
1.305306022577066116e+01
1.305305964073444080e+01
1.305305806231959487e+01
1.305305670677095264e+01
1.305305610145247108e+01
1.305305656740500808e+01
1.305305847803421671e+01
1.305306026722441182e+01
1.305306179459407545e+01
1.305306152962096711e+01
1.419407378279081478e+01
1.419407318318872591e+01
1.419407328319209327e+01
1.419407382233798032e+01
1.419407614610240387e+01
1.419407602552453973e+01
1.419407501684730732e+01
1.419407470718701347e+01
1.419407280640019131e+01
1.419407276373018867e+01
1.419407362084709945e+01
1.419407420010582932e+01
1.419407690454187332e+01
1.419407730241774779e+01
1.419407698982994681e+01
1.419407655525537848e+01
1.533307262218501599e+01
1.533307266113665790e+01
1.533307329527551133e+01
1.533307424468633151e+01
1.533307399566870721e+01
1.533307351185923473e+01
1.533307301425719338e+01
1.533307230907749386e+01
1.533307238426143648e+01
1.533307276327716728e+01
1.533307381670253555e+01
1.533307496394566627e+01
1.533307550133875452e+01
1.533307536978687757e+01
1.533307469935887468e+01
1.533307351597698798e+01
1.647398941987437126e+01
1.647398958166592919e+01
1.647398991861373574e+01
1.647398984428185287e+01
1.647398919743807966e+01
1.647398898258144584e+01
1.647398891129191156e+01
1.647398896344840935e+01
1.647398955179842872e+01
1.647399005742440181e+01
1.647399096648319983e+01
1.647399118302440613e+01
1.647399107593983913e+01
1.647399077592454475e+01
1.647398985170111985e+01
1.647398949569643634e+01
1.761493369420041688e+01
1.761493331722467914e+01
1.761493316385880092e+01
1.761493293454084963e+01
1.761493262793410253e+01
1.761493311272414530e+01
1.761493344779567494e+01
1.761493364777535575e+01
1.761493444164891642e+01
1.761493439971578923e+01
1.761493467228930498e+01
1.761493466860370916e+01
1.761493421785607794e+01
1.761493427258744404e+01
1.761493391063114089e+01
1.761493381344976328e+01
1.875403127616811361e+01
1.875403130540782470e+01
1.875403118754490706e+01
1.875403093464477422e+01
1.875403233414767357e+01
1.875403247591388478e+01
1.875403288347532182e+01
1.875403336391541842e+01
1.875403265544978737e+01
1.875403280287364538e+01
1.875403285695125888e+01
1.875403253320106955e+01
1.875403336058016635e+01
1.875403322605336953e+01
1.875403288859393669e+01
1.875403278163151555e+01
1.989492033482479272e+01
1.989492036857824075e+01
1.989492070046478034e+01
1.989492154205819219e+01
1.989492236638183442e+01
1.989492255331911608e+01
1.989492275971704061e+01
1.989492223719592445e+01
1.989492194051032214e+01
1.989492198180018434e+01
1.989492210881387990e+01
1.989492272450497623e+01
1.989492307062094767e+01
1.989492285679217787e+01
1.989492185156604975e+01
1.989492087949775723e+01
2.103582145605984621e+01
2.103582180983369554e+01
2.103582334047560565e+01
2.103582382865897671e+01
2.103582427621818596e+01
2.103582430229300115e+01
2.103582328297281023e+01
2.103582296984468059e+01
2.103582299783538900e+01
2.103582323964140244e+01
2.103582448283086137e+01
2.103582475224689574e+01
2.103582428788518754e+01
2.103582365614427729e+01
2.103582173088561547e+01
2.103582131691917212e+01
2.217495255369674112e+01
2.217495307783549308e+01
2.217495436117672014e+01
2.217495466382811031e+01
2.217495417041669370e+01
2.217495385973925437e+01
2.217495270795882334e+01
2.217495269766083510e+01
2.217495392516069685e+01
2.217495432217559781e+01
2.217495514559881897e+01
2.217495496836836466e+01
2.217495317465596472e+01
2.217495240611517815e+01
2.217495104592856947e+01
2.217495109769173922e+01
2.331585475046439981e+01
2.331585544643210284e+01
2.331585600088576982e+01
2.331585566275647281e+01
2.331585496199143392e+01
2.331585422099105998e+01
2.331585420304427814e+01
2.331585504324108982e+01
2.331585592108508820e+01
2.331585635960125913e+01
2.331585596927066462e+01
2.331585498746110474e+01
2.331585337854610174e+01
2.331585255082762131e+01
2.331585262162782612e+01
2.331585353666483229e+01
2.445674522804283768e+01
2.445674554552778091e+01
2.445674484651383906e+01
2.445674475553656890e+01
2.445674344709144066e+01
2.445674340082659981e+01
2.445674500933322193e+01
2.445674515499823087e+01
2.445674584274029328e+01
2.445674572412939796e+01
2.445674391136024894e+01
2.445674338949877935e+01
2.445674176460026317e+01
2.445674171421520526e+01
2.445674346689917655e+01
2.445674384344311036e+01
2.559584393515241629e+01
2.559584370295195299e+01
2.559584310048889577e+01
2.559584257980906230e+01
2.559584262916473563e+01
2.559584330247822592e+01
2.559584400744688892e+01
2.559584415171558547e+01
2.559584374194832179e+01
2.559584307149459192e+01
2.559584168148492722e+01
2.559584095010604088e+01
2.559584086972334660e+01
2.559584158274614651e+01
2.559584282880326711e+01
2.559584343147652419e+01
2.673678743202370001e+01
2.673678714016609348e+01
2.673678676609434035e+01
2.673678680265514984e+01
2.673678742535783570e+01
2.673678774850843354e+01
2.673678769281799461e+01
2.673678747837077907e+01
2.673678667635638462e+01
2.673678604139999848e+01
2.673678502221680375e+01
2.673678496077348044e+01
2.673678571064602139e+01
2.673678630178759619e+01
2.673678733015663767e+01
2.673678760304217761e+01
2.787770313900295704e+01
2.787770339009458809e+01
2.787770360537494341e+01
2.787770338912015688e+01
2.787770393853519479e+01
2.787770358122623549e+01
2.787770308565372446e+01
2.787770321509128735e+01
2.787770199057241172e+01
2.787770177368104640e+01
2.787770162375591099e+01
2.787770149012940379e+01
2.787770271860780369e+01
2.787770301566767728e+01
2.787770351860903517e+01
2.787770377608987715e+01
2.901670294670710959e+01
2.901670308053816427e+01
2.901670232686584683e+01
2.901670250551978825e+01
2.901670168441286535e+01
2.901670142047063194e+01
2.901670186203293156e+01
2.901670136599535255e+01
2.901670111302527388e+01
2.901670104249311777e+01
2.901670050048031158e+01
2.901670098411561582e+01
2.901670151524805163e+01
2.901670181294995388e+01
2.901670245273200877e+01
2.901670219773919612e+01
3.015771960973223997e+01
3.015771892601198445e+01
3.015771827459476384e+01
3.015771761051330913e+01
3.015771727118982071e+01
3.015771788303359457e+01
3.015771784283766266e+01
3.015771784434242164e+01
3.015771747698582672e+01
3.015771692486961086e+01
3.015771706608665426e+01
3.015771712128278637e+01
3.015771782556125657e+01
3.015771845507304150e+01
3.015771883634311124e+01
3.015771942965855246e+01
3.129871980956032118e+01
3.129871894247922626e+01
3.129871763412447194e+01
3.129871757582805003e+01
3.129871863782544850e+01
3.129871914577821457e+01
3.129871925033652857e+01
3.129871895567568529e+01
3.129871793514416467e+01
3.129871746468171523e+01
3.129871749041261708e+01
3.129871796753327473e+01
3.129871926572525354e+01
3.129871996831671055e+01
3.129872107294437811e+01
3.129872107701659800e+01
3.243754941287324556e+01
3.243754864426323081e+01
3.243754876834297107e+01
3.243754940349757732e+01
3.243755137910440567e+01
3.243755138947246053e+01
3.243755058242037137e+01
3.243755012362979073e+01
3.243754827614488789e+01
3.243754816561326493e+01
3.243754923975517102e+01
3.243754997790583161e+01
3.243755246363586053e+01
3.243755298749064764e+01
3.243755273575175835e+01
3.243755214594656167e+01
3.357868257550832425e+01
3.357868278643462645e+01
3.357868434380316813e+01
3.357868595291552793e+01
3.357868636396407425e+01
3.357868582108814337e+01
3.357868454861299057e+01
3.357868298592001111e+01
3.357868230719333980e+01
3.357868297461932627e+01
3.357868509896228204e+01
3.357868699216695774e+01
3.357868815566646958e+01
3.357868784417031804e+01
3.357868636400615259e+01
3.357868440217229988e+01
3.471966085427162341e+01
3.471966170772925864e+01
3.471966494145003423e+01
3.471966534321619235e+01
3.471966436940141421e+01
3.471966354658110276e+01
3.471966031531533048e+01
3.471965978663143204e+01
3.471966108454635247e+01
3.471966240653394209e+01
3.471966637139736633e+01
3.471966698719930378e+01
3.471966627945232631e+01
3.471966539229371307e+01
3.471966145002424753e+01
3.471966047629407370e+01
3.585804085005043618e+01
3.585804269398049371e+01
3.585804416948003848e+01
3.585804371131987978e+01
3.585804106774106970e+01
3.585803909366789100e+01
3.585803733644301161e+01
3.585803809236836059e+01
3.585804183239977760e+01
3.585804410698548139e+01
3.585804600219045568e+01
3.585804545404079136e+01
3.585804258487206653e+01
3.585804051148983262e+01
3.585803796734313664e+01
3.585803815638049485e+01
3.700011294815119101e+01
3.700011371923364578e+01
3.700011279893668359e+01
3.700011133934459906e+01
3.700010717696709150e+01
3.700010593203410281e+01
3.700010745835564308e+01
3.700010981160014722e+01
3.700011461687000747e+01
3.700011556226506571e+01
3.700011443125053745e+01
3.700011285310225162e+01
3.700010845364131029e+01
3.700010687938826948e+01
3.700010729201133586e+01
3.700010907944754024e+01
3.814108798935435374e+01
3.814108769135705046e+01
3.814108418720682891e+01
3.814108235258087376e+01
3.814107958545853450e+01
3.814108027641272258e+01
3.814108545646674742e+01
3.814108756474090001e+01
3.814108997069727280e+01
3.814108941263414465e+01
3.814108555812025969e+01
3.814108377680486228e+01
3.814108028546003482e+01
3.814108034940298353e+01
3.814108452420023099e+01
3.814108613358352073e+01
3.927578451766774492e+01
3.927578284854853052e+01
3.927578037891375118e+01
3.927577878100937170e+01
3.927577970146855080e+01
3.927578258176257719e+01
3.927578578303407397e+01
3.927578679649032978e+01
3.927578626656639926e+01
3.927578444010234193e+01
3.927578151611607638e+01
3.927577957588426472e+01
3.927577956727001407e+01
3.927578193747884683e+01
3.927578422800728930e+01
3.927578500721369181e+01
4.042350640891882563e+01
4.042350423216481659e+01
4.042350282199055300e+01
4.042350357815762862e+01
4.042350672412857193e+01
4.042350930803352327e+01
4.042351098378885865e+01
4.042351044966311235e+01
4.042350793611588244e+01
4.042350540267644021e+01
4.042350345818923785e+01
4.042350382727946823e+01
4.042350570436880730e+01
4.042350786052391953e+01
4.042350933043214667e+01
4.042350870942443919e+01
4.155582926505434926e+01
4.155582921276801045e+01
4.155582916448686603e+01
4.155582968665966348e+01
4.155582962000109148e+01
4.155582998556790386e+01
4.155583047644866923e+01
4.155583011515755487e+01
4.155583037067480490e+01
4.155583007751550895e+01
4.155582912879630442e+01
4.155582889741355501e+01
4.155582797434788489e+01
4.155582834857018781e+01
4.155582878206897846e+01
4.155582847871610852e+01
4.266428503436125652e+01
4.266428486405430931e+01
4.266428218477681611e+01
4.266428237150361014e+01
4.266428166371563435e+01
4.266428213560507032e+01
4.266428437406279528e+01
4.266428381804703918e+01
4.266428563312645394e+01
4.266428551011818371e+01
4.266428082448251757e+01
4.266428071315199588e+01
4.266428040313731884e+01
4.266428019978650354e+01
4.266428243351550975e+01
4.266428292766089214e+01
4.368269996272233158e+01
4.368270035383466166e+01
4.368270157569556744e+01
4.368270170255322427e+01
4.368270223128486407e+01
4.368270278166664866e+01
4.368270097915222294e+01
4.368269918440220323e+01
4.368269909536856233e+01
4.368270093065995496e+01
4.368270148696872468e+01
4.368269976319689363e+01
4.368269916558216437e+01
4.368270033038918854e+01
4.368270033272924735e+01
4.368269981183446760e+01
