-4.719250199999999729e-01
-4.719232300000000269e-01
-4.719233999999999374e-01
-4.719252500000000738e-01
-4.719257399999999825e-01
-4.719244200000000111e-01
-4.719238900000000125e-01
-4.719245699999999877e-01
-4.719238700000000786e-01
-4.719227999999999756e-01
-4.719226300000000096e-01
-4.719236800000000120e-01
-4.719239100000000020e-01
-4.719228100000000259e-01
-4.719233600000000139e-01
-4.719250500000000126e-01
5.234167501176610893e-01
5.234167952749468888e-01
5.234170787279046611e-01
5.234168162429749804e-01
5.234162298510018907e-01
5.234164210171886600e-01
5.234173282159497731e-01
5.234176238998549113e-01
5.234180595151803894e-01
5.234182232124532375e-01
5.234184768622851536e-01
5.234184198791964615e-01
5.234173761801125258e-01
5.234169700167872197e-01
5.234173134530931693e-01
5.234173412025909800e-01
1.613556149990477806e+00
1.613556101936727494e+00
1.613555876951557666e+00
1.613555815791375414e+00
1.613555816965250189e+00
1.613556001934828732e+00
1.613556558982352396e+00
1.613556903492184169e+00
1.613557409463051373e+00
1.613557404969549580e+00
1.613557158045156426e+00
1.613556909767917213e+00
1.613556263691056980e+00
1.613556145468887371e+00
1.613556066261391919e+00
1.613556024662599064e+00
2.694107448963508844e+00
2.694107345954463550e+00
2.694107689212886569e+00
2.694107862934615127e+00
2.694108203664117074e+00
2.694108539661573154e+00
2.694109440240036957e+00
2.694109638867252077e+00
2.694109356761461793e+00
2.694109217105010501e+00
2.694108959540160608e+00
2.694108639268478100e+00
2.694107991251758705e+00
2.694107903587433128e+00
2.694107950363300752e+00
2.694107895319671986e+00
3.841986080661499159e+00
3.841986556541486131e+00
3.841986651384191376e+00
3.841986204878649502e+00
3.841986737910191074e+00
3.841987545041338326e+00
3.841988080141635287e+00
3.841987727382552897e+00
3.841987541913465254e+00
3.841987833350488213e+00
3.841987090494050516e+00
3.841986224904927472e+00
3.841986028222417637e+00
3.841986644483140090e+00
3.841986754144089300e+00
3.841986230986437878e+00
4.950608696932862429e+00
4.950608752834863679e+00
4.950608518153372550e+00
4.950608959013183430e+00
4.950610254801602217e+00
4.950610555532749757e+00
4.950610188726652261e+00
4.950609938436087987e+00
4.950609981550938343e+00
4.950609640888064433e+00
4.950608259394675414e+00
4.950608136126213310e+00
4.950608855707433698e+00
4.950608836995317397e+00
4.950608060360358387e+00
4.950608008175021446e+00
6.075934812117668393e+00
6.075934630782227508e+00
6.075935444368156801e+00
6.075936113985800802e+00
6.075936780785165858e+00
6.075936626948050368e+00
6.075936248825263952e+00
6.075936252820326011e+00
6.075935423336444430e+00
6.075934727339153518e+00
6.075934448753516293e+00
6.075934828574034441e+00
6.075934937082532628e+00
6.075934576971854462e+00
6.075934455125045375e+00
6.075934800654027690e+00
7.204271061026281231e+00
7.204271474240463213e+00
7.204272549871043374e+00
7.204272945859323762e+00
7.204273032775113883e+00
7.204272809375630970e+00
7.204272212620180582e+00
7.204271775826461166e+00
7.204270845365167375e+00
7.204270712910975760e+00
7.204271101705813862e+00
7.204271208766049206e+00
7.204270941479668622e+00
7.204270883383505186e+00
7.204270978229782685e+00
7.204270912281632633e+00
8.335180106998809180e+00
8.335180669522872066e+00
8.335181478097887009e+00
8.335181587892888544e+00
8.335181270440385148e+00
8.335180907950151763e+00
8.335179906026631613e+00
8.335179446624685795e+00
8.335179157340533607e+00
8.335179374567394106e+00
8.335179718231001900e+00
8.335179688100586404e+00
8.335179523154305770e+00
8.335179441611691331e+00
8.335179319555438227e+00
8.335179365852274813e+00
9.463140776999244608e+00
9.463141222384814810e+00
9.463141515792878877e+00
9.463141339531496499e+00
9.463140546776397599e+00
9.463140044959756025e+00
9.463139056652927650e+00
9.463138908967255958e+00
9.463139446379889463e+00
9.463139638414123311e+00
9.463139614127928922e+00
9.463139513990229901e+00
9.463139283473225305e+00
9.463139217326123287e+00
9.463139286362617142e+00
9.463139638131050191e+00
1.059212748702189799e+01
1.059212762962048338e+01
1.059212722071096913e+01
1.059212690399498236e+01
1.059212587903385305e+01
1.059212534087372681e+01
1.059212522250486899e+01
1.059212542750626973e+01
1.059212570301208167e+01
1.059212575992524208e+01
1.059212556574586017e+01
1.059212544289060887e+01
1.059212537205488225e+01
1.059212542958279002e+01
1.059212598168046782e+01
1.059212649521709260e+01
1.172124977643013999e+01
1.172124959550771628e+01
1.172124891518970102e+01
1.172124842924942634e+01
1.172124757670705186e+01
1.172124747363620578e+01
1.172124771349395367e+01
1.172124783882587096e+01
1.172124794083344312e+01
1.172124788246299865e+01
1.172124764541747233e+01
1.172124764334430758e+01
1.172124785685687520e+01
1.172124806546415243e+01
1.172124902216372000e+01
1.172124953630263278e+01
1.285221049860371600e+01
1.285221027320898912e+01
1.285220939682731789e+01
1.285220895703160338e+01
1.285220859364713419e+01
1.285220867716198612e+01
1.285220897901454151e+01
1.285220901801534943e+01
1.285220892809946847e+01
1.285220886212222879e+01
1.285220881045929531e+01
1.285220892389921232e+01
1.285220941870218780e+01
1.285220986683790301e+01
1.285221076595095369e+01
1.285221080813978567e+01
1.398193429729008663e+01
1.398193397160409823e+01
1.398193326905611578e+01
1.398193299239529885e+01
1.398193300547975149e+01
1.398193311874328337e+01
1.398193317005427794e+01
1.398193317780852674e+01
1.398193314379543217e+01
1.398193316099708561e+01
1.398193337831463623e+01
1.398193364073343226e+01
1.398193440934918108e+01
1.398193472330983411e+01
1.398193494557841454e+01
1.398193484526365538e+01
1.510998954384480086e+01
1.510998922613143769e+01
1.510998869193845096e+01
1.510998869014572676e+01
1.510998867003528368e+01
1.510998865486253528e+01
1.510998873366930262e+01
1.510998879182474042e+01
1.510998896943791081e+01
1.510998905528811243e+01
1.510998957468634529e+01
1.510998992270973496e+01
1.510999032303912948e+01
1.510999044401310876e+01
1.510999032303132417e+01
1.510999005702658593e+01
1.624069311104724633e+01
1.624069277456738902e+01
1.624069258016189821e+01
1.624069255661858691e+01
1.624069254205698698e+01
1.624069260835662831e+01
1.624069276976882037e+01
1.624069288363042673e+01
1.624069318131089901e+01
1.624069344195631714e+01
1.624069401037606397e+01
1.624069414084419805e+01
1.624069428201965692e+01
1.624069425016484658e+01
1.624069390166098970e+01
1.624069370216671970e+01
1.737107653202045299e+01
1.737107638109942798e+01
1.737107632164494220e+01
1.737107627091332773e+01
1.737107639182021046e+01
1.737107653953536612e+01
1.737107683323580076e+01
1.737107701371327551e+01
1.737107751648915155e+01
1.737107773800511623e+01
1.737107793138540401e+01
1.737107795020134660e+01
1.737107792135822848e+01
1.737107782030451375e+01
1.737107751391464916e+01
1.737107725428126059e+01
1.849923922175102931e+01
1.849923914792692159e+01
1.849923897664042016e+01
1.849923903271205106e+01
1.849923948333903567e+01
1.849923971733772632e+01
1.849924017570544521e+01
1.849924039501265938e+01
1.849924063088679915e+01
1.849924065773909021e+01
1.849924074197118173e+01
1.849924073118000578e+01
1.849924055922231858e+01
1.849924050192359815e+01
1.849924011696228376e+01
1.849923970550054975e+01
1.962958650554227802e+01
1.962958637831745534e+01
1.962958652530026527e+01
1.962958680582617177e+01
1.962958744714475046e+01
1.962958769114022317e+01
1.962958803007258624e+01
1.962958812644759021e+01
1.962958810513239882e+01
1.962958814119941309e+01
1.962958813084755505e+01
1.962958803412751152e+01
1.962958799655381981e+01
1.962958784213804009e+01
1.962958717213988535e+01
1.962958689068413776e+01
2.075997626026191867e+01
2.075997631497824614e+01
2.075997686450601876e+01
2.075997721910508176e+01
2.075997781214157811e+01
2.075997800667528637e+01
2.075997809303753883e+01
2.075997804421982806e+01
2.075997798610854161e+01
2.075997797089393870e+01
2.075997797361350194e+01
2.075997800685374983e+01
2.075997770618250371e+01
2.075997736930544590e+01
2.075997669424908665e+01
2.075997648723425471e+01
2.188829809946737726e+01
2.188829835065633844e+01
2.188829912937144329e+01
2.188829949977684564e+01
2.188829984162670428e+01
2.188829986556085316e+01
2.188829973881941271e+01
2.188829965161925983e+01
2.188829960684291365e+01
2.188829968538851745e+01
2.188829970481821974e+01
2.188829956402173238e+01
2.188829903458657000e+01
2.188829864428179306e+01
2.188829803535867669e+01
2.188829795033233694e+01
2.301868846378201994e+01
2.301868887959866328e+01
2.301868962421847797e+01
2.301868978906729524e+01
2.301868978167553337e+01
2.301868972943711356e+01
2.301868951739068692e+01
2.301868947843554025e+01
2.301868963515052613e+01
2.301868962123045748e+01
2.301868943443039939e+01
2.301868925115273257e+01
2.301868844032376415e+01
2.301868807033575592e+01
2.301868779681093002e+01
2.301868786254586396e+01
2.414903656156469225e+01
2.414903696990097970e+01
2.414903737058787314e+01
2.414903738543568323e+01
2.414903720699811629e+01
2.414903702979000855e+01
2.414903695463654643e+01
2.414903708693551110e+01
2.414903709556415023e+01
2.414903699470037424e+01
2.414903661931611367e+01
2.414903621418016044e+01
2.414903543092088611e+01
2.414903531328733877e+01
2.414903546660696776e+01
2.414903572167171575e+01
2.527719992615138622e+01
2.527720022806996525e+01
2.527720032841225972e+01
2.527720019632524640e+01
2.527719980031551472e+01
2.527719975001595643e+01
2.527719998958730940e+01
2.527719998138325863e+01
2.527719976934607260e+01
2.527719959980290199e+01
2.527719886993519793e+01
2.527719851082967395e+01
2.527719822012934614e+01
2.527719827064079183e+01
2.527719873982348275e+01
2.527719910349453158e+01
2.640758412237336472e+01
2.640758419488704334e+01
2.640758397463950402e+01
2.640758378177250876e+01
2.640758363245657847e+01
2.640758374128382968e+01
2.640758369771688407e+01
2.640758358081818358e+01
2.640758328863879711e+01
2.640758295963578206e+01
2.640758225448015395e+01
2.640758211302392411e+01
2.640758216775223133e+01
2.640758237341073311e+01
2.640758309417738303e+01
2.640758349838584351e+01
2.753828812488331579e+01
2.753828805413137815e+01
2.753828772962528859e+01
2.753828764901034276e+01
2.753828766616191714e+01
2.753828756822220214e+01
2.753828740486135018e+01
2.753828734387042232e+01
2.753828676894312721e+01
2.753828639106939491e+01
2.753828603332692637e+01
2.753828606708411542e+01
2.753828645100841754e+01
2.753828678594349455e+01
2.753828759118479041e+01
2.753828792064654252e+01
2.866634371451621988e+01
2.866634352432220112e+01
2.866634330899860927e+01
2.866634329458649333e+01
2.866634309323030649e+01
2.866634302158257697e+01
2.866634286614076998e+01
2.866634261997733901e+01
2.866634199789127990e+01
2.866634181645651580e+01
2.866634180320976810e+01
2.866634192684784210e+01
2.866634252052597276e+01
2.866634295706133173e+01
2.866634367920138615e+01
2.866634383423751942e+01
2.979606784394542274e+01
2.979606776711019478e+01
2.979606743868002994e+01
2.979606726852657772e+01
2.979606720270145459e+01
2.979606715021047592e+01
2.979606683599178751e+01
2.979606655511187085e+01
2.979606607940268503e+01
2.979606609147223040e+01
2.979606632015455148e+01
2.979606651285414998e+01
2.979606733408955677e+01
2.979606776181515571e+01
2.979606817467205460e+01
2.979606811982350933e+01
3.092702889886814432e+01
3.092702861333498632e+01
3.092702819553382554e+01
3.092702818327451553e+01
3.092702820109293782e+01
3.092702809293226096e+01
3.092702761842584280e+01
3.092702735042417217e+01
3.092702725625173343e+01
3.092702736720732659e+01
3.092702775015552774e+01
3.092702812958151526e+01
3.092702894180689555e+01
3.092702918240446763e+01
3.092702928262849582e+01
3.092702922242654751e+01
3.205615069143542684e+01
3.205615038599230360e+01
3.205615030895703654e+01
3.205615041627554263e+01
3.205615035939676005e+01
3.205615003642386540e+01
3.205614955568019298e+01
3.205614957856128910e+01
3.205614967852124408e+01
3.205614982086872544e+01
3.205615049759140334e+01
3.205615088753719988e+01
3.205615153994081368e+01
3.205615161155341752e+01
3.205615153918111560e+01
3.205615141284101810e+01
3.318513631812420783e+01
3.318513623460763995e+01
3.318513658958175938e+01
3.318513656613925633e+01
3.318513603316302607e+01
3.318513584092929847e+01
3.318513575986830944e+01
3.318513575014106465e+01
3.318513596777026464e+01
3.318513630425751160e+01
3.318513717627178750e+01
3.318513752000874462e+01
3.318513784869547578e+01
3.318513777661299713e+01
3.318513738304999094e+01
3.318513709223071828e+01
3.431309619592306603e+01
3.431309633940342962e+01
3.431309629591039823e+01
3.431309609834522689e+01
3.431309576091327074e+01
3.431309568307203506e+01
3.431309565904356873e+01
3.431309573206672070e+01
3.431309635849147810e+01
3.431309681132463396e+01
3.431309752372656874e+01
3.431309770062925679e+01
3.431309760917666551e+01
3.431309740056521917e+01
3.431309677005925352e+01
3.431309639170807202e+01
3.544400485950418300e+01
3.544400485364549525e+01
3.544400440581257783e+01
3.544400432979957571e+01
3.544400426192951414e+01
3.544400414347175854e+01
3.544400422310663856e+01
3.544400455413169482e+01
3.544400544097903349e+01
3.544400583252500070e+01
3.544400620664594470e+01
3.544400611745350460e+01
3.544400578297675253e+01
3.544400553908077711e+01
3.544400468924621350e+01
3.544400450864736740e+01
3.657234118481843410e+01
3.657234063772400390e+01
3.657234044206560952e+01
3.657234064754596403e+01
3.657234046945060157e+01
3.657234035083954637e+01
3.657234096253704081e+01
3.657234160497254294e+01
3.657234239800606446e+01
3.657234232417849995e+01
3.657234224899661257e+01
3.657234230328730007e+01
3.657234168846760980e+01
3.657234106486445313e+01
3.657234072777779943e+01
3.657234118765188668e+01
3.769766665807257056e+01
3.769766660384194523e+01
3.769766696604357037e+01
3.769766679475851134e+01
3.769766652472732460e+01
3.769766684405235679e+01
3.769766808505327305e+01
3.769766852216747566e+01
3.769766856057712801e+01
3.769766849115062257e+01
3.769766853184584221e+01
3.769766823867336569e+01
3.769766691272447190e+01
3.769766670703024403e+01
3.769766759816737078e+01
3.769766763756688732e+01
3.880628888278695854e+01
3.880628932654028773e+01
3.880628889839304207e+01
3.880628854034463160e+01
3.880628918956615792e+01
3.880629004896256617e+01
3.880629119481003642e+01
3.880629091454647295e+01
3.880629079985482122e+01
3.880629105912357346e+01
3.880628985243420459e+01
3.880628897367483177e+01
3.880628892880270797e+01
3.880628965309865208e+01
3.880629012631413843e+01
3.880628936788100702e+01
3.995416738416397351e+01
3.995416740590000160e+01
3.995416716438938209e+01
3.995416737064446977e+01
3.995416870285009026e+01
3.995416909260495686e+01
3.995416961009217971e+01
3.995416968794864943e+01
3.995416899814590295e+01
3.995416853677230051e+01
3.995416766000849407e+01
3.995416757026218590e+01
3.995416797900228545e+01
3.995416802407171986e+01
3.995416814269162842e+01
3.995416795119182041e+01
4.103471847344592049e+01
4.103471844919080525e+01
4.103471940393133366e+01
4.103472008211634403e+01
4.103472208818182310e+01
4.103472243254092433e+01
4.103472200466210751e+01
4.103472148010131804e+01
4.103471945370736051e+01
4.103471913662692572e+01
4.103471929917891003e+01
4.103471933563660912e+01
4.103472064037324429e+01
4.103472093614520588e+01
4.103472023930479651e+01
4.103471977167581031e+01
4.212485734883986765e+01
4.212485749561934512e+01
4.212485972086538766e+01
4.212486062569518452e+01
4.212486230998903380e+01
4.212486249868456412e+01
4.212485973966192887e+01
4.212485839653206909e+01
4.212485785388924597e+01
4.212485808646432872e+01
4.212485843301055155e+01
4.212485908193735185e+01
4.212486110938766615e+01
4.212486054086730292e+01
4.212485775118096143e+01
4.212485753060180826e+01
4.312019996077935957e+01
4.312020034685534142e+01
4.312020155298245783e+01
4.312020167820654848e+01
4.312020220012971095e+01
4.312020274342423676e+01
4.312020096412076242e+01
4.312019919248162125e+01
4.312019910459449079e+01
4.312020091625286966e+01
4.312020146539806831e+01
4.312019976382316599e+01
4.312019917390389168e+01
4.312020032371179212e+01
4.312020032602173103e+01
4.312019981183443917e+01
