3.825565621008563972e-03
7.760964494592985027e-03
-8.433258373593483306e-03
1.545036011209337257e-02
-1.574551814269761069e-02
1.419015831256209732e-02
-1.375355439787902256e-02
4.593237746802758537e-03
-3.825615965758529229e-03
-7.760914395066409975e-03
8.433260739069234346e-03
-1.545039673826339999e-02
1.574551386561063096e-02
-1.419017688786321923e-02
1.375353200083550761e-02
-4.593235631168693898e-03
-5.922503940861047894e-08
-2.538400985853948328e-08
2.395501416143069190e-08
-1.781280708069814256e-08
2.873594365210936294e-08
-1.598044264343283227e-08
-3.187047393842738080e-09
-4.783294318803660988e-08
3.282184095977679419e-08
2.538498689515989108e-08
-2.394730528291902708e-08
1.794572444580077100e-08
-2.887947205321476050e-08
1.598069692760250779e-08
3.185907266814577352e-09
7.423969672153661603e-08
5.627359033562231300e-09
-6.840013755456689432e-09
1.285637717167659524e-08
-1.353115312944250595e-08
9.990366328665621284e-09
-5.927110508885218010e-09
4.631517139805970545e-09
1.806940551503898040e-09
-5.626789906731065327e-09
6.838085235897473470e-09
-1.294954284075796810e-08
1.362627192753439881e-08
-9.989846720437648916e-09
5.927366642107488592e-09
-7.053841823958986040e-09
6.156454524777407733e-10
-4.561518098867341914e-08
4.832566221089950112e-08
2.220874303123648863e-08
-1.058014380175397590e-08
-8.579405544448161919e-09
1.974070283253899147e-08
2.747207884031162284e-09
2.419672485043811855e-08
4.561115161900780243e-08
-4.833881436807859790e-08
-2.218998765750399959e-08
1.058126456409107935e-08
8.579858551708771652e-09
-1.969152984150190216e-08
-2.796657303958879903e-09
-2.419627101650045735e-08
8.374576758517042474e-09
3.876129804614419222e-08
-1.779946297240909102e-08
1.263969430433543178e-08
6.206559777840320313e-11
2.554087331294854421e-08
4.965981411416547919e-08
1.331274471044380822e-09
-8.270221310026620171e-09
-3.886846719995803653e-08
1.780133875233598419e-08
-1.264107586218098794e-08
1.400255740405340760e-08
-3.960522332150957087e-08
-4.965718589767338306e-08
-1.328986447786720780e-09
2.804489605281144937e-08
-1.420799115490166409e-08
-5.701654546825911385e-09
2.204497517204525442e-09
2.802208949040027597e-09
2.390498749527147394e-08
1.640561803111428504e-08
-1.719498067998155577e-08
-2.802280668836877034e-08
1.420883734650803254e-08
5.699516133139334584e-09
-8.317657443986277432e-09
3.313096506342427805e-09
-2.390268420999629335e-08
-1.639662290707846748e-08
1.716337769141779851e-08
3.274500132415675280e-08
-1.532410281513459788e-08
-9.758753941545815491e-09
1.273126046827475349e-08
-3.935361325165366922e-08
5.172578790780450828e-09
-1.239663030859266754e-08
4.988836115418261719e-08
-3.274451209761824067e-08
1.532338334410236758e-08
1.320057778527155418e-08
-1.617249803406673944e-08
3.935206832595371240e-08
-5.172080323339488988e-09
1.239080262856575090e-08
-4.988342891363998013e-08
-3.955654023248249967e-09
-2.657222873973710126e-08
-1.349698849049691535e-08
2.235133978760656982e-08
-4.613969698728749222e-08
4.492417943571282157e-08
-3.937513915727762839e-08
2.672211816439392512e-08
3.955550655575755525e-09
2.675378879264493637e-08
1.331335157069880870e-08
-2.234936963822114001e-08
4.613751331396069577e-08
-4.489649224839894169e-08
3.934656028309292328e-08
-2.672351954172624486e-08
-3.595457344774798808e-09
1.077171698767118851e-08
-3.095719998451535240e-08
1.048592653766361460e-08
-1.878595308420260082e-08
4.292817006143652414e-08
-2.907966079808183175e-08
1.527444511427748439e-08
4.557463073161932554e-09
-1.173342017052629235e-08
3.095575975279240763e-08
-1.048500696896521888e-08
1.870584883436341231e-08
-4.284946998627968059e-08
2.907937242774781810e-08
-1.527509320881125301e-08
1.264103797495291087e-09
3.469111268963962630e-08
2.561603639389441536e-08
-2.806261429754309394e-08
-3.796876606178246297e-08
2.157230314015932612e-08
5.552439739540601660e-09
-9.176355060091633681e-09
-9.551625551151680937e-10
-3.469010147939973442e-08
-2.561258602933437836e-08
2.808346101737415994e-08
3.794428953613133201e-08
-2.157284832547548895e-08
-5.553914079071270438e-09
8.868672798153110631e-09
6.939731696063841312e-08
1.528982815035473863e-08
-2.081268205971235560e-08
-5.964952953395243757e-08
2.803254212330012762e-08
-1.574392108013872998e-08
-2.267931445415613187e-08
-1.379899004501188020e-08
-6.939583556864366287e-08
-1.528882523206765093e-08
2.080365584373978713e-08
5.965614922567212888e-08
-2.803202740987904579e-08
1.574202324267429121e-08
2.248462694200495382e-08
1.399465158005448046e-08
1.009627162345335012e-07
-1.038192961541357234e-07
-3.685276421488525422e-08
1.067963237110077998e-08
8.173586424223625024e-09
-5.118681476818038104e-08
-1.656909260375162216e-08
-4.870725651552978465e-08
-1.009605553537384556e-07
1.038189452066203174e-07
3.685048771088773574e-08
-1.067888910887817774e-08
-8.173904577604869381e-09
5.192835411004697102e-08
1.582734802713006012e-08
4.870747087647522844e-08
-2.246336522807143750e-08
-5.391472585503272186e-08
2.383772836894314413e-08
-1.449046862893061532e-08
-2.023656798540553539e-08
-1.782993891370548631e-08
-6.590203481212676684e-08
-1.561123098447228215e-08
2.247438938220874295e-08
5.390251595202219526e-08
-2.383731598690056776e-08
1.449027121528485493e-08
1.945894292183433794e-08
1.860747604940206704e-08
6.590285910675237890e-08
1.561197899360474014e-08
-4.408224512833904332e-08
2.385721266856067127e-08
5.471414053651122572e-09
-6.620046415510474208e-09
1.119881175423373398e-09
-3.799966041319064597e-08
-1.712636494156493522e-08
1.853469893279354082e-08
4.412012413819075239e-08
-2.385716256231990018e-08
-5.471735629099683945e-09
6.660757616197120895e-09
-1.160090232373272440e-09
3.799953238200581666e-08
1.712781650943474496e-08
-1.857325101367341552e-08
-4.111015387821498421e-08
2.161028614595158354e-08
1.298428452939631023e-08
-1.911743653892862202e-08
4.706775080527258320e-08
-1.242132151249117247e-08
2.337006531252360658e-08
-6.257623422532094734e-08
4.110993099336692803e-08
-2.160999146446317132e-08
-1.352237627059126035e-08
1.965577685835405430e-08
-4.706745695103042859e-08
1.242110753012371633e-08
-2.333737035770718643e-08
6.254441535719686834e-08
4.483235988505217262e-09
3.413407217989217202e-08
2.375640883447646678e-08
-2.782585010373478732e-08
6.505061405964913945e-08
-6.343461643850334050e-08
5.202300183001985941e-08
-3.788804451822442090e-08
-4.482994593602018796e-09
-3.382687213969231763e-08
-2.406268723636811532e-08
2.782469003988208289e-08
-6.505018168009380278e-08
6.344911890430061235e-08
-5.203721740990496954e-08
3.788848386112242048e-08
1.509684604254378157e-08
-1.873329201734341004e-08
5.399139109554069657e-08
-1.408027879820004892e-08
2.631931801661121714e-08
-6.901072018900738028e-08
4.372952427153086602e-08
-2.496283831238729073e-08
-1.480397977316784408e-08
1.844007366887025906e-08
-5.399021356725097753e-08
1.408002515682588938e-08
-2.634796743831340285e-08
6.904028893581822673e-08
-4.372986333803360534e-08
2.496322843630136706e-08
7.509624269110524997e-09
-4.028078516305757736e-08
-8.908689455783876804e-09
1.192094916448735789e-08
4.925840294174328032e-08
-3.027415707945561862e-08
-5.493918819334496495e-09
3.717536124151887139e-09
-7.569909889247952717e-09
4.028039069138436915e-08
8.909709908765973962e-09
-1.194819214042890793e-08
-4.923218974116068229e-08
3.027443013322488399e-08
5.495100389421494341e-09
-3.657889953282734974e-09
-6.410001666804811260e-08
-2.161263163165502883e-08
3.005511834747913794e-08
5.121559921045801614e-08
-2.456630954064187907e-08
1.150175530642214006e-08
1.707032613022406095e-08
2.010816860817474933e-08
6.409931326738574353e-08
2.161287482764080546e-08
-2.993453353808883319e-08
-5.133688514921555882e-08
2.456654426982946351e-08
-1.150178566901608954e-08
-1.699008240682847032e-08
-2.018880372817513646e-08
-1.177959159742399987e-07
1.210500391829558587e-07
4.305454106819442406e-08
-1.671220119036460547e-08
-7.085325906227343123e-09
5.905400274580467623e-08
1.793943899376995721e-08
5.687288204985797846e-08
1.177956328404805054e-07
-1.210895283634090200e-07
-4.301424997693028759e-08
1.671252142741979502e-08
7.085812098151737098e-09
-5.912497888461640261e-08
-1.786979085294541567e-08
-5.687388723326193898e-08
3.231986589962527676e-08
9.242069572395605198e-08
-4.887625342761591288e-08
2.540190036798024159e-08
1.361468851481147102e-08
3.612352340008357504e-08
1.069242577426488330e-07
2.365593651676857045e-08
-3.219888642091170775e-08
-9.254041427429618785e-08
4.887662418898023123e-08
-2.540166896985475431e-08
-1.371946785181949596e-08
-3.601980847145686351e-08
-1.069258080070144973e-07
-2.365695430347390877e-08
4.501223883749717880e-08
-2.252867046305959478e-08
-6.632890255163330362e-09
2.995671251847503019e-08
1.439983211197568697e-08
5.054896929772853889e-08
7.423362820296484574e-08
-7.865400480233522909e-08
-4.492495446966693687e-08
2.252798778578334049e-08
6.634094518198109525e-09
-2.960236038083595075e-08
-1.475618091606456517e-08
-5.054935732444324793e-08
-7.423302706126982953e-08
7.856621658390875937e-08
1.231976219884202070e-08
-8.173550939099671203e-09
1.081638235179765636e-08
8.224694600400019040e-09
8.900075864010439930e-11
1.758976679482182203e-08
-2.660817320529430471e-08
1.225233301361400295e-08
-1.232005476170452019e-08
8.173899718590203062e-09
-1.178656525337032704e-08
-7.255527372863109642e-09
-8.932351760375725758e-11
-1.758983875161239147e-08
2.661792426609296131e-08
-1.226117477752357299e-08
-4.805666244231312362e-09
-3.126602495418136229e-08
-1.280781552267119122e-08
3.162763750121653020e-08
-4.586843823338460080e-08
4.259971718830130386e-08
-5.105036003254020613e-08
3.640444466528319073e-08
4.806033677582852159e-09
3.130108666319708979e-08
1.277358220222847909e-08
-3.162791506754365767e-08
4.586995154087607218e-08
-4.256423648821760705e-08
5.101426980584004671e-08
-3.640334224764684573e-08
-7.413095767880989451e-09
5.534030662706062448e-09
-7.266205147066131381e-08
1.223091400535047338e-08
-2.312166246976770680e-08
8.676482546424472628e-08
-5.470603046064080599e-08
3.030927400341854386e-08
7.658256015832028835e-09
-5.779185660408081571e-09
7.266451895651237364e-08
-1.223074800832274511e-08
2.304364926425297305e-08
-8.668471666612321408e-08
5.470479393595065708e-08
-3.030860169263294157e-08
-8.325688084700327840e-09
3.075935390423056859e-08
-3.949482237791419187e-08
3.738705010343382554e-08
-4.812595066147758952e-08
3.279826113570258675e-08
4.591262650556655889e-09
2.909977308033703802e-08
8.276776348277101181e-09
-3.075983955730648284e-08
3.949572643127631164e-08
-3.740372216386742346e-08
4.814227206351184320e-08
-3.279730252919027533e-08
-4.590561984414796154e-09
-2.904870253725173185e-08
8.358824005573819993e-09
1.377706882658727926e-08
-2.052112668045357781e-08
3.744345285000214019e-09
-9.504883958621600931e-09
3.444572824185237331e-09
-1.720528095987055792e-08
-4.842579148117177879e-09
-8.360218420972939657e-09
-1.377525979514870088e-08
2.069983532490744273e-08
-3.922832351869239703e-09
9.504691161359613179e-09
-3.443708588364742529e-09
1.688138297889756750e-08
5.164582183897654943e-09
7.477628924325470383e-08
-7.864498623061139289e-08
-3.817625290596245689e-08
1.494353807059492500e-08
7.273872643207175692e-09
-2.658095239358934658e-08
-2.204205950184431884e-08
-4.591970012145663721e-08
-7.477346435205483796e-08
7.859558946103194915e-08
3.822562306493798925e-08
-1.494492181733624719e-08
-7.269569184196588568e-09
2.694968857948863705e-08
2.166729934924629952e-08
4.591693368761898611e-08
-1.717161941580517583e-08
-8.485476059739288646e-08
3.898522137015978609e-08
-2.262164522766558009e-08
-5.930683563405659761e-08
1.491291793336404006e-08
-9.105322431408532924e-08
-1.580023724650250457e-08
1.702442988275529312e-08
8.500269925193785700e-08
-3.898481564644669644e-08
2.262232161326241733e-08
5.957157148144985245e-08
-1.518035133062306877e-08
9.104645097395003273e-08
1.580298247474496028e-08
-3.708219435954052817e-08
1.410669814131976924e-08
7.314745138591038920e-09
-4.289230106881885066e-08
-7.292324780811508533e-09
-4.388908631848282421e-08
-7.868830136857326088e-08
8.090584633106343015e-08
3.710206678654093607e-08
-1.410795039829843694e-08
-7.316364418117043272e-09
4.236320239937342580e-08
7.821192882033999039e-09
4.388720651216787561e-08
7.868786737518299046e-08
-8.092076404791906721e-08
-7.680773706397921174e-10
6.953333166409905730e-10
7.262193826547760911e-09
-2.739375199589796570e-08
-1.711460364227368469e-08
-1.357115486537834319e-08
2.265435542975267717e-08
4.390038991618910869e-09
7.659848573840239566e-10
-6.932166924365247562e-10
-6.558707367411865247e-09
2.668870074609306850e-08
1.711298629842802899e-08
1.357450543827297060e-08
-2.291493671316468042e-08
-4.123185392125670173e-09
4.311760749332350928e-09
7.058312033209491326e-09
1.795340655221661086e-08
-2.673917900048198779e-08
2.419896527209924528e-08
-2.393715500505688362e-08
4.099977881476940793e-08
-2.599547386047560901e-08
-4.311515782958776077e-09
-6.992797916996300323e-09
-1.801269058139976648e-08
2.674214217440479963e-08
-2.420141357960649622e-08
2.380646555507227174e-08
-4.086530972641222448e-08
2.600046641746192599e-08
2.897188476668269286e-08
-3.044244361786021050e-08
5.228130082698435876e-08
-7.514147422177421269e-09
1.832802511646768051e-08
-6.663690754374991185e-08
4.182634740889767250e-08
-2.120622252913028152e-08
-2.843324462822264392e-08
2.990521270039309815e-08
-5.227137671700221241e-08
7.514067628680375479e-09
-1.832247701314976968e-08
6.664088250180793052e-08
-4.183199915073533299e-08
2.120778711922188114e-08
2.195700222573475358e-08
-2.034331636068149873e-08
3.103786334380815443e-08
-3.152192753550614977e-08
3.595166683648988448e-08
-2.360692480894970718e-08
-3.828414613538805300e-09
-8.646697897507320263e-09
-2.167801160519837456e-08
2.034132083736026053e-08
-3.103248510146882494e-08
3.144633902980951273e-08
-3.588040389699783967e-08
2.361316580028888223e-08
3.828663188245630400e-09
8.372618796079027426e-09
-6.941750645822735571e-09
-3.101955325237377330e-09
1.224973427980447817e-08
-6.089911664254425705e-09
5.954353750808666010e-09
3.216473832071131689e-10
-2.189000904574255751e-08
3.651912888503203516e-08
6.928256653386706543e-09
3.113506253606421008e-09
-1.123324087670988722e-08
5.072302111371138761e-09
-5.958404971742365004e-09
-3.138924008412070921e-10
2.147792066940767963e-08
-3.611452808728815925e-08
-5.895414089199246810e-08
6.061555473782010740e-08
2.419079001571538667e-08
-5.581882105403640493e-09
-9.641511608841565883e-09
3.138398496990582945e-08
5.489856679983477067e-09
2.939553672790537822e-08
5.894128875423565450e-08
-6.030299620377954986e-08
-2.448528814865378895e-08
5.570059902681653852e-09
9.645394573917342312e-09
-3.141140351027148919e-08
-5.486880522089128409e-09
-2.941605792722854287e-08
1.218016987299791985e-08
2.761336830871784220e-08
-1.609641182682649586e-08
7.226390503676204113e-09
-1.431706887441465403e-08
3.019584018351846588e-08
3.630195538465753879e-08
4.180342619447845100e-09
-1.289255590280298167e-08
-2.690437357112402533e-08
1.609949748842198162e-08
-7.217973436069065329e-09
1.333419399028590302e-08
-2.922928472366302308e-08
-3.634286614820391240e-08
-4.159604151213484782e-09
2.110979105052397144e-08
-1.547158540166201565e-08
-1.556500442477602025e-09
-1.398102024750087422e-08
7.824935349687051761e-09
1.622310531501939754e-08
-1.274712325494489762e-09
-1.517951531262778583e-09
-2.016081562011460236e-08
1.546374369255486964e-08
1.557831411395579901e-09
1.515092889201648946e-08
-9.023494293783351772e-09
-1.622836538945921642e-08
1.262145592087569185e-09
5.795914764837942212e-10
3.112710324332224575e-08
-1.206978692545098569e-08
-5.969673251793273724e-09
1.943466695724076904e-08
-2.582582920256223588e-08
6.621396146547046946e-09
-1.297853564251544647e-08
3.825026731013288564e-08
-3.115318522589746383e-08
1.208881851620744602e-08
6.193957911837782299e-09
-1.968617343293434241e-08
2.584615559032485410e-08
-6.632078343454675742e-09
1.301483979891963558e-08
-3.825934955035536350e-08
-9.505334550385000428e-03
-1.728343872441618105e-03
2.470950882730014054e-03
-1.256664467059052069e-02
1.310920088950864350e-02
-1.602030781457254929e-02
1.595410590498581513e-02
-1.019019699476109674e-02
9.505315571078516365e-03
1.728407893208246029e-03
-2.470888441761119950e-03
1.256663219094466752e-02
-1.310919718773790980e-02
1.602030843778261618e-02
-1.595413129241356545e-02
1.019020076396317045e-02
