2.380848085220781032e-03
4.022377415057063095e-03
-3.022846529711053706e-03
6.954503454766423204e-03
-6.655792321633164331e-03
5.812832639295159760e-03
-6.389896647445313452e-03
1.266050691920111819e-03
-2.380857719638517726e-03
-4.022370658006229303e-03
3.022841643252545483e-03
-6.954513343242034462e-03
6.655790242168129270e-03
-5.812837938563679419e-03
6.389899857360264480e-03
-1.266053721006379657e-03
3.715758169903216057e-13
-2.456693702634904497e-15
4.180116539367895179e-13
-3.077509221852819943e-13
2.203569629283946840e-13
-4.336740385205151149e-13
-1.081407099284836804e-13
-3.037698131230781584e-13
-3.731436817519528937e-13
3.034695433314082980e-15
-4.194721284732361166e-13
3.089167376763013451e-13
-2.203506881083214242e-13
4.334376824469132750e-13
1.085180664946172602e-13
3.022171271918616675e-13
8.224773943507623919e-14
5.140094079536527971e-15
3.952041601959499495e-14
-5.874665445944338149e-14
-2.651215835411391275e-14
-8.734045387967515062e-14
-7.758030329263476688e-14
-6.497385095227681262e-14
-8.283207019593730180e-14
-4.836598786403523142e-15
-3.953469360695391344e-14
5.855914169371201350e-14
2.680443215476169261e-14
8.714291224384829171e-14
7.795587092518374561e-14
6.503424101328425522e-14
1.509363922909401357e-14
-1.090763713211409872e-14
8.262636993876248948e-15
-1.650031023273101916e-14
-4.147290150191551561e-15
-1.200092542702480003e-14
-1.404150233585976792e-14
-4.173094161896706566e-16
-1.522290323310859783e-14
1.091634293674597841e-14
-7.936712268299950246e-15
1.604874002789080656e-14
4.859285716862782323e-15
1.156908770172382361e-14
1.352433789958418231e-14
1.106861997890451477e-15
-7.564891909509624535e-15
5.256117264519633014e-15
-1.322539625557561660e-14
-5.560114001157412389e-15
-9.937580272567636541e-15
-1.238082986826372078e-14
-1.958069123508821008e-15
-1.255880165487721634e-14
8.255728593158442874e-15
-5.321779258590786377e-15
1.348316532208404528e-14
4.927644663837993377e-15
1.066860358736598791e-14
1.300034298962193802e-14
1.145080124470565508e-15
1.243810284802526755e-14
-9.058644676387950234e-15
8.125011080606370228e-16
-8.379148069836972468e-15
-7.251415180126175031e-15
-3.861331827198499766e-15
-9.565211036427490043e-15
3.626737582126948745e-15
-7.750283704741067758e-15
8.878043699506177333e-15
-5.445676461851567396e-16
9.857566152238206314e-15
6.805157565931141406e-15
3.528156499593704254e-15
1.031846049576179425e-14
-3.029640340684869315e-15
7.598102377305571142e-15
-3.089921981475063362e-15
-3.279657361660026638e-15
-2.648597487164838782e-15
-4.136339708249447966e-15
-1.846938400829056803e-15
-2.094461756807497466e-15
4.212735303828207822e-16
1.470720246976586765e-16
3.378753440225201743e-15
2.323770516288181653e-15
3.149498890853141830e-15
4.837439043087199408e-15
1.469419204369604159e-15
2.220879730119307283e-15
-8.088893595735446862e-16
-1.634705825565019310e-16
1.643108392401781970e-16
-1.556914319689184367e-15
-1.444157293750691906e-16
-3.626656266964012332e-16
-1.332782625582118463e-15
8.324978618794165452e-16
-3.390977819719975805e-16
1.016710587248281783e-15
5.394990010287870064e-16
1.813490763807878992e-15
-4.662069341687669066e-17
3.216827845764491656e-16
1.564585050059519311e-15
-7.117041873373752825e-16
-3.039831841106233057e-16
-7.659888348610088826e-16
1.535609746999844205e-15
-2.714842239903703103e-16
-1.029449962774986460e-16
8.717527567869698402e-16
-5.181063369129323970e-16
-1.807365021533335891e-16
-8.288725608651681398e-17
3.691166296226899846e-16
-1.241086226844156926e-15
1.026956297778269800e-15
2.228035464457711612e-17
-1.773781859240597392e-15
5.338137158868161425e-16
-8.646512325571897861e-18
1.121336096893132961e-16
-7.042977312465836803e-16
1.811322359462907983e-15
9.379432994172098859e-16
-6.861915549660757563e-16
7.576540306600265673e-16
6.776263578034402713e-17
-9.324138683375338132e-17
-1.496253208138620394e-15
1.533441342654873196e-15
-1.731850340219720508e-15
-8.528876389857220630e-16
4.386139888790108188e-16
-7.414757013674694308e-16
5.505985207696073580e-16
2.567932845531917252e-16
1.582555701068466547e-15
-8.604228440844963188e-16
2.224240756854012346e-16
1.166709957811651321e-15
-1.076409469370764871e-16
-6.774095173689431704e-16
-4.602438222200966322e-17
1.141502257301363343e-15
-3.094909311468496682e-15
7.405100838075995284e-17
5.774460770657796616e-16
-3.918848752448855777e-16
8.511664680369013247e-16
8.922983879555701492e-17
-3.035766082959412415e-18
-1.013729031273946646e-15
1.848673124305033610e-15
-1.005651725088929638e-15
-6.688985303149319606e-16
6.350646462698061878e-16
6.132789588664255831e-16
1.008850121497761876e-16
-2.108990065918803225e-15
2.504994909419133720e-15
-7.034303695085952768e-16
-7.349264426192991806e-16
6.213562650514425911e-16
-2.623904782686481418e-16
-2.844268874244160195e-16
3.886864788360533396e-16
1.264450783661219546e-15
-1.546126508072953598e-15
1.863201433416339370e-15
2.199304106886845744e-16
-2.615908791664400823e-16
-9.037909309839164962e-16
-4.559612236387788897e-16
2.332118873016320038e-15
-2.930219001467948559e-15
3.452641818280088870e-16
9.121392877120548803e-16
-6.749971675351629230e-16
3.820457405295796249e-16
1.350915906916938525e-16
-1.884614426322928082e-16
-9.628257392757522126e-16
2.013417644414206009e-15
-1.595566127138292600e-15
-1.243037790754630834e-16
7.661514651868817083e-16
1.152588224515027626e-15
-5.762534546760456067e-17
-1.999756697040888653e-15
2.767968146355492820e-15
-9.028693591373038174e-16
-1.121065046350011585e-15
8.796403275918018849e-16
-3.511256498230086454e-16
-5.537562595969713897e-17
-3.632077277826439854e-18
8.187894806610529486e-16
-2.322523683789823323e-15
2.024584926790806705e-15
2.296882302410541143e-16
-6.775721476948159960e-16
-2.357394336162388360e-16
1.164433133249431762e-16
2.110616369177531482e-15
-2.807324685216716631e-15
1.005218044219935436e-15
4.646890511272872004e-16
-8.753306239561720048e-16
4.595458670715590888e-16
4.479381275623861569e-16
-3.279169470682408161e-16
-1.704799496016207172e-15
2.616288262424770750e-15
-1.907599512379620776e-15
6.776263578034402713e-17
9.645333576974168821e-16
1.558540622947912624e-17
-3.877920120437527984e-16
-1.800426127629428663e-15
2.780328051121827571e-15
-1.248513011725682631e-15
-6.654832934716026216e-16
9.354496344204932257e-16
-1.061264520273857981e-16
-7.328258009101085158e-16
-4.808436634973212165e-17
1.720195166865501335e-15
-2.649735899445948561e-15
2.148671865431772687e-15
5.719166459861035889e-17
-9.027338338657431294e-16
-7.547402373214717741e-17
5.100222544643373546e-16
-1.445241495923177411e-16
-2.811444653472161548e-15
1.453698272868564345e-15
-1.140580685454750665e-16
-1.326223202438581161e-15
2.410859055793079797e-16
4.596475110252296048e-16
-4.564491146163973667e-16
-1.343760172578534196e-15
2.654614809222133331e-15
-2.022470732554459971e-15
1.001260706290363345e-16
8.431569244876646607e-16
-3.742462611512620274e-16
-1.213655911880273663e-15
6.731269187876254279e-16
1.571279998474617301e-15
-1.816418109673589854e-15
-2.958245627626698848e-16
1.086072421233041929e-15
-8.758693369106257398e-16
2.309215102122563756e-16
-1.192080288647812125e-16
1.238863612390561642e-15
-3.108516048733189763e-15
2.300568589796991859e-15
-1.675092356490104351e-17
-1.260656076057520281e-15
9.035334329679511889e-16
3.035901608230973103e-16
5.252959525692268983e-17
-1.348747502571967516e-15
2.746338313014407007e-15
-6.206515336393270132e-16
-6.357219438368755249e-16
-6.231451986360436734e-17
5.645982813218264340e-16
-3.887948990533018900e-16
-1.260710286166144556e-15
2.767209204834752967e-15
-2.121783651554132177e-15
9.920449878242365571e-16
7.681572392059798915e-16
-3.618728038577712081e-16
-2.807812576194335108e-16
1.634434775021897934e-16
1.898058533261748337e-15
-2.959709300559554279e-15
1.578002051944027428e-15
7.160613248180514034e-16
-2.668763647573069164e-16
-7.915489010773546497e-16
3.444510301986447587e-16
5.985880194292469980e-16
-2.834755000180599893e-15
2.324095776939927305e-15
-5.399326818977812081e-16
-4.838252194716563537e-16
3.358316229273849984e-16
3.820592930567356937e-16
3.938906492639837609e-16
-1.406535478365444902e-15
2.955589332304109362e-15
-2.359115507111209098e-15
6.987683001669076077e-16
3.293060811017378686e-16
-1.987342582165929628e-16
-8.132600495813768759e-16
-8.711564455921028127e-16
2.399447827927669863e-15
-2.528793147105190542e-15
7.662056752955059835e-16
6.131976437034891703e-16
-5.657773511844044201e-16
-1.482646470873927314e-17
2.914877540727278671e-16
1.665930848132601838e-15
-2.394297867608363717e-15
1.973139533706369519e-15
4.163336342344337027e-17
-9.490563716851863063e-16
-2.727446090158847092e-16
2.904035519002423626e-16
6.421729467631642763e-16
-2.186131050491146866e-15
2.306152230985292206e-15
-2.265982540494704267e-16
-2.998361108008662512e-16
3.790201388419872641e-16
7.334356646321316120e-16
-6.181578686426103530e-16
-9.914486766293695297e-16
1.863797744611206397e-15
-1.970537448492404309e-15
1.951563910473907981e-17
1.355794816693123295e-15
-4.943623093354998499e-16
-6.431487287184012303e-16
-1.385610376436474667e-16
1.437272609955408953e-15
-1.943649234614763799e-15
5.044792708575052131e-16
7.686180251292862309e-16
-4.885686039762804356e-16
-8.504210790433175404e-16
1.036497276896142239e-15
7.436542701078074913e-16
-1.536314478411959783e-15
1.681489149307768827e-15
-5.319637959300127505e-16
-5.486062992776652436e-16
-6.723408722125734371e-17
3.361839886334427874e-16
-4.206162328157514452e-16
-1.128925512100531492e-15
1.743668143899812506e-15
-1.241628327930399678e-15
2.146720301521298779e-16
3.086588059794670436e-17
5.789639601072593678e-16
-5.768497658709126341e-16
4.228388472693467293e-18
1.298603152094512936e-15
-1.525201406143983363e-15
7.890281310263258518e-16
-6.215188953773154168e-17
-3.167293359009060172e-16
-1.847480501915299556e-16
1.110494075168277917e-15
6.288372600415925717e-16
-1.351837478763551204e-15
1.289821114497380350e-15
4.070094955510583645e-16
-5.678915454207511537e-16
-5.792350106503807439e-16
7.894076017866957784e-16
-2.876388363604043263e-16
-3.532872779044016198e-16
1.094122622363746800e-15
-9.452616640814870408e-16
2.493664996716660198e-17
3.358722805088532049e-16
2.249719507907421701e-17
-8.313120157532605248e-16
4.009921734937638149e-16
1.098622061379561643e-15
-1.016981637791403159e-15
-2.952824616764271326e-16
3.739277767630944105e-16
2.448941657101633140e-16
-6.786021397586772252e-16
5.389568999425442541e-16
5.507747036226362525e-16
-6.889020603972895174e-16
9.962733762969300244e-16
8.435092901937224497e-17
-2.163051096744361690e-16
1.060620775233944713e-16
1.549324904481785836e-16
-5.702903427273753323e-16
-4.654479926480270535e-16
6.218441560290610681e-16
-4.953177625000027007e-16
-2.514942464351688223e-16
-7.998701527511808962e-17
3.846207206892326980e-16
-4.572622662457614950e-16
5.833007687972013855e-17
7.961838653647301811e-16
-1.058886051757967905e-15
3.823167910727010010e-16
5.359753439682091170e-16
-2.873948908715950878e-16
-6.795237116052899040e-17
4.904388527238179307e-16
-3.420657854191766489e-16
-1.093092630299885570e-15
5.278167226202556961e-16
1.054657663285274438e-16
1.056012916000881319e-16
-7.290717508878774566e-16
7.618146564969396906e-16
-1.729302465114379572e-16
-2.571727553135616517e-16
6.544786414208747516e-16
-8.357843497147632306e-16
-8.101700733897931883e-17
-7.197747172588142561e-17
8.108205946932844910e-16
-1.211162246883557003e-15
5.972869768222643927e-16
6.765421556309547668e-16
-1.445783597009420163e-15
5.859977217012590778e-16
-9.451261388099263527e-16
7.123208273229764131e-16
-1.652324110867908757e-15
6.588696602194410445e-16
2.927345865710861972e-16
-1.739602385752991864e-16
-1.073360150760649390e-16
1.072330158696788160e-15
2.587719535179777708e-16
-5.976664475826343192e-16
1.103229920612625037e-15
-6.316561856900548833e-16
-4.417581751792187816e-16
1.066312836639493611e-15
-8.497976627941383754e-16
-1.314188558323992062e-16
-1.401331307937514481e-15
1.655305666842243895e-15
-7.222412772012187787e-16
2.398797306624178560e-16
8.104953340415388396e-16
-1.252253509220757621e-17
-1.155691753233767383e-16
-1.985445228364079995e-17
3.858133430789667528e-16
-1.129738663729895620e-15
1.076124866300487426e-15
2.694242398626478519e-16
-9.080193194566099635e-16
1.879735516546743312e-16
2.624446883772724171e-16
2.183041074299563178e-16
-1.510239416163683401e-15
5.665498452323003420e-16
-7.589415207398531038e-18
-1.146923268163790866e-15
1.403797867879919004e-15
-7.723924039422513932e-16
1.424099553559710074e-16
-4.662611442773911818e-16
2.242780614003514472e-15
-9.110550855395693759e-16
2.415602440297703879e-16
1.222546369694654800e-15
-7.368780065297730886e-16
2.965428467019415315e-16
1.200211804941453408e-16
1.148278520879397746e-15
-9.423885283244004540e-16
4.770489558936219510e-18
2.737610485525898696e-16
-4.329490325277740581e-16
-9.132184076868568590e-16
6.549258748170250222e-16
6.137668498440440601e-16
-1.404421284129098169e-15
7.235423198082013840e-16
-7.170913168819126327e-16
-5.473052566706826383e-16
2.777725965907862360e-16
1.376835115102920115e-16
-5.750608322863115518e-16
2.186835781903262443e-16
1.509751525186064924e-15
4.656648330825241544e-16
-4.655564128652756040e-16
-4.855599429476331608e-16
1.116646922497133154e-15
-1.703281612974727466e-16
-3.133615329026229190e-16
5.518589057951217569e-17
-1.342079659211181664e-15
5.307169634316544204e-17
1.336279177588384215e-16
-8.787187557451892062e-16
-1.693117217607675862e-16
-5.833007687972013855e-17
1.362733710597030523e-15
-1.445620966683547337e-15
3.558893631183668305e-16
2.240720629875792014e-15
-4.459594585976001113e-16
1.698128264523632303e-15
-1.621695399495193257e-15
1.034979393854662533e-15
-1.542006539817508681e-15
2.310434829566609949e-16
-6.550207425071175038e-16
-9.922618282587336580e-16
6.751869029153478863e-16
-1.238733169316684479e-15
5.774054194843114551e-16
-5.623756668682311499e-16
2.423083435287853860e-15
-2.846030702774449139e-16
-5.906191334614785404e-16
2.407064348189380532e-15
-1.784108884933521821e-15
7.523820975963158020e-16
-1.310881741697911274e-15
1.734723475976807094e-18
-1.661865089985781196e-15
-1.149633773595004627e-15
1.916869440954371839e-16
-1.655793557819862372e-15
6.414953204053608360e-16
-1.128735776720346529e-15
1.859054360106582315e-15
-4.718989955743158049e-16
1.901202719561956300e-15
1.673791313883121745e-15
-9.113532411370028896e-16
2.548349443791397828e-16
-4.725901744592753140e-16
2.402700434445126376e-15
-1.342784390623297242e-16
1.758088032793869715e-15
9.247702430215110070e-16
1.872417151882466158e-16
2.093296239472075548e-15
-6.872283232935150199e-16
3.911665913056139310e-16
-1.980918684293953014e-15
3.152859917587846894e-16
-1.782970472652412042e-15
-1.414124893572843433e-15
2.016073939736795495e-16
1.167645082185420069e-15
-2.522016883527156139e-15
-2.712565415341483543e-15
-4.941414031428559284e-15
-5.093148125467905629e-15
-3.926221327221757207e-15
-4.997846754506429789e-15
-1.170775715958471963e-15
-1.022788895677778642e-15
3.141367374559500547e-15
2.803367347287144540e-15
4.145121745846580552e-15
5.551115123125782702e-15
4.149458554536522570e-15
4.720399418567389205e-15
1.011235366277229986e-15
-3.819359650596154676e-15
2.189204763650143271e-14
1.570477688866978028e-14
2.274287529135943231e-14
2.402776328597200362e-14
1.044308953548900298e-14
1.876163070388403575e-14
-8.690919721897599065e-15
2.927860861742792586e-15
-2.287840056292012036e-14
-1.431884125158155996e-14
-2.336726732249383431e-14
-2.385407409793982580e-14
-9.696399499298236080e-15
-1.936488079265497042e-14
1.026016938239764781e-14
-6.313141199046357066e-14
-3.148360478572032051e-14
-5.510332858407740453e-14
-6.101103780173366964e-14
-1.527039128826346293e-14
-5.642453057520466220e-14
3.232987879145388099e-14
-1.680171843668198939e-14
6.324886496706164096e-14
3.097299977258827219e-14
5.520345465470644086e-14
6.148114786372338436e-14
1.511160988010296080e-14
5.623935562040771607e-14
-3.299370867661244322e-14
1.771261089189568594e-14
-4.746677850471008216e-03
-1.491728822178594628e-03
3.474626986274034204e-04
-5.940643335935348775e-03
5.238079225787027615e-03
-6.909588578691606281e-03
7.060290582609530380e-03
-3.831046001884119874e-03
4.746700876686074828e-03
1.491722320570289945e-03
-3.474605402986397692e-04
5.940665569802908337e-03
-5.238080817006740032e-03
6.909585550039002398e-03
-7.060297053968456540e-03
3.831041026514632811e-03
