3.287607279018728811e-03
5.675144998201011454e-03
-4.504194468029943353e-03
1.000742540312639720e-02
-9.657492063268555485e-03
8.477582672943599282e-03
-9.153609174881985680e-03
1.981636643233779770e-03
-3.287622354892810912e-03
-5.675133791581301983e-03
4.504187798784514002e-03
-1.000744101933884016e-02
9.657488782410390479e-03
-8.477590867902111416e-03
9.153614464620306659e-03
-1.981641710417205663e-03
9.900517905503392058e-13
-1.127288095769535259e-13
1.199380005034722529e-12
-9.365916516738265196e-13
7.034976442533980023e-13
-1.210164889305087588e-12
-2.026028541983471154e-13
-7.764672151772122888e-13
-9.941432984987563781e-13
1.144431229470332934e-13
-1.201994233313019578e-12
9.385279554387226941e-13
-7.058119008956226237e-13
1.210359069914179742e-12
2.033598170501221825e-13
7.736379896081113650e-13
2.264516699157503865e-13
-2.259572195149883722e-15
1.186583112582767496e-13
-1.672588391572749078e-13
-5.812771054422571915e-14
-2.342617202652497177e-13
-2.016867575727054884e-13
-1.644779690050668375e-13
-2.280622522429776033e-13
2.494234202857215088e-15
-1.194810851819216868e-13
1.678051144218817292e-13
5.868179206447443619e-14
2.332657179394959091e-13
2.014936611657858201e-13
1.641366079510597764e-13
8.336557897996310640e-14
-7.441464301314801300e-14
6.228111288416465774e-14
-8.006659571457852564e-14
4.310625207476492804e-15
-3.859835628200469770e-14
-5.647099541455924410e-14
2.542589619750068586e-14
-8.386862168294206832e-14
7.472480614964180368e-14
-6.238270262772654950e-14
7.973060146132526782e-14
-4.246386228756726666e-15
3.806276040879685851e-14
5.544940591753477754e-14
-2.546221697027895026e-14
-1.336873455904177832e-14
5.447356975218919928e-15
-2.955616437358421500e-14
-1.860057247116131407e-14
-2.859886806538813886e-14
-3.098508862681148557e-14
-1.090035180173476448e-14
-2.631498263652026770e-14
1.322074096249750697e-14
-5.310693291377122094e-15
2.940150293367915779e-14
1.783723993162289467e-14
2.820606161829664060e-14
3.126839065448194788e-14
1.028344076559051246e-14
2.573174963035884666e-14
-2.645564431587310583e-14
3.238023998236583267e-15
-2.672699301459191545e-14
-1.886668989439788113e-14
-1.235296587243084332e-14
-2.833025697715485514e-14
9.859219560551246708e-15
-2.255927920597616820e-14
2.585065950362619436e-14
-2.945668882425866997e-15
2.676765059606012187e-14
1.892523681171209837e-14
1.189917305313703544e-14
2.839663725516528014e-14
-9.427978146445137320e-15
2.203277707849005118e-14
-6.987276425854394013e-15
-9.121772347880918730e-15
-8.678062608791226040e-15
-9.761560049864614896e-15
-6.707362529972948906e-15
-5.293020795965608372e-15
-1.193164490820297630e-16
1.835879538669704658e-15
6.955075621331574531e-15
8.891921487313991790e-15
8.797975369068122831e-15
1.009451853703491331e-14
6.725956597231075307e-15
5.159623271168423120e-15
-4.853159974588239223e-16
-1.133452056170658473e-15
1.581959389873599520e-15
-2.606801493415522586e-15
-1.150446925224368755e-15
1.438194181802021632e-15
-4.056271377811393464e-15
3.903009236335200360e-15
-2.521068206626231323e-15
3.345522643638521032e-15
-1.283912212657334351e-15
3.245504993226733248e-15
1.739385545318494763e-15
-1.514305174310504043e-15
4.062478435248872977e-15
-3.305745976435459088e-15
2.214022151378336467e-15
-3.233253508677647048e-15
4.431296909274129447e-15
1.595078236160674123e-15
1.085828475744232691e-15
3.563406622726639217e-15
-1.558418650203508005e-15
1.837722682362930016e-17
-2.907938646823371442e-15
-4.358492733391727825e-17
-4.176943079609030107e-15
-1.167143638680645523e-15
-8.203073637025326548e-16
-2.796685951399202619e-15
1.552767246379427313e-15
4.588885695044897517e-17
2.920434076861266881e-15
4.553649124439118623e-16
3.650725555193190530e-15
1.900931669018834924e-15
-4.582651532553105866e-16
1.356492771841660838e-15
-3.510375583964941981e-16
-1.135593355461317344e-15
-3.835798866036466137e-15
5.552199325298268207e-16
-3.202787427630804373e-15
-2.007183481922414359e-15
1.038123580154870496e-17
-1.215200899976065507e-15
8.021740823677125931e-16
1.725724597945177408e-15
3.777306158830873173e-15
-1.780802068307441033e-16
1.191104506692575171e-15
2.087726150810931269e-15
-9.063930161978817068e-16
-4.228388472693467293e-17
-1.230759201151232496e-15
1.184111402680043668e-15
-4.099585254602189366e-15
8.188436907696772238e-16
-3.184843881676169275e-16
-1.880345380268766409e-15
1.559245354360028202e-15
1.401331307937514481e-17
1.369293133740567825e-15
-4.574791066802585959e-16
4.119642994793171198e-15
-7.698919626819566986e-16
-1.575427071784374355e-15
1.203444082668175819e-15
-4.033232081646076495e-17
2.023121253857951274e-16
-2.628973427842851152e-15
3.089596720823317710e-15
-2.917045945072249680e-15
2.102268012449393098e-16
1.184545083549037869e-15
-2.025086370295581251e-16
4.984348437458985259e-16
-3.471073255212342445e-16
1.990703608900634691e-15
-2.766775523965758765e-15
2.950005691115809014e-15
4.667490352550096588e-17
-9.959210105908722355e-16
-2.610487780801973301e-16
-2.288750786116899860e-16
3.166520864961164250e-15
-3.712145608264494356e-15
3.329639081811608392e-15
-1.715207836872068015e-16
-7.924027102881869844e-16
9.595731327582956993e-16
3.621235256101584810e-16
-2.025018607659800907e-16
-1.890794378706095458e-15
3.372844538385155744e-15
-3.211189994467567033e-15
6.975214676685492776e-16
1.460650719299627642e-15
2.736255232810291815e-16
7.732529894166617623e-16
-2.424547108220709291e-15
5.199725199023230715e-15
-3.614133731871804756e-15
7.302101631689872363e-16
1.673872629046058158e-15
-6.273498701862140203e-16
-9.954331196132537585e-16
6.903115232215206731e-16
1.552306460456120973e-15
-4.794721477491270534e-15
3.658369180509213336e-15
-8.793963821029926464e-16
-1.342892810840545792e-15
9.937424418505341750e-16
8.724303831447732804e-16
3.378645020007953192e-15
-5.161778122986238060e-15
4.523725144478518700e-15
-1.076070656191863151e-15
-1.457926661341257812e-15
1.103446761047122138e-15
1.039804093522223027e-15
-7.236507400254499345e-16
-3.255371232996351338e-15
4.341579179500953956e-15
-5.061597842248577450e-15
7.100982128693811291e-16
1.588193552365391170e-15
-1.455351681181604739e-15
-2.943608898298144538e-17
-2.498435486275596418e-15
5.646416494087258542e-15
-5.148550856481914906e-15
8.860100153551542235e-16
2.278884546347281770e-15
-1.393508111636673763e-15
-1.066014681042060097e-15
6.312767149296849567e-16
2.281161370909501329e-15
-5.681165173715418959e-15
4.754931257761052521e-15
-5.207423034447877797e-16
-1.695827723038889623e-15
1.609518453845465435e-15
1.193787907069476795e-15
-8.432924497592253488e-16
-5.282666665218371804e-15
4.798624605312218350e-15
-1.086641627373596819e-15
-2.608170298658285535e-15
1.767412171477245053e-15
1.132530484324045794e-15
-8.642717617968198596e-16
-3.349425771459468848e-15
5.727243766046052897e-15
-4.680771829163044018e-15
1.045387734710523375e-15
2.569775989225142609e-15
-1.310095695122859283e-15
-1.108461196094867596e-15
1.532438455645324105e-15
2.820551951721039785e-15
-5.227968665616478106e-15
6.536112796828863480e-16
2.451001641229355599e-15
-1.514847275396746795e-15
-1.633865568881343044e-15
-2.954450920022999583e-17
2.753494047352811336e-15
-6.413055850251758727e-15
5.661595324502055604e-15
-1.094285252689619625e-15
-1.126730002701248345e-15
1.367470318838076571e-15
1.249597213898168135e-15
-7.974306978630885112e-16
-1.692873272118866623e-15
6.300244614204641991e-15
-1.695095886572461907e-15
-2.273084064724484321e-15
7.892991815694472280e-16
1.425319281003756267e-15
-1.300256560407553330e-15
-3.521434446124294126e-15
5.878273128673283665e-15
-4.996491501790822909e-15
2.214482937301642806e-15
2.240422474278358500e-15
-1.420792736933629286e-15
-9.662951862277058268e-16
1.461558738619084252e-15
2.513289056038647828e-15
-5.419709819820539565e-15
5.441881754247868130e-15
8.925152283900672501e-16
-1.274601626501115081e-15
-1.119221902656786227e-15
9.056882847857661289e-16
2.276932982436807862e-15
-6.305448784632572412e-15
5.309175408335642388e-15
-1.254855594434722832e-15
-1.556887214634872230e-15
1.069267287559516610e-15
1.465787127091777720e-15
-1.040834085586084257e-15
-1.087400568894336672e-15
6.143956871040856527e-15
-5.607927316964023134e-15
2.011140819851986450e-15
1.545950325219924704e-15
1.056094231163817732e-15
-1.539350244494919195e-15
-3.275916864164951647e-15
5.019151327195769952e-15
-4.893221244861578612e-15
1.995419888350946636e-15
1.142505144310912435e-15
-9.458308702220419306e-16
-1.242875160428758008e-15
2.186591836414453205e-15
1.893559094245933494e-15
-4.526977750995975214e-15
5.956931996287107012e-15
-2.095220698328237319e-15
-2.245680854814913197e-15
-1.035467284832281010e-15
1.244826724339231916e-15
1.078455900971331261e-15
-4.808219794538715064e-15
4.926939932425877799e-15
-1.425346386058068404e-15
-1.013322455459264582e-15
8.830149068536630175e-16
1.895727498590904503e-15
-1.213493281554400838e-15
-3.258027528318940824e-17
4.869043536415151863e-15
-5.271499382841771109e-15
1.593777193553691518e-15
8.130703142011919127e-16
-1.008192823930692539e-15
-1.430740291866183789e-15
-9.660241356845844507e-16
3.614838463283920333e-15
-4.091399528199923807e-15
1.728814574136761095e-15
1.739981856513361791e-15
-1.284779574395322754e-15
-9.823413783804912924e-16
1.575969172870617108e-15
8.145610921883594813e-16
-3.430632514178633130e-15
4.613280243925821367e-15
-2.184233696689297233e-15
-1.363709492552267477e-15
5.345929861982900988e-16
6.331469636772224518e-16
-5.651945925166934614e-16
-3.201703225458318869e-15
3.796604957501115152e-15
-1.685554907454589468e-15
3.122502256758252770e-17
9.969035688096872239e-16
1.176359357146772311e-16
-1.020776345395102425e-15
3.136596885000564328e-16
2.985730152699206386e-15
-4.115251975994604905e-15
2.021115479838853091e-15
8.209307799517118198e-16
-7.325073165219408988e-16
-7.782945295187193580e-16
9.848892534858322279e-16
1.591825629643217610e-15
-2.862781626339350183e-15
1.627821141769736357e-15
2.260832580175398121e-16
-5.741934705483231483e-16
-3.234988232153623855e-16
1.518858823434943162e-15
-5.017145553176671768e-16
-1.604565005169922287e-15
2.646374872711243498e-15
-1.647824671852093914e-15
-2.413027460138050806e-16
1.196146046794632767e-15
-3.136867935543685704e-16
-8.290622962453531031e-16
7.589415207398531038e-17
1.090002654108301883e-15
-1.540217606232907599e-15
-5.533225787279771879e-16
6.249917304610580482e-16
-4.420292257223401577e-16
-8.461655855163119355e-16
1.918929425082094298e-15
7.904918039591812828e-16
-1.255072434869219933e-15
1.017306898443148810e-15
6.644804064620535300e-16
-6.054252693794837104e-17
7.178773634569646234e-16
8.705601343972357853e-16
-1.423394822147594496e-15
-1.501457378566550815e-15
1.357746380603597203e-15
-4.258746133523061417e-16
-1.057368168716488199e-15
8.588778559887044750e-16
7.062764002113697259e-16
-6.994188214703989104e-16
4.310245736716122877e-16
8.576039184360340073e-16
-9.514416164646544161e-16
-1.663572708407445866e-16
1.085706502999828071e-15
-2.668492597029947788e-16
-1.145351175013686884e-15
1.244067782818492063e-15
-6.832099989917406191e-16
-1.276160167124062994e-15
7.233525844280164208e-16
1.210579488215846045e-16
-2.196864651998753359e-16
-9.931291899967220616e-17
1.328527132055112858e-15
-1.026197356257529947e-15
-2.243756395958751426e-16
8.315830662963819009e-16
-2.173825355833436390e-16
-3.464906855356331139e-16
1.148495361313894847e-15
5.771750265226582854e-16
-1.482321210222181662e-15
9.981165199901553819e-16
1.727134060769408563e-16
-8.055080040481055192e-16
-1.162806829990703505e-17
1.756407519426517183e-16
4.239772595504565089e-16
-1.490344306298574395e-15
1.330261855531089665e-15
-5.822165666247158811e-16
-4.597559312424781552e-16
4.572216086642932886e-16
4.584819936898076875e-16
-5.168933857324642389e-17
-1.774838956358770758e-16
2.473281995873932715e-15
-1.429303723987640495e-15
5.777171276089010377e-16
1.185304025069777722e-15
-7.798937277231354770e-16
-8.704381616528311660e-16
-9.632594201447464144e-16
1.318335631633749117e-15
-2.428450236041657107e-15
9.908523654345025022e-16
1.419762744869768056e-16
-4.288832743809534165e-16
-1.064964360187464765e-15
1.329828174662095464e-15
1.318281421525124841e-15
-1.484760665110274047e-15
2.272487753529617294e-15
-1.935842978972868167e-16
-2.239961688355052161e-16
1.421876939106114790e-15
1.303915742739691908e-15
-5.088973947103836437e-16
-2.968708178591183966e-15
1.797173521111972150e-15
-1.604402374844049461e-15
-4.835541689285349776e-16
6.196215415754657840e-17
1.468606052740240031e-15
-3.275916864164951647e-16
3.541275345880778858e-16
2.677925155930571677e-15
-1.382791450788012355e-15
1.901040089236083475e-15
6.768132061740761429e-16
5.597871341814220081e-16
-7.027527431507918365e-16
-4.042718850655324658e-16
1.706371589166311153e-15
-2.435877020923182812e-15
1.354222723543019313e-15
-1.480478066528956305e-16
7.352517032710448319e-16
-5.456111907761740376e-16
2.527492104498207937e-15
-3.653219220189907190e-16
-8.481713595354101187e-16
2.575739101173812884e-15
-1.366907888961099715e-15
-2.461138931542095065e-17
-4.174720465155434823e-16
7.040673382849305106e-16
-4.685921789482350164e-16
-2.688821387764050996e-17
3.786792927840121337e-15
3.014624140595945079e-16
8.088690307828105830e-16
1.563026509436571398e-15
9.704151544831507437e-16
-1.912126056449747757e-15
-5.543254657375262795e-16
1.612208630485945093e-16
-3.453346549692204448e-15
-3.667313848432218748e-16
-1.077859589776464233e-15
-1.404800754889468095e-15
-1.001721492213669684e-15
1.174353583127674128e-15
8.683375199436405012e-16
-4.759647537211364465e-16
2.058086773920608792e-15
4.620517293427162109e-15
-2.493854732096845161e-15
3.580713199904939081e-15
-3.264126165539171787e-15
9.904728946741325757e-16
-4.535055057180992222e-15
-5.509915440571333534e-16
-2.726117942497552349e-15
-4.050172740591162501e-15
2.300649904959928271e-15
-2.922761723400321698e-15
2.575847521391061434e-15
-6.260725445017545354e-16
4.878205044772654375e-15
3.228754069661832204e-16
-3.689756833402668690e-15
6.868095502043924938e-15
-6.307617188977543421e-15
4.812692128500217770e-15
-5.114994799243488544e-15
2.817082504769086171e-15
-2.872159975131349796e-15
-2.077981883785717798e-15
3.249950222133923816e-15
-7.271120554611099074e-15
6.644411041333009305e-15
-4.916721326950201920e-15
5.124535778361360983e-15
-2.635370220660515628e-15
3.256509645277461118e-15
2.424221847568963639e-15
-3.119059914860611293e-15
7.949031515484816790e-16
-8.144255669167987932e-16
2.979495990207414735e-15
1.503788413237394650e-16
2.973966559127738662e-15
1.591283528556974858e-15
3.928877622544346693e-16
3.121851735454761467e-15
-2.665870183025248474e-15
1.498069246777533614e-15
-3.416049994958703095e-15
3.042813397080568194e-16
-3.406129545080460730e-15
-2.179788467782106665e-15
3.322537557581828338e-16
2.362327456047197405e-15
-4.412702842016003046e-15
-2.281378211343998430e-15
-6.347461618816385709e-15
-6.252919189375649722e-15
-3.984605614210101621e-15
-5.469799960189369870e-15
5.227751825181981005e-16
-3.450798674586863513e-15
3.953651642185640469e-15
2.564788659231709289e-15
5.273396736643620741e-15
6.297263058230306854e-15
3.969589414121177384e-15
5.997860628298434804e-15
-4.733897735614833735e-16
-2.219940539987391714e-14
7.609548841741586855e-14
3.750125210366661577e-14
6.777467042445861622e-14
7.520438265185003246e-14
1.897009567659868612e-14
6.891259481459077740e-14
-4.156676630499844816e-14
2.312341670137468830e-14
-7.678894412693759719e-14
-3.728056275145719134e-14
-6.805488247593749485e-14
-7.622266533224841822e-14
-1.951889171125653633e-14
-6.962309960327484060e-14
4.175835160514021482e-14
-2.607611426319687148e-13
-1.063832724169933019e-13
-2.117716809205139050e-13
-2.429282361209039731e-13
-3.837392643230019829e-14
-2.411416471235008907e-13
1.569799791458631466e-13
-9.612146148474387530e-14
2.612676480056360523e-13
1.054147004062033766e-13
2.116043885252993917e-13
2.438391285761176697e-13
3.594048886626510786e-14
2.421438971642736471e-13
-1.566714694176823963e-13
9.633797665858923054e-14
-6.733110409035837803e-03
-1.998931786470267181e-03
6.584276173226702531e-04
-8.487348336342777008e-03
7.664307909192235799e-03
-1.000394005843084980e-02
1.018052157370372308e-02
-5.660464105167666710e-03
6.733147038422518729e-03
1.998920254907117500e-03
-6.584257543899787882e-04
8.487383453098528568e-03
-7.664310307722577154e-03
1.000393533502867173e-02
-1.018053214630301566e-02
5.660457130156371607e-03
