3.901467503207899437e-03
7.817973729072653574e-03
-8.304349578172954757e-03
1.549994419191455183e-02
-1.564551596337572167e-02
1.410264029190915099e-02
-1.382173858115124873e-02
4.444042532834800198e-03
-3.901505102999455309e-03
-7.817936285992423476e-03
8.304344755262703034e-03
-1.549998196874608283e-02
1.564550666090418901e-02
-1.410266142488141895e-02
1.382175365374877125e-02
-4.444059867762009154e-03
1.024579184515095331e-13
-8.576665734631424079e-14
-3.057399168907015685e-13
3.067452975652473768e-13
-4.862462429228164851e-14
-6.612657470206340093e-14
1.064685720229135990e-13
-1.015749984123459626e-13
-1.024485943128261578e-13
8.602971825116064071e-14
3.062144721815984738e-13
-3.070602040862457915e-13
4.908291655059127123e-14
6.575013970777643380e-14
-1.063133684819222990e-13
1.016908996245846630e-13
-3.592894211312813724e-14
-1.863438060540484331e-13
1.955016552292188070e-13
2.152249732600974852e-14
1.107236589741045218e-13
1.031976153836877685e-13
-5.950643623686691086e-15
1.413290057900029595e-14
3.577297963061609742e-14
1.867651219360786166e-13
-1.955113588386625523e-13
-2.173239886660294218e-14
-1.105376234338331654e-13
-1.032547528381777546e-13
5.868894779881284052e-15
-1.412666641650850430e-14
1.057923822329887020e-13
-1.285274512687062387e-13
6.248232725485081129e-14
-5.094839480856983016e-14
2.214537147410267082e-15
4.203744557312871777e-14
-3.915054044845156511e-15
4.353627376142699124e-14
-1.059464473616988922e-13
1.282514133955914293e-13
-6.139994112100422008e-14
4.999830844482078263e-14
-2.084514201874942962e-15
-4.210195560239160528e-14
4.214619105102901386e-15
-4.390788405604639788e-14
-5.991545150643706741e-15
-1.305565898446214845e-13
-4.750727263837239978e-14
-1.112336134659330789e-13
-5.921619531529254132e-14
-3.217695207502480059e-15
-1.324261338607468641e-13
-1.903224078987283963e-14
6.372533794055112999e-15
1.298988043865745290e-13
4.781482013712506918e-14
1.110408423196651562e-13
5.935448530239306741e-14
3.120225432196033211e-15
1.327393598683779263e-13
1.895815590017418950e-14
1.546778384629160508e-14
-3.941205001245506878e-14
-1.477453142467721747e-14
-2.557838923306077206e-14
-5.967470441403666115e-14
4.442540085802804128e-14
-1.005565531016217040e-13
3.789674195113501565e-14
-1.509061701553821022e-14
3.901317203319765170e-14
1.486549598694875129e-14
2.548943044480833642e-14
5.957647569720947445e-14
-4.457212051701964217e-14
1.004831526145444354e-13
-3.779078829382886973e-14
1.320444404859233423e-14
2.500744836902990542e-14
1.486690544977298245e-14
2.035416106493936894e-14
-3.012043739425429578e-14
1.330037527325338836e-13
-1.171073329454819234e-13
-1.808004700815102339e-14
-1.282800905430536709e-14
-2.517398182272367890e-14
-1.483589726763989702e-14
-2.033215176083791320e-14
3.037050862533807738e-14
-1.328598138827081186e-13
1.169487412727016062e-13
1.795617690994455451e-14
-8.855221243775357465e-16
-2.136583011208559313e-14
3.275537393404581721e-14
6.812717165578796585e-14
-3.008189400702243610e-14
6.747646061691647823e-14
-2.920810837116205594e-14
-3.217418735948496256e-14
8.054537939394812440e-16
2.149083862257317179e-14
-3.301368510164048864e-14
-6.833916028556319411e-14
2.961996967143498694e-14
-6.722113100529614194e-14
2.883934410724542374e-14
3.272956992234066220e-14
1.877778531625406977e-14
-1.507030177733126308e-14
1.735151735834938869e-14
2.824014283596236463e-14
2.988722550695266378e-14
1.216247155072514019e-14
2.577422325046596630e-14
3.582507554500402591e-14
-1.895591973319343815e-14
1.516912680535331681e-14
-1.694461628301557887e-14
-2.888710660107519923e-14
-3.002169368139517847e-14
-1.201008693538230254e-14
-2.603028469855273030e-14
-3.576224602910849093e-14
2.413244300572547907e-14
-1.050759956475189050e-14
1.713576112602477330e-14
-1.383474498156678223e-14
4.900545030536718194e-14
1.317126746211427779e-14
6.249178691880574732e-15
4.694828510329318583e-14
-2.427647926434017833e-14
1.072265106566439030e-14
-1.701823361052734462e-14
1.401179519633366510e-14
-4.879750032868446219e-14
-1.314676449301610539e-14
-6.163364089928347056e-15
-4.685753738145614911e-14
2.019093442787167625e-14
-4.639894972040617144e-15
4.088417972225588670e-15
-3.348233149069734793e-14
3.296936833784014365e-14
1.138574911435652481e-14
-2.537206555963678056e-14
3.649218514173435679e-14
-2.032526707704263025e-14
4.995531601703346973e-15
-4.197732656266439655e-15
3.334480044511756169e-14
-3.305030403001618655e-14
-1.168666942732987657e-14
2.529980348484062169e-14
-3.655338835437116352e-14
2.804397339351005769e-15
-5.338448866992751007e-15
1.025746057103232856e-14
-3.476673159433230076e-14
1.267567864907115371e-14
2.354155282172087915e-14
-4.224024558949213137e-14
1.956139243641796810e-14
-3.665850175499363317e-15
5.600175271430751778e-15
-9.728817144255552662e-15
3.499571509316123930e-14
-1.270706630196460907e-14
-2.359565451012790582e-14
4.204091502008067138e-14
-1.909694733077949014e-14
7.564424347322740161e-15
-3.769283062754480440e-15
1.818368318331348155e-14
-1.458582603655611543e-14
-2.699229728619911839e-15
2.931877830791851380e-14
-3.521651286558791227e-14
9.200967387350354049e-15
-7.250602028496810902e-15
3.226910925968606847e-15
-1.860435362623785727e-14
1.522377059484658623e-14
2.759402949192857335e-15
-2.929790741609816784e-14
3.563946013307450755e-14
-9.934542388902308993e-15
6.252641362568950312e-15
6.942146510424684891e-16
2.447776139766211223e-14
-1.075745395540117499e-14
-2.617318254488631979e-15
3.247055402333387519e-14
-3.089255197138984776e-14
-7.269304515972185854e-16
-5.859028540111665961e-15
-1.080407464881805168e-15
-2.473509678330154671e-14
1.076862123777777569e-14
2.763414497231053701e-15
-3.257105956472328145e-14
3.095093625837819218e-14
7.879439288538403474e-16
4.270997618072147617e-15
-2.450665538555885092e-14
4.277920248943467563e-14
-9.504766765311423171e-15
-1.102286664722562648e-14
2.906320919773234136e-14
-9.300936756884148338e-15
-1.212257291077767363e-14
-4.203072351965930764e-15
2.465871474024994292e-14
-4.288746007635735324e-14
9.571445198919281694e-15
1.118311172831898404e-14
-2.922628040425421288e-14
9.113315570935531795e-15
1.188876471228117460e-14
3.360734000118492659e-14
-5.970094210661081036e-14
4.486309327506043942e-14
7.453293624642975956e-15
-1.457211087907417379e-14
1.026370828605127627e-14
1.950832074007480266e-14
2.384865308707739828e-15
-3.357774128187607232e-14
5.981646384808914085e-14
-4.465075227957915338e-14
-7.796795977940695899e-15
1.411452335217666665e-14
-9.570632047289917566e-15
-1.961102856712707010e-14
-2.775340721128394250e-15
7.652868139543245185e-14
-6.068919238683134765e-14
1.877507481082285601e-14
2.586269499477373071e-14
4.125009795546974445e-15
-1.393134739513524067e-14
1.882740111817243767e-14
5.110723042683895656e-14
-7.658592727013968648e-14
6.069618549084387915e-14
-1.876900327865693718e-14
-2.524933323843671102e-14
-4.394054564649252370e-15
1.362294608717173894e-14
-1.862821962655969443e-14
-5.131458409232680928e-14
8.497196002377194191e-14
-1.527077075902383285e-14
-1.254665859054537869e-14
8.124197928977006100e-15
3.562422709255108622e-14
-7.153620144167982531e-15
-3.390641717046505299e-14
1.023119848390929842e-13
-8.511106316250183212e-14
1.559958217288437421e-14
1.295166231207733887e-14
-8.669090835813908491e-15
-3.511207709132324606e-14
7.218184383539494320e-15
3.376433247576082763e-14
-1.024318433892612568e-13
3.401250635304275960e-14
2.625311450301986635e-14
-6.615096925094432478e-15
-3.080944787486883385e-14
3.416486386333128511e-14
5.745377047380872959e-14
-9.987654149903879564e-14
9.437985332497178526e-14
-3.456024529058243644e-14
-2.596170891114302215e-14
6.195890155102912189e-15
3.118398551535395136e-14
-3.396436777658440320e-14
-5.718288256101322631e-14
9.993915417449983352e-14
-9.446827001213797814e-14
-1.841365601662481311e-14
1.088197457491113518e-14
3.926842032965505158e-14
-1.909345077877322439e-14
-3.094627418903650451e-14
1.184430700219840649e-13
-1.024850235058216708e-13
2.297218405084011650e-14
1.842872642682236162e-14
-1.067413301844566398e-14
-3.883700273269591330e-14
1.850608425182920236e-14
3.121114477977471324e-14
-1.184011656080175001e-13
1.023248868449455617e-13
-2.261201208914043193e-14
-4.761544891013214098e-15
-2.988814707879927646e-14
3.642183397326720362e-14
5.450208426932556804e-14
-9.889636852500327535e-14
9.677740379909760549e-14
-3.432649130219456168e-14
-2.806349919701016382e-14
5.055743150517155726e-15
2.947891496879462281e-14
-3.657439477146307016e-14
-5.428692434819581969e-14
9.909363911028701288e-14
-9.700698360912141105e-14
3.491938726021825978e-14
2.750531126103315793e-14
3.330354655245448825e-14
-1.268982748742208955e-14
-3.024723483832647553e-14
1.033385074560022598e-13
-8.715597688002674204e-14
1.778110536414245768e-14
1.547411287647348921e-14
-5.667802381939535117e-15
-3.262604894365903063e-14
1.226232657081105515e-14
3.010357805047214619e-14
-1.035384885467172111e-13
8.741754065413886998e-14
-1.844680549804855740e-14
-1.571599838115500525e-14
5.822436716790280187e-15
1.906633217193393071e-14
4.948732396092836439e-14
-7.440131410269001933e-14
6.496360524174682460e-14
-2.124082160159801447e-14
-2.009123229723274069e-14
-2.317265303253268627e-15
1.622139922385912314e-14
-1.973253374934480497e-14
-4.912357413205947765e-14
7.449179077398393467e-14
-6.496994782445586480e-14
2.113890659738437705e-14
2.000235609469266235e-14
2.054807062348840141e-15
-1.623272913656159666e-14
-3.070070239696853776e-14
6.046584673929933373e-14
-4.307871333958379623e-14
2.531612072753652853e-17
8.008242506629681401e-15
-6.792255560078563903e-15
-2.012207403739169065e-14
-6.564464683639359421e-15
3.028339298077886710e-14
-6.023735113144801367e-14
4.302797267791147462e-14
-2.168404344971008868e-19
-7.741474562089623035e-15
6.777022519555142566e-15
2.098512607174446432e-14
6.685082175328371790e-15
-3.701227692387565327e-14
1.032187573260512359e-14
6.033476669664583625e-15
-1.899924250383018022e-14
6.296233066166445624e-16
5.522221135229044009e-15
6.275118228857290426e-15
-2.868349004495063248e-14
3.694212904331584113e-14
-1.016488325802922255e-14
-6.667247049590985242e-15
1.870144647188277595e-14
-1.057368168716488199e-16
-5.594320579699330054e-15
-6.129265931603677942e-15
2.877320777472380797e-14
6.654832934716026216e-15
-3.206658029386577624e-14
2.245995273444933993e-14
-1.822001750861890201e-16
8.837074409913381334e-15
-2.674076238218248136e-15
2.647843966654961356e-14
-3.809290122919195554e-15
-6.556441587562966689e-15
3.261187977651736070e-14
-2.263440086400225759e-14
7.674525077938643136e-16
-8.526694432985093552e-15
2.170789589750476978e-15
-2.638704142340908554e-14
3.657935499640219135e-15
3.984551404101477345e-14
-1.833860572112452989e-14
1.593332670662972461e-14
4.353939084267288706e-15
2.548329115000663725e-14
-4.898425415289509033e-15
-6.588479761759913345e-15
4.419782682202333390e-14
-3.933480060766547659e-14
1.789937466874344432e-14
-1.635985184128552206e-14
-4.550830198790656311e-15
-2.537744591291773988e-14
4.794504637056773433e-15
6.653206631457297959e-15
-4.419408632452825891e-14
1.593815140629728511e-14
5.063224145507305707e-16
1.326271313909985206e-14
-3.103143826968524088e-14
1.052397101755642161e-14
3.649185988108261114e-14
-5.919071656423913197e-14
3.844358642188239195e-14
-1.587727345431222403e-14
-1.310366745665980659e-15
-1.303932005772279190e-14
3.050370286222792160e-14
-1.050797903551226042e-14
-3.663280616350572672e-14
5.925219082741906007e-14
-3.863722492988830304e-14
-1.362603606336332263e-14
-4.367014562467463890e-14
3.001182744162556038e-14
-2.785098540680763790e-15
-4.732032907878158667e-14
6.137045082191261436e-14
-4.390037595600193576e-14
1.452742607945824681e-15
1.385062854339369487e-14
4.399968887500160797e-14
-3.033592257603578979e-14
3.357828338296231507e-15
4.741004680855476217e-14
-6.143799661725846128e-14
4.360016037444069958e-14
-1.033242764554554403e-15
2.993538441220175428e-14
-2.729413917101908282e-14
1.644192594574267474e-15
6.244771410049421156e-14
-6.177100931453738397e-14
2.621844798558758960e-14
-1.186930328328505979e-15
2.356421264712582619e-14
-3.014844369162231197e-14
2.743508545344219840e-14
-2.027349642330644741e-15
-6.255233961013906274e-14
6.196475624276054361e-14
-2.678581098244925407e-14
2.322469473681199048e-15
-2.373616711168202720e-14
4.468737120795485129e-14
5.252135532041179999e-14
-3.720287966579860495e-14
5.031484126907792565e-14
-2.446556412322165031e-14
8.123449998884580553e-15
-4.280817779249435073e-14
1.074281722607262068e-14
-4.446111176708428259e-14
-5.268886455606081043e-14
3.742833950756696559e-14
-5.037620711204060520e-14
2.459436734131292823e-14
-8.304554960369969763e-15
4.254620744256754072e-14
-1.066616413247789552e-14
-4.259992966021419747e-15
5.436086693635933109e-14
-3.335705192966664789e-14
-1.074059461161902540e-14
-2.116557797082752046e-14
-3.150312042482505959e-14
-5.318473797217421195e-14
-1.982826880117527502e-14
3.688455790795686084e-15
-5.435051280561209452e-14
3.380705004135675651e-14
1.078989870541280371e-14
2.010002407570876670e-14
3.121569842889915236e-14
5.266173239669436068e-14
2.064456461683961130e-14
-3.521141711537723040e-14
1.021979809806561335e-14
-1.162909829197089628e-14
-1.208377829357365832e-13
4.706218054151278807e-14
-3.015925183202927684e-15
-4.325424567130919939e-15
6.930925017939459920e-15
3.527511399301075379e-14
-1.051340004637468795e-14
1.186729750926596161e-14
1.215205829707818527e-13
-4.681506376134902947e-14
2.804831020219999971e-15
4.070528636379577847e-15
-6.567771500265440210e-15
-3.111139817990604683e-14
-1.009164811178325794e-13
1.064953247115196788e-13
-9.057284002661480926e-14
7.913878970547405522e-14
6.484130723669045970e-14
2.592327394412841102e-15
-2.302064788795021855e-14
3.134515216829392159e-14
1.007941560077219023e-13
-1.058900146386210217e-13
9.033331266165844919e-14
-7.917538152879544100e-14
-6.547258395162014466e-14
-2.764932380272533408e-15
2.326974333707876319e-14
1.001292148153365424e-13
-4.905887860258114144e-14
8.289836915878479040e-14
-2.165130054410102645e-14
-5.427095947120597064e-15
-5.494151140983394299e-14
-1.401537306350286727e-14
2.343557205936042109e-15
-9.948834291118036077e-14
4.882664165020179914e-14
-8.250485798028117657e-14
2.118270836515279143e-14
5.401142857616725301e-15
5.537421649687290781e-14
1.379023848238625227e-14
-2.478594586519111687e-15
1.044368584668387001e-13
-2.241501255439981577e-14
-3.918770147791350578e-14
-1.653899456624530195e-13
-2.969402067981574689e-14
-5.477454427527117531e-14
-1.047184257710331856e-13
-2.691729760091743362e-14
-1.036733632969744079e-13
2.250248056466508384e-14
3.833879828191166794e-14
1.655455286742046894e-13
2.972773936738004608e-14
5.485238999125563453e-14
1.054277650423818269e-13
2.602274949345395605e-14
1.261835416970641388e-13
-1.271279088943533253e-13
2.315565816347897599e-14
5.020723420345873933e-15
2.402879327803586484e-14
2.654473862939710216e-14
-4.613844029055513829e-14
8.859799965075035311e-14
-1.264908316978008429e-13
1.265561548786930945e-13
-2.280066326715290970e-14
-5.223089755840293336e-15
-2.431106531364246592e-14
-2.688734651590252156e-14
4.581914275075815723e-14
-8.799802927355118709e-14
2.204225842648843692e-13
1.222250382501566257e-13
3.414456217765149404e-14
3.150528882917003060e-14
5.551765644429274005e-14
9.417854408659553922e-14
-5.110479097195086418e-14
1.675417346091306880e-13
-2.181819720552258257e-13
-1.221540230078588252e-13
-3.418890604650615117e-14
-3.144771769381105031e-14
-5.561946302828912891e-14
-9.423489549451047331e-14
5.279896528667671340e-14
-1.686847005393649068e-13
8.317739536413751300e-14
-1.401798599073855733e-13
1.196471307446378418e-14
1.270119263669516885e-13
1.500828541306509223e-14
-5.741864232342019925e-14
2.878629951595657044e-13
-2.295760153162018646e-13
-8.027607035056630314e-14
1.401826788330340356e-13
-1.201371901266012898e-14
-1.272691533323738744e-13
-1.487335645269927120e-14
5.684715935830308986e-14
-2.898845985303821760e-13
2.314779227671759365e-13
-9.591583177412229752e-03
-1.826025159299323082e-03
2.382696537656856656e-03
-1.261956298917159616e-02
1.296174989422387708e-02
-1.602057327438931311e-02
1.594758775663354319e-02
-1.003752562668315008e-02
9.591730282172604427e-03
1.825937798482955236e-03
-2.382717735039392541e-03
1.261967032660963640e-02
-1.296175645265660974e-02
1.602055713431274966e-02
-1.594762022037662583e-02
1.003751035915855482e-02
