2.624346619019254315e-03
4.455382775538559506e-03
-3.391072856248531029e-03
7.738110260395647186e-03
-7.420040898206761715e-03
6.488022536597299120e-03
-7.102485017435820544e-03
1.437302306309365136e-03
-2.624357541083277047e-03
-4.455375012143745345e-03
3.391067475423357146e-03
-7.738121495084423693e-03
7.420038535722319264e-03
-6.488028532161783241e-03
7.102488700647351452e-03
-1.437305790366059976e-03
4.670041480261954980e-13
-1.542161038627087866e-14
5.344767597253996527e-13
-3.995937695316920113e-13
2.891995453876972100e-13
-5.506176027278431029e-13
-1.266927101423176438e-13
-3.782748311635664162e-13
-4.690134999124628834e-13
1.558315650997121882e-14
-5.355021439300278185e-13
4.003520605311283731e-13
-2.901694726512027422e-13
5.506816248661283719e-13
1.265823925712672438e-13
3.765867283810064858e-13
1.048421332389137817e-13
4.268829213727176608e-15
5.102631506345364776e-14
-7.452388315828950560e-14
-3.247966132158275343e-14
-1.097597490326562841e-13
-9.731202389035020772e-14
-8.078450018308980241e-14
-1.050893313342404767e-13
-4.470084241994798369e-15
-5.140644312139064365e-14
7.482686345539057982e-14
3.269856174020757678e-14
1.099774568288913734e-13
9.695488769473348256e-14
8.077848286103250786e-14
2.342833500985908035e-14
-1.810393757242833093e-14
1.350353477039961669e-14
-2.382154803276526067e-14
-4.054102973466422455e-15
-1.574944601817618306e-14
-1.976381298202101178e-14
1.876455804974974662e-15
-2.379590665138597849e-14
1.829085317993188464e-14
-1.381231554912348836e-14
2.370716470356803995e-14
3.852061898623748704e-15
1.535403748587071959e-14
1.913763201730200869e-14
-2.153225514556211806e-15
-9.195633620881493719e-15
6.012158544448087394e-15
-1.650068970349138908e-14
-6.660362365795702289e-15
-1.327779032556097860e-14
-1.561175234227052400e-14
-2.757885066151377629e-15
-1.462149628803088852e-14
9.391582834767514543e-15
-5.912859177975571257e-15
1.631474903091012507e-14
6.794695014966656288e-15
1.319143362252250817e-14
1.556361376581216760e-14
2.627943435778989922e-15
1.507775566726710093e-14
-1.165309981756429414e-14
1.554339339529531294e-15
-1.217054885691015720e-14
-8.724954352751224107e-15
-5.010640340141758742e-15
-1.305639624193943860e-14
3.877486439568533783e-15
-1.000524126439431005e-14
1.168353879355682468e-14
-1.218724557036643397e-15
1.182626045703738527e-14
8.424250880212369452e-15
5.349670359477975978e-15
1.230970620574867169e-14
-4.076329118002375296e-15
9.658179678652227540e-15
-3.992140819308875876e-15
-3.508695070597589449e-15
-3.536288015887345537e-15
-5.174517498512942737e-15
-2.091154940181416677e-15
-2.786643528776555634e-15
6.073293994449113775e-16
3.355605723842636223e-17
3.837940165327125008e-15
3.545883205113842251e-15
3.623728921098301470e-15
4.630790109011462263e-15
2.631792353491313463e-15
2.371068836062861784e-15
-5.194819184192733807e-16
-3.222790957713161930e-16
-1.406210217713699251e-16
-2.125903619809577094e-15
2.927887966797104724e-16
-5.371137562493188966e-16
-1.751230454052898899e-15
9.836898548325201386e-16
-2.601543112878967889e-16
1.448873573201003850e-15
-4.518412553833339729e-16
1.732175600871466159e-15
6.723679772668855747e-16
4.047326709888388052e-16
1.500454491557001724e-15
-1.315077095885661823e-15
7.066287659174275149e-16
-8.970688775145063687e-16
2.004906657360194799e-15
-6.494913114274414312e-16
7.009909146205028918e-16
1.578029156998339566e-15
-6.944585965312777276e-16
4.508383683737848813e-16
-1.249597213898168135e-15
5.793976409762535695e-16
-1.739765016078864690e-15
-3.264532741353853851e-16
-2.193340994938175470e-16
-5.911883396020334303e-16
3.178677481820157968e-16
-2.206622471551122899e-16
3.647256108241236916e-16
-6.017322057294549609e-18
2.547170373928819842e-15
7.814929259275515960e-16
-2.208519825352972532e-16
3.039332091667353020e-16
-3.484083681282168499e-16
-4.427339571344557356e-16
-1.943974495266509450e-15
3.311695535856973294e-16
-1.604727635495795113e-15
-1.100736255615908377e-15
3.222790957713161930e-16
-2.771148755072432718e-16
6.269263537125868702e-16
9.010262154440784599e-16
9.827208491408612190e-16
-1.026902087669645525e-15
8.963099359937665156e-16
1.011479311766039224e-15
-1.642837341858660594e-16
-7.542252412895411595e-16
-2.710505431213761085e-19
7.950996631922446767e-16
-2.269397777338033606e-15
9.096456227153382201e-16
-9.284565304079617221e-16
-9.828834794667340446e-16
1.034450845295575849e-15
1.683494923326867010e-16
-4.487512791917502852e-16
-3.615272144152914535e-16
2.633852337619035922e-15
-1.712063650571860052e-15
-8.500958183915718891e-16
8.840042413360560403e-16
2.542454094478507898e-16
-7.995448920994352449e-16
-1.643975754139770373e-15
1.895022767178788925e-15
-2.226517581416231906e-15
3.583288180064592154e-16
7.618146564969396906e-16
-6.648480187611618963e-16
-1.865505363032871067e-16
7.545505019412868108e-16
1.025221574302292993e-15
-2.323662096070933103e-15
2.866088442965430971e-15
2.080583968999683009e-16
-8.949885645960498071e-16
-3.251522315284027798e-16
7.253583584471146040e-16
1.435592096588056421e-15
-2.853294857330102019e-15
2.220988150336555833e-15
-9.452074539728627656e-16
-3.183217578417441018e-16
4.170519181737053493e-16
6.086168895247379140e-16
-1.093417890951631222e-15
-9.310586156219269327e-16
2.789652189805202909e-15
-2.869069998939766108e-15
1.277678050165542700e-15
5.627009275199768012e-16
7.001235528825144883e-16
-5.377642775528101993e-16
-1.469202363935107059e-15
3.452262347519718944e-15
-2.881158853162979483e-15
6.454255532806207896e-16
4.262540841126760682e-16
-3.309611834806727715e-16
-1.345223845511389626e-16
6.577312479383312649e-16
8.528876389857220630e-16
-3.454918642842308429e-15
3.505821934840502863e-15
-1.052380838723054879e-15
-6.447750319771294869e-16
3.839854459787919727e-16
1.192405549299557777e-15
1.295458965794304973e-15
-3.722987629989349401e-15
3.451178145347233439e-15
-1.344844374751019700e-15
-1.283370111571091599e-15
5.015519249917943512e-16
1.015355334532674902e-15
-1.309607804145240806e-15
-1.533278712329000371e-15
3.416212625284575921e-15
-3.382656568046149559e-15
1.194194482884158859e-15
5.631346083889710030e-16
-7.155192237318086512e-16
-3.819102152580189369e-16
-9.827208491408612190e-16
4.139104423789286002e-15
-4.316154638556168877e-15
9.785466707767920269e-16
7.849352678251930726e-16
-1.864743033380342196e-17
-1.679618900560231332e-15
1.465841337200401995e-15
1.273612292018722059e-15
-3.800291244887565867e-15
3.944706974262635057e-15
-1.058615001214846529e-15
-8.904281392080326540e-16
9.799230993160802650e-16
3.743885626864007499e-16
-1.128600251448785841e-15
-3.959940014786056395e-15
4.505781598523883602e-15
-1.742204470966957075e-15
-1.381056727312035548e-15
3.113151013020565294e-16
6.712024599314636575e-16
-1.413989368301282745e-15
-1.109355662887168137e-15
3.685365814604102397e-15
-4.141218618025632736e-15
1.935463508212498240e-15
1.491184562982250661e-15
-9.122815892471936028e-16
-1.253391921501867401e-15
1.543036531881369910e-15
1.440579426581489741e-15
-4.799654597376079579e-15
1.878488684048384982e-15
5.833820839601377983e-16
-4.885025354063946001e-16
-1.096697602523399873e-15
3.052029115546694982e-16
9.524716085285156453e-16
-3.891526857702221065e-15
3.973004650964506723e-15
-1.254096652913982979e-15
-4.974048516820372967e-16
2.158053602355561318e-16
1.066556782128302849e-15
-6.002143226879752547e-16
-3.225501463144375691e-16
4.632795883030560447e-15
-2.108447964832560473e-15
-8.615883614199182361e-16
6.929000559083298150e-16
1.408595462493167361e-15
-1.137707549697664078e-15
-1.596704539419402380e-15
4.042068329351833356e-15
-3.617386338389261269e-15
1.647878881960718189e-15
4.344940206235659019e-16
6.749158523722265102e-17
-9.298659932321928778e-16
1.819020194887555064e-15
8.149405629487294078e-16
-3.902368879427076109e-15
4.619893877177982944e-15
9.156629447726327697e-16
-8.627572668871291706e-16
-1.225202665017244286e-15
6.994730315790231856e-16
9.456411348418569673e-16
-4.096657908736478504e-15
3.608929561443874334e-15
-1.130660235576508299e-15
-6.053642830072814007e-16
4.199369123920534963e-16
6.770029415542611062e-16
-1.297193689270281780e-15
-3.763265740697185890e-16
4.564979037141592144e-15
-4.763821715575433657e-15
1.763237993113175861e-15
5.148808354497880213e-16
1.217830090244342855e-15
-1.829591166069288732e-15
-1.114397202989225732e-15
3.614730043066671783e-15
-3.703743041427731697e-15
2.237359603141086950e-15
2.785586431658382267e-16
-6.616479282864351497e-16
-7.110739948246180830e-16
2.052150767026250655e-15
8.930031193676857271e-16
-3.340535313645087712e-15
4.800738799548565083e-15
-2.807053634673595255e-15
-3.592774949073840318e-16
-5.238864897449957425e-16
1.697155870700184366e-15
9.763240563231967428e-16
-3.145487342814945464e-15
3.567187777803182414e-15
-1.662895082049642426e-15
-1.018336890507010040e-16
6.977332259053628527e-16
1.128708671666034391e-15
-2.302953834576459968e-15
-8.998878031629686802e-18
3.772806719815058329e-15
-4.441054728826498987e-15
2.013200803979708908e-15
2.573082805851223398e-16
-9.944005864505507664e-16
-1.554962755778710459e-15
-8.458945349731905594e-16
2.514156417776636232e-15
-3.100655582982669856e-15
1.690813287991144165e-15
2.621871903613071098e-16
-1.945533035889457363e-16
-1.451638288740841887e-15
2.366921762753104730e-15
4.649058915617843013e-16
-2.688658757438178171e-15
4.150000655622765322e-15
-2.286853432315050227e-15
-1.195061844622147262e-16
2.921247228490631009e-16
1.160313164993986845e-15
-1.029992063861229212e-18
-2.123301534595611884e-15
2.844295979298472332e-15
-1.516690419089972153e-15
2.710234380670639709e-16
3.625605946109416999e-16
1.208207795963534004e-15
-1.964032235457491282e-15
4.132978681514742902e-16
2.721293242829991854e-15
-3.794707603699265519e-15
2.310055358806240022e-15
3.331753276047955126e-16
7.027324143600577333e-17
-1.456530751044182725e-15
1.546072297964329323e-15
1.350861696808314250e-15
-2.646158032276746397e-15
1.620556987214083478e-15
2.827057164755952812e-16
-3.848849949687760397e-16
-7.266865061084093469e-16
1.250274840255971576e-15
-5.996722216017325024e-16
-1.798095092958584829e-15
3.207449496972492042e-15
-1.915893658999134885e-15
-4.237604191159594080e-16
3.914240893215792383e-16
1.205470185478008105e-15
-1.496930834496423834e-15
1.985174177820958619e-16
1.972976903380496694e-15
-1.672544481384763415e-15
-1.896269599677147255e-16
-6.131163285405527574e-17
8.240749662519197827e-16
-1.634597405347770760e-15
8.633501899502071808e-16
1.358993213101955533e-15
-2.455880551005540369e-15
1.982572092606993408e-15
-4.564220095620852291e-16
-1.503839235214229908e-16
-5.786115944012015788e-16
1.514088333876006942e-15
-1.147736419793154994e-15
-1.293507401883831065e-15
1.811051308919786607e-15
-3.363737240136277507e-16
-7.750622517919969479e-16
-7.053819334190691848e-16
2.130023588065022011e-15
-1.008579070954640500e-15
-3.851086116668511750e-16
2.243051664546635848e-15
-1.353789042674025112e-15
1.402686560653121361e-16
6.039615964466282794e-16
-2.146720301521298779e-17
-1.112825109839121751e-15
9.820161177287456411e-16
-6.830473686658677934e-18
-2.055051007837649379e-15
4.638216893892987969e-16
2.714291668487987808e-16
2.084649727146503650e-16
-1.149037462400137599e-15
9.430932597365160319e-16
2.911624934209822158e-16
-9.422801081071519036e-16
9.986586210763981342e-16
-8.741380015664379499e-17
-3.311898823764314326e-17
-2.740320990957112457e-17
1.295513175902929248e-15
-9.713367263297634224e-16
-3.065039541616521035e-16
1.236749418154214908e-15
-1.650752017717804776e-15
-3.969535204012553109e-17
-1.678616013550682240e-16
3.512815038853034366e-16
-4.503233723418542667e-16
1.980837369131016601e-16
5.889928302027502838e-16
-1.040779875477459981e-15
7.211570750287332743e-16
2.286311331228807475e-17
2.016616040823038247e-16
-7.013703853808728184e-16
9.982791503160282076e-16
-3.921559257880069538e-16
-9.728546093712431286e-16
1.001477546724860446e-15
-4.288290642723291413e-16
-9.634491555249313777e-16
-7.642541113850320755e-16
7.295596418654959336e-16
-2.928972168969590228e-16
-3.008661028647274804e-17
2.713215936644974846e-16
1.674821305946982974e-16
-9.491342987163337019e-16
-4.185562486880289867e-16
1.476574938708008489e-15
-1.170179404763604936e-15
4.289103794352655541e-16
6.758916343274634642e-16
-1.706805270035305355e-15
7.396427220696111249e-16
1.141649641034185592e-15
-1.700300057000392329e-16
-1.327226089448130253e-15
8.169463369678275910e-17
-4.911977942445577838e-16
-5.113097445441638911e-16
-3.017876747113401592e-16
2.366271241449613427e-17
-1.550951207740514093e-16
1.102633609417758009e-16
1.211487507535302655e-15
-2.235624879665110143e-16
-1.566672139241553907e-17
1.065120214249759556e-15
-1.607329720709760323e-16
-6.080747884384951618e-16
5.971243464963915670e-16
7.736866702856559641e-16
-5.308253836489029709e-16
2.138046684141414744e-16
8.968520370800092678e-16
-7.939070408025106218e-16
2.058713578301576974e-16
6.272109567828643151e-16
5.919743861770854210e-17
-8.669822672280336207e-16
7.784029497359679084e-16
-8.928404890418129014e-17
2.954450920022999583e-17
-9.011888457699512855e-16
-8.386481681094300200e-16
6.637214649413136769e-16
-5.231275482242558894e-16
1.136948608176924225e-15
1.784596775911140298e-16
-8.207410445715268565e-17
2.623769257414920730e-16
1.000691500149808455e-15
7.391548310919926479e-17
-9.760801108343875043e-16
6.730184985703768774e-16
-9.279144293217189698e-16
-1.034328872551171230e-15
5.160260239944758354e-16
-5.905920284071664028e-16
-6.907519803540929093e-16
-1.627387460900742155e-16
8.332906847180465704e-16
-7.074961276554159184e-16
6.980093586461677546e-16
1.387128259477954373e-15
-1.188990312456228438e-15
7.173962487429241808e-16
-1.220920066435926543e-15
5.359211338595848417e-16
-2.096250690392098548e-15
-2.572269654221859270e-16
-5.488231397121623445e-16
-2.143955585981460743e-15
8.000056780227415842e-16
-4.808250287724816219e-16
6.568909912546549990e-16
1.496198998029996119e-17
1.601583449195587150e-15
2.250803710079907205e-16
-1.486224338043129478e-15
2.823289562206565684e-15
-2.054359828952689870e-15
2.061989901741556608e-15
-2.901758694440204067e-15
1.083063760204394654e-15
-1.788445693623463839e-15
-1.700571107543513705e-15
5.667124755581731677e-16
-2.243864816175999977e-15
2.243349820144069362e-15
-1.627441671009366431e-15
2.559421858477906042e-15
-5.603698928491329667e-16
1.811322359462907983e-15
1.761665899963071880e-15
-2.237142762706589849e-15
1.091063139358264267e-15
-2.050090782898528197e-16
2.442165393523598738e-15
-2.602085213965210642e-16
1.257511889757312318e-15
1.276702268210305746e-15
-5.421010862427522170e-17
2.091886776647844393e-15
-3.339613741798475033e-16
5.392143979585095614e-16
-2.106144035216028776e-15
-2.077331362482226496e-16
-2.051744191211568591e-15
-9.630967898188735887e-16
7.104234735211267804e-16
1.231978928595278688e-15
-3.825797100995287359e-15
-2.255140518769849223e-15
-6.243378210257777283e-15
-5.521841664468674082e-15
-4.734060365940706561e-15
-4.739915057672128285e-15
-1.149444038214819663e-15
-1.796489118490590675e-15
4.050958787166214492e-15
1.972489012402878217e-15
5.577461235917180460e-15
6.178434500125895568e-15
4.146856469322557359e-15
5.902721887662831790e-15
1.313619352183437172e-15
-6.232576846114390445e-15
2.942782194141624341e-14
1.839077935078536896e-14
2.886758757383867113e-14
3.105501966693680060e-14
1.168054368505533347e-14
2.559871802379487526e-14
-1.305149700337251972e-14
5.185711885943855570e-15
-3.024926771739988585e-14
-1.796430842623819579e-14
-2.920070869133484237e-14
-3.148880895614825093e-14
-1.070183438395266862e-14
-2.529701166424647152e-14
1.328918461276744345e-14
-8.670197399656201509e-14
-4.165624008928281441e-14
-7.509552875373248781e-14
-8.406025441692888123e-14
-1.946901841132220312e-14
-7.903063376250504812e-14
4.691846954354983446e-14
-2.619250844861087391e-14
8.678688735545836419e-14
4.184640915033677189e-14
7.495135696984622786e-14
8.472009985910355923e-14
1.837841944601903421e-14
7.902417598331518134e-14
-4.713834574412989475e-14
2.608121509560523688e-14
-5.264105706747636802e-03
-1.633390221604630668e-03
4.149655410515987013e-04
-6.599069698094329681e-03
5.850975228493749541e-03
-7.699076951677230954e-03
7.859551518107415688e-03
-4.289135002760875205e-03
5.264131916507862677e-03
1.633382638842849777e-03
-4.149633330099795816e-04
6.599094962029752529e-03
-5.850977017214549492e-03
7.699073498749804331e-03
-7.859558941757688322e-03
4.289129502169971436e-03
