3.794380124970339607e-03
7.730513918315059033e-03
-8.403952565114548162e-03
1.551395136620486309e-02
-1.569343300641851124e-02
1.417414084623977964e-02
-1.380357090169908978e-02
4.550371540651723147e-03
-3.794359005587054877e-03
-7.730538357990739823e-03
8.403926292518779095e-03
-1.551395818032020972e-02
1.569342640652824153e-02
-1.417416559475261073e-02
1.380358619395883127e-02
-4.550396405276195370e-03
9.169425887198615066e-09
2.839532756339470590e-08
-3.033821121439014140e-08
-7.978143440161289401e-09
4.147615667907632309e-09
-5.711033099393709317e-09
5.880488137299561165e-09
1.466733065840115924e-09
-4.617325093613216386e-09
-1.995168609313226988e-08
1.733926365302899258e-08
7.984146030350514761e-09
-9.360842472417706811e-09
1.207794026017493597e-08
-7.035765195209891902e-09
-1.466053345833707305e-09
-2.959900096181043716e-09
3.899247035628320064e-09
3.851011726738531871e-09
-2.974481461593021792e-09
6.001635699442249734e-09
-6.460364399961827236e-09
9.393825725428038564e-10
1.493390087428051599e-09
-2.163279031277588749e-10
1.234743419332572523e-11
-3.847745579050937045e-09
4.044123708656088834e-09
-6.785266054438175189e-09
6.173801949109925663e-09
-9.397437434883852692e-10
-2.230786557701983780e-09
6.871927651593869035e-09
-9.487635138790383171e-10
-7.158572668940644396e-09
3.046493744719627056e-09
5.104017652290569404e-09
2.844764356859600524e-09
1.520571773962892115e-09
5.640869902960327781e-09
-7.060834838091157445e-09
9.512147246628667452e-10
5.565461202653018344e-09
-1.156330070052873776e-09
-5.403774420146461102e-09
-2.842954374248762156e-09
-2.021607878929104762e-09
-4.949479685801248807e-09
-2.791682840517888120e-09
-3.134450616160827652e-09
8.467682213788023556e-09
-1.151731460473804508e-09
4.809182853218827575e-09
4.358063156770057567e-09
-4.024295773680762467e-09
3.829278471951911992e-10
2.797707802351580980e-09
3.747489523613176804e-09
-1.736869230168811788e-08
9.434638921891960739e-09
-4.808748949979967796e-09
-4.232382620587837874e-09
1.063594531653007380e-08
-7.119790695283930338e-09
-1.276784032537873429e-09
-9.648021410653753738e-10
5.107066229387714068e-09
1.882200312329582875e-09
8.681158857634478643e-10
-1.988890059508594335e-09
-1.975767450850245827e-09
4.433355794969525907e-09
2.432757781227273212e-09
5.209487046928772125e-10
-5.820699538084273678e-09
-1.881535120307024911e-09
-2.047734755741305313e-09
1.056059080245183579e-10
5.037336851733843074e-09
-4.431849214789904470e-09
-3.450774076248631743e-09
-2.433374253615547267e-09
2.498102229090727600e-10
3.489354031952808521e-10
-2.968841962091954556e-09
5.859273739180438016e-09
-9.859076881280071092e-09
3.561900695995667138e-09
6.701742662120618865e-09
-5.277445008235702451e-10
-2.499526556868844618e-10
-4.175545193353495665e-10
5.171659571184990256e-09
-7.992507425658404072e-09
9.857022029521487691e-09
-3.852242518357328060e-09
5.244012304473147368e-10
-1.028437817492035972e-09
-7.437817067541124816e-09
-6.333065061953080388e-10
-4.000178988668601915e-09
1.086260245023850518e-08
-9.472157756664888878e-09
5.765445451621793033e-09
-2.226931419217065278e-10
1.028408650285191767e-09
7.562982925525280758e-09
2.336279958283903752e-10
4.274570045202739227e-09
-1.086150681027520104e-08
9.999739026894053501e-09
-6.594990874806208603e-09
9.874596951209811679e-10
1.290548965599252335e-09
-2.777148022019369084e-09
4.504024220748544796e-09
-9.321003448112740938e-09
4.919020179302169976e-09
4.282731422646825215e-10
3.910250847075080749e-09
-9.873275801531439244e-10
-1.355423912864639480e-09
3.620393811186537608e-09
-5.281053869058728589e-09
9.320131026674264088e-09
-5.137994675118856547e-09
6.090202093989808413e-10
-4.727888545941194565e-09
4.214709210163900682e-09
-1.998771578153382689e-09
-5.732054778745387935e-09
5.081088866846919863e-09
4.506884619830445714e-09
-4.519415127400040755e-09
-3.212535152556216661e-09
-2.593965786146321811e-09
-3.254714744840413870e-09
6.032794151928679016e-10
6.168507585095888562e-09
-5.080944365357152950e-09
-4.922485781117566343e-09
4.480087557174033258e-09
3.666521663754987448e-09
2.594169680556358132e-09
1.010149494628555245e-08
-1.557578719162156530e-08
3.917501765338246220e-09
6.776069628468793515e-09
7.058417643608389663e-09
-1.990399058570367641e-08
-6.002608409513918858e-09
-6.222969823580122573e-09
-9.405385900012122602e-09
1.455420018810285327e-08
-3.916375767144906345e-09
-6.831666653499442188e-09
-5.873385262153874194e-09
1.877332616217943645e-08
6.002584898481388292e-09
6.548665591353183824e-09
-8.420987249256172563e-09
-1.077775599697032918e-09
2.000535395423519349e-08
-1.115254714506531616e-08
-1.204599031639922227e-08
-7.446925378976933241e-09
-1.713557050116512603e-08
2.778627971835494551e-09
8.107776040063192913e-09
1.077683960489959555e-09
-2.017794768642870110e-08
1.140135596914074179e-08
1.196886744071366457e-08
7.447206567244048225e-09
1.694540998839477730e-08
-2.274764189540883288e-09
3.026564791537914023e-09
6.600179821246703743e-09
-2.481608287800370939e-09
-9.508557268216467212e-09
-6.266053727374976817e-09
-7.297963108886338507e-09
-5.692331923098231661e-09
1.136798926371548868e-08
-3.026038864010474269e-09
-6.736561256092191141e-09
2.293541476232558232e-09
9.832929990204186677e-09
6.265984405927522982e-09
6.815138311707432534e-09
5.071205271683920657e-09
-1.026375418004632858e-08
3.099538371055315586e-09
-4.443250378629963471e-10
-6.839189662082717502e-09
-2.715748166116655621e-09
-1.455037121605301520e-09
-3.818030003483255386e-10
6.802602949690372824e-09
-6.747366272289280834e-09
-2.676208544160306457e-09
-1.694274165951227540e-10
7.028907341095121802e-09
2.715910282747539123e-09
2.097485640251486871e-09
-1.281652792250488615e-10
-6.935693030530112879e-09
6.748193105926645480e-09
-3.354609400064490800e-09
9.944939072822987086e-09
-7.482542734829795983e-10
-1.368853843589003944e-09
7.782984613941609092e-09
-1.030190968150298538e-08
1.258084622688272064e-08
-5.945780049137084494e-09
4.059521570298502829e-09
-1.074228803696689050e-08
7.480791124362881628e-10
1.482635970972197986e-09
-7.920202358053293062e-09
1.032529851498396553e-08
-1.258161303691941214e-08
6.037608999451098135e-09
-2.780569516877638009e-09
2.084439497580543171e-09
9.991189858196865281e-09
-1.159926950225053516e-09
7.761147658195358817e-09
-1.441907955483504901e-08
1.303475340936667039e-08
-1.148350076146534629e-08
3.116306950500229850e-09
-2.084557906823457374e-09
-1.089640207669337682e-08
2.095583326848114367e-09
-7.792698616818430346e-09
1.441947735351814877e-08
-1.332472147743746834e-08
1.143692007288601986e-08
-2.968252713390039099e-10
-9.207881806745470132e-10
9.892137605902427688e-09
-1.273433936028890414e-08
1.365574388474417172e-08
-6.537370933435912579e-09
5.088834730286508762e-09
-1.262853234300625321e-08
2.969745303079036891e-10
1.295219707907798584e-09
-1.012488152059244292e-08
1.259269874436162403e-08
-1.365622380878738634e-08
6.625028902264382819e-09
-4.528558735037574445e-09
1.198028914544150766e-08
-1.731768841935037162e-09
-1.552458307849287344e-10
8.949405201174980007e-09
-8.196961319884184249e-09
-1.805622496382471368e-09
-9.854606477632116279e-10
6.962281345250596193e-09
1.894617340835250130e-09
1.419634884473885972e-09
5.389250555965906936e-10
-9.021315921446237257e-09
8.197157430129197939e-09
1.477569945736167956e-09
1.165255155658340841e-09
-6.814300782225900938e-09
-1.894395841367177424e-09
-2.488201547524906271e-09
8.648180290844091969e-09
-3.040658881500951996e-09
-7.929208347692232733e-09
3.440344747380010872e-09
9.566123826832816784e-09
1.268577454942385746e-08
7.461868396937097747e-10
2.327375042145661543e-09
-8.605872290895178421e-09
3.105089674802514327e-09
8.236333682079804291e-09
-3.281094536434288507e-09
-1.009648790462926160e-08
-1.253327918282910042e-08
-7.798188999381082398e-10
1.002273038348822087e-08
8.478695976918155380e-10
-1.863642197109786382e-08
9.515929698953110027e-09
1.295905301731264947e-08
1.087810744829437529e-08
8.216370935671627601e-09
5.942158484798518506e-09
-9.948386541262180943e-09
-8.883033940853494320e-10
1.866748273280792632e-08
-1.018079815069683480e-08
-1.228448410540722985e-08
-1.094773803772888798e-08
-8.211287001204641695e-09
-5.951422583889238657e-09
-6.179526211970518684e-09
-1.092642914254232656e-08
5.572365036928114343e-09
1.459886727901271025e-08
-5.192230653782749228e-09
2.175177679555190258e-08
6.878715655509338306e-09
-1.495043147859324248e-08
6.198839239872702689e-09
1.028122000501421190e-08
-4.528463039816621287e-09
-1.501597799390391036e-08
5.183567624450231143e-09
-2.181016611795460677e-08
-6.996853610548563890e-09
1.513616263562513330e-08
-1.370028041595896130e-08
1.069305699720338523e-08
6.606608245012229180e-09
5.447586346645286182e-09
1.274282412867724229e-08
-4.262299288255305685e-09
-7.127252070373690102e-09
2.534318238421725752e-09
1.505818302584012013e-08
-1.157926193351508509e-08
-7.078080670728549573e-09
-5.447211508789219503e-09
-1.234069072939773110e-08
4.192802086913031273e-09
6.794318957762616323e-09
-2.533871969477618016e-09
-4.356532995775943239e-09
5.838552885519682212e-09
2.780544376397662415e-09
2.427736757069573481e-09
3.918643574668707885e-09
-3.619366403216910544e-09
-6.512206554283410387e-09
6.687517002299490920e-09
3.991650110950597033e-09
-4.925379741430382929e-09
-2.780188255448960005e-09
-2.884784817763167558e-09
-4.002264736042027843e-09
4.160242594288781194e-09
6.511923210812111881e-09
-7.236094287568078931e-09
4.896847207781253319e-10
-1.055862643736631135e-09
-5.977362932635225945e-09
-3.116049632028144306e-09
-5.169440379503443400e-09
1.291693074530653358e-08
-8.749878163338766120e-09
4.842954794300174254e-09
-6.381314059523794657e-10
1.055879866504981501e-09
6.720715988557061232e-09
2.445673525811953644e-09
5.095566124645525830e-09
-1.291736056023584135e-08
9.196609190184027068e-09
-5.140984037348833580e-09
-6.052280401023027445e-10
-1.991640698824521938e-09
-3.501689270631828249e-09
9.671147383498969398e-09
-1.612641019725917675e-08
5.113325943651575445e-09
4.573680216445031275e-09
7.233604554593171115e-09
6.050860823676729172e-10
1.605617859642364392e-09
3.508741877123258690e-09
-9.292469822385726499e-09
1.612620782241269528e-08
-5.428161674108592655e-09
-3.588912297447337252e-09
-7.905110213396893820e-09
-4.712893640341879464e-09
-3.152163630809612371e-09
-4.914155372936265115e-09
1.198008526477373388e-08
-7.010214221275594924e-09
3.060831145777678092e-09
-6.607104951583502028e-10
4.818302033944045493e-10
4.828444439902105506e-09
3.219527186867779736e-09
4.730166170915667961e-09
-1.198051320509038037e-08
7.984356010970103910e-09
-4.293842708800142682e-09
9.193216468032089361e-10
-4.821887070400113218e-10
4.943211081513253918e-09
-4.224563594668959555e-09
-4.816350725986599454e-09
4.861467423555258099e-09
5.251671274949750758e-09
-6.550918156349692933e-09
-3.469462874817769854e-09
-2.566747684946794894e-09
-4.646914545216110359e-09
4.326577130396762143e-09
4.817084483198490891e-09
-5.346386003617781268e-09
-4.507687299747336999e-09
6.290939341560639747e-09
3.469398380401018250e-09
2.167157351414417815e-09
-5.242389648578947570e-09
1.464458529296846015e-09
1.705798176112618102e-08
-1.448719731553466464e-08
-6.173048627822197432e-09
-6.067774065208857148e-09
-1.262519102327233633e-08
4.860693125205211781e-09
4.987807779700901417e-09
-1.461604777231459776e-09
-1.594659740468743186e-08
1.325307629021802922e-08
6.294517464764184944e-09
6.068075571424684511e-09
1.505818310749409625e-08
-7.039159350568681417e-09
6.745451054359285700e-09
1.161512578495447687e-08
2.295306486652277933e-09
-2.341200351429562412e-08
-7.420254220043189658e-09
-1.682965369869575747e-08
-5.473508880241961111e-09
2.136004440273857162e-08
-6.740849133165995738e-09
-1.199071298171481767e-08
-1.084634193007291691e-09
2.257631894283943300e-08
7.421666093428321009e-09
1.617639779007314094e-08
4.953500265568802630e-09
-2.018918827268657737e-08
1.212184318044172860e-08
-5.806734082339313346e-09
-9.389347681136323703e-09
-5.867455029544103862e-09
-1.054084543787451103e-08
-8.558003467668516551e-11
7.268160849864188644e-09
-6.843123547472466234e-10
-1.240994494241197919e-08
5.486959060393460652e-09
9.994387507102509699e-09
5.869526754171891514e-09
8.389901617357736069e-09
2.994473964797184085e-09
-8.025320096460234615e-09
6.885116562982667582e-10
-3.948505795641084858e-09
-2.177628605757632452e-09
-3.158836140576548601e-09
-5.722641581635580510e-09
1.496929636073552478e-09
2.357597181174835997e-09
2.925102976432695720e-09
-8.016347673612134878e-09
6.246236445512699277e-09
-2.508808341194351810e-10
3.160313062568372022e-09
6.205575403366025977e-09
-4.669969719522243379e-09
3.309808769001346780e-10
-2.921726874598618712e-09
8.142765198118455394e-09
-2.913147637180479865e-09
-3.622776422384718642e-11
9.360172547473195187e-09
-5.163715303301485635e-09
5.411174312450195423e-09
-9.211219095415709712e-09
7.746153679033247579e-09
-9.344171588451886251e-09
5.311633472252982879e-09
3.692731922111044951e-11
-1.001246500016402322e-08
8.047071426906231978e-09
-7.643669976153434631e-09
9.207194319189437176e-09
-8.389253226389540956e-09
7.590276894097088001e-09
-8.028027120030381547e-11
-3.479282252062676495e-09
9.244451956160696510e-09
-9.365626423810287371e-09
1.204861548837030290e-08
-6.138782513679004460e-09
7.552257169182621625e-09
-1.370312107317958605e-08
8.045475787324396499e-11
3.107782412057474852e-09
-1.375836484768678397e-08
1.425079791833717784e-08
-1.205140544505828824e-08
5.984005589871124742e-09
-2.618208665361920415e-09
8.916762929314214076e-09
8.644348076757013555e-09
-2.823780876633858947e-09
3.879939418144004448e-09
-9.137686493451918981e-09
1.211688998885762560e-08
-1.278117735335326105e-08
4.230268502462483649e-09
-7.284410025588765325e-10
-1.441924545514177911e-08
1.134462969474680366e-08
-6.635238649591469057e-09
9.134538423241373578e-09
-1.362946337675518052e-08
1.174405553973920449e-08
-1.678086986478966730e-09
7.270307432255193603e-10
6.896047218668804185e-09
5.989499159042875132e-10
3.201657755537087868e-09
-4.258467796490819635e-09
4.033607105781628933e-09
-1.939420955050178558e-09
2.408210763508826513e-09
6.678611950690187260e-09
-7.160758546721508050e-09
2.614891687482541292e-09
-3.194013522742587818e-09
3.257341379373120127e-09
2.444268297149571750e-11
-1.124837457119193251e-09
-2.406102502026767620e-09
-9.628526230715060003e-09
2.608816712732896920e-09
-3.278211877031766280e-10
7.906341303767598638e-10
-2.815070786611577336e-09
4.006646394543768308e-09
4.708331052133158529e-09
-4.184586964916733876e-09
8.876502754833967557e-09
-2.527113820017645035e-09
3.507369393561995258e-10
9.391907621758436089e-11
2.011221341704193255e-09
-4.095525860884751540e-09
-4.701055310166787210e-09
2.995445188934539246e-08
-3.472869736779364905e-08
-1.571315653438841442e-09
-3.126154636534910630e-09
8.570196105789438384e-10
4.134584052678438176e-09
3.002182205364290618e-09
-4.223766502948599760e-09
9.199921470524983352e-09
-5.233790862280743002e-09
1.593466918093852658e-09
2.985322775171227877e-09
-1.162461143850942492e-09
-3.689964549625363022e-09
-2.993878809144992492e-09
-7.520045273230920035e-09
3.448644148246540753e-09
4.323602729162348730e-09
-5.148464552660837398e-09
3.782305201460375854e-09
3.242701080200492691e-09
3.869975898442880313e-10
1.375423432971051990e-08
-1.345057403355650293e-08
-4.166275108274161004e-09
4.329804599220981459e-09
6.226317359654958035e-09
-8.097647797309162621e-09
-1.074643176638030717e-11
-3.829035403633482271e-10
6.061286620458617574e-09
-3.771277860879990521e-09
1.581446394357307467e-09
-4.318460822120596954e-09
-9.802024133500047282e-09
-1.081972045015007836e-08
2.257412547038498141e-09
-5.163473628863862047e-09
-8.274080571081879332e-10
9.919643951519438452e-09
-8.135375552148667311e-09
-2.776392443541979976e-08
2.434099734945560038e-08
1.050891199749900626e-08
-2.249082225986393999e-09
4.925648214795124748e-08
-4.180583138105624028e-08
-1.136878993691307210e-08
8.131531275417953203e-09
1.351925780742127547e-08
-9.523651739201241181e-03
-1.715038720192562814e-03
2.499848832188742657e-03
-1.258107887308848420e-02
1.303401533746440140e-02
-1.607118196053250458e-02
1.596923804555778342e-02
-1.012640328899938602e-02
9.523760377881117928e-03
1.714986965409276551e-03
-2.499899550787353097e-03
1.258117351414584674e-02
-1.303400068551475652e-02
1.607119206194182470e-02
-1.596923298985941653e-02
1.012634995415177645e-02
