4.526724547863306028e-04
7.436946111870465417e-04
-5.171376215136470585e-04
1.251722146222785216e-03
-1.184014484513532537e-03
1.026516901903599868e-03
-1.157316878858563646e-03
1.999867584201721023e-04
-4.526740504992928676e-04
-7.436935802697332201e-04
5.171367274672635829e-04
-1.251723692668398925e-03
1.184014186684833984e-03
-1.026517791899455526e-03
1.157317340358658079e-03
-1.999872486887779529e-04
9.450936127447517876e-14
1.255197118119055766e-14
9.541358588632808946e-14
-6.317361456002756892e-14
4.014783704054877833e-14
-1.013483459481878679e-13
-3.813364012582309837e-14
-8.092674750811990059e-14
-9.453635790857006782e-14
-1.293403047424729335e-14
-9.521943238229024775e-14
6.318708577202070131e-14
-4.029268645079284172e-14
1.018021929775903001e-13
3.818527525428772051e-14
8.068946986267144794e-14
1.981393022744415422e-14
2.732460525206592550e-15
8.257146526312146573e-15
-1.297827947541185800e-14
-8.260238196569624769e-15
-2.169662019491092053e-14
-1.987554001589564301e-14
-1.735254735041324992e-14
-1.969363799640688750e-14
-2.931465833966306889e-15
-8.061733484281737722e-15
1.315317483836092594e-14
8.050038500378997597e-15
2.125610885223006008e-14
1.976272877984852627e-14
1.722244308971498938e-14
5.354467954091224335e-16
8.478596514108205362e-16
-1.909795021778903923e-15
-5.694500860436990664e-16
-2.056677311096377636e-15
-2.557524504676056409e-15
-1.728489313485015444e-15
-2.535732041009097770e-15
-4.470843183515538222e-16
-1.106834892836139339e-15
9.748603833903413118e-16
1.229810524250307679e-15
2.235950140316855794e-15
2.595363160495800514e-15
1.448602522657882474e-15
2.495887611170255482e-15
-2.670159557870144251e-15
2.218941718735989443e-15
-3.804953314229253536e-15
-1.072492789022660986e-15
-2.164663847475933878e-15
-3.083308348222901785e-15
3.304377171192696139e-16
-3.454268121538817127e-15
2.503842944610867871e-15
-1.780944369842579755e-15
3.693117860137373754e-15
1.139117012521895234e-15
1.877350271767275203e-15
3.394962262703860034e-15
-1.652595161411030134e-16
3.569600127636962661e-15
-2.518113755706208323e-15
6.559965244623544578e-16
-2.050931039582204463e-15
-1.793975124703139912e-15
-8.758727250424147570e-16
-2.209875078068579413e-15
7.776169031609159177e-16
-1.997588292695917644e-15
1.841490284912317144e-15
2.541911993392265146e-16
1.891119639357841109e-15
2.243919026284624252e-15
4.956430231517483520e-16
2.463415756104314625e-15
-1.062409708818545795e-15
2.204101701500094102e-15
-1.233659441962631220e-15
-1.072818049674406637e-15
-2.085462878775867779e-16
-1.312101469141957466e-15
-5.311235392463364846e-16
-2.513451686364520654e-16
2.522599642194867098e-16
-4.541587375270217386e-16
8.622659877777216764e-16
9.319801874685396115e-16
-3.561604136614882066e-17
1.263583421923231143e-15
3.119791751327039009e-16
4.362016390452305714e-16
-2.803611292775953778e-16
1.855069917122698087e-16
2.194425197110660974e-16
-1.194899214296274437e-15
2.233456475320139134e-16
-2.867714746224159228e-16
-4.703675600056800299e-16
2.942253645582537658e-16
4.009921734937638149e-16
4.578043673320042473e-16
-3.158280928450274416e-16
1.487579590758736359e-15
-2.123952055899103186e-16
4.421918560482129834e-16
1.425590331546877643e-16
1.466790014101326811e-16
-3.193517499056053310e-16
-1.930421968110440645e-16
9.997970333575079138e-16
-6.252051827637661319e-16
-5.936006894358136776e-17
7.952351884638053647e-16
-3.309899826008794177e-16
-1.220811646218677993e-16
-3.083470978548774610e-16
7.010451247291271670e-16
-1.098079960293318891e-15
3.717729249452794704e-16
-2.925719562452133715e-16
-6.279698983036041682e-16
2.993956536682940150e-16
-7.901123331988113563e-18
2.293087594806841878e-17
-4.791631501299686846e-16
8.900757735019748651e-16
1.651239908695423253e-16
-6.577990105741116089e-16
2.680825396741970401e-16
2.245382699217479683e-16
3.368616149912462276e-16
-7.090682208055198998e-16
1.236369947393844981e-15
-4.472333961502705790e-16
-3.290553593493505957e-17
8.857254122848767786e-16
-3.724776563573950483e-16
2.228035464457711612e-17
-1.774296855272528006e-16
6.590322905453138702e-16
-1.291067946995738680e-15
1.903587964341424410e-16
4.504588976134149547e-16
-4.683448453276367607e-16
-2.468728346749493596e-16
-8.819984673169578571e-17
8.019843469875276298e-16
-1.394067153381861601e-15
3.941074896984808618e-16
-3.834280982994986431e-16
-3.448847110676389605e-16
-3.296652230713736920e-18
-1.160096324559489744e-16
2.174909558005921895e-16
-4.735795089416683368e-16
1.442151519731593723e-15
-5.417216154823822905e-16
-5.529431079676072613e-16
1.349425128929770956e-16
3.503057219300664826e-16
3.380000272723560073e-16
-9.741556519782257340e-16
1.553282242411357927e-15
-1.046363516665760329e-15
1.546614399050572075e-16
6.614988504877183928e-16
-1.977855813156681464e-16
-4.593493554277960911e-16
-2.132083572192744469e-16
4.066842348993127132e-16
-1.451909339283963263e-15
5.109302737837939645e-16
2.865004240792945467e-16
-3.672836503248316786e-16
-3.510104533421820605e-17
2.943608898298144538e-17
7.335711899036923000e-16
-1.481670688918690360e-15
9.364254163757301797e-16
3.996640258324690720e-16
-1.087780039654706599e-15
4.975234362946528988e-16
4.359305885021091953e-16
-1.691897490163629669e-16
-3.628282570222740588e-16
1.280496975814005012e-15
-6.455881836064936152e-16
-3.018960949285887096e-16
8.346188323793413133e-16
1.490506936624447221e-16
2.221259200879677209e-16
-7.932023093903950439e-16
1.165408915204668716e-15
-9.126813887982976325e-16
-1.191538187561569373e-16
4.689987547629170805e-16
-6.704435184107238044e-17
-1.559895875663519504e-16
-1.449578304613119428e-16
4.625748568909404668e-16
-1.139333852956392334e-15
1.019150042136374168e-15
1.678887064093803616e-16
-5.306627533230301452e-16
2.698308156773299160e-16
-7.475573979287553072e-17
1.225527925668989937e-15
-1.034274662442546955e-15
6.615259555420305304e-16
8.958220450161480386e-17
2.043721095135175858e-17
-7.428953285870676382e-16
6.932795266686997415e-16
-3.035766082959412415e-17
-6.223320470066795451e-16
1.078564321188579811e-15
-8.630249292984615295e-16
2.562782885212611106e-16
1.752070710736575165e-16
-4.590240947760504397e-17
-7.156547490033693393e-16
-8.352151435742083407e-16
1.119059272330913402e-15
-7.084176995020285972e-16
-3.033597678614441406e-16
3.647798209327479668e-16
-3.001749239797679714e-16
-3.664603343001004987e-16
-1.788933584601082316e-17
4.410534437671032038e-16
-1.070541225112187078e-15
9.973033683607912536e-16
-7.968885967768457590e-18
-3.721117381241811906e-16
4.097064484551160568e-16
2.524022657546254322e-16
4.460407737605365242e-16
-9.343654322480077212e-16
6.536654897915106233e-16
-4.169299454293007301e-16
-5.760908243501727810e-16
5.811425288475974282e-16
5.917439932154322513e-16
-5.255670031123482744e-16
-4.548770214662933853e-16
8.918647070865759474e-16
-8.045322220928685653e-16
-7.031051088568496255e-17
-3.698484660891177001e-16
2.822720356066010794e-16
-1.100058629258104936e-16
5.556536133988210224e-17
7.207233941597390725e-16
-6.737232299824924553e-16
-1.710328927095883245e-16
-1.045712995362269027e-16
3.574072461598465367e-16
-1.685121226585595267e-16
-4.580483128208134858e-16
4.361745339909184338e-16
-9.240113015007711539e-16
1.026197356257529947e-15
-1.586187778346292987e-16
1.627929561986984908e-16
-1.011289576385854261e-16
-1.706263168949062603e-16
9.540979117872439019e-18
-4.320003556268492417e-16
9.029777793545523679e-16
-4.236791039530229952e-16
4.645806309100386500e-16
-5.522654816098038211e-19
1.044493267918222834e-16
2.361392331673428657e-16
-3.329042770616741365e-16
8.838416110101832146e-16
-7.833902797294012288e-16
3.361568835791306498e-16
5.322348464731341267e-16
-3.003036729877506250e-16
-4.262947416941442746e-16
-3.625029963705284075e-16
7.112908352591151839e-16
-7.376369480505129417e-16
6.226573076584251965e-16
-8.901299836105991403e-17
-4.678603424818073009e-16
-6.589238703280653198e-16
7.927686285214008421e-16
1.805196617188364883e-17
-4.969982758673552325e-16
3.709055632072910669e-16
-1.485356976305141075e-17
-2.036673781014020079e-16
1.830133267155531485e-16
4.030792626757984110e-16
-4.141110197808384186e-16
-1.494572694771267862e-16
6.640196205387471906e-16
-7.031593189654739007e-16
7.438169004336803170e-16
-1.764030815951805886e-16
8.750053633044263535e-16
-3.116539144809582496e-16
-3.917222449190127520e-16
8.738669510233165738e-17
-4.803557725197027395e-16
3.252064416370270550e-16
-2.296069150781177015e-16
5.241439877609610498e-17
-1.749631255848482780e-16
2.580401170515500553e-16
2.358681826242214896e-16
-4.308077332371151869e-16
7.342759213158078779e-16
-6.756205837843420881e-16
3.398973810742056401e-17
-3.894183153024810551e-16
1.866454039933795883e-16
-1.324895054777286418e-16
6.933472893044800855e-17
5.363548147285790435e-16
-1.713039432527097006e-16
5.185061364640364268e-16
3.372410857516161542e-16
-2.762005034406822546e-17
-4.339519195373231497e-17
2.805915222392485475e-16
2.011195029960610725e-17
-6.960035846270695714e-16
5.101171221544298362e-16
-3.134292955384032631e-16
-2.149159756409391164e-16
-2.886146183156412803e-16
2.671474153004282925e-16
-1.692981692336115174e-16
-3.588167089840776924e-16
5.803192128228662483e-17
-5.002237773304996082e-16
-2.872627537318234170e-16
-1.463266357040748922e-16
5.029613878160255069e-16
-6.796321318225384545e-16
2.928972168969590228e-16
3.082386776376289106e-16
-8.369498670501851478e-16
1.070649645329435629e-16
6.164129807712664944e-16
9.011075306070148727e-17
-3.346932106462752188e-16
1.968911145233676052e-16
3.448305009590146852e-16
-7.768308565858639270e-16
1.737976082494263608e-16
-2.470625700551343229e-16
4.399421365403055617e-16
-1.633621623392533806e-16
4.230556877038438301e-16
-1.146001696317178187e-16
-2.473607256525678366e-16
4.617074951529520632e-16
-1.182729044910124649e-16
6.735063895479953544e-16
-2.310434829566609949e-16
1.424641654645952826e-16
-3.802297018906664050e-16
2.168404344971008868e-17
7.067913962433003405e-16
-2.192256792765689966e-16
5.605664044928959644e-17
-1.202922310372667170e-16
3.782781379801924970e-16
-7.340590808813107770e-16
3.607140627859273252e-16
6.131163285405527574e-17
-3.199751661547844961e-16
5.559246639419423985e-16
-2.618551534459834240e-16
1.208614371778216068e-16
-2.600458910706482385e-16
5.262717345244638523e-16
-3.286216784803563939e-16
-9.676504389433127074e-17
2.334016226818169670e-16
-2.354887118638515631e-16
2.099557507018179336e-16
-3.169122950175129461e-16
5.664414250150517915e-16
-3.947038008933478892e-16
7.323785675139582452e-17
6.915041456112547280e-16
-7.538457705291712330e-16
-1.557862996590109184e-16
4.370418957289068373e-16
1.720086746648252785e-16
-4.440349997414383409e-16
3.208154228384607620e-16
4.815483949094367944e-16
-4.061692388673820986e-16
-2.502575783321775438e-16
3.917357974461688208e-16
2.471980953266950110e-17
-7.003946034256358644e-16
6.523102370759037427e-16
1.387778780781445676e-17
-7.307251592009178509e-16
9.081006346195463763e-16
-3.346457768012289780e-16
1.832301671500502493e-16
1.911990531178187069e-16
1.583477272915079226e-16
-5.358127136423362913e-16
-3.079134169858832593e-17
3.792674724625855198e-16
2.723786907826708514e-16
-3.874396463376950095e-16
-3.942972250786658250e-16
6.981719889720405803e-16
-7.574778478069976728e-16
4.336266588855774984e-16
5.804276330401147987e-16
-5.467631555844398861e-16
3.928742097272786005e-16
-2.058899925549972920e-16
4.056271377811393464e-16
-6.802826531260297571e-16
9.522005579853942692e-16
-3.072086855737676814e-16
-6.211936347255697655e-16
5.744408041689214039e-16
1.858186998368593912e-16
1.084744273571747186e-16
-6.690611606408047862e-16
9.797935032751503570e-16
-3.906922528551515228e-16
9.408164351742964726e-17
3.138765289345535336e-16
-5.274643569141979071e-17
-4.316073323393232464e-16
-9.447195629952442886e-16
1.243363051406376485e-15
-1.062355498709921520e-15
3.646171906068751412e-16
-2.283329775254472338e-16
-1.199127602768967904e-16
-2.325342609438285635e-16
-8.993457020767259280e-17
1.174353583127674128e-15
-1.127678679602173162e-15
5.012808744486729751e-16
-1.134075472419837638e-16
-4.534675586420622295e-17
-2.477401964129377632e-17
-1.833927974759230750e-16
2.433762826686836078e-16
-9.461832359280997196e-16
1.280496975814005012e-15
-7.060324547225604874e-16
1.819833346516919192e-16
2.398932831895739248e-16
-6.919378264802489298e-16
4.933119884809045175e-16
-1.369076293306070724e-15
1.263258161271485491e-15
-2.121241550467889425e-16
-6.551562677786781919e-16
5.627009275199768012e-16
5.197936265438629633e-16
-7.208182618498315541e-16
2.810794132168670245e-16
5.284401388694348611e-16
-1.214848534270007718e-15
5.071355661800946990e-16
-1.353355361805030910e-16
-2.709963330127518333e-16
-1.089331804014076477e-15
2.028000163634136044e-16
4.218630653141097753e-16
-1.111632487449387696e-15
-7.388837805488712718e-17
6.092674108282292167e-16
-7.976746433518977497e-16
4.680771829163044018e-16
6.073700570263795839e-16
9.405724896854872341e-16
-8.081100892620707299e-16
1.148495361313894847e-15
-6.420645265459157258e-16
2.149430806952512540e-16
4.503504773961664043e-16
9.259086553026207866e-16
-1.200726800973384023e-15
-4.155475876593817119e-16
1.480532276637580580e-15
-5.325601071248797780e-16
4.279888075886528753e-17
4.424900116456464971e-16
5.550573022039539950e-16
-1.072777392092938431e-15
3.621235256101584810e-17
1.127787099819421712e-15
-1.190399775280459593e-15
1.691355389077386917e-16
-3.481915276937197490e-16
-7.523278874876915268e-16
6.037549204074982301e-16
2.764715539838036307e-18
9.679214894864340835e-16
-9.522005579853942692e-16
5.260006839813424762e-16
3.962216839348275954e-16
-4.426932995529875292e-16
-3.390706769176854429e-16
1.290607161072432341e-15
-5.086805542758865428e-16
-1.860490927985125609e-16
9.221681578075457963e-16
-6.878720683334282882e-16
1.439820485060749888e-16
-4.426255369172071852e-17
2.929243219512711605e-16
3.340968994514081913e-16
-1.826609610094953595e-16
6.626101577145160348e-16
-1.151476917288229984e-15
-1.343597542252661370e-16
1.601258188543841499e-15
-1.292775565417403349e-15
8.983699201214889740e-16
-5.628093477372253517e-16
2.108773225484306124e-17
-1.078726951514452637e-15
1.420304845956010809e-17
-2.310434829566609949e-16
-3.232548777265531470e-16
-1.215797211170932535e-16
8.401076058775491795e-16
7.285838599102589797e-17
-2.911082833123579405e-16
1.430116875617004624e-15
2.485533480423018915e-16
-1.095261034644856579e-15
1.316356962668963071e-16
3.660808635397305721e-16
1.316492487940523759e-15
-7.915217960230425120e-16
1.314757764464546952e-15
4.619243355874491641e-16
-2.149972908038755293e-16
1.202583497193765449e-15
-1.108190145551746220e-15
2.078144514111590624e-16
-9.622836381895094604e-16
9.936712910829648138e-17
-1.372491530149400063e-15
-3.791997098268051758e-16
1.301042606982605321e-16
6.806756764135557525e-18
-1.620855142811516991e-15
-1.425183755732195579e-15
-1.345223845511389626e-15
-2.229228086847445667e-15
-1.454890895258298400e-15
-1.756190678992020082e-15
-1.137897285077849041e-15
-1.828744133122034432e-16
2.229390717173318492e-16
7.651214731230204791e-16
1.698131652655421320e-15
2.371854882637913775e-15
1.801835590453659819e-15
1.496795309224863146e-15
9.172079328684246136e-16
-4.418259378149991257e-16
5.641347848930888809e-15
4.497866922664739420e-15
5.570684972339146057e-15
6.161304105800624598e-15
3.771668307533948550e-15
3.733477286008146656e-15
-1.692039791698768392e-15
1.029341542557737910e-15
-5.791184589168385521e-15
-4.081262237887184341e-15
-5.851330704687018880e-15
-6.215460004316275544e-15
-3.020749882870488179e-15
-4.487295951483005751e-15
1.109165927506983174e-15
-1.145936644186829056e-14
-5.831977695908152626e-15
-9.983469129518085516e-15
-1.119766714248460193e-14
-3.234825601827751029e-15
-8.992498179470967412e-15
4.461275099343353645e-15
-1.268706277188225151e-15
1.055592787659043186e-14
6.698959963136186246e-15
9.919474096287128617e-15
1.086885572862406057e-14
3.242686067578270936e-15
9.037797501490127394e-15
-4.368413183269970190e-15
2.416334276764131594e-15
-8.713181145997414209e-04
-2.942557146563993739e-04
3.489197601027832301e-05
-1.079910794943171083e-03
9.206628996844575105e-04
-1.232967664459366395e-03
1.267121337601927493e-03
-6.637756481292329206e-04
8.713217452913407830e-04
2.942547503356131191e-04
-3.489152137855624299e-05
1.079914337722681162e-03
-9.206631733814338346e-04
1.232967262615732723e-03
-1.267122247282108068e-03
6.637747914494958974e-04
