3.572815499966768525e-03
6.228659687457472997e-03
-5.062087296532782540e-03
1.108030008801773672e-02
-1.073168034664030712e-02
9.441357050470718798e-03
-1.011485335269695501e-02
2.271737666743431968e-03
-3.572832862220520420e-03
-6.228646432939165430e-03
5.062080269233423802e-03
-1.108031824047256940e-02
1.073167651761760231e-02
-9.441366410199155540e-03
1.011485958931772171e-02
-2.271743705570176616e-03
1.507868211802348979e-12
-2.403693834685666220e-13
1.874676303949274203e-12
-1.496227675177458361e-12
1.148646634622010887e-12
-1.880047441511767392e-12
-2.524905740215743766e-13
-1.159890434566934747e-12
-1.510624470565241628e-12
2.407737773263765590e-13
-1.881811980547487551e-12
1.501434772951254493e-12
-1.148074094559775604e-12
1.878557097205468818e-12
2.527470691505301348e-13
1.158820435442908803e-12
3.494102793558107045e-13
-1.280574225218794604e-14
1.904694392658445867e-13
-2.611803460138284461e-13
-7.915659772615712964e-14
-3.570308111655595695e-13
-3.032178457970657881e-13
-2.438798403676945004e-13
-3.492944323536806284e-13
1.284924586435892691e-14
-1.904770828911606095e-13
2.619814629990779853e-13
7.931242468339760876e-14
3.570087476513494895e-13
3.028299182597504746e-13
2.433569838700133658e-13
1.615126760633189829e-13
-1.501569254678224163e-13
1.287935280343613376e-13
-1.513418296933410900e-13
2.058341561431142885e-14
-6.313737510241224093e-14
-9.952878365221407009e-14
6.182115366501483855e-14
-1.620023559745220609e-13
1.503756293748034767e-13
-1.289702394359493187e-13
1.515942319590957155e-13
-2.107304131540588266e-14
6.259727979018858690e-14
1.000475743917483840e-13
-6.219710076832418721e-14
-1.192497706484219044e-14
5.233985987673772655e-16
-3.905361277423136102e-14
-3.092627065895414695e-14
-4.275041692175518548e-14
-4.452975531712977109e-14
-2.144486845045978640e-14
-3.186977049450534505e-14
1.166417223225080235e-14
-8.924881233357551125e-16
3.827930268769652589e-14
3.146099917042399774e-14
4.305361405929075680e-14
4.391620530772022413e-14
2.154662082434755099e-14
3.147292539432133829e-14
-4.203578538855209934e-14
6.633203101374940402e-15
-4.391929528391180781e-14
-2.927405496830348675e-14
-1.741076900707572150e-14
-4.622658592717820980e-14
1.595696231398990861e-14
-3.562277697214538685e-14
4.214298587835660359e-14
-5.401495223322783090e-15
4.253357648725808460e-14
2.901688221298992509e-14
1.823671422207517878e-14
4.587459969188079079e-14
-1.610937403438705839e-14
3.594783433598369715e-14
-1.161765995905117421e-14
-1.210094307743658781e-14
-1.442796620024222598e-14
-1.699465221327578490e-14
-9.653573513485058655e-15
-6.722243204790312454e-15
-1.072262396061007816e-15
3.350130502871584426e-15
1.071706742447608995e-14
1.341591768233563187e-14
1.393346158937158741e-14
1.586740721454260594e-14
1.021925599697937059e-14
6.980337531950486785e-15
1.156653982661848268e-15
-2.761435828266267656e-15
1.960671208722786218e-15
-3.487336287799625012e-15
-4.147615410843297212e-16
2.262729933977247754e-15
-7.597899089398230110e-15
7.579359232248727984e-15
-5.782206039927489938e-15
4.956647071951980621e-15
-2.369849108618815592e-15
3.380542373809802825e-15
5.508831238398848029e-16
-1.681624674579329515e-15
6.715304310886405226e-15
-6.320830902954710506e-15
5.623580485829282605e-15
-3.946712748281733241e-15
7.266648220649596368e-15
6.607128039126664021e-16
3.849351393192534943e-15
5.337391769874577641e-15
-2.098473304845693832e-15
1.767791642237614980e-16
-3.325193852904417824e-15
-1.991462550421374544e-15
-7.984064798183254652e-15
-9.827208491408612190e-16
-4.056054537376896363e-15
-3.809479858299380517e-15
1.590876952742292794e-15
3.929148673087468069e-16
3.416212625284575921e-15
2.266362011255074194e-15
8.351717754873089206e-15
1.364251593638510229e-15
9.388648712638225646e-16
1.263258161271485491e-15
-1.130416290087699061e-15
-3.594075991680822924e-15
-4.661364610275553488e-15
3.394094900965871631e-16
-9.413585362605392248e-15
-6.127368577801828309e-16
-1.123667131563976795e-15
-8.230110928701683815e-16
6.382156088335921851e-16
4.062180279651439463e-15
5.353465067081675244e-15
-2.321818952377707745e-16
4.267094490251199801e-15
3.012672576685471171e-15
-1.422229304812172579e-15
-1.343570437198349232e-15
3.802839119992906802e-17
-1.062789179578915721e-15
-7.477471333089402705e-15
4.851154200569141040e-15
-4.420834358309644330e-15
-2.630735256373140096e-15
2.177281250258233936e-15
1.755052266710910303e-15
2.972069205325889030e-16
-7.980270090579555387e-16
7.269900827167052881e-15
-3.953272171425270542e-15
-1.298223681334143009e-15
1.550266805119132618e-15
4.725766219321192452e-16
-2.084703937255127926e-15
-6.388661301370834877e-16
6.119562322159932677e-15
-9.481564838820233376e-15
3.560194673790650910e-15
1.347961455996915525e-15
-1.414653442131930117e-15
-1.447450557849616626e-15
1.804762936319370681e-15
3.128356948489674494e-15
-7.062980842548194360e-15
7.562526993520890528e-15
-2.328812056390239249e-15
-2.139781407617391551e-15
-1.309960169851298595e-15
3.166954545830158452e-15
9.009177952268299094e-16
-6.618729002372258918e-15
1.172326125065126234e-14
-5.652054345384183165e-15
-2.184870665465632467e-15
1.894128300386488384e-15
2.357977094830099318e-15
-2.113001613956999591e-15
-4.138508112594418975e-15
7.890335520371882794e-15
-8.466155294178934199e-15
2.512855375169653627e-15
2.014989737564309991e-15
1.978594425886687214e-15
-2.170898009967725528e-15
1.267811810395924610e-15
9.276759048437721589e-15
-1.241606643886949968e-14
6.163499615199907744e-15
3.373115588928277120e-15
-2.042027029240667257e-15
-3.244583421380120569e-15
9.635304706878677905e-16
2.927725336471231898e-15
-9.976991021537484627e-15
8.727664858182437868e-15
-2.879207289252505575e-15
-2.408528021122235963e-15
1.934352200985700598e-15
4.024612674374816734e-15
1.898817474782488190e-15
-6.305611414958445238e-15
1.596953905919074046e-14
-7.439415836835161500e-15
-3.934501921314115247e-15
1.816797580433959780e-15
2.623687942251984317e-15
-3.000421092136384971e-15
-5.991951726458388805e-15
9.194034422677077600e-15
-9.708325723195576629e-15
2.360524969935440254e-15
2.730400541078870091e-15
-1.987166399312900733e-15
-1.258975562690167749e-15
1.053844511655910310e-16
8.959304652333965890e-15
-1.494843745314389238e-14
6.340197464260732829e-15
3.433153284229661928e-15
-3.344899227389341867e-15
-2.967529108728605980e-15
1.310366745665980659e-15
4.358059052522733623e-15
-1.138764646815837445e-14
9.520650327138335811e-15
-1.702549776508299750e-15
-2.526028431565352506e-15
2.290038276196726397e-15
1.208221348490690072e-15
-1.650101496414313473e-15
-6.661880248837181995e-15
1.466177439873872501e-14
-7.407052401986469192e-15
-4.937510903607611468e-15
2.472523054353192862e-15
2.419722408553148796e-15
-2.128722545458039406e-15
-5.175872751228549618e-15
1.009993954789734083e-14
-9.325764986634066389e-15
2.767100784617504416e-15
4.103949168346443521e-15
-1.899874571900661557e-15
-1.386613263446023758e-15
2.615610636066967309e-15
3.139361600540402364e-15
-1.087839670774193301e-14
2.723868222989644927e-15
3.381355525439166954e-15
-2.112439184080022736e-15
-3.345902114398890959e-15
9.807692852303873110e-16
4.099910515253935017e-15
-1.052256155473219046e-14
9.006033765968091132e-15
-1.177172508776136439e-15
-2.597477354732147248e-15
2.246324599854826465e-15
1.444536764511061833e-15
-9.550736937424808559e-16
-2.498435486275596418e-15
9.537563881029109680e-15
-1.585211996391056033e-15
-3.281852871059309784e-15
1.981420127798727560e-15
1.247401704498884989e-15
-1.502568685793348457e-15
-4.121160877834650904e-15
9.725347697303599048e-15
-7.067426071455384928e-15
2.538984647526554284e-15
3.243526324261947202e-15
-2.105683249292722437e-15
-1.382872765950948768e-15
9.585160356401223325e-16
4.241236268437420520e-15
-1.091260328628385068e-14
6.552592669850643148e-15
2.659981609975936578e-15
-2.225541799460994952e-15
-1.168939348528824640e-15
4.128099771738558132e-16
3.272989518299240785e-15
-8.461818485488992181e-15
6.927889251856500508e-15
-1.071191746415678381e-16
-3.296354075116303406e-15
2.924852200714145312e-15
1.086946559234608367e-15
9.063388060892574316e-16
-4.406956570501829873e-15
9.257297619441606784e-15
-5.758306158287762599e-15
-5.168933857324642389e-16
1.571063158040120200e-15
9.806337599588266229e-16
-4.993835206468233423e-16
-3.618633170887619599e-15
7.302481102450242290e-15
-4.658057793649472700e-15
2.056189420118759159e-16
4.207463370764497057e-15
-2.112107147164699050e-15
1.674008154317618846e-16
5.576051773092949304e-16
5.407078864511083438e-15
-8.739211611319408490e-15
2.189329446899979104e-15
1.531381358527150738e-15
-2.274764578091836853e-15
4.168757353206764549e-17
2.680689871470409713e-16
2.998794788877656714e-15
-5.781453874670328119e-15
4.533374543813639690e-15
6.396521767121354785e-16
-2.386871082726838011e-15
2.683413929428779543e-15
-2.616450892750643575e-16
1.256807158345196740e-15
-4.958598635862454529e-15
5.848565989147180844e-15
-2.811390443363537273e-15
-1.573014721950594108e-15
2.095302013491173732e-15
-9.493003171739955448e-16
1.202651259829545793e-16
-2.164013326172442575e-15
4.297723201623915301e-15
-2.899210819334863132e-15
5.111471142182910654e-16
2.307493931173743018e-15
-1.566509508915681081e-15
1.189207152890725538e-15
-1.375120720417677411e-15
4.282761211643615340e-15
-4.606937661216781166e-15
1.167360479115142624e-15
1.017252688334524535e-15
-1.525418246578480463e-15
1.149715088757941039e-15
-1.024083162021183213e-15
1.648583613372833767e-15
-2.543429876433744852e-15
2.250098978667791627e-15
6.662422349923424747e-16
-2.553323221257675080e-15
2.447491536695933778e-15
-1.291962413788039221e-15
2.179517417238985288e-15
-3.004703690717702713e-15
2.410940370956016210e-15
-5.617251455647398473e-16
-1.878353158776824294e-15
1.404529704346346719e-15
-1.619133971862696253e-15
1.857495819483634403e-15
-1.255831376389959786e-15
1.323865062713425189e-15
-5.860654843370394218e-16
-8.381424894399192027e-16
1.334002353026164656e-15
-1.937631912557469249e-15
1.229512368652874166e-15
-1.659723790695122325e-15
1.976012669463456106e-15
-1.350265385613447222e-15
-1.008308020411519124e-17
1.379972525139550044e-15
-1.478797553161603773e-15
1.066583887182614987e-15
-1.362300029728036321e-16
7.017498561412427449e-16
-2.864462139706702715e-16
-8.675785784229006481e-16
6.284035791725983700e-16
-1.246696973086769411e-15
1.382533952772047048e-15
-1.367721040590463844e-15
1.978506334460172766e-15
-8.986951807732346253e-16
8.512071256183695311e-16
1.693686423748230752e-15
-7.555262838965237648e-16
9.419006373467819770e-16
-1.617968454527274336e-15
2.066821377672695137e-15
-2.076301370418365266e-15
-4.862646743597487387e-16
-5.648151217563235349e-16
-9.627173190585036622e-16
1.959966477310670641e-16
-1.448683837820818887e-15
2.440051199287252004e-15
-1.551493308826756845e-15
6.640738306473714658e-17
1.323865062713425189e-15
-1.074769613584880545e-15
1.298006840899645908e-15
1.298874202637634312e-16
7.146654145209763165e-16
-1.203084940698539995e-15
1.017117163062963847e-15
-2.258393125287305736e-16
-1.384309333829492061e-15
7.141639710162017707e-16
-1.413664107649537094e-15
2.124412841822409526e-15
-2.127265648788762009e-15
1.662352980963399673e-15
1.568840543586524916e-16
-1.288465861781773469e-15
1.974277945987479299e-15
-1.365281585702371459e-15
4.850449469157025462e-16
-5.424263468944978683e-16
1.635464767085759163e-15
-8.598807429982535666e-16
-7.783487396273436332e-16
1.702956352322981814e-15
-1.826772240420826421e-15
5.616709354561155720e-16
-1.796617867498573329e-15
1.452803806076263804e-15
-1.258243726223740033e-15
-7.913049555885454112e-16
1.426051117470183982e-15
-2.084920777689625027e-15
1.120848205915514484e-15
-1.909551076290094684e-16
1.197989190487858124e-15
-2.164799372747494566e-15
1.643081287347469832e-15
7.951538733008689519e-16
-1.610257066575471185e-15
2.824455079541987601e-15
-9.424969485416490045e-16
9.807286276489191046e-16
-3.088824226775421788e-15
8.999962233802172307e-16
5.529973180762315366e-16
-3.419844702562402361e-15
1.327768190534373005e-15
-1.536260268303335508e-15
-3.346390005376509436e-16
-1.357942892247360200e-15
2.537900445354068779e-15
2.752247214854453006e-16
5.215012449655276328e-16
3.467766438586261657e-15
-2.153225514556211806e-15
2.364157047213266694e-15
4.176888869500405832e-17
1.256048216824456887e-15
-2.087251812360468861e-15
-2.209278766873712385e-15
1.867050351128662911e-15
-2.974671290539854240e-15
1.359589524296822560e-16
-7.358480144659118594e-16
7.345198668046171164e-16
-8.308783348842663230e-16
1.453752482977188620e-15
2.728177926625274807e-15
-1.343001231057794342e-15
3.673656431141258949e-15
-9.358291051808631522e-16
3.761368386895336258e-16
-5.142777479913429595e-16
2.518357701195017562e-15
1.105940426043838798e-15
-1.803082422952018149e-15
2.629407108711845353e-15
-7.825229179914128252e-17
1.032838094564003661e-15
-9.399558496998861035e-16
2.374606045650595743e-15
-2.457235803721147249e-15
-9.372927781137185832e-17
2.570480720637258187e-15
-3.410412143661778472e-15
9.504116244007931869e-16
-1.513681758061324878e-15
1.593086014668732009e-15
-2.787246616235000696e-15
5.608035737181271685e-16
5.936006894358136776e-15
2.484232437816036310e-15
1.560166926206640881e-15
2.454091617420939286e-15
1.059265522518337832e-16
-2.581891948502668122e-15
-8.086521903483134821e-16
-1.514034123767382667e-15
-5.479611989850363685e-15
-1.074064882172764968e-15
-3.148197848246159225e-15
-8.071749648883019823e-16
-8.173393602553535864e-16
1.403309976902300527e-15
2.058195194137857342e-15
1.436025777457050623e-15
3.163864569638574764e-15
8.631956911406279964e-15
-5.350564826270276519e-15
8.363996344476487543e-15
-8.247966383229804466e-15
2.130890949803010415e-15
-8.007375144891692997e-15
-1.171914128239581743e-15
-3.633378320433422459e-15
-7.866862543337571623e-15
5.426892659213256032e-15
-8.134931530484612594e-15
8.293706162381536684e-15
-2.567661794988795876e-15
8.743060529031732031e-15
1.849215225391276363e-15
-7.200620308345229148e-15
1.096534972197527047e-14
-1.036605697113390789e-14
1.020177323694804183e-14
-9.495171576084926457e-15
5.114669538591742892e-15
-3.516392906022236531e-15
-2.991639054539252385e-15
6.626101577145160348e-15
-1.185428708319613555e-14
1.190950007882995987e-14
-8.779245776538435742e-15
8.310084391449645835e-15
-5.723178007899232256e-15
3.634083051845538037e-15
3.472482718036573601e-15
-4.872458773258481202e-15
9.853364868819824984e-16
-9.177229289003552282e-16
3.780667185565578237e-15
1.575833647599056420e-15
5.164000737439833344e-15
2.066326710431498626e-15
1.558703253273785450e-15
4.612223146807648000e-15
-1.494044146212181179e-15
6.811635673911742295e-16
-3.295974604355933479e-15
-1.448819363092379575e-15
-5.325492651031549229e-15
-3.312671317812210248e-15
-1.132964165193039996e-15
-3.429331471571650525e-15
2.534132842804681651e-15
-2.630193155286897344e-15
2.647133814231983351e-15
-1.290200585257750276e-15
7.126460879747220645e-16
6.342582709040200939e-17
-2.264844128213594487e-15
3.709746810957870178e-15
-3.155733053344933481e-15
2.547278794146068392e-15
-2.804831020219999971e-15
1.257078208888318116e-15
1.851817310605241573e-16
-2.495616560627134106e-15
2.678738307559935805e-15
-4.899727813149207245e-14
1.347099515269789549e-13
5.386376024027472731e-14
1.098246385326795416e-13
1.247908026913435720e-13
2.304498822672251812e-14
1.230415509062554591e-13
-8.024965647513912503e-14
4.820391319177580458e-14
-1.341460037669606198e-13
-5.311105288202666586e-14
-1.096792470213492354e-13
-1.255801018729130192e-13
-2.013688694957327385e-14
-1.238770913104814131e-13
8.005212161557584416e-14
-4.970993302860944596e-13
-1.802789688365447063e-13
-3.886548201326167629e-13
-4.534345988960186702e-13
-5.096004998192404933e-14
-4.659784114558612744e-13
3.117124071881638425e-13
-2.012361631498205128e-13
4.961754409573380931e-13
1.797965530798972811e-13
3.884869314262073825e-13
4.547289194495318654e-13
4.974818300362837675e-14
4.677537383031976637e-13
-3.148398425648069043e-13
2.039157146090098127e-13
-7.407679240471969941e-03
-2.141490432583336573e-03
8.060006924529228766e-04
-9.367547193842551759e-03
8.547592200057926512e-03
-1.110615202628187012e-02
1.128209657169346528e-02
-6.339054912853016484e-03
7.407721706355424596e-03
2.141476466988947742e-03
-8.059993424981868812e-04
9.367587778643602855e-03
-8.547594908361974553e-03
1.110614655097864022e-02
-1.128210900559990966e-02
6.339047373758547113e-03
