3.386602025005250750e-03
5.864493547136653828e-03
-4.690257762416905410e-03
1.037053372033502029e-02
-1.001962001765294152e-02
8.801751627279304907e-03
-9.479674079449454394e-03
2.076970154624454331e-03
-3.386617848381486343e-03
-5.864481690364408382e-03
4.690250914827938204e-03
-1.037055010982159027e-02
1.001961658428226348e-02
-8.801760218780213182e-03
9.479679663426280462e-03
-2.076975531216706909e-03
1.136106508349554733e-12
-1.469199924480218966e-13
1.388736022879533127e-12
-1.092661768356539831e-12
8.265508774380619927e-13
-1.396331509619097577e-12
-2.177839614377063970e-13
-8.855561683257517913e-13
-1.140293480299259254e-12
1.474742094935421743e-13
-1.393277257889097287e-12
1.095737975180532953e-12
-8.267851735275361102e-13
1.396279738965361394e-12
2.186317533264814372e-13
8.826441639207815992e-13
2.611398510626861125e-13
-5.201365054809115041e-15
1.390740143490318270e-13
-1.940700746806689470e-13
-6.448403551580217385e-14
-2.695748355444060884e-13
-2.308937004265321224e-13
-1.876059529080931210e-13
-2.623056936587597754e-13
5.096563362311234968e-15
-1.392821405085675757e-13
1.934653067088565326e-13
6.576271645297726565e-14
2.686850308214472349e-13
2.306868888621305125e-13
1.871687483820383413e-13
1.043207946242741269e-13
-9.505380017165235285e-14
7.954478276148840843e-14
-9.914432556185071022e-14
8.682995728676035085e-15
-4.535076741224441932e-14
-6.798652352896228379e-14
3.500869841417675321e-14
-1.050537152928743279e-13
9.515157487881981124e-14
-7.952223135630070994e-14
9.814675114294679759e-14
-8.020006100201149124e-15
4.509272729519286926e-14
6.739183863735398461e-14
-3.530753163796807037e-14
-1.343906539871819739e-14
4.497785607501803007e-15
-3.281085798022276290e-14
-2.240883260201664839e-14
-3.241368761938701049e-14
-3.532634254566069387e-14
-1.434616314632819467e-14
-2.791896488302247903e-14
1.316458606622633587e-14
-4.609892112136804165e-15
3.290111781108218114e-14
2.152677992459106626e-14
3.266262043818968230e-14
3.513395087015314111e-14
1.389074402377565853e-14
2.749834865020672758e-14
-2.973240143672173375e-14
2.807433105433965181e-15
-3.059656477830130505e-14
-2.190906961060945513e-14
-1.416651084634734659e-14
-3.355662644456691712e-14
1.077875852809051516e-14
-2.561433053507866653e-14
3.097253898666496585e-14
-3.563555700525355974e-15
3.097386713432626060e-14
2.204058333413194681e-14
1.381631354463452865e-14
3.318357958206896718e-14
-1.166902403697267498e-14
2.605831810097505863e-14
-7.667559078980423770e-15
-1.030382376643323994e-14
-1.041847814617358203e-14
-1.132351590965585686e-14
-7.875102479848461456e-15
-6.060283568379287722e-15
-1.573990503905831062e-16
2.355131064127324869e-15
7.958423416803972472e-15
1.064296220598670573e-14
1.063396332795507604e-14
1.131993804248665469e-14
7.851575292705526010e-15
6.116729843984314297e-15
-1.215119584813129094e-16
-2.691315052760767657e-15
1.832084831066005393e-15
-2.393051035110005387e-15
-2.030385408413604154e-15
1.975118202671155565e-15
-4.702889553481748308e-15
3.971452886605136845e-15
-3.127150773572784370e-15
3.381789206308161155e-15
-1.888246503600754522e-15
2.925177461365890963e-15
2.063074103914042112e-15
-2.009975302516564533e-15
5.470314956221300484e-15
-4.710750019232268215e-15
3.789395013054086547e-15
-4.152114849859112056e-15
4.583573104399718545e-15
2.683671427444744850e-15
1.208614371778216068e-15
3.354318233762809687e-15
-1.744820108708078354e-15
1.322916385812500373e-15
-3.358099388839352883e-15
-6.042258707261716211e-16
-4.828440165055569722e-15
-1.862876172764593719e-15
-7.079840186330343954e-17
-4.317293050837278656e-15
2.326399706556459002e-15
-6.776263578034402713e-16
3.763862051892052918e-15
9.234149903059041264e-16
3.995393425826332390e-15
2.288371315356529934e-15
3.019503050372129849e-17
1.216007275341851601e-15
-1.421714308780241964e-15
-1.245856716403093145e-15
-4.611870781101590211e-15
-1.729844566200622324e-16
-3.457791778599395016e-15
-2.514888254243063948e-15
2.972340255869010406e-16
-5.099273867742448729e-16
1.440945344814703599e-15
1.011940097689345563e-15
4.171847329398348236e-15
5.957690937807846865e-16
8.342935717275956620e-16
2.580238540189627727e-15
-1.012143385596686596e-15
-4.518412553833339729e-17
-1.479773335116840727e-15
8.522371176822307604e-16
-4.633175353790930373e-15
2.512638534735156526e-16
1.208343321235094692e-16
-2.460434200129979487e-15
1.002466881207253468e-15
9.002130638147143316e-16
1.831380099653889815e-15
-6.084542591988650884e-16
4.125768737067714298e-15
-3.189722791452354045e-16
-1.818911774670306514e-15
8.744903672724957389e-16
1.276648058101681471e-16
1.857780422553911848e-16
-2.809167828909941989e-15
3.406129545080460730e-15
-2.103243794404630052e-15
-5.408271486900817493e-16
2.194614932490845938e-15
-1.054657663285274438e-15
1.615461237003401607e-17
2.355971320811001135e-16
2.225108118592000750e-15
-3.417351037565685701e-15
3.050077551636221074e-15
3.399786962371420529e-16
-1.284589839015137791e-15
-7.391548310919926479e-17
1.765894288435765347e-16
3.291637795665991462e-15
-4.255981417983223380e-15
3.441203485360366798e-15
2.265982540494704267e-17
-1.379701474596428667e-15
9.657530851414630746e-16
6.418476861114186249e-16
-2.237793284010081152e-16
-2.310760090218355600e-15
4.200903947620959755e-15
-3.626059955769145304e-15
-7.546047120499110861e-17
2.917262785506746781e-15
1.247320389335948576e-15
1.383441972091503658e-16
-2.201364091014568203e-15
5.640616012464461093e-15
-3.323025448559446815e-15
7.524363077049400772e-17
1.909795021778903923e-15
-9.790955481266128135e-16
-8.528063238227856502e-16
2.148346604780027036e-16
1.705937908297316952e-15
-5.841410254808776514e-15
3.453617600235325824e-15
-2.381992172950653242e-16
-2.369279902478260702e-15
2.250464896901005485e-15
1.434020003437952440e-15
3.918469281688485850e-15
-5.360187120551085371e-15
4.790764139561698443e-15
-3.304106120649574763e-16
-1.306219672356223604e-15
1.489314314234713166e-15
8.162416055557120131e-16
-1.284915099666883442e-15
-3.566537256499691111e-15
4.848714745681048655e-15
-5.300284950521261251e-15
6.852699831194630775e-16
2.338569875942608789e-15
-1.517639095990896969e-15
-5.963111948670274387e-16
-3.181753905484585587e-15
6.227440438322240368e-15
-5.414343019066736318e-15
-6.131163285405527574e-17
1.835012176931716255e-15
-1.390882309500185432e-15
-1.026739457343772699e-15
4.523291463609524499e-16
2.928213227448850375e-15
-6.318025529833404264e-15
5.956281474983615709e-15
-1.074254617552949931e-15
-1.861602235211923251e-15
1.604341388471847152e-15
7.048669373871385702e-16
-2.789652189805202909e-16
-5.729900061368642383e-15
5.531165803152049421e-15
-9.866781870704333102e-16
-2.823804558238496298e-15
1.081017328603828265e-15
6.244733462973384164e-16
-1.519373819466873776e-15
-3.153293598456841096e-15
6.263219110014262014e-15
-5.500699722105206746e-15
1.229918944467556230e-15
2.640032290002203297e-15
-1.190643720769268832e-15
2.301219111100483161e-17
1.086018211124417654e-15
3.554068931516107810e-15
-6.583438221657855749e-15
1.694472470323282742e-15
1.727025640552160013e-15
-1.608800169906193789e-15
-8.810497904160330407e-16
3.827775769960073404e-16
2.830418191490657875e-15
-6.780004075529477703e-15
6.237957199395349761e-15
-2.316668992058401599e-16
-1.986827586133999013e-15
9.640183616654862675e-16
1.177064088558887889e-15
-5.139118297581291017e-16
-2.149810277712882467e-15
6.810253316141823277e-15
-2.811336233254912997e-15
-2.932414510867231705e-15
2.044195433585638266e-15
1.280795131411438526e-15
-1.382791450788012355e-15
-3.591907587335851915e-15
6.537305419218597535e-15
-5.451531153582989120e-15
1.923754124749654792e-15
2.353504760868596613e-15
-1.745172474414136143e-15
-5.388755847796078413e-16
1.416835399004057194e-15
2.754198778764926914e-15
-6.393648631364268198e-15
6.193017019345825602e-15
2.615990106827337236e-15
-1.821886554381063617e-15
-1.462995306497627546e-15
2.840609691912021617e-16
1.804383465559000754e-15
-6.714735104745850336e-15
5.720088031707648568e-15
-1.559977190826455917e-15
-8.577123386532825577e-16
1.294435749994021778e-15
7.476929232003159953e-16
-5.976664475826343192e-16
-1.023541060934940461e-15
6.962475301158788099e-15
-6.379554003121956640e-15
2.055647319032516407e-15
1.511865719422411658e-15
1.158388706137825075e-15
-1.609335494728858507e-15
-3.159310920514135645e-15
5.294050788029469601e-15
-5.228077085833726656e-15
1.589928275841367977e-15
1.363031866194464037e-15
-1.024381317618616727e-15
-8.321522724369367907e-16
2.007400322356911460e-15
2.792742165996786596e-15
-5.432557615564492792e-15
6.161087265366127497e-15
-2.139347726748397349e-15
-2.266063855657640680e-15
-1.290932421724177992e-15
7.504847437944661692e-16
1.297844210573773083e-15
-5.383063786390529515e-15
4.950358699351564695e-15
-1.106157266478335899e-15
-7.221870670925945035e-16
1.812284588890988868e-15
5.273559366969493567e-16
-2.188245244727493599e-15
-2.775557561562891351e-16
5.367939166084356728e-15
-5.846614425236706936e-15
2.324204197157175855e-15
4.054645074552665207e-16
-9.855872086343697713e-16
-1.294998179870998634e-15
-1.891228059575089659e-15
3.733721231496955895e-15
-4.434549515791585961e-15
1.772453711579302649e-15
1.421497468345744863e-15
-1.820795575945000078e-15
-2.989958541171899853e-16
2.271295131139883239e-15
6.613091151075334295e-16
-3.740443284966366022e-15
5.244611168964130599e-15
-2.514698518862878984e-15
-1.051974262908372815e-15
1.212138028838793957e-15
4.264980296014853067e-16
-4.727121472036799332e-17
-2.918834878656850762e-15
3.617494758606509819e-15
-1.757112250838632761e-15
-2.615637741121279447e-16
1.636609955630446978e-15
2.716739593705552736e-16
-9.243907722611410804e-16
4.104789425030119787e-16
3.269465861238662896e-15
-4.034966805122053302e-15
1.579926510800189199e-15
7.817097663620486969e-16
-1.023324220500443360e-15
-1.511648878987914557e-16
8.914852363262060209e-16
1.188556631587234236e-15
-2.580509590732749103e-15
1.836204799321450309e-15
5.228971552626027197e-16
-1.408947828199225150e-15
-5.765516102734791204e-16
1.357366909843227276e-15
-1.653408313040394262e-16
-1.494735325097140688e-15
2.589237418221257414e-15
-9.324138683375338132e-16
-3.101360314394785433e-16
7.361732751176575107e-16
-1.964845387086855411e-16
-9.385667156663890509e-16
1.246832498358330099e-17
1.028691021254246607e-15
-2.078171619165902761e-15
-8.736501105888194729e-16
1.088403455903885764e-15
3.756489477119151488e-16
-4.489139095176231109e-16
1.281635388095114791e-15
1.029504172883610735e-15
-7.421363870663277851e-16
1.381056727312035548e-15
6.571078316891520998e-16
-9.415008377956779473e-16
1.043842746614731531e-15
4.267961851989188204e-16
-1.344681744425146874e-15
-1.394392414033607253e-15
1.141719097735860444e-15
1.411089127489884021e-16
-7.079027034700979826e-16
2.682587225272259346e-16
1.017306898443148810e-15
-9.829376895753583199e-16
7.429495386956919134e-16
7.021835370102369467e-16
-1.285646936133311158e-15
9.272503554910715984e-16
1.371434433031226696e-15
-1.707618421664669484e-18
-6.401129626354418178e-16
1.590145116275865078e-15
-1.049074022096974090e-15
-1.057313958607863924e-15
6.423897871976613771e-17
9.624733735696944237e-16
-1.056676989831528690e-15
-4.617617052615763384e-16
1.509426264534319273e-15
-1.539838135472537672e-15
1.038123580154870496e-15
9.925599838561671717e-16
-1.415154885636704662e-16
-4.365065709062421195e-16
1.244352385888769508e-15
1.624243274600534193e-15
-2.222506033378035539e-15
1.434833155067316568e-15
-1.472888651321557774e-16
-3.117081245895825248e-16
-6.752140079696600239e-16
8.467618967111789630e-16
-4.718176804113793921e-16
-2.367301233513474656e-15
2.225650219678243502e-15
-1.255722956172711235e-15
3.323079658668071090e-17
3.040373942192475809e-16
8.635670303847042817e-16
-1.047014037969251632e-15
-6.343666911212686443e-16
3.423151519188483149e-15
-1.673574473448624644e-15
5.869870561836521006e-16
1.259897134536780428e-15
-4.264980296014853067e-16
-4.980689255126846682e-16
-4.987329993433320396e-18
9.195118624849563105e-16
-3.396046464876345539e-15
5.246996413743598708e-16
-4.572622662457614950e-17
-4.111836739151275566e-16
-3.712037188047245806e-17
1.772291081253429823e-15
1.458685602861997666e-15
-1.304295213500061834e-15
3.163376678660956287e-15
-8.608565249534905206e-17
4.258204032436818665e-17
9.618770623748273962e-16
7.688009842458931598e-16
-7.182839392716466875e-16
-2.204020386337157689e-15
2.134848287732582506e-15
-2.705301260785830664e-15
1.564503734896582898e-16
3.116539144809582496e-16
1.208831212212713169e-15
-8.871484276362640031e-17
7.811947703301180823e-16
2.728611607494269009e-15
-1.744101824768806708e-15
2.407037243135068394e-15
7.228917985047100814e-16
7.155463287861207888e-16
-1.512434925562966548e-15
4.703811125328360987e-16
1.698294282981294145e-15
-2.943934158949890190e-15
1.303807322522443357e-15
1.498909503461209880e-16
-4.605690828718422836e-16
-7.638881931518182178e-16
1.998387891798125704e-15
-7.266322959997850717e-16
-6.409803243734302214e-16
2.639815449567706196e-15
-1.753209123017684945e-15
6.844839365444110868e-16
-2.644640149235266691e-16
9.526071338000763333e-16
-1.944435281189815790e-15
-8.893168319812350120e-16
4.511636290255305326e-15
6.714464054202728960e-16
4.173094161896706566e-16
1.504194989052076714e-15
9.891447470128378328e-16
-1.711684179811490125e-15
-1.084066647213943746e-15
-9.150666335777657423e-17
-3.842629339723124815e-15
-1.263095530945612666e-16
-1.743613933791188231e-15
-2.078496879817648413e-15
-9.240113015007711539e-17
1.443479667392888466e-15
1.395259775771595656e-15
-2.238877486182566656e-17
3.030399282205609168e-15
4.993591260979424185e-15
-3.221788070703612838e-15
4.116627557500945889e-15
-4.570996359198886694e-15
1.988968885424657884e-15
-6.336294336439785013e-15
-7.051650929845720839e-16
-2.803963658482011567e-15
-6.279970033579163058e-15
3.130281407345836264e-15
-4.360010616433207531e-15
5.090274989710819042e-15
-1.053410830786916108e-15
6.127368577801828309e-15
9.074772183703672113e-16
-4.713785785315227628e-15
7.586894437347502240e-15
-8.439944706659097129e-15
6.003715320029856528e-15
-5.994228551020608364e-15
3.151829925523985665e-15
-3.231735625636167342e-15
-2.437720164616408169e-15
4.804587717260888624e-15
-8.695924839582924726e-15
7.653030769869118011e-15
-6.524023942605650106e-15
6.663614972313158802e-15
-3.099625590918808626e-15
3.137193196195431355e-15
2.598561556904632752e-15
-3.775788275789393467e-15
1.700930249513149528e-15
-2.135918937377911941e-15
2.844675450058842259e-15
5.689893001203927270e-16
3.674578002987871628e-15
1.128112360471167364e-15
7.017498561412427449e-16
4.052259829773197097e-15
-1.837743011153664119e-15
4.905472729410664812e-16
-3.698267820456679900e-15
2.143467695003842266e-16
-3.659182332138577465e-15
-2.475070929458533797e-15
1.052760309483424805e-16
1.934840091963319075e-15
-2.849554359835027029e-15
-2.830418191490657875e-15
-4.911598471685207912e-15
-5.727731657023671374e-15
-3.101360314394785433e-15
-4.780897899792080352e-15
-8.077306185017008033e-16
-1.880440247958858890e-15
2.819793010200299932e-15
2.254164736814612269e-15
4.047326709888388052e-15
5.644735980719906010e-15
3.369700352084947781e-15
4.900485399417231491e-15
7.990027910131924926e-16
-2.773535524511205885e-14
9.047287658631164575e-14
4.266118708295962847e-14
7.890639096980178735e-14
8.861336144028175710e-14
1.989359198206752666e-14
8.280485672140791564e-14
-5.086213297322145221e-14
2.814374709843303624e-14
-9.162652190794484675e-14
-4.234996684934766442e-14
-7.888394798483133741e-14
-8.972087395947569988e-14
-2.039658047493786430e-14
-8.283884645951533621e-14
5.064552293168600450e-14
-3.185677463740221177e-13
-1.268373969222358344e-13
-2.570132691739890340e-13
-2.962539068229741446e-13
-4.231787446504209349e-14
-2.974290735577311828e-13
1.946048302971931099e-13
-1.205297797332582910e-13
3.197167160737864749e-13
1.255675793378208116e-13
2.568188175143537588e-13
2.975605330711450502e-13
4.039558401322529413e-14
2.979136035086149548e-13
-1.954344346945247057e-13
1.214375822122804038e-13
-6.963149053546652430e-03
-2.049812533394286453e-03
7.055480544875637272e-04
-8.786336769176448722e-03
7.960989610488636986e-03
-1.037588723456934169e-02
1.055297096294141763e-02
-5.887496587617502275e-03
6.963187576398921670e-03
2.049800231705855950e-03
-7.055463321316761491e-04
8.786373662856625591e-03
-7.960992112352261244e-03
1.037588226687461736e-02
-1.055298213374444502e-02
5.887489411940829628e-03
