1.037218711206995981e-03
1.716236591736158444e-03
-1.218238512784801776e-03
2.908894456797627912e-03
-2.760065533065953706e-03
2.397583097326882236e-03
-2.685095943507677559e-03
4.817874656545120338e-04
-1.037222476950487105e-03
-1.716234097399549005e-03
1.218236410864278725e-03
-2.908898229811443786e-03
2.760064749391865843e-03
-2.397585168050872517e-03
2.685097113730228798e-03
-4.817885905148098775e-04
1.349879409640042383e-13
1.347598248269132881e-14
1.402055283938191677e-13
-9.573152817340946363e-14
6.326769620354499857e-14
-1.487289024576510243e-13
-5.100165624029318057e-14
-1.147303823126333278e-13
-1.359478393574142796e-13
-1.322382416242551262e-14
-1.407657627613967399e-13
9.606813229038474455e-14
-6.312214206188881960e-14
1.488856780917924283e-13
5.153622212143715853e-14
1.140100925993425829e-13
2.842940726582865452e-14
3.776194851604075531e-15
1.244844342624534805e-14
-1.951502924101705672e-14
-1.148725754275548017e-14
-3.091678388994489879e-14
-2.847082378881760079e-14
-2.429491070127243191e-14
-2.906550868042589997e-14
-3.480343183787093508e-15
-1.222811999226913748e-14
1.916671574057893235e-14
1.158589283539734893e-14
3.037446596326764947e-14
2.836424671526227570e-14
2.437020854215155019e-14
1.393159134062404991e-15
4.437368441440048272e-16
-9.960294308081207859e-16
-2.395978380975716249e-15
-3.117081245895825248e-15
-3.509996113204572055e-15
-3.328392249313250062e-15
-2.515565880600867388e-15
-1.456083517648032455e-15
-2.944828625742190731e-16
1.309987274905610732e-15
2.009839777245003845e-15
3.177471306903267845e-15
3.582258188000730925e-15
3.185602823196909128e-15
2.797458445447098541e-15
-3.551080599278194638e-15
2.680310400710039787e-15
-5.021428151757989511e-15
-1.349072763223713167e-15
-3.476765316617891344e-15
-4.571430040067880896e-15
1.691897490163629669e-16
-4.852861818990805709e-15
3.471906735632440677e-15
-2.711914894037992241e-15
5.533279997388396154e-15
1.240002024671671421e-15
3.309852392163747936e-15
4.668520344613957818e-15
-1.479935965442713552e-16
5.156899213210053290e-15
-3.224688311515011563e-15
3.578409270288407384e-16
-3.230922474006803213e-15
-2.713920668057090424e-15
-9.964902167314271253e-16
-3.667747529301212950e-15
8.147508275685444445e-16
-2.518913354808416383e-15
3.561170455745887864e-15
-7.382603642996921067e-16
3.180940753855221459e-15
2.655644801285994561e-15
9.944302326037046669e-16
3.666338066476981794e-15
-1.309431621292211911e-15
2.618050090955059694e-15
-1.365173165485122908e-15
-1.136406507090681473e-15
-6.509549843602968622e-16
-1.931506170282926149e-15
-5.649777520821963606e-16
-6.136584296267955096e-16
4.219138872909450333e-16
-3.113557588835247358e-16
1.717701501868784675e-15
8.513697559442423568e-16
9.017851569648183130e-16
1.851925730822490124e-15
4.483175983227560835e-17
9.611181208540875431e-16
-6.575516769535133532e-16
5.215825601284640456e-16
1.020234244308859672e-16
-1.137165448611421326e-15
4.530880878816923030e-16
-4.903304325065693803e-16
-9.565373666753362869e-17
-3.002968967241725906e-16
6.598183371203658609e-16
1.035413074723656734e-17
3.241764495731658258e-17
1.192459759408182052e-15
-3.832654679736258174e-16
8.835163503584375633e-16
5.162970745375972115e-16
-2.760649781691215665e-16
-4.140839147265262810e-16
-6.479734283859617250e-16
7.978643787320827130e-16
-7.282585992585133283e-16
-2.101725911363150345e-16
4.479381275623861569e-16
-2.168116353768942406e-16
-1.163619981620067634e-16
3.464568042177429419e-16
5.414505649392609143e-16
-5.016603452090429016e-16
8.149947730573536830e-16
-5.217180854000247336e-16
-6.673264371648279791e-17
-2.289919691584110795e-16
2.690041115208097189e-16
3.815307444976490103e-16
-6.548039020726204029e-16
9.086156306514769909e-16
6.076953176781252353e-17
-3.347203157005873564e-16
2.468254008299031188e-16
1.834741126388594878e-16
-5.825960373850858076e-16
-5.035576990108925344e-16
5.597193715456416641e-16
-7.263612454566636956e-16
-1.813328133482006166e-16
3.787931340121231116e-16
-5.105914606048922444e-17
-6.196215415754657840e-17
-5.095750210681870840e-18
3.548593710545056013e-16
-8.156995044694692609e-16
6.584901894590711180e-16
1.322726650432315409e-16
1.834165143984461954e-17
-7.909254848281754846e-17
1.880006567089864689e-16
5.065392549852276716e-16
-1.075257504562499022e-15
6.413055850251758727e-16
-2.493122895630417446e-16
-7.365256408237152996e-16
3.399210979967287605e-16
-2.794124523766705614e-16
3.222790957713161930e-16
-4.964019646724882051e-16
9.879792296774159155e-16
-7.168202663387912565e-16
-1.432231069853351357e-16
-1.145188544687814058e-17
4.315124646492307647e-16
-1.398620802506300720e-17
-7.333001393605709239e-16
1.309119913167622329e-15
-5.728924279413405429e-16
9.437979911486316098e-17
4.964561747811124803e-16
-2.563257223663073514e-16
2.932766876573289494e-17
-5.036119091195168096e-17
3.467278547608643180e-16
-9.242281419352682548e-16
6.729642884617526022e-16
-9.681925400295554596e-17
-1.870773907964792815e-16
-2.494478148346024327e-16
6.076953176781252353e-17
6.822342170365036651e-16
-1.274371233539461912e-15
5.220975561603946602e-16
-4.417039650705945064e-16
6.079663682212466114e-17
2.696715734832461075e-16
4.042312274840642594e-16
-1.222980050563649002e-16
-2.241587991613780417e-16
9.731256599143645047e-16
-7.310775249069756399e-16
5.597735816542659393e-16
3.276187914708073023e-16
-3.102986617653513690e-16
-1.636603179366868943e-16
-6.243378210257777283e-16
1.296597378075414753e-15
-7.524363077049400772e-16
3.344763702117781179e-17
-1.395910297075086959e-16
-2.173825355833436390e-17
-2.728394767059771908e-16
1.590253536493113629e-16
2.352176613207301870e-16
-1.067071778160233464e-15
8.297941327117808186e-16
-3.583830281150834907e-16
-4.199657115122601425e-16
4.562932605541025755e-16
5.286027691953076868e-16
6.822342170365036651e-16
-1.103826231807492064e-15
8.116337463226486193e-16
3.895538405740417431e-16
-4.139483894549655929e-16
2.440166395768078589e-16
3.212084461259867574e-16
-7.784571598445921836e-17
-3.277001066337437152e-16
8.819442572083335818e-16
-8.969062471886335430e-16
3.819102152580189369e-16
5.147520864418053677e-16
-4.288341464700126671e-16
-1.528725063204561252e-17
-7.475573979287553072e-16
8.996167526198473041e-16
-8.310951753187634239e-16
4.076600168545496672e-17
3.063142187814671402e-16
-9.048344755749337942e-17
2.064863037498643195e-16
8.196568423990413521e-17
3.854880824272211015e-16
-9.634220504706192401e-16
1.087183728459839571e-15
-4.901678021806965546e-16
7.922807375437823652e-17
5.913645224550623247e-17
9.615246966687696073e-16
-6.797947621484112801e-17
-7.136760800385832937e-16
9.274265383441004928e-16
-2.353802916466030126e-16
-3.252606517456513302e-17
-3.010964958263806501e-16
1.433857373112079614e-17
-2.369523847967069941e-16
-7.953165036267417776e-16
8.990204414249802767e-16
-1.054332402633528787e-15
8.011711953581635015e-16
-6.138481650069804729e-16
-3.477409061657804612e-16
-2.965970568105658067e-16
-2.722431655111101634e-16
1.053139780243794732e-15
-1.008524860846016225e-15
4.697848013379690713e-16
-1.126215006669317731e-16
3.688997891881928837e-17
-3.981190377366772282e-16
4.369334755116582869e-16
-9.031404096804251935e-17
-7.167118461215427061e-16
1.272419669628988004e-15
-6.539365403346319994e-16
-2.663613687253763018e-16
3.985865999235616020e-16
2.910269681494215277e-16
-2.606150972112031283e-16
-2.075162958137255487e-16
1.085774265635608415e-15
-8.057790545912268954e-16
4.350361217098086541e-17
1.200550618120355129e-16
2.723244806740465762e-16
-5.184112687739439451e-16
1.186117176699141851e-16
7.334627696864437496e-16
-8.222047175043822875e-16
3.943785402416022379e-16
3.319827052150614577e-16
8.858270562385472946e-17
-3.100818213308542681e-16
2.889398789673869317e-17
3.239596091386687249e-16
-9.590852417806772223e-16
6.767047859568275925e-16
4.326508769303405444e-16
3.664264529822103267e-16
-2.573895957480587526e-16
1.492946391512539606e-16
1.982463672389744858e-16
-6.499249922964356330e-16
8.026348682910189325e-16
-3.664061241914762235e-16
-7.784571598445921836e-17
3.051351489188891541e-17
2.591514242783476973e-16
-7.594836218260958560e-17
5.404747829840239604e-17
7.504305336858418940e-16
-7.501594831427205179e-16
-2.570643350963131013e-16
3.059686293389873857e-16
-1.647580726363284676e-16
-6.198383820099628849e-16
-2.622142954156192474e-16
4.524917766868252755e-16
-6.516597157724124401e-16
6.130079083233042070e-16
-1.129196562643652868e-16
-4.898527059243179549e-16
-3.807311453954409508e-16
4.855599429476331608e-16
1.746107598787904891e-16
-5.130986781287649734e-16
6.474855374083432480e-16
1.430062665508380348e-16
2.664155788340005770e-16
3.701466216865512138e-16
4.993022054838869295e-16
4.147073309757054460e-17
-3.349642611893965949e-16
8.231804994596192415e-16
-5.445947512394688772e-16
-3.423368359622980250e-17
-2.818248022104508088e-16
1.660726677704671417e-16
-3.560519934442396561e-16
3.691708397313142598e-17
1.440362586146992641e-16
-6.130621184319284822e-16
1.711413129268368749e-16
-5.129360478028921477e-16
-4.908793098563901669e-16
-2.047515802738875124e-16
1.169312043025616532e-16
-5.079487178094588273e-17
-4.601354020028480818e-16
5.064308347679791211e-16
-1.523304052342133730e-16
-2.437422009018974656e-16
-1.165517335421917267e-18
4.772115862194947766e-16
3.735076484212562775e-17
1.967826943061190548e-17
4.633337984116803199e-16
-2.235082778578867391e-16
5.778797579347738633e-17
-1.947447330350252082e-16
1.203057835644227858e-16
-5.591772704593989118e-16
1.825796458465589467e-16
1.595945597898662527e-16
-5.466005252585670604e-16
1.272311249411739453e-16
3.516203170642051568e-16
-6.880889087679253890e-16
-6.171820866873733991e-17
9.730714498057402295e-17
3.464025941091186667e-17
1.511919929531035933e-16
4.903304325065693803e-16
-4.293440603042597559e-16
-1.236193764540816087e-16
8.700722434196173083e-18
-1.385339325893353291e-16
-2.538659386874808632e-16
-1.708160522750912236e-16
4.797594613248357120e-16
1.117541389289433695e-16
-1.455626119856515133e-16
-5.410168840702667126e-17
4.353071722529300303e-16
-6.876552278989311873e-16
9.730714498057402295e-17
-3.177254466468770744e-16
-1.719002544475767280e-16
3.768957802102734789e-16
-1.412918718655953310e-16
7.245181017634383380e-17
1.521677749083405473e-16
5.913780749822183935e-16
-2.363560736018399666e-16
-2.662800535624398890e-16
4.582651532553105866e-16
5.455569806675497624e-17
3.171291354520100469e-18
-5.301748623454116682e-16
3.482999479109682994e-16
4.288019592180170036e-17
8.982614999042404236e-17
2.662258434538156138e-16
3.810970636286548086e-17
5.656824834943119384e-17
-8.985325504473617997e-17
2.180872669954592169e-16
-7.346011819675535293e-16
2.561427632497004225e-16
1.086912677916718195e-16
-4.890293898995867750e-16
2.182194041352308878e-16
-2.710234380670639709e-16
7.189886706837622654e-16
-8.028517087255160334e-16
2.545706700995964411e-16
4.700016417724661721e-17
-3.387047586844715852e-16
3.851357167211633126e-16
1.368297022994596768e-16
4.826054920276101612e-17
-8.345646222707170381e-16
5.827586677109586333e-16
-4.465286647381550011e-16
-1.848564704087785060e-16
5.393905808115384559e-18
1.764471273084378122e-16
-1.054386612742153062e-16
-2.890482991846354821e-16
6.407634839389331205e-16
-4.964561747811124803e-16
1.465841337200401995e-16
4.082021179407924194e-17
-5.114181647614124415e-16
3.336767711095700584e-16
-3.021129353630858105e-16
1.058750526486407217e-15
-7.192597212268836415e-16
4.169299454293007301e-16
-1.604619215278546562e-17
-1.472888651321557774e-16
3.997453409954054848e-16
2.347568753974238476e-16
3.349100510807723197e-16
-7.673982976852400384e-16
5.777713377175253129e-16
-9.784924606681677517e-17
4.228388472693467293e-18
6.240938755369684898e-16
2.489124900119377148e-16
4.794206481459339919e-16
-1.033515720921807102e-15
1.364739484616128706e-15
-7.855586840743722377e-16
2.398255205537935808e-16
3.953001120882149166e-16
-1.816038638913219927e-17
-4.996545711899447184e-16
-2.392292093589265534e-16
8.332635796637344328e-16
-5.754945131553057536e-16
1.338989683019597976e-16
1.317847740656130640e-16
-9.966257420029878134e-16
6.080002495391367834e-16
6.047679718124143733e-16
5.313945897894578607e-16
-7.903291736333084572e-16
7.491837011874835639e-16
3.035766082959412415e-18
-4.979740578225921865e-16
6.875468076816826368e-16
-4.733897735614833735e-17
1.756407519426517183e-17
-1.398620802506300720e-16
4.473960264761434047e-16
4.327050870389648196e-16
-6.011901046432122087e-16
-3.678969021786437921e-16
2.949910823425716533e-16
-5.326685273421283284e-16
1.005597514980305363e-16
2.194425197110660974e-16
-5.519131159037460321e-16
-1.612750731572187846e-16
3.256943326146455320e-16
5.879628381388890546e-16
-5.825943433191912990e-16
4.353613823615543055e-16
-1.659913526075307288e-16
-4.851262620786389590e-16
2.342960894741175082e-16
-2.532154173839895606e-16
-3.120875953499524513e-16
2.342351031019151986e-16
-9.194305473220198976e-16
5.070813560714704238e-16
-3.226585665316861196e-16
6.501418327309327339e-16
1.178527761491743320e-16
-3.848917712323540741e-16
3.761368386895336258e-16
-2.507962912866312788e-16
-7.418111264145821337e-16
7.316738361018426673e-16
5.874749471612705776e-16
-7.101524229780054043e-17
5.078945077008345521e-16
7.694311767586503592e-16
-2.383652357527271670e-16
-1.264721834204340922e-16
-6.298130419968295257e-16
6.285662094984711956e-16
-5.573341267661735543e-16
-3.729655473350135253e-16
2.314229537170309214e-16
-1.195766576034262840e-15
-1.373785796492804634e-16
1.914972087152522207e-16
-2.883977778811441794e-16
-1.655576717385365271e-16
-3.961132637175790450e-16
-1.932590372455411654e-16
8.972857179490034696e-16
-3.220622553368190921e-16
3.741039596161233050e-16
5.404747829840239604e-17
-7.599715128037143330e-16
3.728571271177649749e-16
-1.164975234335674514e-16
-6.124658072370614548e-16
3.551304215976269774e-16
-5.478744628112375281e-16
3.424723612338587131e-16
-5.472510465620583631e-17
1.786223079169868555e-16
-1.356879018865608799e-16
2.312874284454702334e-16
9.090493115204711927e-16
-6.312801030614739739e-16
3.754050022231059103e-17
-8.802637438409810500e-16
-5.357585035337120161e-16
-7.843660616846381828e-16
-7.670188269248701118e-16
-3.259382781034547705e-16
9.801187639268960083e-17
-4.111565688608154190e-16
-4.460543262876925930e-16
7.307522642552299885e-16
4.302114220422481594e-16
8.162958156643362884e-16
7.855586840743722377e-16
-1.760039596704343623e-15
2.718636947507402368e-16
-1.256590317910699639e-16
3.970348355641917237e-16
5.969075060618944661e-16
9.970323178176698775e-16
8.295772922772837177e-16
3.063413238357792778e-16
9.131150696672918343e-16
-6.943501763140291771e-16
5.834633991230742112e-16
-1.124182127595907410e-15
-2.430781270712500941e-16
-1.019637933113992645e-15
-6.710669346599029694e-16
1.946142899611480459e-16
1.346023444613597686e-15
-1.480911747397950506e-15
-9.233065700886555760e-16
-2.388985276963184745e-15
-3.035115561655921113e-15
-1.894643296418418998e-15
-1.917519962257863142e-15
-1.434480789361258779e-15
3.540106440413567923e-16
1.289400986155542217e-15
1.657528281295839179e-15
2.433437566035090427e-15
2.646158032276746397e-15
2.526462112434346707e-15
1.453183276836633731e-15
7.543607665611018476e-16
-1.311749103435899677e-16
7.358588564876367144e-15
6.052829678443449879e-15
8.576581285446582825e-15
8.738398459690044362e-15
4.049711954667856162e-15
6.481387692172657644e-15
-2.054939199488611812e-15
-3.368616149912462276e-16
-7.637174313096517508e-15
-5.735808963208688382e-15
-8.193857918559199760e-15
-8.436502364761455652e-15
-4.405005006591355965e-15
-5.549515924921366583e-15
1.779616222181285012e-15
-1.618164966171037333e-14
-9.643653063606816289e-15
-1.555632250620220258e-14
-1.662989949739734907e-14
-4.846925812096447572e-15
-1.455158727076220210e-14
7.394611182057198029e-15
-3.455325218656990494e-15
1.669182099397342744e-14
9.702416821355530629e-15
1.544698071710703946e-14
1.677149630112395595e-14
4.756937031780150704e-15
1.431735555579207592e-14
-7.856969198513641395e-15
2.983507538245611102e-15
-2.014497363297254769e-03
-6.680861441415795587e-04
9.797529411830082323e-05
-2.503100959466903353e-03
2.153057194271798622e-03
-2.871829038918135429e-03
2.946905151003824559e-03
-1.558296344201922853e-03
2.014506092521169654e-03
6.680839062676322080e-04
-9.797414282890952800e-05
2.503109480988858875e-03
-2.153057807596052420e-03
2.871827919819354338e-03
-2.946907515340168454e-03
1.558294232178180326e-03
