1.569346865934436938e-02
-1.417910041111052587e-02
1.379651140545135740e-02
-4.545650608405419832e-03
3.810237374724645583e-03
7.742110478429663906e-03
-8.406356050162619095e-03
1.550264083038253686e-02
-1.569351844464535184e-02
1.417906532276681786e-02
-1.379649041591032854e-02
4.545626497940377826e-03
-3.810247845835564896e-03
-7.742126983213048520e-03
8.406345486121867550e-03
-1.550266685863137608e-02
-3.870330705230129453e-16
5.333732587542439063e-16
-1.181780368009199833e-16
-2.215025038387885559e-16
3.328500669530498612e-17
6.280848697913041386e-16
-3.480831074764711985e-16
2.140757189572628505e-16
1.264992884747462298e-15
-8.465450562766818621e-16
-1.012102728015218389e-16
2.803204716961271714e-16
2.274114056788345550e-16
-6.772092999560359351e-16
4.932035682636559670e-16
-1.932048271369168901e-16
2.612520659875383622e-16
-7.535205098774255816e-18
1.383984073177746410e-16
-3.132802177396865062e-16
-3.550762114890027021e-16
3.920373411753913517e-16
4.348734913839358285e-16
2.776641763735376855e-16
-3.943378826601340315e-16
1.152506909352091213e-16
-2.553296116203362942e-17
9.421716878899033532e-17
-3.253690719628998806e-16
-7.218584183090598350e-17
-1.195603945708390015e-16
-8.833537200325647376e-16
-1.074444352933134894e-16
2.585822181377928075e-17
1.634976876108140686e-16
4.145447006498326203e-16
7.524363077049400772e-17
-2.535406780357352119e-16
-6.563488901684122467e-17
2.876930464690286016e-16
-1.147899050119027820e-16
1.334110773243413206e-16
-6.060690144193969786e-17
-7.630072788866737454e-17
-1.346579098226996507e-16
4.548228113576691101e-17
-9.405453846311750965e-17
2.363560736018399666e-16
6.814210654071395368e-17
-1.874585556227437166e-16
-1.371515748194163109e-17
-2.264898338322218763e-16
-1.791101988946053325e-16
-3.701466216865512138e-16
-2.844810975330402947e-16
7.220786468753459530e-17
-2.275198258960831055e-16
6.060690144193969786e-17
4.257661931350575912e-16
1.020962692643498371e-16
1.447138849725027043e-16
7.911423252626725855e-16
-2.751705113768210254e-16
1.241411487495902577e-16
3.925353965483768803e-16
-3.882799030213712754e-16
-2.471980953266950110e-16
-6.903657333301449484e-17
-5.836937920847273809e-16
3.584372382237077659e-16
4.987329993433320396e-18
4.824699667560494731e-17
2.332660974102562790e-16
-2.797783706098844192e-16
-4.671827161240038606e-16
7.470152968425125550e-17
-4.002738895544921682e-17
1.803028212843393874e-16
-1.763454833547672962e-16
3.670024353863432509e-17
1.830133267155531485e-16
3.762266241819425816e-16
2.978574418360802056e-16
5.124481568252736707e-16
-2.183312124842684554e-17
-2.983724378680108202e-16
-1.225148454908620010e-17
-3.089976191583687637e-17
-6.602791230436722003e-17
5.037271056003433944e-16
-9.554531645028507825e-17
-3.964385243693246963e-16
2.235353829121988767e-16
2.626479762846134491e-16
1.510293626272307677e-16
-2.820551951721039785e-16
7.491837011874835639e-17
8.904010341537205164e-17
-6.965592382404683924e-16
7.685909200749740933e-16
1.803028212843393874e-16
-3.854338723185968263e-17
3.756760527662272864e-17
-5.133697286718863495e-17
-1.502704211064909146e-16
-1.420033795412889432e-16
4.150054865731389597e-16
-4.932577783722802423e-16
-5.545694112263355180e-17
-1.070649645329435629e-16
-3.008661028647274804e-17
-2.126933611873438323e-16
-4.553649124439118623e-17
3.078049967686347088e-16
-5.299444693837584985e-16
8.055622141567297945e-17
-8.435092901937224497e-17
1.211053826666308453e-16
1.315137235224916878e-16
-5.446591257434602040e-17
1.701655309715999209e-16
-4.000706016471511361e-17
2.782604875684047130e-16
-6.082374187643679875e-17
-1.832301671500502493e-17
5.128276275856435973e-17
-2.179788467782106665e-16
-1.329164100831448092e-16
-5.949559421514205582e-18
-1.921748350730556609e-16
1.582393070742593721e-16
4.396439809428720480e-17
-7.654467337747661304e-17
1.410547026403641269e-16
3.001071613439876273e-16
1.114288782771977182e-16
2.184802902829852123e-16
-1.682681771697502882e-16
-4.689174395999806677e-17
4.987329993433320396e-17
-1.649071504350452244e-16
-9.259086553026207866e-17
-5.616167253474912968e-17
-1.461504528510459977e-16
2.505320170070879371e-16
-2.872593656000343998e-16
-6.293793611278353239e-17
9.372927781137185832e-17
-3.057992227495365256e-16
3.075491928185639101e-17
-1.022131598110709305e-16
4.846383711010204820e-17
1.600553457131725921e-17
3.517151847542976384e-16
-1.838806884535415520e-16
2.180872669954592169e-16
1.669671345627676828e-17
2.601924277705232325e-16
3.013810988966580950e-16
-5.445947512394688772e-16
3.286216784803563939e-16
-2.629732369363591005e-16
9.925870889104793093e-17
-4.082021179407924194e-17
2.089799687465809797e-16
-1.832301671500502493e-17
1.727472873948310284e-16
-7.502679033599690683e-17
-1.442530990491963649e-16
2.547875105340935420e-16
-1.502704211064909146e-16
1.089623183347931956e-16
2.722431655111101634e-16
-6.567554659830943109e-17
2.694377923898039207e-16
-1.132449169161109381e-16
1.199127602768967904e-16
-1.173106750629315798e-16
1.522219850169648225e-16
-4.058219553590078355e-16
-3.516067645370490879e-16
2.657921625848214120e-16
-1.212951180468158086e-17
4.222967461831039770e-17
-9.849976737030807783e-17
1.001802807376606097e-16
3.812054838459033590e-16
-1.324742588846780644e-16
-1.823899104663739834e-16
-2.333203075188805542e-16
1.645954423104556419e-16
-6.582733490245740171e-16
1.111849327883884797e-16
-2.249448457364300324e-16
1.337363379760869719e-16
8.912141857830846448e-17
-2.970578427338721461e-16
3.939990694812323113e-16
-1.790017786773567821e-16
2.413976137038975622e-16
-1.399705004678786224e-16
-1.492946391512539606e-16
-4.624122265650676411e-16
2.145907149891934651e-16
-3.645629804982508659e-16
1.962405932198763026e-17
4.215378046623641239e-16
-2.961498234144155361e-16
-4.716279450311944288e-18
-2.427774303749748175e-16
3.569193551822280597e-16
-4.564491146163973667e-17
-2.741676243672719337e-16
4.492391701693687622e-16
-2.174909558005921895e-16
1.048965601879725540e-16
1.478851763270228048e-16
-3.253385787767987258e-16
6.234162491791650496e-17
-2.462223133714580570e-16
5.837073446118834497e-17
-3.098107707877328920e-16
1.051676107310939301e-16
7.643625316022806260e-18
1.215932736442493223e-16
-5.420197710798158042e-16
1.358505322124337056e-16
2.418312945728917640e-16
-8.901299836105991403e-17
-6.440160904563896338e-17
-3.838075690598685696e-16
1.022673699196952057e-16
2.070826149447313469e-16
1.916327339868129087e-16
2.271674601900253165e-16
-3.366447745567491268e-16
5.242117503967413938e-17
1.553119612085485102e-16
1.953732314818878990e-16
1.073360150760649390e-16
5.911612345477212926e-17
-3.640208794120081137e-16
-2.161492556121413777e-16
9.649399335120989463e-17
1.097754699641573239e-16
-1.335737076502141463e-16
-1.440904687233235393e-16
-8.689711005881867179e-18
9.901476340223869244e-17
1.974332156096103574e-16
-9.053088140253962024e-18
1.291284787430235781e-16
-4.678332374274951633e-17
1.317847740656130640e-16
3.745918505937417819e-17
-1.128341059366926025e-16
1.071869372773481821e-16
1.501077907806180889e-16
-1.154675313697062222e-17
-7.621941272573096171e-17
5.572799166575492791e-16
2.411536682150883237e-16
2.902409215743695370e-16
-3.447220807417661348e-16
-3.153673069217211022e-17
4.092863201132779238e-17
-5.979374981257556954e-17
6.478107980600888993e-17
-2.651416412813301093e-16
-3.053384368262301862e-16
3.469446951953614189e-18
-3.515525544284248127e-17
-1.086235051558914755e-16
-3.974143063245616503e-16
2.071368250533556221e-16
-3.485709984540896755e-17
-5.331022082111225302e-16
5.726467883866367958e-16
2.822449305522889418e-16
-6.873299672471855359e-16
4.100859192154859834e-16
-2.108773225484306124e-17
-2.381450071864410489e-16
1.663708233679006554e-16
1.483188571960170066e-16
-7.013432803265606807e-19
-8.462197956249362107e-17
3.584372382237077659e-16
1.492946391512539606e-16
-1.332484469984684949e-16
-1.078781161623076912e-16
5.091142351448807446e-16
-8.613986260397332728e-17
-2.408284075633426724e-16
3.528129394539392116e-16
-2.673642557349253934e-16
1.235990476633475055e-17
2.602085213965210642e-18
-3.111660235033397726e-17
-4.376653119780860024e-16
-5.790723803245079182e-16
3.527993869267831428e-16
3.580035573547135641e-16
-1.436025777457050623e-16
3.146896805639176620e-16
-1.437652080715778879e-16
2.861751634275488954e-16
-3.397305155835965429e-16
1.015626385075796279e-16
-1.469093943717858508e-17
-6.534622018841695912e-16
5.124481568252736707e-16
-1.853443613863969830e-16
-4.217546450968612248e-17
2.045347398393904115e-16
-5.503486460501673394e-16
1.745294447158540763e-16
-1.735265577063049847e-16
1.654356989941319078e-16
-4.342229700804445258e-16
-5.692061405548898279e-18
5.840055002093169634e-16
-1.420304845956010809e-17
4.889751797909624997e-17
1.636061078280626191e-16
3.376205565119860807e-16
-2.944150999384387291e-16
8.109832250191573166e-17
-1.373142051452891366e-16
-1.022402648653830681e-16
-3.167496646916401204e-16
-5.982085486688770715e-17
-4.016697998515672552e-16
2.169488547143494372e-16
3.664603343001004987e-17
-1.256048216824456887e-16
-9.763240563231967428e-17
4.941937497789962441e-16
-4.069010753338098141e-16
-4.109126233720061805e-17
-1.578462837867333768e-16
3.138223188259292584e-16
-1.069023342070707372e-16
1.685392277128716643e-16
-3.372952958602404294e-16
3.777936351343630372e-16
1.150067454463998828e-16
-1.110765125711399293e-16
3.145134977108887675e-16
1.533061871894503270e-16
1.192080288647812125e-16
1.284779574395322754e-17
-3.101360314394785433e-16
-6.776263578034402713e-18
3.033055577528198654e-17
1.848022603001542308e-16
-8.955509944730266625e-17
1.014271132360189398e-16
-7.573152174811248472e-17
3.987153489315442556e-17
3.376205565119860807e-16
-1.241411487495902577e-16
-1.300229455353241192e-16
2.622685055242435226e-16
7.806255641895631925e-17
-1.046797197534754531e-16
3.021129353630858105e-16
-3.483541580195925746e-16
-3.652677119103664438e-16
4.951551321741298750e-16
1.821866225590329513e-16
-4.416497549619702312e-16
1.040834085586084257e-16
-1.063602331208279850e-16
8.131516293641283255e-19
4.509129072731432597e-16
1.885427577952292211e-16
1.182864570181685338e-16
-6.858933993686422426e-17
-2.385786880554352507e-16
-4.564491146163973667e-17
-8.819984673169578571e-17
-2.522396354287526066e-16
3.670617276926510519e-16
4.343720478791612827e-16
-6.931846589786072599e-16
4.040279395767232273e-16
-1.412715430748612278e-16
-5.984795992119984476e-17
2.488786086940475428e-16
-3.589793393099505181e-16
1.565858987612189779e-16
-2.642878320704977746e-16
1.776465259617499015e-16
1.340073885192083480e-16
7.112366251504909087e-17
-1.881090769262350193e-16
-1.688915934189294532e-16
1.990053087597143389e-16
7.044603615724565060e-17
-3.644139026995341091e-16
1.901690610539574777e-16
4.445228907190568179e-17
-7.963464956906030068e-17
-1.358505322124337056e-16
1.780387022163286426e-16
2.128830965675287956e-16
-5.049129517264994149e-16
-1.535230276239474279e-16
1.146543797403420939e-16
-2.311519031739095453e-16
6.434739893701468816e-17
7.779150587583494314e-17
1.286770101821370360e-16
2.673642557349253934e-16
-1.480478066528956305e-16
1.344410693882025498e-16
-1.702197410802241961e-16
3.889575293791747157e-16
-4.563677994534609539e-16
-8.619407271259760250e-18
-2.082481322801532642e-16
4.230827927581559678e-16
1.992763593028357150e-16
-3.233090878351774222e-16
3.500346713869451065e-16
-8.754932542820448305e-17
3.395179103138357135e-16
-1.172022548456830293e-16
-2.618077196009371832e-16
-4.138264167105609737e-16
1.868622444278766892e-16
9.627715291671279374e-17
-1.808449223705821396e-16
-2.553296116203362942e-16
-1.076862631997545922e-16
-1.544988095791843818e-17
6.960577947356938466e-17
-1.519238294195313088e-16
1.898438004022118264e-16
-1.420846947042253561e-16
-2.374402757743254710e-17
2.840609691912021617e-16
-2.245772334373216661e-16
-1.701655309715999209e-16
1.057639219259609575e-16
-1.097890224913133927e-16
-1.353626412348152286e-16
2.425360259850073419e-16
6.594659714143080720e-17
1.534146074066988774e-16
-8.248068027183474982e-17
1.022267123382269993e-15
-3.988237691487928060e-16
-1.318389841742373392e-16
2.994566400404963247e-16
-1.732012970545593333e-16
-2.659818979650063753e-16
1.071300166632926931e-15
-3.561604136614882066e-17
-1.899928782009285833e-16
1.054386612742153062e-16
-1.048965601879725540e-16
4.423544863740858091e-17
4.255493527005604903e-17
-1.606753738305627399e-16
7.621941272573096171e-16
1.227316859253591019e-16
-9.496255778257411961e-17
9.470505976660881231e-17
-1.533603972980746022e-16
1.542819691446872810e-16
-3.866807048169551564e-16
2.368930924903991930e-16
-2.019597596797373384e-16
-6.354508932937541488e-16
7.133508193868376424e-16
-2.545164599909721659e-16
4.087442190270351716e-17
-1.952648112646393486e-16
3.190806993624839549e-16
2.752789315940695758e-16
3.710546410060078237e-16
-7.573152174811248472e-17
-1.779717866134955528e-16
4.353071722529300303e-17
1.131907068074866629e-16
-3.099734011136057177e-16
-1.044466162863910697e-15
6.095384613713505928e-16
-1.013051404916143206e-16
1.520593546910919969e-16
1.617087540262129863e-16
-1.058723421432095080e-16
-7.117787262367336609e-17
5.009827188512394613e-16
-4.667490352550096588e-16
-5.566836054626822516e-16
2.206080370464880147e-16
1.155759515869547727e-16
-1.529267164290804004e-16
-3.919390853535098529e-17
6.697658920529203641e-16
-1.298047498481114115e-15
8.155097690892842976e-16
1.003212270200837253e-15
-6.084271541445529508e-16
1.463672932855430986e-16
7.930938891731464935e-17
-2.480112469560591393e-16
-6.998525023393931122e-17
2.654093036926624682e-17
3.292179896752234214e-16
-1.038503050915240422e-15
7.134050294954619176e-17
2.894819800536296839e-17
-2.862293735361731706e-17
-6.331198586229103142e-16
8.865521164413969757e-16
-5.505036530795148764e-17
-4.873488765322342431e-17
7.497258022737263161e-16
-2.766341843096764563e-16
1.031618367119957469e-16
2.125036258071588691e-17
3.780070874370711209e-16
-4.243567303108264355e-16
-1.720628847734495537e-16
4.438452643612533777e-16
-3.361026734705063745e-16
1.091249486606660213e-16
4.851804721872632342e-17
2.837357085394565104e-16
6.697337048009247007e-16
-5.859028540111665961e-16
-3.488420489972110516e-16
-9.957041701563751346e-17
-6.315477654728063328e-17
-1.979753166958531096e-16
2.159188626504882080e-16
-1.088918451935816378e-15
2.305674504403040781e-16
-2.849825410378148405e-16
-4.701642720983389978e-16
1.207801220148851939e-16
6.044427111606687220e-17
-8.792879618857440960e-17
5.873665269440220271e-17
-7.540626109636683339e-17
-1.174190952801801302e-16
-5.270510048359378086e-16
-4.785126288264773819e-16
-2.130457268934016213e-17
3.051487014460452230e-16
-2.912167035296064910e-16
1.398891853049422096e-16
4.027268969697406220e-16
-3.743208000506204058e-16
2.310909168017072357e-16
4.825783869732980236e-16
-1.743939194442933882e-16
1.423557452473467322e-16
6.519307663155338162e-16
-6.172498493231537431e-17
2.656566373132607239e-16
-1.691897490163629669e-16
-2.970849477881842837e-16
6.616885858679033561e-16
-2.595580000930297615e-16
3.317658647805643568e-16
-2.677979366039195952e-16
4.517836571429206804e-16
-4.004500724075210627e-16
-2.315855840429037471e-16
5.289280298470533381e-16
9.768661574094394950e-17
-2.316940042601522975e-16
3.647527158784358292e-16
1.092767369648139919e-15
5.306356482687180076e-16
-4.908725335928121325e-17
1.184599293657662145e-15
-7.657990994808239194e-16
5.816744655384731288e-17
8.407987847625086886e-17
6.787105599759257757e-17
-1.031401526685460368e-15
1.793270393291024334e-16
6.037650848028652817e-17
-2.971798154782767654e-16
4.556359629870332384e-17
-1.766707440065129475e-16
-2.130457268934016213e-16
8.115253261054000689e-17
1.336821278674626967e-16
-3.047150205770510212e-16
-3.369090488362924685e-16
1.942348192007781194e-16
-8.380882793312949275e-17
-4.395626657799356352e-16
8.536465805064619161e-16
-8.141816214279895547e-16
2.212856634042914550e-16
1.437001559412287577e-15
-7.757059968319102161e-16
-3.414694742243096215e-16
1.996829351175177791e-16
5.181402182308225690e-16
-1.304165753200663136e-02
1.606572855615055403e-02
-1.595925464677227720e-02
1.013243120049349064e-02
-9.530368952532295226e-03
-1.730039452969911852e-03
2.489260764799158115e-03
-1.257850182240450795e-02
1.304170270450846596e-02
-1.606569075412476663e-02
1.595920087769380283e-02
-1.013239952955105085e-02
9.530409139266034571e-03
1.730037950460909871e-03
-2.489254593836431190e-03
1.257854765357570466e-02
