9.291774353302913875e-03
-8.150890189416063608e-03
8.822468728577122221e-03
-1.887652051244021910e-03
3.184986575562017211e-03
5.481349348130434146e-03
-4.318164089663086187e-03
9.639407929544738934e-03
-9.291797211919385763e-03
8.150871824533643256e-03
-8.822463720097447823e-03
1.887641072219584494e-03
-3.184994041615916028e-03
-5.481356953860845073e-03
4.318152930413684913e-03
-9.639404909989201034e-03
-6.006179169466829837e-13
1.051538522055250890e-12
1.898711765070670854e-13
6.824433596355761189e-13
8.667117587859984873e-13
-8.789228568041596024e-14
1.038275910560104709e-12
-8.056991488911147137e-13
6.027134900107172788e-13
-1.054896025132895376e-12
-1.900030697013499470e-13
-6.843099220957271633e-13
-8.685749602194148267e-13
8.809329676319477276e-14
-1.036699860072071155e-12
8.036071265891953086e-13
5.285745799388230637e-14
2.039777851833846078e-13
1.774113083004291713e-13
1.440576716076058528e-13
1.977221554885777444e-13
-5.262446294701517147e-16
1.026676573617768540e-13
-1.453712367496806657e-13
-5.344325242767622441e-14
-2.043150804792448483e-13
-1.772594115760639522e-13
-1.441660376147457789e-13
-1.979589452430485785e-13
1.514630434962249694e-15
-1.031040216311479574e-13
1.453339944050557886e-13
-1.029070492014616534e-15
3.213813763724981953e-14
4.731479964770191060e-14
-1.926594734441566814e-14
6.757086752108565353e-14
-5.936860025942611307e-14
4.914937136750105462e-14
-6.564123159955026487e-14
1.243037790754630834e-15
-3.245683886585193356e-14
-4.778415076817088547e-14
1.908895133975740954e-14
-6.814573861799178012e-14
5.954594862979042946e-14
-4.912830396403694566e-14
6.525959243483536731e-14
2.682354121805174962e-14
2.645095514147710603e-14
8.387984317542729329e-15
2.425051262230915050e-14
-1.336395729321926407e-14
5.676232053830609914e-15
-2.683972293547609578e-14
-1.510402046489556227e-14
-2.560256694150719881e-14
-2.703111172397409945e-14
-8.936590616820394573e-15
-2.377560496570618742e-14
1.323714629661992825e-14
-4.410371807345159212e-15
2.587565036370198523e-14
1.506997651667951743e-14
1.210408726373679578e-14
2.472349582005595181e-14
-9.646011203331972261e-15
1.879164277527115012e-14
-2.209564725196705437e-14
1.558920093708282550e-15
-2.351428513708286872e-14
-1.525835664414887383e-14
-1.134021262311213363e-14
-2.440818272324285498e-14
8.493151928273823259e-15
-1.916048327215303521e-14
2.201757114302094198e-14
-4.564491146163973667e-16
2.401919808880936813e-14
1.333948142917540380e-14
4.917182112873508260e-15
6.204672192700044775e-15
-5.793163258133171567e-16
-2.167699613558893290e-15
-6.000869289327082079e-15
-6.869396544650907543e-15
-9.260983906828057499e-15
-7.361570120850702281e-15
-6.242836109171534531e-15
-3.962460784837085193e-15
8.607481047362419702e-16
2.476534602391389228e-15
4.752166542221214485e-15
5.767196616102143736e-15
1.184940817341995078e-14
6.015966804578942728e-15
2.243539555524254325e-15
-2.268171273630409379e-15
2.889507209891117867e-15
-2.766775523965758765e-15
-7.857755245088693385e-16
-1.024571052998801690e-17
-2.630111840123960931e-15
1.458794023079246216e-15
-3.696316256546205992e-15
3.056714901810905771e-15
-3.742245771078123173e-15
4.293820073802967485e-15
1.236640997936966357e-15
-2.621058751983706969e-15
4.001790218643996866e-15
-2.157562323246153824e-16
1.099692711024891079e-15
-1.380894096986162722e-15
2.200144363570522010e-15
2.560506060650391547e-15
1.953732314818878990e-16
3.162021425945349407e-15
-5.112013243269153406e-17
2.880535436913800318e-15
-1.292490962347125905e-15
2.153089989284651118e-15
-5.175195124870746177e-15
-3.692521548942506726e-15
2.488298195962856951e-15
-4.292464821087360605e-15
-5.949559421514205582e-16
-1.254855594434722832e-15
2.528305256127572065e-15
1.321642448259829905e-15
7.059240345053119370e-16
4.354264344919034357e-15
-7.134050294954619176e-17
2.454796348833054864e-15
-1.911990531178187069e-16
7.027256380964796989e-16
-2.250722394916970792e-15
1.061325506646060290e-15
6.652122429284812455e-16
-6.507544069583870439e-15
1.519400924521185914e-15
-2.007291902139662909e-15
-1.056446596869875520e-15
-4.992073377937944478e-17
1.444347029130876869e-15
3.383361299458265137e-15
-1.761665899963071880e-15
2.346864022562122898e-15
-1.537398680584445287e-16
7.409979747852180054e-16
-9.283481101907131716e-17
1.915432873075828546e-15
-3.191105149222273063e-15
-4.554733326611604127e-15
3.681029005914160379e-15
-3.954247953380507496e-15
-9.544231724389895533e-16
-2.757668225716880528e-16
4.832831183854136015e-17
-9.928310343992885478e-16
-2.253514215511120966e-15
3.751339516799845342e-15
-1.958936485246809411e-15
7.014788055981213688e-16
5.321264262558855762e-16
1.011716480991270428e-15
-2.089176271216630631e-15
1.510402046489556227e-15
2.200117258516209873e-15
-4.400939248444535323e-15
2.686056672224212960e-15
-1.062518129035794345e-16
-5.323703717446948147e-16
-1.590185773857333285e-16
8.671855551353746527e-16
4.855599429476331608e-16
-4.224376924655270926e-15
2.162332812805090043e-15
-3.212491037074549638e-16
-1.359752154622695386e-15
-3.573801411055343991e-16
1.487904851410482010e-15
3.588167089840776924e-16
-9.967070571659242262e-16
3.959723174351559294e-15
-2.115061598084722050e-15
1.801401909584665617e-16
1.179611963664228824e-15
3.645223229167826595e-16
-1.578462837867333768e-15
-1.840975288880386529e-16
2.863377937534217210e-15
-2.945668882425866997e-15
-6.494371013188171560e-17
6.486510547437651653e-16
8.969130234522115774e-16
-1.159879484124992644e-15
-6.639112003214986402e-16
2.083186054213648220e-15
-3.583776071042210631e-15
2.465963631209655560e-15
5.505578631881391516e-16
-1.533007661785878994e-15
-1.675532813622676587e-16
2.228442040272393676e-15
-1.282069068964108993e-16
-2.969521330220548094e-15
4.186646689052775372e-15
-5.791808005417564686e-16
-1.766517704684944512e-15
-5.780288357334906202e-16
1.524144309025809996e-15
1.260439235623023180e-15
-1.972217961859756841e-15
3.933702322211907187e-15
-1.845637358222074198e-15
-2.184667377558291435e-17
1.616193073469829322e-15
8.345104121620927629e-16
-1.862496702004223792e-15
3.786576087405624236e-17
2.927129025276364871e-15
-4.726633581059180855e-15
2.129481486978779259e-15
7.491023860245471511e-16
8.932877224379631720e-16
-2.084161836168885173e-15
3.865180744910823307e-17
2.507651204741723205e-15
-3.936900718620739426e-15
2.473010945330811339e-15
8.133142596900011512e-16
-1.587461715898963455e-15
-1.962507576152433542e-16
1.596433488876281004e-15
-1.823085953034375706e-16
-2.547116163820195567e-15
4.519334125679952407e-15
-2.666703663445346706e-15
-3.113828639378368734e-16
-1.122189906103965296e-15
1.673438948177063956e-15
-2.867714746224159228e-17
-3.188475958953995715e-15
4.300975808141371814e-15
-2.128505705023542305e-15
-6.267772759138701133e-16
1.553282242411357927e-15
-6.104058231093389963e-17
-1.643298127781966933e-15
6.963559503331273604e-16
2.830038720730287949e-15
-4.560696438560274402e-15
2.564734449123085014e-15
2.674726759521739439e-16
-1.236315737285220706e-15
-2.287151587912483741e-15
-3.807175928682848820e-16
3.005679472672939667e-15
-4.222750621396542670e-15
2.640899651740191700e-15
1.005434884654432537e-15
-1.001911227593854647e-15
-2.311383506467534765e-17
1.870601113243552938e-15
-9.241197217180197043e-16
-2.728286346842523358e-15
3.818397421168073791e-15
-3.258461209187935026e-15
-2.438912787006142224e-16
1.331617108246696546e-15
4.439231913924007733e-16
-6.350172124247599470e-16
-3.484951043020156902e-15
3.779528773284468457e-15
-2.643447526845532636e-15
5.527262675331101605e-16
2.799410009357572449e-16
4.869423007175521789e-16
-1.386396423011526657e-15
1.167577319549639725e-15
2.917533836049868157e-15
-3.939990694812323113e-15
3.151775715415361390e-15
-3.498720410610722809e-16
-1.317685110330257814e-15
4.784042086092288315e-18
2.001084844702183396e-15
2.541857783283640870e-15
-3.916084036909017740e-15
3.210702103489948556e-15
7.264154555652879708e-18
-3.653761321276149943e-17
-6.707484502717353525e-16
1.524957460655174124e-15
-2.114736337432976399e-16
-1.828344333570930402e-15
3.505876144949127138e-15
-3.570928275298257404e-15
6.960577947356938466e-17
3.236614535412352112e-16
5.747016903166757285e-16
-1.882500232086581349e-15
5.589062199162775357e-16
3.543172699682628490e-15
-2.705355470894454939e-15
5.513710148175032799e-16
6.704164133564116668e-16
1.292829775526027625e-15
-1.778443928582285061e-15
1.365932107005862761e-15
1.807148181098838791e-15
-3.290390963167633132e-15
3.143427358687223006e-15
-1.361920558967666395e-15
-8.773363979752701880e-16
-3.481102125307833361e-16
1.593397722793321591e-15
-5.991030154611776126e-16
-1.552794351433739450e-15
2.565439180535200592e-15
-2.149972908038755293e-16
1.400247105765028977e-16
-6.881397307447606471e-16
1.980593423642207362e-15
-3.753507921144816351e-16
-5.901312424838600634e-16
3.049806501093099698e-15
-3.057721176952243880e-15
8.726743286335825189e-16
3.344763702117781179e-17
3.810699585743426709e-16
-2.109667692276606665e-15
9.717161970901333490e-16
1.126865527972809033e-15
-2.956565114259346316e-15
7.374743177246401160e-16
-8.429671891074796974e-18
7.600528279666507459e-16
-1.057232643444927511e-15
1.394256888762046565e-15
9.977370492297854554e-16
-1.938661904621330478e-15
2.223807075985018145e-15
-1.379809894813677218e-15
7.297222721913687593e-16
-1.103175710504000762e-15
1.395693456640589858e-15
-1.624243274600534193e-15
-1.194628163753153061e-15
2.296557041758795492e-15
-2.229553347499191318e-15
8.637025556562649697e-16
-1.058235530454476603e-15
1.914199593104626285e-15
-1.252958240632873199e-15
4.995461509726961680e-16
1.324461373908292217e-15
-1.693632213639606476e-15
6.505755135999269356e-16
-8.604499491388084564e-16
2.870086438476471269e-16
-1.218155350896088507e-15
8.668738470107850702e-16
-2.491496592371689189e-16
-1.607817611687378800e-15
1.457764031015384987e-15
-5.714829651171093872e-16
6.962204250615666723e-16
-9.936712910829648138e-16
1.441853364134160209e-15
-8.112000654536544175e-16
1.165517335421917267e-16
1.528833483421809802e-15
-1.251277727265520667e-15
8.471955775801731647e-16
-6.588018975836607005e-16
1.427840051054785064e-15
-1.959126220626994375e-15
3.783865581974410475e-16
4.147073309757054460e-17
-1.072709629457158087e-15
1.494897955423013514e-15
-1.152642434623651901e-15
2.142383492831356762e-16
-1.128003940253918813e-15
1.232629449898769991e-15
-1.424207973776958625e-15
-9.223849982420428972e-16
1.624026434166037092e-15
-1.421389048128496313e-15
1.040186952414381971e-15
-7.452670208393796791e-16
1.610690747444465387e-15
-1.244067782818492063e-15
6.501960428395570091e-16
1.531272938309902187e-15
-1.068427030875840344e-15
1.717647291760160400e-15
-7.284347821115422228e-16
4.453089372941088087e-16
-2.141787181636489734e-15
1.615244396568904506e-15
1.066312836639493611e-16
-8.296315023859079929e-16
4.556901730956575136e-16
-3.759199982550365249e-16
1.943432394180266698e-16
-4.923904166342918387e-16
1.846667350285935427e-15
-1.447626740702645520e-15
2.733273676835956678e-16
1.531327148418526463e-15
-1.208560161669591793e-15
1.431146867680865853e-16
1.141664887627236169e-16
2.000515638561628506e-15
-2.458970527197124056e-15
3.439089291124020065e-16
1.577351530640536126e-15
-1.716237828935929244e-15
1.478241899548204952e-15
-4.569505581211719125e-16
9.615789067773938825e-16
-2.151490791080234999e-15
2.041823741333326225e-15
-1.536856579498202535e-16
-2.045781079262898317e-15
1.744399980366240221e-15
-1.035148800444113393e-15
5.804818431487390740e-16
-1.401439728154763031e-15
2.687737185591565492e-15
-5.376016472269373736e-16
-4.615448648270792376e-16
2.017374982343778100e-15
-9.528104217074173654e-16
4.544162355429870459e-16
-8.617509917457910618e-16
1.944408176135503652e-15
-2.726660043583795101e-15
3.379458171637317321e-16
1.763996934633915714e-15
-2.020627588861234614e-15
1.298101708589738390e-15
-7.058156142880633865e-17
1.030208904295726313e-15
-2.385353199685358305e-15
2.098310674519821006e-15
1.114993514184092760e-15
-1.638608953385967126e-15
8.541886815927046683e-16
-1.669129244541434076e-16
1.021914757676212204e-15
-2.598398926578759927e-15
2.445472210149679526e-15
-1.433694742786206788e-15
-2.280022958628391549e-15
1.717349136162726886e-15
-1.294239238350258780e-15
2.303658565988575546e-16
-2.185968420165274040e-15
2.557741345110553510e-15
-2.183583175385805930e-15
5.905649233528542652e-16
1.931248672266960842e-15
-1.111266569216173838e-15
1.015084283989553526e-15
-1.258487671712549272e-15
2.333799386383672569e-15
-3.302154556739100855e-15
4.562322741819002658e-16
2.168404344971008868e-18
-2.204643802586336854e-15
1.272880455552294343e-15
-2.788839038175838780e-16
1.939800316902440258e-15
-2.253297375076623865e-15
3.160015651926251223e-15
-7.068998164605488910e-16
-9.096727277696503577e-16
8.671211806313833259e-16
5.389840049968563918e-16
8.679038390746462994e-16
-1.640289466753319658e-15
2.846410173534819066e-15
-1.723556193600206399e-15
-1.583531483023703501e-15
1.726700379900414362e-15
-7.814454920825053552e-16
4.532778232618772662e-16
-1.301801548503345174e-15
2.515294830057746012e-15
-1.653245682714521436e-15
8.019301368789033546e-16
5.435105490669833728e-16
-8.328570038490523686e-16
2.754415619199424015e-16
8.742193167293743628e-16
2.953258297633265528e-15
-1.062626549253042896e-15
1.529104533964931179e-15
1.837722682362930016e-15
-1.824143050152549073e-15
1.033339538068778207e-15
-7.723314175700490836e-16
-5.044521658031930755e-16
-2.477456174238001907e-15
7.085803298279014228e-16
-1.806660290121220314e-15
-2.137016692077553515e-15
1.266321032408757041e-15
3.152548209463257312e-15
-4.861562541425001882e-16
1.435646306696680696e-15
3.593859151246325823e-15
5.508289137312605277e-16
2.924635360279648211e-15
-8.086792954026256197e-16
1.584297200808021389e-15
-2.915202801379024322e-15
1.095206824536232304e-15
-1.768659003975603383e-15
-3.021834085042973683e-15
-2.310434829566609949e-16
-2.546574062733952815e-15
3.614187941980429031e-16
-2.935768761338358734e-15
4.909538487557485453e-15
3.020045151458372601e-16
2.225867060112740603e-16
3.767765179713000734e-15
-1.900877458910210649e-15
5.240843566414743471e-15
-5.803632585361234719e-15
4.562051691275881282e-15
-4.792390442820426699e-15
3.526909667095345924e-16
-8.210663052232725079e-16
-3.655821305403872401e-15
1.560871657618756458e-15
-5.610692032503861171e-15
6.427922972541966207e-15
-4.553811754764991448e-15
-1.476954409468378415e-15
-1.244718304121983365e-15
-2.667408394857462284e-15
1.215932736442493223e-16
-7.741203511546501659e-16
2.366781155283860516e-15
-2.085855902063393774e-15
3.449985522957499384e-15
7.051650929845720839e-16
8.509902851838724303e-16
2.800548421638682228e-15
1.457709820906760712e-16
2.366054401015116326e-15
-1.579489441799405980e-15
1.379023848238625227e-15
-2.511337492128173920e-15
5.959425661283823672e-15
5.391303722901419349e-15
5.685664612731233802e-15
8.202124960124401731e-16
3.267297456893691887e-15
-4.012388294880042672e-15
-3.154160960194829499e-15
-6.525108144778135610e-15
-6.058088058980004575e-15
-5.498639737977484288e-15
-6.168459840139028927e-15
-3.256943326146455320e-16
-3.460583599193545190e-15
4.124982690492662307e-15
1.616762279610384212e-15
6.671150177411933058e-15
-6.478227242839862399e-14
-1.578186366313349964e-14
-5.866346904775943116e-14
3.314316594608957001e-14
-1.646871251566664474e-14
6.355929237783497499e-14
3.366968162610284310e-14
5.812050059977869054e-14
6.544553310741663132e-14
1.706217090356731969e-14
5.700393499244449380e-14
-3.316917324570206604e-14
1.720563117977788603e-14
-6.485789552992948792e-14
-3.356635715906497452e-14
-5.885466810087724987e-14
3.537041536397222963e-14
1.976412197964017015e-13
-1.261552440203622671e-13
7.643310897392785463e-14
-2.130327977824947316e-13
-8.798804783730074242e-14
-1.758857816336334423e-13
-2.038091375354544876e-13
-3.456127528264629767e-14
-1.986216502684531870e-13
1.281348074519406133e-13
-7.902473163692858016e-14
2.140732896667701252e-13
8.801141239411780504e-14
1.762574190333071611e-13
2.038516111555616073e-13
-7.365619332888807130e-03
9.628104750104168191e-03
-9.803298826912727748e-03
5.432841653064017680e-03
-6.498421039357422588e-03
-1.944846373151542509e-03
6.132431405979261747e-04
-8.183329506815070417e-03
7.365645271446717192e-03
-9.628061435474528224e-03
9.803271704440723322e-03
-5.432837962676679948e-03
6.498436255901025860e-03
1.944848831735054200e-03
-6.132269675627076075e-04
8.183320243070574956e-03
