4.329028058347698590e-03
-3.768200252037063290e-03
4.190396636317864597e-03
-7.814497616595208595e-04
1.597049094241287642e-03
2.663063576068047233e-03
-1.931807417361727005e-03
4.547572558521791042e-03
-4.329037702309273226e-03
3.768192160212323512e-03
-4.190394723242116433e-03
7.814448150078339610e-04
-1.597052486845304368e-03
-2.663067019484556628e-03
1.931802651108787371e-03
-4.547571308639992288e-03
-1.005155702595017519e-13
2.221738418239915802e-13
6.885475262868867574e-14
1.659366003978202109e-13
1.987293793068167780e-13
1.167948658793716010e-14
2.122924774340673171e-13
-1.491877910271555141e-13
1.010891267612737399e-13
-2.229173876738821392e-13
-6.958414964022829885e-14
-1.654462157552050172e-13
-1.986450825879060300e-13
-1.110778678238555361e-14
-2.116087253339893337e-13
1.487769326138921322e-13
1.572946959314813764e-14
4.546553021220200996e-14
4.145945739497669535e-14
3.470016158094169079e-14
4.277738645079576241e-14
3.927874735534797601e-15
1.890177399907315425e-14
-2.902249295923253758e-14
-1.613794276163205144e-14
-4.496495406916545257e-14
-4.159238058132341820e-14
-3.498265045698278897e-14
-4.304794910293952004e-14
-4.240748377459802043e-15
-1.912718301886467964e-14
2.886448404511993138e-14
3.920746106250705409e-15
5.352272444691941189e-15
6.135500094095469592e-15
2.972123415434513305e-15
4.122705865930442748e-15
-1.739385545318494763e-15
8.225028731018158012e-17
-4.951442901524050200e-15
-4.097416850257218357e-15
-5.381329062914552708e-15
-5.846722845453955486e-15
-2.821961414545270941e-15
-4.078361997075785617e-15
2.131771864068154887e-15
1.140987261269432729e-16
5.075773785653825421e-15
6.032663518035219496e-15
5.898330868864265497e-15
1.521406698540284097e-16
7.277110771614081486e-15
-5.009213936658582500e-15
3.206473715017255088e-15
-7.413774455455879320e-15
-1.759443285509476596e-15
-5.762371916434583241e-15
-6.312929779622722393e-15
-1.331400267812199445e-16
-7.312320237165548242e-15
4.996672766841535329e-15
-3.183610601704967014e-15
6.918402482847252344e-15
2.405410939876340137e-15
3.292125686643609939e-15
4.875060858472446412e-15
-2.071557985913741184e-15
3.919573812651705458e-15
-4.759213856342370264e-15
6.834539444805498576e-16
-5.419221928842921088e-15
-2.636562843050249683e-15
-2.477456174238001907e-15
-5.596814244696046714e-15
2.125524149049207168e-15
-3.846342732163887668e-15
4.215567782003826203e-15
9.012430558785755608e-17
5.143346686053984484e-15
2.641658593260931553e-15
1.035033603963286808e-15
2.112405302762132564e-15
-6.697489513939752781e-16
-1.626845359814499403e-16
-1.411414388141629672e-15
-9.793056122975318800e-16
-2.799735270009318100e-15
-1.410926497164011195e-15
-5.944138410651778059e-16
-1.899522206194603768e-15
5.760535549004935918e-16
-2.502203088824983546e-16
1.811701830223277909e-15
6.403840131785631939e-16
2.920461181915579019e-15
1.093743151603376873e-15
-3.860030784591517161e-16
5.163512846462214867e-18
5.310151190290879342e-16
-7.224310125814037420e-16
-1.126865527972809033e-15
6.387034998112106621e-16
-1.267215499201057582e-15
-4.447939412621781941e-16
-2.798325807185086944e-16
1.766978490608250851e-16
4.256035628091847656e-16
9.668372873139485790e-17
9.913944665207452545e-16
-5.370595461406946214e-16
1.732555071631836086e-15
-1.687018580387444899e-16
4.046242507715902548e-16
-4.916856852221762608e-16
3.854338723185968263e-16
8.737585308060680234e-16
-1.371353117868290283e-15
1.233930492505752596e-15
-3.327416467358013108e-16
-1.433586322568958238e-16
-1.996194076464737066e-16
5.446354088209370836e-16
-2.968545548265311140e-16
-5.880712583561376050e-16
1.071029116089805555e-15
-9.156629447726327697e-16
1.458251921993003464e-16
1.025926305714408571e-16
7.814387158189273208e-16
-6.167484058183791973e-16
-5.897517717234901369e-16
1.744698135963673735e-15
-1.241953588582145329e-15
5.712661246826122863e-16
-2.374402757743254710e-16
2.583924827576078442e-16
-4.362558491538548466e-16
2.997819006922419760e-17
4.555275427697846879e-16
-1.387182469586578648e-15
1.014975863772304976e-15
-9.356664748549903265e-17
-2.578503816713650920e-16
-2.815537516673294327e-17
8.302278135807750203e-16
1.070649645329435629e-15
-1.238429931521567440e-15
1.580333086614871263e-15
8.451355934524507063e-17
-1.355252715606880543e-17
-1.638669939758169436e-17
1.657609596458775592e-16
-6.716632458547699969e-16
-5.997806418189810529e-16
9.774624686043065225e-16
-1.490181675972701569e-15
8.576039184360340073e-17
1.072818049674406637e-16
1.961677483864124327e-16
-9.497611030973018842e-16
-7.333543494691951992e-16
1.432718960830969834e-15
-1.568732123369276366e-15
4.913062144618063343e-16
2.192527843308811342e-16
1.256319267367578263e-16
-9.194034422677077600e-16
4.538199243481200185e-16
6.537739100087591737e-16
-1.225636345886238487e-15
1.453264591999570143e-15
-2.433491776143714702e-16
-2.209061926439215284e-16
-6.071532165918824830e-17
8.875821085052582049e-16
-5.603156827405086915e-16
-1.288249021347276368e-15
1.306246777410535742e-15
1.853985714950212582e-16
-6.565657306029093476e-16
2.155012754074918380e-16
3.950426140722496093e-16
7.237049501340742097e-17
-1.074715403476256270e-15
1.278382781577658278e-15
-1.566021617938062604e-15
5.352164024474692638e-16
1.063602331208279850e-16
1.443064621248733859e-16
-7.377182632134493545e-16
7.467442462993911789e-16
3.467820648694885932e-16
-1.152669539677964039e-15
-7.714098457234364048e-17
4.165504746689308035e-16
-2.311383506467534765e-16
3.024924061234557371e-17
-5.963111948670274387e-18
5.160802341031001106e-16
-1.345494896054511003e-15
1.474189693928540379e-15
-5.374390169010645479e-16
1.943974495266509450e-16
7.521652571618187011e-17
5.498802368303357113e-16
-4.985703690174592140e-16
-3.922643460052555042e-16
1.466979749481511774e-15
-6.942688611510927643e-16
-2.873135757086586750e-17
-4.445228907190568179e-17
2.950249636604618253e-16
4.212125440106184726e-17
-4.810062938231940421e-16
1.432773170939594110e-15
-1.141339626975490518e-15
8.056164242653540697e-16
4.158457432568152257e-16
-9.825582188149883933e-17
-6.839960455667926098e-17
6.106226635438360972e-16
1.051676107310939301e-16
-1.365715266571365660e-15
1.165029444444298790e-15
-8.673617379884035472e-19
2.395544700106722047e-16
-6.864626055091971324e-16
9.231981498714070256e-17
5.999432721448538786e-16
-1.656823549883723601e-15
1.187418219306124456e-15
-5.770666063054097350e-16
5.686640394686470756e-17
2.049548681812285444e-16
2.874762060345315007e-16
-2.728936868146014660e-16
1.302668910241333577e-16
1.432664750722345559e-15
-1.123016610260485493e-15
7.448468924975415462e-16
7.454465918241975908e-16
6.091725431381367351e-16
-6.994188214703989104e-16
-5.083823986784530291e-16
1.339531784105840728e-15
-8.856305445947842969e-16
5.159718138858515601e-16
3.622861559360313066e-16
3.269072837951136901e-16
-1.174638186197951573e-15
6.521476067500309171e-16
2.489870289112960933e-16
-1.353626412348152286e-15
1.056121336218129869e-15
-9.535558107010011497e-16
-3.928877622544346693e-16
-2.748994608336996492e-16
1.972434802294253942e-16
1.078781161623076912e-16
-1.102687819526382285e-15
1.144646443601571306e-15
-3.291095694579748709e-16
-7.703256435509509004e-17
-1.394080705909017670e-16
3.906109376922151100e-16
-2.810523081625548869e-16
-3.090518292669930389e-16
1.179015652469361797e-15
-9.649399335120989463e-16
1.798691404153451856e-16
9.616873269946424330e-17
1.733029410082298494e-16
-5.094666008509385335e-16
-6.609296443471635030e-16
9.781129899077978251e-16
-1.288086391021403543e-15
8.517492267046122834e-16
-6.802013379630933443e-16
-1.123606145191774486e-16
-1.680106791537849809e-16
6.092674108282292167e-16
6.602791230436722003e-16
-8.795048023202411969e-16
1.266510767788942005e-15
-5.231817583328801646e-16
1.688102782559930404e-16
-2.988942101635194692e-16
3.764214417598110707e-16
2.672016254090525678e-16
-8.711564455921028127e-16
1.239676764019925770e-15
-7.261986151307908699e-16
3.322537557581828338e-16
-1.577785211509530328e-16
5.798855319538720465e-16
-8.045051170385564276e-16
1.192622389734054877e-18
8.498518729027626506e-16
-9.183192400952222556e-16
6.584901894590711180e-16
-4.351174368727450670e-16
-5.776087073916524872e-16
-3.822354759097645882e-16
1.421931149214739065e-16
5.117976355217823681e-16
-1.106645157455954376e-15
3.450473413935117861e-16
-2.047244752195753748e-16
-2.393020541923904232e-16
2.111754781458641261e-16
3.002697916698604530e-16
-3.172917657778828726e-16
-6.221694166808067195e-16
8.479003089922887426e-16
-6.590322905453138702e-16
1.190182934845962492e-16
1.895524210683563471e-16
7.340048707726865018e-16
-4.301030018249996090e-16
-5.773376568485311111e-17
9.632594201447464144e-16
-6.628812082576374110e-16
1.582122020199472345e-16
1.363384231900521826e-17
2.175993760178407399e-16
-3.010558382449124437e-16
2.447586404386026260e-16
6.254762333068875080e-16
-5.378726977700587497e-16
4.974319567363494343e-16
-1.199940754398332032e-16
2.884181066718782827e-16
-2.181956872127077673e-16
3.354250471127029343e-16
-1.512462030617278685e-16
-5.193870507291808991e-16
7.828481786431584766e-16
-3.943243301329779626e-16
2.166422287874433805e-16
-7.720468144997716387e-16
2.778810168080347864e-16
-4.265793447644217196e-16
-2.951740414591785822e-16
3.710681935331638925e-16
-6.859747145315786554e-16
5.495278711242779224e-16
-5.498819308962302199e-16
2.876117313060921887e-16
-2.290919190461870869e-16
2.701289712747634297e-16
7.676151381197371393e-17
-5.585267491559076092e-16
7.718706316467427442e-16
-3.626452979056671300e-16
5.496091862872143352e-16
-2.322903154550193250e-17
3.668940151690947005e-16
-1.485356976305141075e-16
-2.006858221270668707e-16
3.670024353863432509e-17
-3.391384395534657870e-16
-1.094705381031457758e-16
8.131516293641283255e-18
8.262975807055150668e-16
-3.497636208438237304e-16
-7.318364664277154930e-17
4.238146292245836833e-16
-9.344196423566319964e-16
3.260898970010132902e-16
-4.772386912738069142e-16
1.820375447603161945e-16
2.672558355176768430e-17
3.981732478453015034e-16
4.135689186945956664e-16
2.004147715839454946e-16
-1.409462824231155764e-18
-9.755786673296129585e-17
-6.559423143537301826e-18
-3.742123798333718554e-16
1.118896642005040576e-16
-4.346024408408144524e-16
-4.760731739383849970e-16
7.186091999233923389e-16
-4.134062883687228407e-16
1.386965629152081547e-16
-7.284483346386982916e-16
3.184301780589926523e-16
-3.040102891649354433e-16
-5.428600277634920701e-16
8.662775358159180428e-16
-3.457520728056273640e-16
-1.726998535497847875e-16
-2.814588839772369511e-16
7.436271650534953537e-16
-5.701277124015025066e-16
4.134604984773471159e-16
5.951185724772933838e-16
-2.506133321700243499e-16
1.088810031718567828e-16
3.938364391553594857e-17
2.232372273147653630e-16
-4.203451822726300691e-16
2.088173384207081540e-16
4.315124646492307647e-17
-9.133861202104132104e-16
1.854527816036455334e-16
-3.094397703568355085e-16
6.810280421196135414e-16
-5.815118352126003032e-16
7.979185888407069882e-16
-2.973424458041495910e-16
-2.520770051028797809e-16
7.670730370334943871e-16
-1.405397066084335123e-16
-3.914308655851572727e-16
-3.766518347214642404e-16
4.266877649816702700e-16
-3.040102891649354433e-16
2.504507018441515243e-17
6.350714225333842222e-16
-4.276093368282829488e-16
6.610651696187241910e-16
-5.417216154823822905e-16
6.016508905665185480e-16
-8.630249292984615295e-16
3.164244040398944691e-16
-2.667137344314340908e-17
-7.279333386067676770e-16
1.440091535603871264e-16
-3.535854335018351335e-16
1.948311303956451468e-16
-2.257851024201062984e-17
3.074255260082647823e-16
3.306816626080788524e-18
-1.005109624002686886e-15
1.109680923538913788e-16
7.486636229578694235e-16
3.960997111904229762e-16
-1.216962728506354452e-15
1.004296472373322757e-15
-4.134062883687228407e-16
-7.697835424647081481e-17
5.817286756470974041e-16
1.004784363350941234e-16
-6.364783442587736151e-16
-6.054727032245299512e-16
-3.296516705442176232e-16
-2.243756395958751426e-16
3.776276166767011944e-16
-1.875669758399922671e-17
3.867891250342037068e-16
2.253649740782681654e-16
-4.905472729410664812e-16
6.354237882394420112e-16
-1.034003611899425579e-15
3.294890402183447975e-16
2.141299290658871257e-16
-1.112174588535630448e-15
2.182227922670199050e-16
1.986800481079686875e-17
-4.949382917396327741e-17
-1.350373805830695773e-16
3.620693155015342057e-16
-1.424099553559710074e-16
-1.214306433183764966e-16
4.129455024454165013e-16
-4.936889181424326811e-16
3.646036380797190724e-16
-3.517151847542976384e-16
6.527439179448979445e-16
-2.338624086051233064e-16
-5.077860874835860017e-16
1.015897435618917655e-15
-3.072086855737676814e-16
1.226173364774797714e-16
-3.155028321932817903e-16
4.757479132866393456e-16
-9.197287029194534114e-16
1.564503734896582898e-16
2.970171851524039397e-16
-7.538457705291712330e-16
-1.088267930632325076e-15
7.563936456345121684e-16
6.864355004548849948e-16
-9.975202087952883545e-16
2.450296909817240021e-17
2.117988943950432912e-16
-7.715724760493092305e-16
8.175968582713188937e-16
5.599226594529826961e-17
2.971256053696524901e-16
-1.141664887627236169e-15
1.053031360026546182e-15
1.448494102440633924e-16
7.730361489821646614e-17
4.692969103603505943e-16
-1.456752673676363352e-16
1.836367429647323135e-17
2.194967298196903727e-16
9.072061678272458352e-16
6.862999751833243067e-17
3.994200803436598335e-16
4.470165557157734781e-16
-9.791700870259711920e-16
8.485897938113537431e-16
-1.533603972980746022e-16
4.935288289154016184e-16
-1.128166570579791639e-15
-1.484272774132655570e-16
7.123208273229764131e-17
-5.044250607488809379e-16
3.079134169858832593e-16
8.044780119842442900e-17
-4.489410145719352485e-16
-1.621966450038314633e-16
1.228943162512319276e-16
3.848917712323540741e-18
-4.018595352317522185e-16
-3.112744437205883230e-16
4.364320320068837411e-16
4.293169552499476183e-16
-4.149783815188268221e-17
3.174543961037556983e-16
7.052735132018206343e-17
-7.844202717932624580e-16
-3.447762908503904100e-17
5.464378949326942347e-17
1.917276016769053903e-16
9.483516402730707284e-16
6.586528197849439437e-16
8.840042413360560403e-16
7.101524229780054043e-16
7.328664584915767222e-16
8.349983031397112399e-16
-1.609449420660264210e-15
1.269153510584375422e-15
-1.335032345090025885e-15
-3.613103739807943526e-16
-1.087454779002960947e-15
-7.812760854930544951e-16
5.274643569141979071e-17
-1.564530839950895036e-15
6.602744643624623017e-16
-1.352989443571817052e-15
-5.071897762887189742e-16
-1.020993185829599526e-15
-9.921534080414851076e-16
-3.930232875259953573e-16
-6.383511341051528731e-16
-2.211907957141989733e-16
-5.605325231750057924e-16
7.059782446139362122e-16
1.083443230964764581e-15
1.052651889266176255e-15
7.466900361907669037e-16
3.967637850210703476e-16
1.257593204920248731e-15
-4.073415324663820503e-16
-1.898438004022118264e-16
-1.434507894415570917e-15
3.467712228477637382e-15
2.817678815963953198e-15
3.062491666511180100e-15
1.087508989111585223e-15
1.051510088853277458e-15
-2.532045753622647055e-15
-1.398403962071803619e-15
-3.209292640665717400e-15
-3.403419039649246969e-15
-2.736255232810291815e-15
-3.645304544330763008e-15
-1.176847248124390788e-15
-7.996939698981520017e-16
1.663437183135885178e-15
2.133682770397160589e-15
2.947240975575970978e-15
-1.230677885988296083e-14
-5.624244559659929976e-15
-8.589754341842281704e-15
4.860871362540042373e-15
4.968356455414824069e-17
1.166387407665336884e-14
8.087606105655620325e-15
1.189348099173148654e-14
1.241341014354691019e-14
6.588642392085786170e-15
8.985488134799490823e-15
-3.495352607612439710e-15
1.389811659854855996e-15
-1.134495600761675771e-14
-8.531315844745313015e-15
-1.146543797403420939e-14
8.300977093200767598e-15
2.320988521276219629e-14
-1.278778515370615487e-14
6.907777301556894400e-15
-2.642451416099561579e-14
-1.513595021887526038e-14
-2.502276272471626317e-14
-2.769022532968234973e-14
-7.848810577165687974e-15
-2.456447724267021848e-14
1.353260494114938428e-14
-6.265712775010978675e-15
2.705072223076893101e-14
1.566195090285660285e-14
2.478372325073752158e-14
2.763533759470027107e-14
-3.388328618484422010e-03
4.500487334742940895e-03
-4.610657533884821545e-03
2.462264796735094165e-03
-3.132154041462311723e-03
-1.018299376113021223e-03
1.811523273946982282e-04
-3.902385782685680992e-03
3.388340146288827074e-03
-4.500468747463665271e-03
4.610646033392194754e-03
-2.462263369621189683e-03
3.132160567013493602e-03
1.018300819131508043e-03
-1.811454753892796600e-04
3.902382042157251894e-03
