4.719522733148608096e-03
-4.110290724555253419e-03
4.562418223856168353e-03
-8.592490307017721513e-04
1.732668598515419009e-03
2.895129358924480173e-03
-2.112031932641262721e-03
4.953560637164968437e-03
-4.719533317683551055e-03
4.110281866957229448e-03
-4.562416114730411497e-03
8.592436302736343760e-04
-1.732672299883849945e-03
-2.895133117028257999e-03
2.112026712337061220e-03
-4.953559266314040005e-03
-1.147053372424489126e-13
2.466388638461269878e-13
7.335673951960886008e-14
1.822596435753498501e-13
2.193968747996044577e-13
9.794180982729272511e-15
2.367672030656464699e-13
-1.682296879926270528e-13
1.144818018595367137e-13
-2.473128039165439773e-13
-7.398736571323505373e-14
-1.826479505834255335e-13
-2.194524943710529641e-13
-1.020529689400861972e-14
-2.362730237154275770e-13
1.674354285861184843e-13
1.759744151612341323e-14
5.090681565525501107e-14
4.583822470899390211e-14
3.908494621701619209e-14
4.763729558390772389e-14
4.750323398527989127e-15
2.159234027470854911e-14
-3.274634795095987538e-14
-1.728519129044758795e-14
-5.097306040799387539e-14
-4.633126564693168525e-14
-3.896991236651548007e-14
-4.821018801184906444e-14
-3.721117381241811906e-15
-2.173816546690784945e-14
3.307976722405348013e-14
4.027702650566400422e-15
6.079338421560720462e-15
6.632173109311079173e-15
2.727744245756280606e-15
4.901190130829347069e-15
-2.410052680427293703e-15
1.206784780612146779e-15
-6.544786414208747516e-15
-4.031822618821845339e-15
-6.005883724374827537e-15
-6.975485727228614152e-15
-2.297044932736413969e-15
-5.120253179780043240e-15
2.372457970096358837e-15
-1.037879634666061257e-15
5.781616504996200945e-15
6.192258077825085749e-15
7.375339488441268188e-15
3.790370795009323501e-16
7.996912593927207880e-15
-5.636013235429081225e-15
3.137925032661859071e-15
-7.760583625379680051e-15
-2.692290834716004611e-15
-6.215080533555905618e-15
-6.971636809516290612e-15
-7.597004622605929569e-16
-7.713664776365369846e-15
5.565861543221006444e-15
-3.512381357984040164e-15
8.365351597192094424e-15
2.302032262729847290e-15
2.344099307022284862e-15
5.842277616546764918e-15
-2.215106353550821972e-15
4.360295219503484976e-15
-5.006655897157874513e-15
2.975863912929588295e-16
-5.107947485122332765e-15
-3.456924416861406613e-15
-3.034031359483435608e-15
-5.629773990739606049e-15
2.272406438366680881e-15
-4.314270837281475313e-15
5.178366416225266278e-15
-7.739848258830894778e-16
5.422420325251753326e-15
3.394528581834865832e-15
1.052814519592049081e-15
1.983954450376912426e-15
-5.687318021044274197e-16
-1.794354595463509838e-17
-1.396235557726832610e-15
-1.612696521463563570e-15
-2.383835316643878599e-15
-1.443398352229952053e-15
-1.139550693390889435e-15
-2.333962016709545395e-15
4.250394388663134015e-16
4.893139929698642199e-16
1.939800316902440258e-15
1.140363845020253564e-15
2.473390416091181265e-15
1.859189885378143003e-15
-7.486416001012408117e-17
-1.227316859253591019e-16
7.094476915658898264e-16
-9.340130665419499323e-16
-5.546236213349597932e-16
-1.034870973637413982e-16
-1.413528582377976406e-15
2.136420380882686487e-16
-1.022402648653830681e-16
2.199168581615285056e-16
9.784924606681677517e-18
1.615461237003401607e-16
7.882691895055859987e-16
-8.201989434852841043e-17
1.336387597805632765e-15
4.024558464266192459e-16
-1.524659305057740610e-19
-5.605460757021618612e-16
4.440349997414383409e-16
5.352706125560935391e-16
-4.975945870622222600e-16
6.429318882839041294e-16
-8.369498670501851478e-16
5.041540102057595618e-17
1.471126822791268829e-16
2.309486152665685132e-16
-2.146720301521298779e-16
-5.907817637873513661e-16
7.160071147094271282e-16
-6.907452040905148749e-16
1.607871821796003076e-16
2.771762853959192086e-16
5.634056589320923791e-16
-1.658829323902821784e-16
-1.469636044804101260e-16
1.359806364731319661e-15
-9.860818758755662827e-17
3.845665105806084227e-16
1.894372245875297622e-16
7.228917985047100814e-17
-5.517233805235610689e-16
1.048965601879725540e-17
-8.581460195222767595e-17
-1.190237144954586768e-15
7.968885967768457590e-16
-6.949735925632083422e-16
-3.594401252332568575e-16
1.467738691002251628e-16
1.640397886970568209e-16
1.148712201748391948e-15
-1.644463645117388850e-15
1.534688175153231526e-16
6.768674162827004182e-16
-4.376382069237738648e-16
-6.854190609181798344e-17
2.559123702880472528e-16
-3.041187093821839937e-17
-8.087064004569377573e-16
1.112120378427006173e-15
-1.049832963617713943e-15
2.347297703431117100e-16
2.870967352741615741e-16
1.434873812648784774e-17
-2.933037927116410870e-16
-1.143995922298080004e-15
1.759334865292228045e-15
-4.163336342344337027e-16
-1.320558246087344401e-16
5.382521685304286763e-16
2.011601605775292789e-16
-2.390394739787415901e-16
2.184125276472048682e-16
5.523467967727402339e-16
-1.240110444888919972e-15
1.083443230964764581e-15
-4.061421338130699610e-16
-3.517422898086097760e-16
1.179476438392668136e-16
3.976853568676830264e-16
1.175004104431165430e-16
-1.738680813906379186e-15
5.653030127339420119e-16
2.607506224827638164e-16
-1.009663273127126004e-16
7.236541281572389517e-17
4.570318732841083254e-16
-3.053113317719180486e-16
-6.265062253707487372e-16
1.209481733516204471e-15
-1.265589195942329326e-15
3.536125385561472712e-16
1.592150890294963261e-16
-5.880272126428803814e-17
-8.040985412238743635e-16
8.185726402265558477e-17
1.370648386456174705e-15
-9.121934978206791556e-16
3.198396408832238080e-18
-4.423544863740858091e-17
-6.333095940030952775e-17
-8.551644635479416223e-17
-1.525201406143983363e-16
4.531422979903165782e-16
-1.262445009642121363e-15
1.626520099162753752e-15
-1.920664148558071105e-16
1.645818897832995731e-16
-1.020505294851981049e-16
8.470058421999882015e-16
2.271674601900253165e-16
-1.258975562690167749e-15
1.481616478810066084e-15
1.200211804941453408e-16
-5.293075006074232647e-16
2.594326392168361251e-16
2.149295281680951852e-16
4.716279450311944288e-17
-7.664225157300030844e-16
1.608413922882245828e-15
-1.150067454463998828e-15
-1.265263935290583674e-16
8.406361544366358629e-16
-1.420525074522296927e-16
-1.243444366569312898e-16
-4.978656376053436361e-16
1.624080644274661367e-15
-1.798095092958584829e-15
5.767955557622883589e-16
3.100818213308542681e-16
4.214835945537398487e-16
-8.716714416240334273e-16
6.459134442582392666e-16
7.582909994363618011e-16
-1.519780395281555840e-15
1.151910598157224186e-15
8.722406477645883172e-17
-2.931682674400803990e-16
-4.879316351999452017e-16
6.754579534584692624e-16
3.400600114000784657e-16
-1.365444216028244284e-15
1.821405439667023174e-15
-6.730727086790011526e-16
-3.498178309524480056e-16
-4.805455078998877028e-16
6.058657265120559465e-16
-6.508465641430483117e-16
-7.322159371880854195e-16
1.525201406143983363e-15
-8.938162709970498554e-16
-1.053844511655910310e-16
7.072521821666066799e-16
-1.555101669182060165e-16
-7.355634113956344144e-16
-5.302290724540359435e-16
1.288194811238652093e-15
-1.693361163096485100e-15
6.089963602851078406e-16
-1.214848534270007718e-16
-8.169463369678275910e-17
-1.706263168949062603e-16
4.175533616784798951e-16
3.297058806528418984e-16
-1.213710121988897939e-15
1.254421913565728630e-15
1.205632815803880931e-16
-3.287572037519170820e-16
2.959871930885427105e-16
2.679605669297924209e-16
1.252795610307000373e-16
-8.898589330674777642e-16
1.555288016430456111e-15
-9.643978324258561940e-16
-4.689174395999806677e-16
2.419668198444524521e-16
3.618524750670371048e-17
-3.319827052150614577e-16
-4.852888924045117847e-16
1.132449169161109381e-15
-9.959481156451843731e-16
5.101171221544298362e-16
3.146625755096055244e-16
2.973085644862594190e-17
-5.529702130219193990e-16
6.267772759138701133e-16
1.142965930234218774e-15
-1.335899706828014288e-15
1.426593218556426734e-15
1.584019374001321978e-16
-8.668738470107850702e-16
1.286812453468733075e-17
2.518737171955387488e-16
2.022037051685465769e-16
-1.136948608176924225e-15
9.964360066228028501e-16
-6.927509781096130581e-16
-2.090883889638295301e-16
-2.530663395852728037e-16
4.057084529440757592e-16
-3.980919326823650906e-16
-6.292167308019624983e-16
1.330587116182835317e-15
-1.538482882756930792e-15
5.853607529249238439e-16
3.682763729390137186e-16
-9.578926193909431674e-17
-7.122124071057278627e-16
6.285119993898469204e-16
9.283481101907131716e-16
-9.077482689134885874e-16
6.701995729219145659e-16
5.139118297581291017e-17
-2.281805115949414597e-16
-4.205213651256589635e-16
4.189357194483989133e-16
4.793799905644657855e-16
-9.402743340880537204e-16
1.066746517508487813e-15
-3.029260869924499389e-16
1.485356976305141075e-17
-3.150098590179797875e-16
6.752140079696600239e-16
-9.113803461913150272e-16
-4.830120678422922254e-17
7.574236376983733976e-16
-3.272664257647495134e-16
1.273937552670467710e-17
-1.654763565756001142e-16
2.789381139262081533e-16
-4.147073309757054460e-17
9.248244531301352822e-17
8.905094543709690669e-16
-1.044845633624280623e-15
9.484600604903192789e-16
-7.455787289639692617e-16
3.718271350539037456e-16
-6.551833728329903295e-16
2.916774894529128304e-16
2.309350627394124444e-17
-8.050743231791113175e-16
7.411606051110908311e-16
-3.350455763523330077e-16
1.737044346252283877e-16
-4.144769380140522763e-16
5.517504855778732065e-16
1.238700982064688816e-16
-5.310422240834000718e-16
9.292154719287015752e-16
-7.258733544790452186e-16
-4.499439015814843401e-18
2.035250765662632855e-17
6.170465614158127110e-16
-7.968885967768457590e-16
2.064863037498643195e-16
3.030345072096984893e-16
-6.602791230436722003e-16
5.491755054182201334e-16
-3.751678329978747062e-16
-3.301666665761482378e-16
-2.086004979862110531e-16
3.185928083848654779e-16
4.579127875492527977e-16
-5.199291518154236513e-16
2.772304955045434838e-16
2.191714691679447213e-16
-1.416781188895432919e-16
-4.970253809216673702e-16
8.807787398729116646e-16
-8.794505922116169216e-16
1.128112360471167364e-16
9.442316720176258116e-16
-1.304837314586304586e-15
-5.272271876889667030e-17
2.022037051685465769e-17
2.732731575749713926e-16
-4.681584980792408146e-16
8.364619760725666708e-17
5.825418272764615324e-16
-6.878178582248040129e-16
8.310951753187634239e-16
2.187665874191571658e-16
-3.297600907614661736e-16
-8.505566043148782285e-17
7.460395148872756010e-16
-5.634056589320923791e-16
-4.972693264104766087e-16
1.043056700039679541e-15
-4.531694030446287158e-16
3.052029115546694982e-17
-9.536371258639375625e-16
7.471779271683853807e-16
-4.908183234841878573e-16
-2.385244779468109755e-18
5.744645210914445244e-16
-8.447019125834565045e-16
3.499465799604306593e-16
1.050862955681575173e-16
5.194683658921173119e-16
-3.887406889446776148e-16
6.379987683990950842e-16
3.604972223514302243e-16
-9.895513228275198969e-16
3.402497467802634290e-16
1.035616362630997767e-16
3.763265740697185890e-16
-1.413257531834855030e-15
6.614175353247819800e-16
5.318011656041399249e-17
-9.246076126956381813e-16
2.052936813601302646e-16
1.200194864282508322e-16
3.797553634402039968e-16
-6.585986096763196684e-16
1.035629915158153835e-15
-6.825594776882493164e-16
-1.661539829334035545e-16
8.980446594697433227e-16
-6.817734311131973257e-16
-6.988360628026879517e-17
1.202109158743303041e-16
1.216095366768366048e-15
-9.152834740122628432e-16
-1.063602331208279850e-16
1.205795446129753756e-15
-4.042447800112203282e-16
-3.944734079316947195e-16
1.534146074066988774e-16
2.754144568656302638e-16
-1.042406178736188238e-15
6.471060666479733214e-16
-3.509020331249335101e-16
-4.634964287375531455e-16
2.520770051028797809e-17
-7.964820209621636948e-17
1.243579891840873586e-16
-2.286582381771928851e-16
7.975933281889613369e-16
-7.383416794626285196e-17
-5.277896175659435585e-16
1.288167706184339956e-15
-2.556006621634576703e-16
1.352406684904106093e-16
-1.796522999808480847e-16
1.346795938661493608e-15
-9.203250141143204388e-16
2.677979366039195952e-17
4.339519195373231497e-16
-3.169122950175129461e-16
9.952298317059127264e-17
5.893994060174323479e-17
2.982640176507622698e-16
-1.254801384326098557e-15
4.917941054394248113e-16
4.438723694155655153e-16
-8.777158687356401146e-16
8.895201198885760441e-16
4.479110225080740193e-16
-9.503032041835446364e-17
-1.112554059296000375e-15
1.100410994964162725e-15
-6.351798427506327727e-16
-3.256943326146455320e-16
-3.916680348103884768e-17
-1.009663273127126004e-16
-1.504330514323637402e-17
-1.358017431146718579e-15
1.216149576876990324e-15
-1.027932079733506754e-15
1.118896642005040576e-16
-1.256048216824456887e-16
-2.411418097538267635e-16
4.955210504073437328e-16
-9.185902906383436317e-16
6.745905917204808588e-16
-1.396886079030323913e-15
-1.001260706290363345e-16
1.079323262709319664e-16
-7.451721531492871975e-16
2.534254815549086270e-16
1.445105970651616722e-16
8.739753712405651243e-16
-1.283695372222837250e-15
1.406914949125814829e-15
-3.383794980327259339e-16
-5.764974001648548452e-16
-7.407269242420966293e-16
1.843143693225357538e-16
6.651851378741691079e-16
-1.188773472021731337e-15
1.036009385918523762e-15
-8.494724021423927240e-17
-1.442964671360957851e-15
7.670730370334943871e-16
-8.387523531619422990e-16
6.221152065721824442e-16
-9.313838762736725840e-16
1.035955175809899487e-15
-8.888289410036165350e-16
6.839147304038561970e-16
2.325613659981407011e-16
-2.738186467930031620e-16
-9.070299849742169407e-16
9.871660780480517872e-17
1.092767369648139919e-15
-8.374919681364279000e-16
1.960779628940034769e-16
4.083647482666652451e-16
2.676624113323589071e-16
-5.763212173118259507e-18
-7.542523463438532971e-16
1.141719097735860444e-15
-1.578489942921645905e-15
7.034303695085952768e-16
-5.080029279180831026e-16
-2.341334591482446825e-16
1.791915140575417453e-16
5.342406204922323099e-16
3.963301041520761459e-16
-3.751881617886088094e-16
1.050971375898823723e-15
1.890848588814719733e-16
1.947769202870208716e-16
4.843673205578991059e-16
3.707700379357303788e-16
-3.696587307089327368e-16
-3.752965820058573598e-16
4.523291463609524499e-16
-9.595731327582956993e-16
1.638229482625597200e-16
4.038653092508504017e-17
-4.775910569798647032e-16
7.257378292074845305e-17
1.759660125943973696e-15
7.518942066186973250e-16
1.896269599677147255e-16
1.094339462798243900e-15
3.298685109787147240e-16
9.831003199012311455e-17
-2.950571509124574887e-16
8.415170687017803353e-16
-1.380135155465422869e-15
-1.034654133202916881e-15
-3.554556822493726287e-16
-1.104476753110983367e-15
-9.654820345983416985e-17
-7.608930846503270118e-16
8.922878000437294704e-16
-2.840203116097339553e-16
-8.490387212733985223e-16
-4.378008372496466905e-16
-8.096821824121747113e-16
-3.256401225060212568e-16
-6.249341322206447558e-16
9.766628695020984630e-17
1.219185342959949736e-16
8.051014282334234551e-16
4.208872833588728213e-16
4.897883314203266281e-16
1.404854964998092370e-15
-4.636590590634259712e-16
6.608754342385392277e-16
1.675634457576347103e-16
-3.897706810085388440e-17
-1.657419861078590628e-15
3.301178774783863901e-15
3.340535313645087712e-15
3.586107105713054466e-15
4.462847192493457626e-16
1.662640972165466136e-15
-2.424113427351715089e-15
-1.277786470382791251e-15
-3.484625782368411251e-15
-3.288059928496789297e-15
-3.472374297819325051e-15
-3.288602029583032049e-15
-7.120497767798550370e-16
-7.359344118265317980e-16
1.259653189047971189e-15
1.419410379163710267e-15
3.889358453357250056e-15
-1.375581506340983751e-14
-5.867756367600174272e-15
-1.079729838524001728e-14
5.361708391724354095e-15
-1.036808985020731821e-15
1.126309874359410212e-14
9.334059133253580498e-15
1.306138357193287192e-14
1.362831288792554219e-14
5.830242972432175819e-15
1.042007734437799815e-14
-4.607933771962752223e-15
6.780735911995905418e-16
-1.176741538412573451e-14
-9.447466680495564262e-15
-1.278762252338028205e-14
9.724209285022489269e-15
2.742786534459980274e-14
-1.479811282192877719e-14
7.212438112025321146e-15
-2.954015883901289774e-14
-1.670359814007205124e-14
-2.792406063323316090e-14
-3.090052085735761622e-14
-9.307604600244934190e-15
-2.635763921574399427e-14
1.475338948231375014e-14
-7.043654938823640244e-15
2.999305041525082705e-14
1.692694378760406515e-14
2.790001845005829484e-14
3.104087082858586477e-14
-3.697198509232902438e-03
4.905347082500234948e-03
-5.023326052342132197e-03
2.689508467762163381e-03
-3.406888689628928026e-03
-1.101785767843720771e-03
2.052910705014707876e-04
-4.247699540745745669e-03
3.697211127456446166e-03
-4.905326705061598298e-03
5.023313437920637857e-03
-2.689506905065503373e-03
3.406895831655260345e-03
1.101787317333265907e-03
-2.052835582592446107e-04
4.247695435413425050e-03
