-6.576989474058693441e-02
-6.577021877257602234e-02
-6.577032718224934404e-02
-6.577024209033349722e-02
-6.577012842755367017e-02
-6.576990222375642126e-02
-6.576977324448375628e-02
-6.576978918788842221e-02
-6.576992247454073459e-02
-6.577021204998997894e-02
-6.577032743532638948e-02
-6.577026806912995849e-02
-6.577012785305468012e-02
-6.576989096498117582e-02
-6.576979000142829657e-02
-6.576976891836443240e-02
1.284964268235405660e-12
1.598597285362018949e-12
1.032054324813513890e-12
5.861608941282181462e-14
-1.292936677860234695e-12
-1.606273816213976691e-12
-1.031444948982468413e-12
-5.287046841995213242e-14
1.292843707523944063e-12
1.605721306786878078e-12
1.025685667042225413e-12
5.030139716213910539e-14
-1.296443638207356308e-12
-1.607886079054571260e-12
-1.039019076939234898e-12
-6.454971106240048329e-14
5.411241116651255290e-13
3.132421622434322650e-13
1.696165994116705100e-13
-4.580541133024362832e-13
-5.396305147523094980e-13
-3.137470751951587644e-13
-1.704559887336087876e-13
4.569966909236111707e-13
5.377016648773491614e-13
3.190309344827668703e-13
1.726450471299656453e-13
-4.567807178508520582e-13
-5.385285858743038556e-13
-3.101462229398999071e-13
-1.657838905218256276e-13
4.604473269678721614e-13
-2.433719458599936658e-13
-2.522759562015308710e-13
6.564237543284223708e-13
6.031157561217637131e-13
2.428478967399227972e-13
2.508939236922635985e-13
-6.554769205711907798e-13
-6.003758688116755948e-13
-2.471401447205756607e-13
-2.527374468562493259e-13
6.556025253928732255e-13
6.012988501211125048e-13
2.403680011107967029e-13
2.498578600962364504e-13
-6.570347564627265768e-13
-6.027535241759363061e-13
6.126350105386049738e-14
8.196693107240249354e-14
3.325880593336733720e-13
3.497196090118843970e-13
-5.880131180146380698e-14
-8.219457964730655930e-14
-3.338489254739018114e-13
-3.508944369334625335e-13
5.920939872292377282e-14
8.110448890177174297e-14
3.323427484277531596e-13
3.476735094482333310e-13
-6.264177951310553882e-14
-8.427729475120153413e-14
-3.337702835469469331e-13
-3.487479402486393099e-13
-2.709151872564048713e-13
-2.014499915351571774e-13
-5.459588808603629828e-14
-3.232670750009936089e-14
2.715832692469586501e-13
2.010899042767522182e-13
5.401207232120716628e-14
3.080686611844560274e-14
-2.701113597657241183e-13
-2.009908624082956674e-13
-5.224596119233690383e-14
-3.243127879963558780e-14
2.714549302029224676e-13
2.006995440608123904e-13
5.395223791381312251e-14
3.205419328404512935e-14
-1.417405638524807734e-13
-1.963638771712832715e-13
1.353088427842033190e-13
-7.709009144474081310e-14
1.429615465993547968e-13
1.966585209701174689e-13
-1.346117363626789243e-13
7.582379243518868467e-14
-1.411139322662338311e-13
-1.974368612394153399e-13
1.367652397040418355e-13
-7.643573138793255395e-14
1.413652859051997557e-13
1.969689060292434402e-13
-1.356663313455261019e-13
7.646468466813560044e-14
1.100642472127988380e-13
-1.283684335383534526e-13
-6.045957022516017937e-14
-1.607576385174330248e-13
-1.086873426409942431e-13
1.279877252628475875e-13
6.096736817110502693e-14
1.584366987852545670e-13
1.077880155736423567e-13
-1.286121791273871391e-13
-6.015976630161130878e-14
-1.589398897189992985e-13
-1.089763960223765621e-13
1.267701272596307924e-13
5.962087123507391409e-14
1.605768427229733834e-13
-1.455778988127670853e-14
-9.764274388119914983e-14
-1.535424714770098871e-13
-1.186311102774833355e-13
1.465906982253814203e-14
9.694068877555954032e-14
1.550784441776276298e-13
1.197718449111762496e-13
-1.562624571127275552e-14
-9.848904605077820652e-14
-1.540184866291913852e-13
-1.180763284727454759e-13
1.571875388521154189e-14
9.773512934123970274e-14
1.543597212635310686e-13
1.191994314803665814e-13
-4.165797904792352749e-14
-1.904315671522234261e-14
-2.180648968553222308e-14
-6.279881179822996082e-14
4.441931662036791365e-14
1.841506336186667613e-14
1.922251107136399399e-14
6.357729161620589205e-14
-4.187440888319944685e-14
-1.985539968999230388e-14
-2.152959969727247583e-14
-6.263871770075945134e-14
4.320078137519498158e-14
1.916537764028050737e-14
1.901760660164312708e-14
6.194630913571876583e-14
4.564595754732959573e-14
3.442491589539080094e-14
1.895108423385580016e-14
-6.383903729064344286e-14
-4.820652120622040057e-14
-3.310485041072052173e-14
-1.638598280770831722e-14
6.075748653578609375e-14
4.640981355322941829e-14
3.384390783302358013e-14
1.716827236812276149e-14
-6.249407644886217569e-14
-4.750383770801304677e-14
-3.251980729515081825e-14
-1.680186709096423252e-14
6.109605958084726729e-14
7.240804112522300712e-14
2.387410250961500896e-14
-2.367281338827126021e-14
-7.689117316861642914e-14
-7.103697801026003303e-14
-2.624684741212225019e-14
2.472625158881028447e-14
7.718851492620630909e-14
7.319414333975172060e-14
2.483628588027938719e-14
-2.369940381712838163e-14
-7.823667478799495897e-14
-7.178274763927448973e-14
-2.441872733052410536e-14
2.495157161720278896e-14
7.756228324901708287e-14
4.094198040354357290e-14
-1.685606174123722035e-14
-3.149569554576766520e-14
-4.563891171551609765e-14
-3.857864635471768217e-14
1.702203022395517521e-14
3.435953829263168821e-14
4.313296707040485505e-14
3.838141716816924169e-14
-1.620298366879463058e-14
-3.161487435199576614e-14
-4.428500197064708880e-14
-4.041877683411230094e-14
1.598182876610157151e-14
3.357282870254023419e-14
4.428126443776732920e-14
2.571232885894420006e-14
-7.099027176651548365e-15
-5.733746014465650534e-15
1.491845206329461652e-14
-2.596009213700495050e-14
5.335695798155937718e-15
5.997420806440573009e-15
-1.477117378607430143e-14
2.709782573296574265e-14
-6.614326548628904692e-15
-6.416242388199329405e-15
1.723548316193796934e-14
-2.601584850427443845e-14
5.119751312758795067e-15
6.177116305101731063e-15
-1.716036086863716951e-14
2.822235842632269493e-14
2.483114693138839535e-14
-3.976453292669693404e-15
1.892404948327828466e-14
-2.968012166324469187e-14
-2.486920692750516884e-14
5.969032285455108319e-15
-2.102639701094560125e-14
2.855208156527183714e-14
2.548256227815552492e-14
-7.375461355306554400e-15
2.087981271840688344e-14
-2.798351541104815714e-14
-2.604632776727152277e-14
6.155045167595125759e-15
-1.957240068835872180e-14
9.145016176033218011e-15
1.541604490335138507e-14
-1.244162139641838232e-14
1.714860765121930565e-15
-8.912718753442375630e-15
-1.792485954755083146e-14
1.334428295455092301e-14
-1.861476119947010966e-15
8.245187665176557132e-15
1.717968609738234378e-14
-1.080658165458368760e-14
2.925107316449946466e-16
-8.570374400062670723e-15
-1.753732208214261838e-14
1.190178506451835129e-14
-8.335324067453692663e-16
1.125116722574084124e-15
4.121615734527326463e-16
9.861191453252454719e-16
2.310482157532537783e-15
4.342648982113336137e-16
-1.713439761473793069e-15
-1.651262990343235933e-15
-1.379290875375247145e-15
4.129146916219601261e-16
-1.667270324859566107e-15
1.544169650206559351e-16
3.376580165440784022e-15
-2.808770782215916535e-16
-4.098869723519996296e-16
8.206400358925667812e-16
-1.414018908575318239e-15
4.583992279829491017e-15
2.325792807449751295e-15
4.916360702672908402e-15
1.149458077785920403e-14
-7.109375166409917339e-15
1.410554543821048151e-15
-6.806366917221583733e-15
-9.703401497156713754e-15
7.611458604576113764e-15
5.849789528239489680e-16
3.061487085435736499e-15
1.300669277211102988e-14
-5.560117495168319813e-15
-3.417120221087558904e-15
-5.990395938692519469e-15
-1.012790169367298139e-14
8.398978335359502217e-15
1.041735765062454015e-14
1.120875059506920405e-17
7.622900137030445191e-15
-1.097635006606936816e-14
-9.473614038329377778e-15
-3.986388588785569871e-15
-5.348973527640710282e-15
9.893810692051217826e-15
1.177211795884765768e-14
-1.930379422902814592e-15
8.948244039860437583e-15
-9.055554200579276565e-15
-1.040311472213328764e-14
-4.707910440538271680e-15
-4.207523817814939982e-15
-5.311089279279963479e-16
3.826932125144608121e-15
-3.262289374593050836e-15
1.857271355752612013e-15
-6.613194912611372947e-16
-2.790674346814302036e-15
1.996176500531081539e-15
-2.323489089591456412e-15
-5.365638201083140421e-16
5.770695815086369657e-15
-3.561410166069960831e-15
3.570043549384850287e-15
1.548199727090476905e-15
-9.648626417556619914e-17
4.268838213452241185e-15
-2.006489550180376273e-15
-3.864318465370518429e-15
-2.986129952250310415e-17
6.515250375337990063e-17
6.023630864564818044e-15
3.214242065934761090e-15
2.044894871041833505e-15
1.104741027390526709e-15
-5.704972093489185138e-15
-3.297879581454308401e-15
-3.059978202119321370e-15
-1.235938701744574136e-15
2.049479860385321033e-15
-8.533014145804557887e-16
6.206971675393603387e-16
-1.600008497309286185e-15
-3.187411238539297059e-15
1.013451416225484049e-15
7.943784768416397039e-15
6.975482729526074260e-15
1.168309714859289281e-14
-7.828782880174554068e-16
-8.004284308432272255e-15
-6.930782782578770202e-15
-1.146667844385929596e-14
2.751111380068131941e-15
6.479309913735597945e-15
9.931447840056299112e-15
1.402666811550560535e-14
-2.896592322857544869e-15
-3.402327128153452470e-15
-7.557805774147960417e-15
-8.725531486590769705e-15
3.116820783264544550e-15
1.538932106680507110e-14
5.248145731573904387e-15
3.081656422217519085e-15
-3.151902346840975908e-15
-1.400689701655793030e-14
-2.999985717201496260e-15
-4.314678895403815072e-15
3.828672883730334115e-15
1.100870510338048183e-14
2.689461956430412061e-15
4.765641565862609522e-15
-7.533549361120610473e-15
-1.260311905395227177e-14
-6.675624417197567086e-15
-2.939431543560523143e-15
-4.129830895324509109e-15
-4.209905260872312798e-15
2.510366051216791645e-15
-7.442920012137952540e-15
3.630842303789343084e-15
2.287323535600776364e-16
-2.751536660090825055e-15
6.310238755949295480e-15
-3.648804590347936184e-15
-1.779634221631414166e-15
1.766170950572162283e-15
-3.594932871386089055e-15
3.758105192466039066e-16
2.548073522808829740e-15
-3.888029882179481686e-15
2.956243135860271275e-15
4.121069345336788236e-15
-1.364901275849988158e-14
1.576045956407285710e-14
1.147807307186417318e-14
-1.725811260003593363e-15
1.475834928373639769e-14
-1.472164075515674804e-14
-8.461472340181140791e-15
8.251978672421829680e-16
-1.274523350068876943e-14
1.602455294914240081e-14
1.209167673551697278e-14
-8.281494594260089843e-16
1.723276683315524320e-14
-1.312701340522180922e-14
-1.354508507165466994e-14
1.866256469498848818e-14
9.819192489233152712e-15
1.728756128863400549e-14
2.774269235038029401e-14
-1.974764248778321674e-14
-9.781400526104626000e-15
-1.682397920368966125e-14
-2.747418512956216734e-14
2.109013856956709230e-14
7.183533536216741774e-15
1.700593352746290971e-14
2.714007107769357725e-14
-2.406048596866945015e-14
-5.740512643043909919e-15
-1.295637795625294037e-14
-3.097173917580452098e-14
7.642758377801291483e-15
5.135017811083632949e-15
-1.989087914729570795e-14
6.009351900777360270e-15
-6.811159006120674937e-15
-6.696187624299822921e-15
2.214526051278658050e-14
-1.132242831935158234e-14
7.886660456171983198e-15
3.890488818825360920e-15
-2.034618286160918069e-14
1.014800866765402237e-14
-1.196600056454361072e-14
-5.973752800070156535e-15
2.304443807882327645e-14
-6.379380361367769509e-15
-5.534447844064423021e-14
-2.464684293821946346e-14
-2.681764650401357013e-15
4.286642358959581907e-14
5.268465332000529886e-14
2.292933053645615331e-14
5.902420449812727666e-15
-4.123195938017900405e-14
-5.211087574263407757e-14
-2.357602759206972121e-14
-6.212181139777454147e-15
4.492548328673546783e-14
5.666980040002693279e-14
2.164004813491322669e-14
3.483714586675402437e-15
-4.388168786808666413e-14
-3.649387804295856292e-14
4.285022715497401437e-14
5.701741234542649379e-14
7.793599196188419364e-14
3.721980581930446922e-14
-4.297611080931478434e-14
-6.194413856085186749e-14
-7.453874329255789823e-14
-3.693786587355275103e-14
4.326641107613502088e-14
6.015453417909611897e-14
7.366316882899203540e-14
3.630944281262236581e-14
-4.311708096747910064e-14
-5.804277188022007082e-14
-7.425239258155203088e-14
-8.540650147824055405e-16
8.625888005042497628e-14
3.682607494163016131e-14
-2.399134256330596321e-14
-1.955852226527619690e-15
-8.252551457276586719e-14
-3.785744999853601998e-14
2.327980524145919702e-14
2.020262517660968010e-16
8.391533830284022156e-14
3.741521261446689207e-14
-2.225039318340860019e-14
-2.344766768984721250e-15
-8.219548957245014723e-14
-3.801308700863807732e-14
2.556985961128192125e-14
-6.480971968402145234e-14
-5.109557144183647474e-14
2.006876432479034675e-14
-4.951844670426756596e-14
6.380985425275345364e-14
4.902994311006998729e-14
-2.158441543445403787e-14
5.484859803650901384e-14
-6.186915523389397657e-14
-4.954283977084083211e-14
1.880315734115612508e-14
-4.892619999699793828e-14
6.293676508973395332e-14
5.031565378543257933e-14
-2.230660334857957963e-14
5.410239038558170826e-14
-1.088623597649294788e-13
-4.146486061814723054e-14
1.056301775411718716e-13
1.572606960289785888e-13
1.143706266676272187e-13
3.710885562052158859e-14
-1.113282130700977545e-13
-1.555679368945493647e-13
-1.171947374282761474e-13
-3.675030763274002733e-14
1.058854644835074900e-13
1.549277948151563610e-13
1.153168293853131052e-13
3.512180822933777709e-14
-1.078863960152462204e-13
-1.500863884815024593e-13
-7.110085107074658531e-14
2.192847784593648236e-13
9.051465733346791137e-14
6.684554219692348184e-14
7.827689471812723093e-14
-2.198085014717509993e-13
-8.517572565769522541e-14
-6.975657674916906775e-14
-7.109627793986435934e-14
2.180528783048336396e-13
8.688058275195184588e-14
6.981515331263643889e-14
8.191229998840343293e-14
-2.258649962617572185e-13
-9.322184070146254109e-14
-7.168329294813527083e-14
-2.321380189311030018e-13
-3.005190395849195034e-14
-6.077647066171643075e-14
-2.311810766826788779e-13
2.408464934108324462e-13
2.158673461066362015e-14
5.998847760495164966e-14
2.278296349728049439e-13
-2.375356533782521998e-13
-2.402484949263344882e-14
-6.053070405207059551e-14
-2.353820890505170862e-13
2.421951545160437938e-13
2.592474269925894997e-14
5.785859631842176637e-14
2.336050308678365092e-13
-2.762032986494081938e-13
-1.930816617701225368e-13
9.674343438978091902e-14
6.030069564337547927e-14
2.795102541888923320e-13
1.900575915180988118e-13
-9.870125956780093079e-14
-5.853968026471589869e-14
-2.771849454607719365e-13
-1.971506386421427448e-13
1.029749541387771361e-13
6.301900055396755795e-14
2.764720689798355613e-13
1.951796505721224012e-13
-1.035317156712709658e-13
-6.664411860909935648e-14
3.062568102764340328e-13
3.058930773882240911e-13
-2.577666880399127891e-13
-2.937023657590374925e-13
-2.993520348596422076e-13
-3.026310247593397978e-13
2.615989293675707872e-13
2.892564693898844880e-13
3.119537472036273268e-13
2.991302545289967196e-13
-2.641980398018252407e-13
-2.888119498872972202e-13
-3.037127535956193197e-13
-3.009715821835831639e-13
2.629546428691009741e-13
2.946885492788667293e-13
-1.165411625710099930e-13
-6.960138845477081837e-14
-7.663820749889693751e-13
-7.263809779362029317e-13
1.130702519461235234e-13
7.034086854651455667e-14
7.799579667018552431e-13
7.197961844618294691e-13
-1.140511296515711592e-13
-6.585839729469911141e-14
-7.714459496557801721e-13
-7.215214211687970280e-13
1.176100774928634518e-13
6.997202296743498806e-14
7.682645752210559564e-13
7.209749290637557095e-13
1.431217340822077411e-13
6.272710215832200120e-13
6.290408189994767252e-13
5.750174641994121316e-14
-1.458286074361436757e-13
-6.352394196600108511e-13
-6.290298143474259973e-13
-5.812624687129286372e-14
1.392087400214903070e-13
6.344047466175228855e-13
6.209842210759541903e-13
5.780001043759197543e-14
-1.472610553464315242e-13
-6.267647533787779057e-13
-6.226920021279447326e-13
-5.617804398755366080e-14
1.754807074389602706e-12
1.625093939625066319e-12
4.529696930044568859e-13
-7.257030263177477458e-13
-1.749961991721199484e-12
-1.618307809807262299e-12
-4.456893838364339722e-13
7.340976784786512610e-13
1.755437537952903027e-12
1.630561300130367597e-12
4.566029086945644355e-13
-7.331038445572424234e-13
-1.749971749540751853e-12
-1.621650350894926484e-12
-4.510259353496248735e-13
7.415302638417997638e-13
6.576990086867598451e-02
6.576993182186047227e-02
6.577002185382600785e-02
6.577009565456098938e-02
6.577017934156395573e-02
6.577019501321855477e-02
6.577008136387374471e-02
6.576995095979257244e-02
6.576988534885534754e-02
6.576993220302149168e-02
6.577001811353058724e-02
6.577006735388372938e-02
6.577012095319256790e-02
6.577014543646028666e-02
6.577008329006597820e-02
6.576997405983570077e-02
