-3.290875749116518173e-02
-3.290877331980948672e-02
-3.290877732260094612e-02
-3.290877329498398396e-02
-3.290877950750550895e-02
-3.290877801713629897e-02
-3.290876637272605043e-02
-3.290876354839635670e-02
-3.290876277148602203e-02
-3.290876971235698334e-02
-3.290877418096106732e-02
-3.290877825479587154e-02
-3.290877541783103488e-02
-3.290877081760474471e-02
-3.290877162415615370e-02
-3.290875771011563672e-02
-1.195281829242944571e-12
-1.196555821005723663e-12
-1.198145044550152916e-12
-1.199032464028332301e-12
-1.198142334044721702e-12
-1.199196232766486236e-12
-1.199114375502463581e-12
-1.200275230768543810e-12
-1.200682782365181112e-12
-1.201027883916683248e-12
-1.200831318062811626e-12
-1.201012488245833953e-12
-1.200771253262455929e-12
-1.199089601482822287e-12
-1.197370219467586150e-12
-1.195750313001675558e-12
1.874891301240078079e-13
1.880047766772419138e-13
1.886426128153151360e-13
1.880006567089864689e-13
1.883790974772925342e-13
1.887864864436039625e-13
1.882698098983059953e-13
1.881086432453660251e-13
1.882809229705739718e-13
1.883015228118511963e-13
1.888092546892261581e-13
1.880965001810341874e-13
1.886309034318522926e-13
1.875334739928624650e-13
1.880294422766659590e-13
1.870249831739667634e-13
-1.237241645940523327e-13
-1.236682468670063928e-13
-1.245900626591078808e-13
-1.238612348537088126e-13
-1.243369556619411398e-13
-1.241449705622482691e-13
-1.237153825564552001e-13
-1.239108913132086487e-13
-1.235977195156862107e-13
-1.243032098693225285e-13
-1.238167554595825948e-13
-1.246935497564716222e-13
-1.228948583523181703e-13
-1.245874876789482277e-13
-1.229989959709854030e-13
-1.237402107862051182e-13
-6.284327848686196982e-14
-6.332542996922985168e-14
-6.385809510844019099e-14
-6.353536200300914649e-14
-6.264089859884039435e-14
-6.273324890701363621e-14
-6.229064369888716313e-14
-6.325425887286975635e-14
-6.247003850085204590e-14
-6.393232907593755787e-14
-6.344992009555371071e-14
-6.328223467705167138e-14
-6.226945771081043857e-14
-6.265918095797393117e-14
-6.201549012816928719e-14
-6.302664079115179174e-14
1.713481922538742652e-14
1.755709056058211287e-14
1.754218447477633169e-14
1.697416756847938690e-14
1.720942758144747980e-14
1.664038237715256829e-14
1.752020227572918809e-14
1.639013326914986329e-14
1.740584605158627951e-14
1.719681526086286327e-14
1.698080491865407160e-14
1.626913800076637551e-14
1.711722804513884921e-14
1.702505900201631978e-14
1.786549525667740362e-14
1.640297259456434398e-14
1.371249441035546357e-14
1.320831583619423363e-14
1.372976795324882052e-14
1.350958597377480142e-14
1.333123895156567221e-14
1.334265102646402940e-14
1.382726059844484323e-14
1.351183315218386707e-14
1.332945086501401838e-14
1.325125447738939588e-14
1.385419794023342449e-14
1.279906847959652941e-14
1.293258882417106653e-14
1.301407254666398297e-14
1.439758312842421423e-14
1.290775720628935946e-14
1.080709855643974954e-15
4.137408663828882893e-16
-8.056130361335650525e-16
-8.627030567785048953e-18
6.274913246884054885e-16
1.660616563421528358e-16
1.396017023226441001e-15
5.992808923801010157e-16
1.210720095685090258e-15
7.845820550861880294e-16
6.749200875369627817e-16
-4.262803421340409515e-16
5.034137034098593033e-16
-5.289127832540027607e-17
1.029714237054529802e-15
4.170332834488657547e-16
-2.880554945141366768e-15
-2.053846579926212968e-16
-4.932056329064648994e-16
-1.802701152246635307e-15
-1.515812787077498291e-15
-3.197376210586829479e-15
-6.490820092254603923e-16
-2.447637041074404306e-15
-2.394460789101812161e-15
-1.870899321780545655e-15
2.623976515789202017e-16
-2.595220064867273741e-15
-1.566163998882540132e-15
-1.901584599072269981e-15
-4.267227580303037133e-16
-2.227129298022827121e-15
-1.767109780715075268e-16
-3.137361332235461334e-16
-4.882698131041364811e-16
1.856063698528064194e-15
1.667209762003837425e-15
4.471865975799347789e-16
1.288900601441951739e-15
7.184194645432073756e-16
1.636370562943729231e-15
-1.481850048145271458e-15
-1.011102170346274247e-15
1.390830005215692479e-15
1.351471560530337346e-15
5.198141670928338801e-16
7.455126603940834262e-16
1.248470977715675136e-15
1.841447933264954429e-15
2.823152342869110487e-16
-5.326829269022316515e-16
1.072531540779997870e-15
-7.562286859680343934e-16
-5.345413171885075865e-17
3.260750739244363400e-16
-3.524745497915111186e-16
1.353040689065125937e-15
1.829471946181962690e-15
-8.889314319902343053e-17
-8.292785014051397632e-16
-3.610376293717784679e-16
1.960538224550067293e-16
3.103073438530607256e-16
1.346037420657227382e-15
-4.812163579941131086e-17
-1.765056784609167657e-16
-3.121558873813248293e-16
-2.232255806117406163e-16
-1.529193048907919253e-16
-1.799045040408930526e-17
1.887049751925402603e-15
-7.567532111206216189e-16
9.573100195419098190e-16
-3.245461794546423279e-16
1.859252036420647788e-15
-9.976229644797021418e-16
-3.330422375529581806e-17
6.148318878960979360e-16
-1.181856706853571127e-15
-1.450978555954049194e-16
2.219812362726648457e-16
-8.765198052745578391e-16
2.944108647737024576e-16
-9.802622301323372055e-16
3.551302098393901638e-16
-3.492633949489108627e-16
-6.975982300293941986e-16
2.943047209574996530e-16
-1.559977402584692731e-16
-1.920031150248676126e-15
3.600983227728326522e-16
-1.122911684054144366e-15
-1.252084208510425168e-15
1.684568749345748649e-15
-2.241746810291390599e-16
7.486826282596234419e-16
1.210913430955301053e-15
3.330592840910216734e-16
2.367366031533939610e-16
-1.989150997508317559e-16
-7.191902645252087889e-16
5.951681239047077604e-16
-1.395181636982211447e-15
1.376026198638292258e-16
1.258794297639455328e-15
7.236086001363240330e-16
-1.017246335587420128e-16
2.499805985584253876e-17
5.543830639779395719e-19
7.598732569818328342e-18
1.301506781037700677e-15
-2.097871911453143279e-15
-5.970287376524702379e-16
5.752258978319077336e-16
7.937353048724548124e-16
2.086497317762702093e-16
-2.811882569505892021e-16
3.488602602055770191e-16
5.741752593399571808e-16
-4.891141990734306118e-16
-1.601895898474005580e-15
9.080873997297455279e-16
4.521870565840505410e-16
-2.680802738610631349e-15
7.809787769285682357e-16
-9.885298010931312107e-17
6.978020473323272646e-16
-4.503520655829425061e-16
-7.327122124683927340e-16
-7.352805685657004824e-16
-2.074557428841642168e-15
2.034625337710203961e-15
-6.033227086112719225e-17
1.430859518370954732e-15
-2.953412973790368044e-16
1.003972528593112290e-15
-1.317479943068565061e-16
3.006196817897809932e-15
2.655588930198700279e-15
-2.107265897267442595e-15
-1.677613675789059884e-15
3.287149037206245903e-15
4.259160319399378969e-16
-1.425686714631852321e-15
5.739993941242835067e-16
2.646395519139332821e-15
-2.476653716399596864e-15
2.912370640840761162e-15
-1.306242542245799471e-15
-1.019644603498452273e-15
6.753069698356211834e-16
-1.624035539770220075e-15
-3.418474626770218530e-15
2.201071335252173435e-15
7.210677130527979456e-16
-1.838168115814067371e-15
-2.598579238717406686e-15
-9.540984411828359359e-16
-4.034040998110704351e-16
1.382494777498236536e-15
-2.199322529853448525e-15
3.257895814695642780e-15
-3.932535004931472355e-15
1.730843006287198331e-16
1.041680800895983337e-15
-5.617076755102027273e-16
3.632100253595134127e-15
-9.238543886472922947e-16
-2.597981233456645150e-15
-4.796816401728067232e-16
3.628739438618665877e-15
-8.992288115300048346e-16
2.929312887972623271e-15
1.661252473406679524e-15
-5.251783208686769573e-16
-1.420472452600448753e-15
-2.268221519889538300e-15
4.466738382443805077e-15
-1.477375098638671859e-15
1.531148139916525087e-15
6.663204399561756881e-16
-2.114275571362004760e-15
4.635743028291413378e-16
2.226335704251866196e-15
2.267577903889800590e-15
-2.959704951243893475e-15
1.776483814932999805e-15
-4.735395230308575234e-15
-1.025359998014720067e-15
-1.066450742536857227e-15
-1.225619269569672943e-16
-8.225265470109470689e-16
-2.560535918561782261e-15
2.550931517851984156e-15
-3.034514909417199407e-15
-1.325746005251921770e-15
-1.121541502382842129e-15
-1.153835162892504363e-15
-4.022973453863642850e-16
-2.765120315707705455e-15
2.376675453019856405e-15
-1.803808118429578271e-15
2.034478377493855340e-15
1.560710086084067701e-15
1.472724221050672033e-15
-1.764149506443539895e-15
1.523571291236992462e-15
2.351614395088561828e-16
-2.931875797912777970e-15
4.384132632463352310e-15
9.420771378371660919e-16
-9.621701357745773842e-17
4.665457473476686268e-18
2.085157099881908976e-15
3.545259047710834239e-15
-2.318636120199281305e-15
3.005610121850383221e-15
1.609362599783170644e-15
-2.244061539577999788e-15
2.020337480076800016e-15
2.242874634660659700e-15
-3.318117104388344958e-16
5.460336484586171199e-16
1.462502968597035984e-16
-1.950206738699279978e-15
1.977682426174122999e-15
1.827886274034923038e-15
-1.046289237501114292e-15
-1.938760405288673293e-15
-3.307157915838444228e-15
2.236642988452291435e-15
-4.117848828464015105e-15
-2.522891425192861503e-15
2.029501959667062819e-16
-2.669199844725486752e-15
6.101932244570230674e-16
2.802417236055037556e-15
-2.446037996725582122e-15
8.939012389895713024e-16
8.660954766718175716e-16
-1.470602932913392044e-15
-1.630616562253912362e-15
-7.219546624276916048e-16
4.997961315712545934e-16
3.159497373641649998e-15
-1.586169037742334986e-15
1.470689118515775169e-15
1.756555750192286686e-17
1.682935987460797578e-15
1.159047380133433700e-15
-2.611146137160226706e-15
-3.261394907800750295e-15
6.070198089026899307e-16
-1.952892058135202724e-15
-4.131265557378921080e-17
-1.039092374088292602e-15
2.206966790444181772e-15
-4.345000557333150888e-16
1.444223150562340928e-15
-2.043282543826734944e-15
1.266065757854278277e-15
1.992583598527065611e-16
1.405888556951979430e-15
-2.203874908428466763e-16
-2.063177865450080764e-15
2.723699028158430881e-15
2.506222048401468387e-15
-1.728407998322079031e-15
8.713475574008270642e-16
5.951889820910338975e-16
2.792596264571622043e-15
6.734674260324216566e-16
2.220231253606290211e-15
-1.504281174654459839e-15
1.838966093642274826e-15
-3.624658414026459956e-15
1.915119153247989234e-15
-1.840541760212625037e-15
-3.306712533672504851e-16
-6.941363071122923667e-16
1.776179988185286627e-15
-3.256790489639035122e-15
1.896377040512550543e-15
-5.835444363533248062e-16
4.470904593404214158e-16
-2.463524679247375607e-15
1.128328731067076534e-15
-2.532497486881329614e-15
-2.833038276154752240e-16
-1.954959136163858437e-15
1.888466626287922234e-15
-9.344890990583068491e-16
6.242181776219780584e-16
1.622986065948571997e-16
5.155818610927593616e-16
-5.875745794116913646e-16
1.025207492379544890e-15
-7.731689213966467730e-16
1.458364471495869879e-15
-2.909546950631970545e-15
2.292207421695526253e-15
-6.984923791843395194e-16
1.703809738017340522e-15
-1.059080022302889140e-15
1.990049064190643931e-15
2.480605442735893396e-15
-2.269754166450590853e-15
-2.833024511869359358e-16
7.291024558322154250e-16
2.096624867196548135e-15
-3.750124024520535421e-16
7.898810932042109323e-16
3.791128889497116100e-17
1.343590554230846522e-15
3.467917845725583363e-15
-3.402943430649363679e-15
-8.174189813523954906e-16
1.347754144683075035e-15
-1.747639457873014293e-15
1.205852197337219794e-15
-3.987195788023246068e-15
3.531560407371364067e-15
-1.760645119382512041e-15
-7.048313620033538895e-16
-9.740332557173474876e-16
2.361214348875386847e-15
-1.097045838943839797e-15
4.616845723238169937e-16
-4.052287570102219676e-15
7.428897169937920784e-16
1.070916884224294360e-15
-1.748129201735204889e-15
6.602526003245113000e-16
2.053328036943815726e-15
-2.540848596466546575e-15
-1.900630019410493986e-15
-2.577738945962280287e-15
2.799136100078254089e-15
-8.304311014881160524e-16
-2.189071843004895390e-15
-2.203339001270650807e-15
-1.013267821834166679e-15
-1.487573343890750358e-15
3.784508691739613302e-15
-2.072839970279410568e-15
3.698080202658863072e-16
2.809680866178182078e-15
-8.504308199222109649e-16
9.813533144475191511e-17
1.456789519609568914e-15
3.413379300076010286e-15
-1.139718300035327380e-15
1.229522109531767590e-15
2.728405354971612587e-16
3.392108608704560296e-16
1.549617766123299011e-15
-7.180071712561313449e-16
3.253544606445597440e-16
-1.401108538272386600e-15
3.147583961117636671e-15
-2.601687531996474748e-15
-2.235581045710089733e-15
1.696213123029890329e-16
-4.397279007321212678e-15
-8.609909914338671408e-16
-1.770095571854146677e-15
2.412624272455157759e-15
-3.040038305387126293e-15
2.167555829716096873e-15
1.704935868320715114e-15
-1.151291628831018106e-15
4.866709007733400604e-15
-5.053949134734871118e-17
-2.807167560605000958e-15
-7.372973090144876486e-15
8.347529176948916690e-15
4.521224385580868785e-15
-4.849713715163216695e-15
3.707225511511249346e-15
4.414154444729360104e-15
-2.016675756645819675e-15
-1.781741427845946052e-15
7.620766861391728084e-15
-7.982283064378705231e-15
3.757700628354606730e-15
-4.092188274692495171e-15
-1.500054983173473313e-15
8.246604248371501144e-16
1.795508942551939839e-16
4.333887061548700841e-15
-7.615238277344999265e-15
-2.930305716465923718e-16
4.552640308198938751e-15
2.543672921950047633e-15
-3.128997252458239542e-15
4.981257667174013521e-15
1.600742186660286019e-16
-5.753270917993250208e-15
6.762032603957362814e-15
-4.835663873787991208e-15
8.639126198271840362e-16
-3.486096231564844716e-15
-5.156523977614419635e-15
2.725307331967029983e-15
-2.539926548163901066e-15
-6.967735375761237304e-16
-3.165921165634508205e-16
-6.274693018317768767e-16
-7.487057204953479622e-15
-6.864637066520285630e-15
-9.796540816520322992e-15
1.735285905853783950e-15
2.317937000380441287e-15
-2.338600369128709944e-15
-1.220546524906187397e-15
-2.732087830709800658e-15
-1.639873573576217797e-15
-5.050891345795283094e-15
-9.067569015520221543e-15
-3.974259953792337596e-15
2.396883012163383841e-16
-8.170062221971984701e-15
-9.925482100982003369e-15
5.977545390091487665e-16
3.480051804453238029e-16
1.307395354087012573e-17
-5.777643920473578276e-15
-6.897891580029489461e-15
-6.341504436098346215e-15
-3.084381538967072983e-15
-9.492812589326823230e-15
-2.960402173510408297e-15
-4.489779452084355360e-15
1.055775746775650115e-16
6.028096316383624309e-16
2.322479638076566100e-16
-2.546296235927253404e-15
1.628205694727789810e-15
-1.030351205830865036e-15
-6.944484321359106760e-17
-4.596087169162453578e-15
5.304606512618152692e-15
-3.375363614370290033e-15
2.855097343441859170e-15
2.002772134333113963e-15
1.285887493490331379e-15
9.342434595036031020e-16
-4.424491846575888399e-15
5.308314822861232019e-15
1.251803565319176137e-14
3.263953370817931909e-15
1.557038664125841299e-14
5.893556991173540260e-15
7.313045297368397923e-15
5.897992055685363777e-15
1.004125371717977389e-14
4.570352614158973426e-16
1.467394117999308578e-14
9.686309642830542854e-15
3.373694959464199061e-15
1.016183055128731805e-14
3.073923223167324137e-15
1.024747235851830585e-14
1.350038380783583070e-14
-1.315286313023633635e-14
-1.144958151726160889e-14
-1.406066560925844922e-14
-1.080044257154022525e-14
-1.088688058974163209e-14
-4.757533342975017732e-15
-9.322864745822667665e-15
-1.584019374001321978e-15
-1.608001926056701336e-14
-9.644927001159486757e-15
-1.507702383080067321e-14
-1.008297178389794269e-14
-7.831815708111977692e-15
-1.039473411859614949e-14
-1.015152046625333870e-14
-3.686666857211085002e-15
-2.119734509448134574e-14
-2.441813027817540949e-14
-1.621164140430675360e-14
-2.538209442973227148e-14
-2.221579040520560433e-14
-2.799773217085355093e-14
-2.508030675502093132e-14
-1.460767271033169834e-14
-2.691195790521794251e-14
-1.305563730041869874e-14
-2.180455252118185250e-14
-1.982843143150114784e-14
-1.838134679188474507e-14
-2.437541271257948061e-14
-2.447196091603931478e-14
-2.371919934768262905e-14
-2.382057225081002372e-14
-3.178934979836123276e-14
-2.370055107031587838e-14
-3.563902645220551335e-14
-2.414100820288811455e-14
-3.704382720709498145e-14
-3.421156587191109821e-14
-2.762883238166535804e-14
-3.044542699545682574e-14
-2.827523371690121579e-14
-3.172722501387781335e-14
-3.634907045496627020e-14
-3.035299876025243648e-14
-3.132401022593045425e-14
-2.746940045220136462e-14
-2.741795505911692743e-14
3.290877962929697476e-02
3.290876945221343775e-02
3.290876162770853264e-02
3.290874281987878069e-02
3.290875616781685498e-02
3.290880318120053410e-02
3.290880598378297800e-02
3.290877530710011739e-02
3.290876484273363295e-02
3.290878088986633893e-02
3.290876650787347840e-02
3.290872338312962608e-02
3.290872714959008905e-02
3.290878273746217220e-02
3.290880268132010539e-02
3.290878702230815023e-02
