-6.830009329928152240e-02
-6.829198010937458097e-02
-6.828068263598013887e-02
-6.828525872395105334e-02
-6.832351363706494485e-02
-6.833148497892213569e-02
-6.834263230269400913e-02
-6.833822948670033315e-02
-6.830012697824316970e-02
-6.829197554141989979e-02
-6.828068377689272550e-02
-6.828528913441074544e-02
-6.832351303198683223e-02
-6.833147755371613008e-02
-6.834265693288303634e-02
-6.833820475254236138e-02
-4.996003610813204432e-16
2.650874311727058341e-16
1.122095038413872814e-15
8.069174668723366750e-16
-3.106781325257212956e-16
1.823628054120618458e-16
9.303538842098113548e-16
5.205254630102906788e-16
3.507394027990606844e-17
1.646360998919238483e-16
9.581636699340645436e-16
4.117257750013703088e-16
-2.872593656000343998e-16
1.620340146779586377e-16
7.815471360361758713e-16
4.047326709888388052e-16
-1.056283966544002695e-15
-1.394283993816358702e-15
-2.383076375123138746e-16
1.602992912019818306e-16
-1.302723120349957853e-15
-1.210674355905938526e-15
1.262011328773127161e-16
-2.763089236579308050e-16
-1.223088470780897552e-15
-1.091845797801527240e-15
2.530527870581167349e-16
2.607506224827638164e-16
-1.250627205962029365e-15
-1.469093943717858508e-15
6.488950002325744038e-17
3.692250498399385350e-16
-4.426255369172071852e-16
6.484613193635802020e-16
-1.102199928548763808e-15
-1.838373203666421318e-15
-1.320558246087344401e-16
3.111660235033397726e-17
-1.184382453223165044e-15
-1.918712584647597197e-15
-2.608048325913880916e-16
2.905661822261151883e-16
-1.507908381492839567e-15
-1.646957310114105510e-15
1.330316065639713941e-16
3.617440548497885544e-16
-1.285375885590189782e-15
-1.788283063297591013e-15
-3.298380177926135692e-16
2.586465926417841343e-16
1.236756194417792942e-15
9.452514996861199892e-16
9.626360038955672493e-17
4.933052122173264831e-16
1.532777268824225825e-15
8.570109953729559971e-16
-1.577243110423287575e-16
4.041092547396596402e-16
1.176999714054896562e-15
5.698024517497568553e-16
-3.320911254323100081e-16
4.968458099368494585e-16
9.491851206931689600e-16
1.047054695550719838e-15
2.290895473539347749e-15
2.734561166915783215e-15
-2.468016839073799984e-16
6.094537580766251628e-16
1.467294845737890374e-15
2.833752113171050802e-15
-8.389014309606590558e-18
1.019624380586836576e-16
2.120475832683571538e-15
2.867677476774480039e-15
5.090464725091004006e-16
-1.619188181971320528e-16
3.005313554439725809e-15
2.576467549508451582e-15
2.237149538970167884e-16
-4.039635650727319005e-16
2.033614298008537546e-15
1.469397181512975548e-15
-1.260601865948896005e-15
1.728338541620404178e-15
2.008352387389625293e-15
7.408234859980836196e-16
-3.490622775634971697e-16
1.473232546698143020e-15
2.414435228896387453e-15
1.145390138529260582e-15
-5.007811250097929379e-16
8.922543422423129256e-16
1.220899737645192440e-15
1.504118756086823827e-15
5.252214136698685198e-16
9.243433384160948396e-16
-3.425104777164851566e-16
6.280402020382262751e-16
-4.748288825388684298e-16
-4.055398933875721534e-16
1.181878623831081332e-15
3.156891794416777364e-17
-3.710580291377968409e-16
-1.012270440538774741e-15
-7.119650734851296070e-17
8.406005790528511823e-16
-9.694622424174896558e-16
6.446886346165095483e-16
4.697483789212371363e-16
-1.045052309663410672e-16
-5.475907067739073375e-16
4.862926264470081306e-16
9.311913350968498409e-16
5.083027775814111249e-16
-2.423208796164047496e-15
-1.376686249062440172e-15
2.232423095124488888e-16
3.158648593688941986e-16
-1.660145877800650984e-15
-8.965341879665520916e-16
-2.904849464725175806e-16
1.642331239672676149e-16
-2.740817987538913918e-15
-1.146976101843875852e-15
-9.415747414203258850e-16
5.381548920903924402e-16
-2.514791216031044127e-15
-4.453235486124489453e-16
-3.548838926583286132e-15
-1.289390610001938352e-15
-6.272704608474089297e-16
2.948605333895760842e-16
-3.435185739786598622e-15
-1.847702212789243369e-15
-3.832482096773255111e-16
2.088696427052011070e-15
-3.762707228347590086e-15
-1.592249781391555201e-15
-9.329983210711392805e-17
2.509435532584673592e-15
-3.080805577622002141e-15
-2.214438997467503990e-15
-1.040226498265106906e-15
6.711395677351300257e-16
-2.819940817449595807e-15
-2.385869466266709801e-16
9.273570816424256402e-16
-2.924986878952758745e-16
-2.029966974137660529e-15
-1.049497115054127613e-15
-1.141705756966941189e-15
1.338725408740054634e-15
-8.594762847659396382e-16
-2.583994072519516481e-15
-2.382612624584517017e-16
-6.217846519645164535e-16
-3.127760425536570653e-15
9.017809218000820415e-16
-1.277236534241786396e-15
-1.580692652100980714e-16
9.283354576360635605e-16
-6.656875872305685182e-16
1.299189193014894505e-16
-4.080026416817140317e-16
-5.887856247680282006e-16
-4.520223086758095796e-16
1.047563180016868436e-15
-1.395215465360542416e-15
1.459504048447282133e-15
-2.988525996699856017e-16
1.718204798258131339e-15
2.579312203782686743e-16
-2.193645291524476577e-15
1.984171079053172713e-15
1.048679887078704824e-15
2.440331567192793177e-16
1.806700100669741266e-16
1.179919118986726915e-15
3.095223243054572807e-15
2.707914039790754960e-15
6.673097082641197067e-16
-7.550555453360871874e-16
3.405418778558595965e-15
5.533251198268189508e-16
-6.878516336635757782e-17
-1.328129238328140151e-15
2.323015915811296479e-15
2.871354023282037329e-15
-1.476130352289818388e-15
4.651131499360655879e-16
2.970426808441162941e-15
1.977855813156681464e-16
2.555933988559349647e-15
2.396414814701789027e-15
-1.526499907652124205e-15
-4.213892033196801976e-16
3.466154111371163096e-15
2.224287661303466553e-15
5.326694802541939895e-16
-6.454365647089350955e-16
4.158664108607282306e-15
3.636684713543029621e-15
-7.951818253881283438e-17
-1.581048405938827520e-16
1.648834970399931481e-15
3.398164682519191730e-15
-1.298293985068765116e-16
-1.809648622359133485e-15
2.431848108709567732e-15
2.879709791548464189e-15
-9.067318293767834270e-16
1.038013465871727437e-16
2.488553152879980496e-15
1.877453040686578791e-15
-1.074727050179281017e-15
6.851166701560100492e-16
1.721868639271479815e-15
1.534679598944640577e-15
2.572939869041374235e-16
2.178604739238318780e-15
3.569871601696557664e-15
1.236638559408520551e-15
5.342651844477026846e-16
1.812890958602104540e-15
2.383933995982233725e-16
1.910383286160772034e-15
3.194098775416106574e-16
7.947858904248461618e-16
2.146697008115249286e-16
1.032635653689609884e-15
6.372685598241128731e-16
-4.774572257741985237e-16
-8.877047165243732649e-16
1.322630723951038860e-15
-9.711692255644438845e-16
-1.821236562473164348e-15
1.261099074288934280e-15
-1.205049210103222718e-15
-1.282183563995776133e-15
4.485766845254974926e-16
-1.374684498449841447e-15
4.360520318509217806e-16
1.649377097955953835e-16
-3.941458179393441189e-15
-6.776547069373936886e-16
-1.409213161269952559e-15
-2.404902720107987557e-15
-2.275843062791928391e-16
-2.115958605975864354e-15
6.712015599589571998e-16
1.278058381193749682e-15
-1.766488905564737866e-15
1.606966343575388229e-15
9.151708186302780212e-16
-8.947651596562114854e-16
-2.296641692113961719e-15
-3.512731817865966631e-15
-5.512512443587615218e-15
2.690993391999047836e-15
3.208993849793573445e-16
-5.275428133409373367e-16
-3.100568285649543459e-15
4.821668348400508404e-16
1.532684942232975106e-16
-1.804345402015933514e-15
-7.403098875705159745e-15
9.704786819541948162e-16
-1.914161317803322231e-16
-3.992386352984461217e-15
-5.306423133592217149e-15
-9.395332331987654110e-16
-6.656622291817100925e-16
-3.685868316900061011e-15
3.244661613109063982e-16
9.302782865192689085e-17
-9.066856660811580676e-16
-1.110111798611270210e-15
-4.448352341183568412e-15
2.520775556742954962e-15
-1.721462010517238548e-15
3.428870897406580999e-16
-3.859157784790473596e-15
5.515030460781565440e-16
-6.274984185893387433e-16
-1.515100114731502204e-15
2.553850128690426458e-16
3.357307201275433299e-15
-4.307744871939354556e-17
-2.692804083742481513e-15
1.722608787248702464e-15
-3.436647401016204324e-15
-1.543964244716850183e-16
2.848793088973682226e-15
-1.103160463910950184e-15
1.167352432302143708e-15
-2.111605597780806098e-15
1.170121912402310050e-15
-5.921878384797935047e-16
1.788691015540812366e-15
-1.970355336408744634e-15
-1.462181201956197756e-15
-1.347659224053423350e-15
-4.090919260518830619e-16
-5.222137055532869061e-16
-1.889262943137459683e-15
1.701641863067961547e-15
-1.026230072905117644e-15
1.031424714212391455e-15
3.925395258339947450e-16
-3.098463620533853337e-15
-6.214564266974554121e-17
6.101164554787332460e-16
2.382254223768710041e-16
-4.442565623846163846e-15
-6.076692714149971655e-16
3.383332712096295304e-15
1.708192074728197458e-15
1.401831057376394518e-16
-7.000936949711237742e-16
2.811189908313274817e-15
1.393842252899475784e-15
5.009487078314292410e-15
-5.586704271195856199e-16
-2.236180003882916930e-15
4.987611737767400858e-15
5.311799992862269041e-15
-1.578499895558776144e-15
1.711754589425230639e-15
7.045778648945753787e-15
3.526748466137571590e-15
-1.149667443154657985e-15
-4.757065569029896544e-15
4.600769302597079334e-16
3.139112705202807608e-15
-2.618636978908388518e-15
1.945583328470700587e-15
9.998461612684486632e-16
4.157243846112973658e-15
2.156612481674926533e-15
-2.638417209930026160e-15
8.182732140797014525e-16
4.173295014584324242e-15
-7.108037913144439612e-16
-1.797358386052710401e-16
9.389960157868591718e-16
6.406064016788648105e-15
2.902181866806696395e-15
3.235861099605769411e-15
3.867817134959152317e-15
2.719702144378133854e-15
-3.282025030505839221e-15
2.668845200964021992e-15
-3.431150686584115948e-15
-1.205160171419313031e-15
4.956480206461371524e-15
1.223636606976889491e-15
-1.052353151333591504e-15
-3.612719398608126888e-15
1.466243783729466194e-15
1.478309238667511669e-15
-4.920334981261425579e-15
-1.052322287570575925e-15
-2.274215065467305626e-15
4.058903479755426999e-15
1.202980543887790903e-16
1.408715105896967031e-15
1.565899433435421172e-15
1.993796126191060142e-15
-8.039511574910521152e-16
2.213769312043581058e-16
-1.572754365198431818e-15
7.171835375940449446e-16
3.268070586216298250e-15
-2.124072969852323738e-15
5.350249730013897920e-16
1.275450671151619111e-15
-1.431578219209255105e-15
3.120757792403382538e-15
-1.351533923331078944e-15
-2.255512260354575454e-15
-2.904093646638428953e-15
8.097673092233737685e-16
-1.547077937830956991e-15
1.990423293934652721e-15
-2.647125132144273994e-15
-2.867956785888837144e-15
1.636576074312556806e-15
-1.512743351434885520e-15
-2.234466667988858294e-15
-1.212123801332258045e-16
8.138186678100910870e-18
2.638021222027184774e-15
-2.919915004483277605e-15
-2.410098208448208622e-15
2.665632166767070016e-15
2.675501582910240310e-15
-5.692865663332316237e-15
2.134970240624652424e-15
1.356623850190248441e-16
-2.081822754685042423e-16
-9.632017160252147152e-16
-2.419378301418326736e-15
3.361553800956492734e-15
-1.293706031109962198e-15
-6.114078207342934709e-15
-1.384023883726267362e-15
-1.756219054595753101e-15
-1.193018483516014670e-15
4.958645222674553515e-16
-3.692863326736723836e-15
-6.226059562859979045e-16
2.350884887962739062e-15
-7.976537639897479312e-15
-2.066875481902201005e-15
1.536611786976446042e-15
4.020530822601998261e-16
-1.566130633725352193e-15
-2.163149246687124782e-15
-7.574285610773793132e-16
-3.070995030268666021e-15
1.367534693342067897e-15
2.026334155706005242e-16
-9.339346101152105027e-16
-6.284860325360576557e-15
-8.266215708078398366e-16
6.124662307535350819e-17
-6.140925340122633386e-15
2.543752172470175113e-15
2.073630357898317237e-15
2.603861600874280520e-16
-4.601278528217056778e-15
-2.745306785703328879e-15
1.373856047287867537e-15
-8.022640796183583625e-16
1.395273275359192522e-15
-4.792631529573038954e-16
-2.921888855948176142e-16
-6.216770258406559540e-16
-3.612044948623875651e-17
2.654271443241140119e-16
1.788383913157873479e-15
3.062467843709538572e-15
-3.685637288663697400e-15
1.315961504161713719e-16
-1.958102369552000739e-15
2.435483521179623986e-15
2.821635624497933256e-16
1.106252134168428380e-15
4.454518741039579718e-15
1.285381179546110121e-15
-1.330352911572919503e-15
9.806263484205381478e-16
2.236541792830512923e-15
4.138166334800201865e-15
-1.529848652409094081e-15
-2.297376757893500841e-15
-5.218519166056909131e-16
2.719481227597578092e-15
-4.863559421598153895e-16
-9.432971829185675047e-16
-7.832088029204519949e-16
9.029093814440615831e-16
2.801501333704343316e-15
-4.294353492801500881e-15
1.951411021026928580e-15
2.557110517323085870e-15
1.510448527422536807e-15
-2.381286382747353596e-15
8.560273783629569408e-16
9.921528786458930736e-16
7.647297203849153652e-16
5.251143698811592576e-17
2.756768676726896461e-15
2.944957798266647012e-15
-2.847954632235018876e-15
1.054649616472275522e-15
3.254551940378119616e-15
-1.523823495297037429e-15
2.361255324094210274e-15
-2.037783605933160026e-15
-3.329565681112772887e-16
-5.949373709540520076e-15
4.135003302016917494e-15
3.386239729171272063e-15
6.688375439427296509e-16
2.408496627963628350e-15
1.894385798402453691e-15
4.872321130404552378e-15
-3.067763811333127678e-16
4.376292283745329692e-15
7.240428421646457908e-15
3.381724620045933015e-15
-3.383475225389670840e-16
1.579219000061215443e-15
2.732582497950997169e-15
-2.308294906704490366e-15
3.146801090916136884e-15
7.187675950845288930e-16
-2.414286151097670696e-15
3.575245602230412573e-15
-4.605459588723822412e-15
-3.019022782691036660e-15
-6.873118407421142939e-15
1.381551394553232059e-15
-5.427016326023555159e-16
-5.929633818462995420e-15
-3.004243751827343628e-15
4.940089271899053558e-15
-1.853061602004758140e-15
-1.407269008897767126e-15
4.217917451399509632e-15
2.609985490264251501e-15
-5.655657623541802959e-15
-4.127320501427084176e-16
-7.741813375268524755e-16
6.275836512796562072e-16
2.459587167182725187e-15
2.725567371081837054e-15
-5.744946754643667775e-15
7.001726807934552377e-16
3.359705363307347037e-16
-6.338627065176523356e-15
-5.354318876292507579e-15
-1.001319998596671146e-15
-1.042761932574035044e-15
-2.394409675957401284e-15
-5.401291935415442058e-15
3.508632390159492631e-15
-3.325010893787810895e-15
-7.430037488043161886e-15
2.443639230851821220e-15
-4.593425791642180567e-16
-4.281304314974337943e-15
2.231321952293058297e-15
-1.864827736675067626e-15
5.516556178877807248e-17
4.379258593126614252e-15
3.219978808328277653e-15
-1.438228063119911804e-15
-1.025153811666512649e-15
-6.744957240303883772e-16
2.947515414250881371e-15
-3.871042212905823066e-16
1.124263442758843823e-15
5.045148462412898938e-15
-1.713185122194024745e-15
-8.849847666757976183e-15
5.528346877503587109e-15
-3.326264502549747260e-16
5.434658257273683457e-15
-4.751671874980017973e-15
-6.282968530212443281e-15
-5.441329488766258327e-15
4.677698793630405416e-15
-2.337946459693429624e-15
-3.649194119624554755e-15
-6.666156071154921703e-15
-1.700134038542730486e-15
-1.721435223100281631e-15
5.474441700740323435e-16
-1.352379579849793956e-15
7.902315954377847618e-15
-2.434250717664454555e-15
-3.578626110722904485e-15
-3.446245025462424394e-15
4.053127191511185501e-15
5.122367374016389974e-15
5.830730863409794296e-15
-3.808910652158825627e-15
4.671339270262420129e-15
4.891052840516607603e-15
7.300475328431144106e-15
-1.443560982555824879e-15
-3.244095530402502092e-15
2.352285033424550420e-15
1.588464602908512546e-15
-3.023406178193077665e-15
-2.358573406024966346e-15
3.571633006710372982e-15
-2.635207590334642802e-15
3.347853678309364867e-15
-2.970009221198166571e-15
-3.841870398202384962e-15
-2.150515009124998045e-16
-3.693876801658113607e-16
-4.072100729529681828e-15
-4.554841746828852678e-15
5.864774811625839135e-15
7.603509835640842596e-15
8.941415316487955067e-16
-4.117203539905078813e-15
2.743085706496950493e-15
5.629286099761987572e-15
-1.266781818332063381e-15
3.545015843375853848e-15
-8.141816214279895547e-16
-2.951740414591785822e-16
-1.000989655747241969e-15
1.228238431100203698e-15
1.022890539631449158e-15
2.381612702190283315e-15
-9.387022409379497390e-16
-2.502934925291411261e-15
-4.097362640148594082e-15
6.706874638995330429e-16
-1.596379278767656729e-15
-1.230948936531417459e-15
5.788555398900108173e-16
6.832571828246049306e-02
6.831661286393854449e-02
6.828132290678051719e-02
6.827851403378971951e-02
6.829777853511966035e-02
6.830709477803011132e-02
6.834216134991277780e-02
6.834477003297009801e-02
6.832572526908532728e-02
6.831659354980083865e-02
6.828130082031330650e-02
6.827848403272415712e-02
6.829772329238002759e-02
6.830705460507473237e-02
6.834217244692798732e-02
6.834477607675404354e-02
