-7.006153125793102010e-02
-6.959936683578842043e-02
-6.929832746046848957e-02
-6.958680859459713541e-02
-6.623881762067632128e-02
-6.492702245820435036e-02
-6.561345666414301891e-02
-6.710038196661244347e-02
-7.006157335607399173e-02
-6.959935256385382796e-02
-6.929832365056101673e-02
-6.958684343276018425e-02
-6.623881516936641622e-02
-6.492701562349395550e-02
-6.561347669389044901e-02
-6.710036399783854411e-02
1.057598428184328577e-05
-1.041628792552165236e-04
3.582072760575039311e-04
4.644150833370234576e-04
-2.494904928477333257e-06
-1.100986598643404033e-04
3.509698071799911075e-04
4.666196312879586339e-04
1.057316278598352706e-05
-1.041648104661317209e-04
3.582074680295790491e-04
4.644153300545397745e-04
-2.494008399810544296e-06
-1.100999135568049157e-04
3.509708814257781590e-04
4.666188667668059228e-04
-1.298592305178970525e-04
-1.329802862222719483e-04
-4.740218426539148330e-04
-4.817697106124892094e-04
-1.318199316413231487e-04
-1.224122591270940426e-04
-4.827582734491588936e-04
-4.800260782456894294e-04
-1.298571708844873198e-04
-1.329815487486271110e-04
-4.740212196666351765e-04
-4.817698129762016594e-04
-1.318196515100049414e-04
-1.224135641654738134e-04
-4.827558454653067821e-04
-4.800287668036241971e-04
1.348696120962206862e-04
4.003850241999102602e-05
-8.282355674058897166e-04
-7.379436509375063898e-04
1.299986311526410399e-04
4.553576081382825543e-05
-8.458444237800024105e-04
-7.563517105651895289e-04
1.348701112938757956e-04
4.003831298544485153e-05
-8.282360349611720763e-04
-7.379438788590571632e-04
1.299988775007471253e-04
4.553471995132166465e-05
-8.458447650017676634e-04
-7.563526602212534934e-04
2.335801743262768532e-04
5.179933202342707540e-04
3.457012738827119902e-04
5.987197366337695785e-05
2.534320422713103082e-04
5.244494601130984118e-04
3.453174749698218154e-04
7.873908689091908093e-05
2.335798150741514906e-04
5.179935186687881611e-04
3.457011181026966380e-04
5.987275557315934903e-05
2.534314084899237781e-04
5.244511414313820109e-04
3.453192804050694625e-04
7.873873192956206118e-05
1.495832365879753685e-03
1.305411888552467526e-03
-1.671724467574243946e-04
1.142324259447498420e-05
1.545128538628540420e-03
1.350078246885290205e-03
-1.882233805429602924e-04
2.478915674695388635e-05
1.495832417027430925e-03
1.305412731800360913e-03
-1.671731334630451472e-04
1.142391473791007126e-05
1.545130504954081397e-03
1.350080463881568821e-03
-1.882232541094544292e-04
2.478838289262851274e-05
5.364796247011410476e-04
8.036418801931794766e-05
3.682631727997034412e-04
7.995976486236421911e-04
5.330046812211830954e-04
8.645385822496442325e-05
3.668004097258158549e-04
8.336001153527144557e-04
5.364776487864482239e-04
8.036457420678192690e-05
3.682639793143181912e-04
7.995962963191024673e-04
5.330047011260783188e-04
8.645514419838178956e-05
3.667994969658748203e-04
8.335985824339241798e-04
1.736770044636967302e-04
2.324926325656719852e-04
-1.461512225780361789e-04
-1.981245505281040771e-04
1.789494856851026744e-04
2.242117180697708926e-04
-9.321484231826265756e-05
-1.457360194826816510e-04
1.736780414548724663e-04
2.324928606041102154e-04
-1.461528070725887519e-04
-1.981267552429908610e-04
1.789491547979188651e-04
2.242129429648946994e-04
-9.321286156606172716e-05
-1.457361634953376723e-04
-5.830666198938294414e-04
-6.113959326179782159e-04
-1.380987793789789620e-04
-1.135859407651485127e-04
-5.704757334140588432e-04
-5.193968055677791349e-04
-7.778066437381464743e-05
-1.185206356935068371e-04
-5.830669179511555490e-04
-6.113965598438245641e-04
-1.380994160875901439e-04
-1.135863974615580437e-04
-5.704756955829646831e-04
-5.193976263100310740e-04
-7.777869755481703589e-05
-1.185201778213090524e-04
-1.617645389764479176e-03
-1.566261584381025990e-03
4.703263096301862596e-04
4.879073076388255360e-04
-1.644396418601864552e-03
-1.596619204726916052e-03
5.385455447177992698e-04
4.213220341568151418e-04
-1.617646885181587028e-03
-1.566263480121267643e-03
4.703264660378161086e-04
4.879082682969351835e-04
-1.644395722369600653e-03
-1.596619917140433553e-03
5.385456409028726308e-04
4.213212142243401986e-04
-3.071731673950141859e-04
-8.957045590977893480e-05
-5.590084491680208639e-04
-7.209037012662270058e-04
-2.906300659648644851e-04
-1.404299831097162411e-04
-5.153548781887837228e-04
-7.207524639449524022e-04
-3.071733646790989251e-04
-8.957027868125837927e-05
-5.590092582359137323e-04
-7.209052106809675552e-04
-2.906289196011521410e-04
-1.404303731894568580e-04
-5.153546291819745186e-04
-7.207523581391917650e-04
-7.754407581185462209e-06
-1.249882280934252205e-05
1.136831759707366960e-04
1.086225469283810612e-04
-1.624736710573577609e-05
-5.929025538071606895e-07
1.202532501149368882e-04
1.168334301889996683e-04
-7.754217918647908424e-06
-1.249865290259046827e-05
1.136828214967011902e-04
1.086219678679599610e-04
-1.624632959753230123e-05
-5.934567091647490677e-07
1.202529321995408939e-04
1.168334475940320397e-04
6.809112354596364618e-04
9.263711495442003173e-04
4.215882689559420746e-04
1.914661636662312832e-04
6.328268739922139575e-04
9.298558235062594343e-04
4.427070157189994274e-04
1.336780990581740744e-04
6.809129963904743486e-04
9.263727190832257577e-04
4.215881513230717789e-04
1.914654267856769326e-04
6.328268580057032312e-04
9.298559029699883256e-04
4.427072248282763051e-04
1.336785406939940027e-04
1.926737334151243765e-03
1.826397196723757296e-03
-5.036809977220764543e-04
-3.406231982846118960e-04
1.870307406594344654e-03
1.771888439276024518e-03
-4.387599585493508333e-04
-3.938854094443082249e-04
1.926738901878158631e-03
1.826398664056184951e-03
-5.036806357283834037e-04
-3.406228996407150659e-04
1.870305642558868367e-03
1.771887549011076386e-03
-4.387596035352499800e-04
-3.938849877630121697e-04
4.148752154691180672e-04
1.549036258639530474e-04
6.115756291998866896e-04
9.293619386645691084e-04
4.449906673957829866e-04
1.469158242162232246e-04
6.104754695194170239e-04
8.505847271569384358e-04
4.148742463597081048e-04
1.549035465582030379e-04
6.115748639179991331e-04
9.293614852927296888e-04
4.449893952466601262e-04
1.469157968293324551e-04
6.104745231450623821e-04
8.505834529342920936e-04
6.942910908387756670e-05
9.230719941493949936e-05
1.424293160564773912e-04
1.044778493063732046e-04
4.873857478463819990e-05
1.126279689591316852e-04
7.851372737176158891e-05
3.332370414858992644e-05
6.942864929346251519e-05
9.230740218427504193e-05
1.424277491978161820e-04
1.044770234812792407e-04
4.873852979040412621e-05
1.126289601487362268e-04
7.851436319306737783e-05
3.332324133306148489e-05
-6.007200011188334413e-04
-5.682956308144186241e-04
-1.203300545915542808e-04
-1.319123829429891747e-04
-6.363476989840446876e-04
-6.871609444489954919e-04
-1.795851148122930101e-04
-1.438703561022216745e-04
-6.007197743734133668e-04
-5.682951943250836050e-04
-1.203311359236369533e-04
-1.319125583426201649e-04
-6.363466563679208259e-04
-6.871591233186825345e-04
-1.795841981689643590e-04
-1.438707089664009839e-04
-1.984736963639853208e-03
-1.953667023753963717e-03
6.845971490444091980e-04
5.740388897422357478e-04
-1.955080717286003262e-03
-1.924523279575911499e-03
6.064512198288123102e-04
6.474259424700647483e-04
-1.984734650232288736e-03
-1.953664098362916258e-03
6.845961829644904443e-04
5.740390239648726590e-04
-1.955080357876774755e-03
-1.924523129910983479e-03
6.064517044126227800e-04
6.474268087966636399e-04
-3.343597156720993840e-04
-2.478017786581922536e-04
-8.572471291228982463e-04
-1.037282306810647248e-03
-3.698197127561998906e-04
-1.693329852885304084e-04
-9.211540601403424506e-04
-1.020479557459798726e-03
-3.343594586228176217e-04
-2.478010993932814416e-04
-8.572468493656188382e-04
-1.037281118238018909e-03
-3.698209740891780046e-04
-1.693337038759813989e-04
-9.211543498135987525e-04
-1.020480248743034458e-03
2.393362571290263096e-04
1.764264335333827309e-04
-6.933098776646531109e-04
-6.770681059247709785e-04
1.940263795945318620e-04
2.274406930303582029e-04
-7.250148987088468784e-04
-7.003012302227003489e-04
2.393355871174226838e-04
1.764263288261021516e-04
-6.933103693888650236e-04
-6.770689863951399011e-04
1.940261199155617219e-04
2.274418641770271313e-04
-7.250151980942830254e-04
-7.003022390816606964e-04
3.353259781902827676e-04
4.080020227212683087e-04
1.504439988486355262e-04
6.487543583257596646e-05
3.649560059808365877e-04
4.007843378215377827e-04
1.237210353500408776e-04
1.050913942937301671e-04
3.353261959335020561e-04
4.080020152881928320e-04
1.504430873317712323e-04
6.487495186292329622e-05
3.649576352738367999e-04
4.007854660114310691e-04
1.237212654829093143e-04
1.050921861039513984e-04
1.758063131271602342e-03
1.717409197607979278e-03
-5.027436012921224781e-04
-5.642583392998049311e-04
1.832015777775285572e-03
1.790447396980859992e-03
-6.071361127657309798e-04
-4.624693206814576999e-04
1.758064585673785665e-03
1.717408297306546698e-03
-5.027439724487009313e-04
-5.642588579177691514e-04
1.832018587600626070e-03
1.790449541742425172e-03
-6.071366319275159395e-04
-4.624695862156402324e-04
3.760745788897477742e-04
2.006085656529338227e-04
1.000380643823386680e-03
1.078288325861310754e-03
3.190412641743717195e-04
2.492741605245421305e-04
9.652795679632187589e-04
1.132122298128800672e-03
3.760762992553381566e-04
2.006084709110241926e-04
1.000382074775235230e-03
1.078287550519237224e-03
3.190411756439807478e-04
2.492747592781859099e-04
9.652799341101982481e-04
1.132124619999593093e-03
-4.350093677378170671e-04
-4.421861523525607001e-04
1.177734926415785390e-03
1.180127071876150647e-03
-4.457196834800201046e-04
-4.235142754376282695e-04
1.232975899356229550e-03
1.229753554809587474e-03
-4.350095935843095621e-04
-4.421879059234117807e-04
1.177737792940464039e-03
1.180128068855972479e-03
-4.457214161951135803e-04
-4.235143445283083867e-04
1.232974722178767487e-03
1.229755850839742105e-03
-3.816870063635342992e-05
-2.227951365935656113e-04
-1.725638470586939738e-04
-2.891095374884488083e-05
1.273482665713048803e-05
-9.514686798539724805e-05
-1.345219699056905065e-04
2.963657678180679008e-06
-3.816817804629524106e-05
-2.227978901570581462e-04
-1.725648371424955119e-04
-2.891111831670277054e-05
1.273605209603219466e-05
-9.514247876505652166e-05
-1.345238925036356661e-04
2.963421112665238295e-06
-1.346848385303925366e-03
-1.274458544000671998e-03
3.008258241031204960e-04
2.191690365178638349e-04
-1.340059846354636980e-03
-1.257480674250145139e-03
3.103853614827785964e-04
2.198987505546169934e-04
-1.346847415449737954e-03
-1.274458740738376684e-03
3.008243836500881980e-04
2.191691772934548890e-04
-1.340061533840494626e-03
-1.257479261968045495e-03
3.103855653101551229e-04
2.199002619083024242e-04
-5.720553865621838714e-04
-1.786726191073249761e-04
-9.004219847413197277e-04
-1.211330172323599229e-03
-5.461617895956018785e-04
-2.362667358496311240e-04
-8.534037145830685811e-04
-1.238745138757343369e-03
-5.720557355899329567e-04
-1.786717681637086514e-04
-9.004226679003759625e-04
-1.211329270610297113e-03
-5.461642225832396245e-04
-2.362675560335552650e-04
-8.534029621744245115e-04
-1.238742655331055405e-03
3.074060201342691204e-04
2.925849141199708290e-04
-1.461688680487828896e-03
-1.380860338642729340e-03
3.762188629194424937e-04
2.301168644471839097e-04
-1.402262886853465054e-03
-1.322632496074760931e-03
3.074054828870029146e-04
2.925847931559131024e-04
-1.461690288671140458e-03
-1.380860011166012155e-03
3.762184926042437950e-04
2.301173114264071023e-04
-1.402263665154691256e-03
-1.322633440855791901e-03
-5.963905916608633969e-05
-7.427378905737858463e-05
-3.777568067502117260e-05
-2.742471111779211363e-05
-6.317927820446067513e-05
-8.433984003472116584e-05
-4.883925973885519788e-05
-2.669989260999024476e-05
-5.964038840409625745e-05
-7.427369757420818031e-05
-3.777421453226872093e-05
-2.742229654357811425e-05
-6.318205602725700427e-05
-8.434169549660941207e-05
-4.883953885638829350e-05
-2.670099066325674198e-05
1.192897140378525699e-03
1.139556836849651544e-03
-3.566560063029680303e-04
-2.485444994048558050e-04
1.138824596634491898e-03
1.081962377237579397e-03
-2.988034763023898819e-04
-2.997964861069518519e-04
1.192896926916293000e-03
1.139559680841558537e-03
-3.566566505219055574e-04
-2.485454781802438548e-04
1.138823875822557669e-03
1.081963101175871305e-03
-2.988034613396847619e-04
-2.997970236179580425e-04
3.182117486840655828e-04
1.953427028470940705e-04
7.728697348850705785e-04
9.782036509177233392e-04
3.670677660994106357e-04
1.491384748912297415e-04
8.020336276316696825e-04
9.327922856119937956e-04
3.182102322149695612e-04
1.953441288668074892e-04
7.728686993429715680e-04
9.782057397820149471e-04
3.670698066936089175e-04
1.491384701885670031e-04
8.020358113931372367e-04
9.327921593019959613e-04
-4.561320127781112407e-04
-4.287528577203771627e-04
1.141528275315241035e-03
1.143035852099877564e-03
-4.280751851018932690e-04
-4.599347751701017236e-04
1.104556957064747359e-03
1.109149657961213103e-03
-4.561322735875448066e-04
-4.287510871068872975e-04
1.141530373721121299e-03
1.143038878196214834e-03
-4.280750947574070908e-04
-4.599348192648141428e-04
1.104562606510758839e-03
1.109150305788759484e-03
1.273661850576715657e-04
-2.202839732142945989e-05
-1.477097504331863946e-04
1.896607073286220215e-05
1.007974803590485626e-04
-1.127330599871314253e-04
-1.886344343095193346e-04
3.801730232470709693e-06
1.273675278241516570e-04
-2.202411374684856043e-05
-1.477099177990375532e-04
1.896574067703308555e-05
1.007997393960672087e-04
-1.127355142110586994e-04
-1.886277358312866850e-04
3.803339571846536739e-06
-9.951278305571113151e-04
-8.674766734457519095e-04
9.675385406136111609e-05
-3.108446528894295662e-05
-9.934483165765313397e-04
-8.657657105902597048e-04
9.795510274614012088e-05
-4.277351928523663566e-05
-9.951326331140671663e-04
-8.674803656448114211e-04
9.675584319679719260e-05
-3.108443777046777359e-05
-9.934473197368855722e-04
-8.657691915964789821e-04
9.795368089362256028e-05
-4.277498496362198326e-05
-7.875480054151511857e-04
-1.350738307390837104e-04
-5.513263732472120952e-04
-1.221920376061412733e-03
-7.776304137576936547e-04
-1.070406548309974149e-04
-5.785424080252576018e-04
-1.235346628376192456e-03
-7.875516659103117510e-04
-1.350732072340501369e-04
-5.513292890625578861e-04
-1.221928789136279706e-03
-7.776307776365392211e-04
-1.070384406698415603e-04
-5.785418267602151013e-04
-1.235343619081385839e-03
5.555105468457629527e-05
-4.436694653442320983e-05
-6.231749716439483446e-04
-5.421368799468681120e-04
3.510708414079913341e-05
-2.804376362274596103e-05
-6.519185549013386659e-04
-5.647365944062032218e-04
5.555204477221734570e-05
-4.436694964427790266e-05
-6.231761123214763637e-04
-5.421385380364642913e-04
3.510367798392842448e-05
-2.803985779932966242e-05
-6.519168144854254991e-04
-5.647365202307548862e-04
3.300761684323440834e-04
6.347858931310769231e-04
3.743359611165214930e-04
6.893548516825285253e-05
3.294881789840268323e-04
6.418015004873878649e-04
3.770511102713810484e-04
7.077280275668320882e-05
3.300790961664090868e-04
6.347916037133551331e-04
3.743369699787941324e-04
6.893728525593712441e-05
3.294845754357640395e-04
6.417980818232923469e-04
3.770492758297085351e-04
7.077381248289248312e-05
8.861416055929477627e-04
8.860186404105333327e-04
-2.856958608951373855e-04
-2.974877545426155966e-04
9.165483634446607540e-04
9.158211554239970627e-04
-2.999704570161627502e-04
-2.861266296264633707e-04
8.861441188200503208e-04
8.860216202125958734e-04
-2.857010156633223315e-04
-2.974819040352778376e-04
9.165444189343369130e-04
9.158185412158133688e-04
-2.999690333270031315e-04
-2.861219176403161850e-04
-4.301823599466072243e-04
-6.156722511026842693e-05
7.917024473007305569e-05
-3.157653307675878222e-04
-4.424990848363463962e-04
-5.446085276103403193e-05
7.806018226374816966e-05
-2.844869778250282231e-04
-4.301920105644455625e-04
-6.155837521115318589e-05
7.916883463325818894e-05
-3.157579353687896989e-04
-4.424941559682938176e-04
-5.446834192494349894e-05
7.805175702433513399e-05
-2.844797083833671813e-04
6.827874381877863108e-02
6.874094122658409856e-02
7.001250420333343660e-02
7.018418054904386472e-02
6.819961826073825395e-02
6.715133130073576428e-02
6.471947182630766182e-02
6.513215716644017717e-02
6.827874389938985711e-02
6.874091960877387608e-02
7.001245918934582979e-02
7.018416501028838794e-02
6.819956242227692700e-02
6.715130237331354279e-02
6.471948878532174376e-02
6.513216442868580147e-02
