-6.854625628056440489e-02
-6.854672850394696870e-02
-6.854701195392617907e-02
-6.854688763100712234e-02
-6.854647963037246994e-02
-6.854615008062560355e-02
-6.854583752525227058e-02
-6.854587109744514350e-02
-6.854629399642106491e-02
-6.854671339835763377e-02
-6.854700910351770038e-02
-6.854692187025600292e-02
-6.854648606282839896e-02
-6.854614098620756546e-02
-6.854585422194010846e-02
-6.854584461200834145e-02
1.221656302594770205e-10
-3.415856596222007630e-09
3.300007738805173924e-09
-3.305851144046190182e-13
-1.279930514764930638e-09
1.285242367339480690e-09
7.608475481590826206e-14
-7.319164805480449232e-13
7.838976206434727922e-10
-2.851127410010388663e-09
2.073327369869499420e-09
-5.571821758316997109e-13
-3.246456117714062450e-10
3.302471323208926168e-10
8.010069387290319476e-14
-6.658092046446517642e-13
7.197207001381766833e-11
-3.598859871136589339e-12
-4.608884346217478889e-13
6.278155000537764818e-10
-6.318206863730954637e-10
-3.398671101495498448e-12
-5.614275862785012006e-13
-3.947946151851983165e-10
3.906902995023074643e-10
-3.514966041753136983e-12
-6.088298810415226914e-13
1.785666153787321409e-10
-1.827900447106886594e-10
-3.569574919936452373e-12
-4.721155107481611601e-13
-7.602347690174177108e-11
9.588759930382120822e-10
-9.698685048977438716e-10
-3.810019227196148606e-11
3.928361108629374598e-11
-5.791892681607235804e-12
-5.160429483903883341e-12
4.817646867376346176e-11
-4.693258379585146800e-11
-5.896829899376676565e-12
-5.172567235645075812e-12
-4.834974131132097064e-11
4.962396119023715357e-11
-5.946199478981673003e-12
-5.237449905194646593e-12
3.982313795131836587e-11
-3.860186795863126963e-11
4.807664911793060880e-10
-5.935417192053137406e-11
6.144388842936176348e-11
3.523639062821826151e-12
2.205901673618063802e-12
5.825762886425139842e-11
-5.620320224166861986e-11
3.479727441656416467e-12
2.064536834946260196e-12
-4.849892397949286116e-11
5.052575542061890287e-11
3.665875322213501403e-12
2.069770516002072958e-12
8.815736520707720229e-11
-8.606194678076588972e-11
-4.752354137589598869e-10
4.196960484158826325e-10
-4.206466988595288382e-10
1.045871153692993528e-11
8.869779260026189327e-12
-3.293023436874427216e-10
3.282953403722086490e-10
1.048887279114785187e-11
9.016263782671632421e-12
1.574393606512734887e-10
-1.584282735924737173e-10
1.055646543080381375e-11
9.066251252482860137e-12
-2.966991238809103988e-10
2.958189698888224594e-10
1.044185172219746702e-11
8.755473678289131187e-12
3.104128120317390868e-10
5.621901707185406050e-12
3.504213483648170938e-12
2.430288282358368523e-10
-2.398822741786916504e-10
5.843392975979182224e-12
3.552330853789659876e-12
-9.040441094029013497e-11
9.367302040886747640e-11
5.799465625411942028e-12
3.450268625085394295e-12
1.105324918270237603e-10
-1.073479329024776404e-10
5.939333392641779966e-12
3.432287791046355167e-12
-3.071961877144392932e-10
-6.910200205421197436e-13
-1.032344931653321474e-12
-4.737469712466098716e-10
4.763164146974761858e-10
-7.819966123755704712e-13
-9.862920128913188131e-13
1.497937236099780968e-10
-1.473951521045499644e-10
-8.662528219356160041e-13
-9.305691322223676176e-13
-1.764570346987620738e-10
1.789087920170471906e-10
-8.798584030003360826e-13
-9.052193952982534077e-13
6.431726953470842342e-10
-6.405961972798257260e-10
-5.776988975540519938e-13
1.752839799515087965e-10
-1.800794910674183318e-10
-4.163810936704628624e-12
-6.670089627575708446e-13
-2.450504652567312195e-11
1.972543109771417212e-11
-4.279702743277724499e-12
-6.340872730572986982e-13
4.898112919932498272e-11
-5.381903239571497028e-11
-4.175122130931879891e-12
-6.051104334798572729e-13
-2.535827137499729964e-10
2.489148435955785266e-10
-4.192833537131166344e-12
-2.584707345018001851e-10
2.646985963762831342e-10
-1.116665055206720735e-11
-1.072427625676885881e-11
9.072830856652233894e-11
-8.454858821384306211e-11
-1.119692336454768383e-11
-1.065659073190341750e-11
-1.212753550173392638e-10
1.273896781840694456e-10
-1.110547218100091946e-11
-1.063063576156288636e-11
3.480223092285924082e-10
-3.418646568188349761e-10
-1.101638913132105572e-11
-1.067135098192908754e-11
-1.047980084174379657e-10
-4.896281851456265677e-12
-2.035461068696843047e-12
-3.477582098969280583e-11
3.054263286282547893e-11
-4.924426388412922028e-12
-1.967455802234582157e-12
1.471790394354671885e-10
-1.514859779318289987e-10
-4.907945426106772192e-12
-1.985726201898178455e-12
-9.767580685959491402e-11
9.326225024203763829e-11
-4.944147084453312481e-12
-1.988593091422553752e-12
1.004690492849444149e-10
1.181256416615555254e-12
4.624848078947343122e-10
-6.033068488752112667e-10
1.414358856174858305e-10
1.282332791507566317e-12
-4.128514343296505140e-10
2.197023800545933311e-10
1.938537610972239669e-10
1.252153824348414986e-12
4.476061952586490120e-10
-5.419472602887236398e-10
9.494408524252106758e-11
1.187551078647362780e-12
-4.298779087966194688e-10
4.040577097017251671e-10
2.642730644618733753e-11
-1.427252538792540215e-09
1.520649025004149361e-09
-8.459633325180610235e-11
6.602565349196062383e-12
1.569489675986163925e-09
-1.671767168401153260e-09
1.107951758007263244e-10
6.652678309267766430e-12
-1.355706671128709782e-09
1.484860492572778298e-09
-1.204916697369983993e-10
6.618964560117307971e-12
1.538383030825338761e-09
-1.635931924535102109e-09
1.062763382873928528e-10
6.665384731612932889e-12
-9.771349109360037385e-10
1.832238305507819486e-10
1.340406070931095999e-11
-9.383420604049119029e-10
1.203245041703140673e-09
-2.587453644041393000e-10
1.341721568091796028e-11
7.977903720684178406e-10
-1.010148803785391794e-09
2.187356052184891880e-10
1.336080943799584507e-11
-8.771781071395818571e-10
1.080281788732960542e-09
-1.967073774811140062e-10
1.342440389579351826e-11
8.002227362834077746e-10
-2.011773319389736208e-10
5.442241656747211470e-12
1.899957058165951009e-09
-2.012144142129109004e-09
1.207564831027200871e-10
5.376786973884019479e-12
-1.779456341456866691e-09
1.926371582274041766e-09
-1.383668382877574264e-10
5.454909228391004893e-12
1.712708307411400820e-09
-1.861030515721537708e-09
1.568342255637879708e-10
5.445810503280223172e-12
-1.740212305780894855e-09
1.949861592530899680e-09
7.821824658037581680e-13
-1.006446427042915743e-09
1.478903893257932413e-09
-4.719464748141870297e-10
9.103364101916667589e-13
9.254077917767503423e-10
-1.365341053207915278e-09
4.404236824586097747e-10
7.685686357895672453e-13
-9.204247391646386057e-10
1.364874392673005173e-09
-4.439049932718849810e-10
7.608393934287922686e-13
9.369289218000100882e-10
-1.478462545414272260e-09
5.422910400489379453e-10
2.167086172223599118e-09
-2.470541836302679635e-09
2.980085726927362753e-10
-5.953849309449309158e-12
-2.002344657392299896e-09
2.276105553860971119e-09
-2.791643149895679972e-10
-5.888908020031711577e-12
2.114089245795534682e-09
-2.393183713066337836e-09
2.735316163753265728e-10
-5.910088397044556169e-12
-2.025714277172198359e-09
2.334780486689166985e-09
-3.145568330684351058e-10
-5.918877311913945749e-12
1.865377903104002049e-09
-7.398724508088852441e-10
-1.293845714275678545e-11
1.058161411710141600e-09
-1.750672151552751162e-09
6.871996644298942195e-10
-1.286239904872640849e-11
-1.132167216050136322e-09
1.884245362209348122e-09
-7.575121373350525986e-10
-1.287901158489542007e-11
1.028822636460998267e-09
-1.753797899355689619e-09
7.195057091058874968e-10
-1.286998486679663827e-11
-1.130979622372507976e-09
6.247678667487334404e-10
7.511010503226049317e-10
-2.355172940039024842e-09
1.838676438372323172e-09
-6.281051762282994420e-10
2.021979999006152504e-10
1.470304732577842161e-09
-1.939894226820451762e-09
6.464831764336224991e-10
-1.932028086536746529e-10
-1.372644272756201912e-09
1.854237726850976781e-09
-7.724981268371042325e-10
2.744415587164924395e-10
1.460951170992916636e-09
-1.927171841982241560e-09
-1.416345035326883874e-09
1.878925962594531440e-09
-4.496535137973141691e-10
1.004492401048142115e-09
-5.564293986985832237e-10
-4.193512844002337137e-12
5.495629396381471310e-10
-1.019815389499904219e-09
4.687620038047786921e-10
-4.169759720243963145e-12
-6.231715003023693508e-10
1.137502342911931699e-09
-5.157816445960987069e-10
-4.235259006379849889e-12
5.274915532212752766e-10
-9.958821716338227720e-10
7.812063591172650604e-13
8.112197928509959702e-14
-9.101371146064100864e-10
9.171631680231363799e-10
7.764067355424706740e-13
5.750052711601364060e-14
7.787275665818990325e-10
-7.717370077153327138e-10
7.865970797638614136e-13
3.936666598714118337e-14
-7.555478300252219700e-10
7.625971850524647629e-10
7.288546355911889717e-13
1.452344947152912468e-13
7.931099078517633280e-10
-7.861732942059722500e-10
7.490662007227012986e-10
-7.559381135649203809e-10
1.250712078750363646e-11
1.192590190505972869e-11
-5.556262178597907141e-10
5.488403780542515582e-10
1.253341115073711553e-11
1.200136430011973412e-11
5.603693056353581577e-10
-5.671454594917306951e-10
1.253153025752339888e-11
1.194350456667198837e-11
-6.067050368527280034e-10
5.999123808346625679e-10
1.263022203701614967e-11
1.198701547967223171e-11
8.241344465853540723e-10
8.264827611448503464e-12
1.697275395095854946e-12
7.418576813238204366e-10
-7.338512678889138696e-10
8.267243236335174270e-12
1.657519717369225964e-12
-7.737802209875344728e-10
7.817776877741550038e-10
8.251963364842406900e-12
1.685528797240473881e-12
7.225295754340938957e-10
-7.144835535678683054e-10
8.176750724254595848e-12
1.700007310767118218e-12
-8.160391036638175722e-10
7.562578925746161400e-12
7.394278787164575010e-12
-1.659351250112687279e-09
1.654279527598164019e-09
7.516773965609192950e-12
7.371836426775044550e-12
1.813856727192713498e-09
-1.818982545266301620e-09
7.426286154879109145e-12
7.339899467086064152e-12
-1.592888289598073664e-09
1.587728640532316777e-09
7.498650301168818658e-12
7.390388432918109144e-12
1.727258482673157752e-09
-1.732421858787538214e-09
-8.200769316450150134e-13
9.443055670201003861e-10
-9.451685353292035557e-10
-1.803574120310413130e-12
-9.595087193569632478e-13
-9.932776641166190273e-10
9.924246627302140931e-10
-1.775828312016987463e-12
-9.835639071874871815e-13
9.089924494648473721e-10
-9.098298764916294785e-10
-1.814997840694185203e-12
-8.911245244604118005e-13
-9.260330104600546173e-10
9.252813564432997551e-10
-1.836904006636146801e-12
-2.174723277304245933e-09
2.178302233429751818e-09
-9.853659339135723672e-12
-9.235133001049601891e-12
2.077149359613248035e-09
-2.073528169980458571e-09
-9.914730427602950731e-12
-9.171841003682558403e-12
-1.999187897796538658e-09
2.002711024538787996e-09
-9.900373632816705956e-12
-9.221425415565752680e-12
2.030952766117992205e-09
-2.027541849134117655e-09
-9.934357302780092390e-12
-9.310072975590702915e-12
-1.162201547098668609e-09
-9.189426480858301849e-12
1.207046992205103780e-09
-2.383157390781154240e-09
1.165511893460118405e-09
-9.018672256482646032e-12
-1.152831887843821365e-09
2.169276276267518042e-09
-1.026961806969920718e-09
-9.122631950797110284e-12
1.278733952895686154e-09
-2.433739293725469541e-09
1.144333017511205575e-09
-9.079876447866023310e-12
-1.187031740903692008e-09
2.338577673264594190e-09
-9.010736997934641807e-12
-2.052987129736838067e-09
3.572014519838491152e-09
-1.523661810700602630e-09
-9.012647569685633344e-12
2.037486204036442650e-09
-3.241907172698480741e-09
1.199663059824910633e-09
-8.915301094106582106e-12
-2.068565664514658854e-09
3.437487522361591552e-09
-1.373701241917582984e-09
-9.000506002696288203e-12
2.020542272628269320e-09
-3.420139025229870431e-09
1.394873449463563887e-09
2.944515728993312804e-09
-2.944832205775011421e-09
-8.222047169749866955e-14
7.911884779703861042e-14
-3.007766978298934539e-09
3.007507533888977291e-09
-5.789289183542314574e-14
9.876344872678834153e-16
2.904542965891963594e-09
-2.904809621063913484e-09
-7.600921091195796640e-16
1.206597273987404279e-14
-2.939316573735972364e-09
2.939003659734515610e-09
2.496244275568520587e-14
-2.404143778587247704e-15
-7.838090934682701683e-10
7.795477975781698319e-10
7.950875382120662629e-12
7.926486457538508548e-12
1.321408142075840639e-09
-1.325707233816315455e-09
8.192043448201788381e-12
7.850544235074217135e-12
-9.118110917580512863e-10
9.075458554863504324e-10
8.088100375214848101e-12
7.948097892900463524e-12
9.823976283917861766e-10
-9.866007992846005756e-10
8.023983617208381891e-12
7.902503593775004600e-12
-1.426715920179882246e-09
7.073710468083146442e-12
1.494596973700151486e-12
-1.714401375024006248e-09
1.720673382450461122e-09
7.001270989859481684e-12
1.563004375195110223e-12
1.531645153045115172e-09
-1.525362795156200998e-09
7.009095261468648941e-12
1.525014797162406715e-12
-1.435137825259310160e-09
1.441535147397604255e-09
7.003849635342455763e-12
1.502311163213427680e-12
1.433003858955010060e-09
6.485969597151546864e-12
7.561407093991875938e-12
3.451626205903032197e-09
-3.457189728056025852e-09
6.404930838006482054e-12
7.463915694569560398e-12
-3.685778675977753184e-09
3.679990800452812805e-09
6.398750598796782915e-12
7.626615741524219577e-12
2.893467017007916807e-09
-2.899215940435922892e-09
6.606768202484132331e-12
7.577512821867062422e-12
-3.362742252713330878e-09
3.357005382567340596e-09
1.582564395581302207e-09
-3.117022121822966266e-09
1.532652130145103044e-09
-3.530223666560819429e-13
-2.211081948562996591e-09
3.903870459339122876e-09
-1.694555141679988366e-09
-2.900426904537236131e-13
1.754047165286186545e-09
-2.961093815144713484e-09
1.205474129128732282e-09
-2.152919515433686717e-13
-1.273403366277024761e-09
2.719354038644713296e-09
-1.447314661243894059e-09
-9.987967552094363655e-14
6.383882602875099572e-09
-4.111363435266854934e-09
-7.316127323308738682e-12
2.731253728008477396e-09
-6.149550465555771932e-09
3.413170283141051821e-09
-7.245459754154468142e-12
-2.387058395484373610e-09
4.536968081231279462e-09
-2.155136294982240228e-09
-7.294376742032889979e-12
1.933998206143905906e-09
-4.206500843218088188e-09
2.267401145535270519e-09
-7.167608817058922048e-12
-2.277840205020133625e-09
2.872621665746830175e-09
-7.465162988912633218e-12
-3.367288633632914549e-09
4.775634994459731532e-09
-1.417834644480052636e-09
-7.366739833978338398e-12
3.087479697788306481e-09
-4.231470362119202008e-09
1.134298045539440438e-09
-7.691957849473556735e-12
-2.684385636423703737e-09
3.122153836280941539e-09
-4.471197835871740418e-10
-7.578925625918633141e-12
3.037670834506466010e-09
-5.919584634809810925e-09
-4.088053063655647940e-12
-3.347674662978160354e-12
-4.681790511778518779e-10
4.683575973680000927e-10
-1.440383668661524529e-10
1.363899965867556088e-10
1.647410613771872279e-09
-1.647353020356158654e-09
-4.159650641104685811e-12
-3.499024122744290310e-12
1.293946513894201743e-09
-1.293846096118978200e-09
-4.221611555205997610e-12
-3.332569307589339919e-12
2.406893176627213082e-09
-2.406959914160003737e-09
8.788396497084322023e-12
-2.169585215639185244e-09
2.212682152845195371e-09
2.546482512702508139e-11
-7.689886498841308482e-11
2.189139665766462461e-09
-2.217116278112676864e-09
4.543115260076738271e-11
1.916612311567145177e-11
-3.547992618506499302e-09
3.586908638056156284e-09
-4.916273800819465079e-11
2.144969423432951938e-12
8.782242705415374551e-10
-9.343687170553297006e-10
6.274168841803942631e-11
3.403998817140454353e-09
-3.468142875803163078e-09
6.940859931074683242e-11
1.136899987130499112e-11
-4.349564763862692057e-09
4.530063594805188582e-09
-1.834935179061830679e-10
-1.869760964980093920e-12
5.620670592474362459e-09
-5.641889988723149119e-09
3.149677171637374484e-11
6.035380962360337165e-12
-8.870634487373463273e-10
9.113433795050925046e-10
-2.217440987772878458e-11
2.928038237218211215e-12
1.061480065086758962e-10
-8.798421729681524250e-11
-2.841052317448938824e-12
4.757128589162086529e-10
-3.284882081405413046e-09
2.807015363800579449e-09
-2.733254106986743315e-12
-9.685717451603931272e-11
5.656893168682394085e-09
-5.561739103933285161e-09
-2.758912998231111136e-12
1.209062914348489615e-10
-6.629744479531157753e-09
6.506978791995677441e-09
-2.750104126630209533e-12
-2.000901609114022484e-11
6.854632405131300121e-02
6.854624142096851780e-02
6.854643364280536832e-02
6.854644045684527009e-02
6.854650190978563151e-02
6.854661912590984119e-02
6.854640287087329642e-02
6.854634538617949968e-02
6.854631408100057832e-02
6.854623799557485464e-02
6.854642603396406131e-02
6.854641645496527269e-02
6.854643900742052320e-02
6.854656276696734218e-02
6.854640846784883224e-02
6.854637328362714332e-02
