-5.871603039566247045e-02
-5.871599243007184082e-02
-5.871595238360254737e-02
-5.871593860274882531e-02
-5.871602311559447063e-02
-5.871612104384232173e-02
-5.871614316863064259e-02
-5.871611598018663947e-02
-5.871604887878462131e-02
-5.871598753940019538e-02
-5.871595154387022203e-02
-5.871595724850183634e-02
-5.871601749321554709e-02
-5.871610817142385724e-02
-5.871615658606930271e-02
-5.871610280952617444e-02
-7.377126795722610542e-13
-8.953583317469759884e-13
-9.886735527486756325e-13
-9.174461320857196789e-13
-5.889214896998007376e-13
-4.293303451467778142e-13
-3.416366581993068863e-13
-4.123917461858195299e-13
-7.384787226172306873e-13
-8.913376222004221194e-13
-9.841228851802108490e-13
-9.151731564412124431e-13
-5.923269687235777070e-13
-4.340003291643246275e-13
-3.395110256300404306e-13
-4.073897794630576552e-13
2.949306380714555864e-14
3.350808129229387866e-14
1.541448175698678646e-13
3.465478772002317243e-13
3.794825239634980196e-13
3.762242795947445817e-13
2.556166541455018315e-13
6.977876393018944690e-14
3.275553656437169003e-14
3.352342275303454855e-14
1.528644290142711082e-13
3.431863083644404178e-13
3.790774118217488109e-13
3.815834909333404301e-13
2.593978092220450282e-13
6.751343191099823393e-14
-4.708966506658529561e-14
8.027026309267992765e-14
-1.195607198314907471e-13
-1.003236122648631934e-13
-1.633747390844542124e-13
-2.879541765622717353e-13
-9.438489486507384285e-14
-1.111737112959032547e-13
-4.525850180736590289e-14
7.786230427769824658e-14
-1.178566250668866555e-13
-9.786296122429871680e-14
-1.670161405009640276e-13
-2.914151667372799626e-13
-9.238145188064650348e-14
-1.098211690857275880e-13
-1.774035291498415878e-13
-3.404645136781056514e-13
-4.582228558180564959e-13
-3.515186189004260164e-13
-4.047834252030382829e-14
1.190704469972245910e-13
2.378625589679814190e-13
1.338388357389683203e-13
-1.719410611068436512e-13
-3.353372978874991778e-13
-4.589351529284569492e-13
-3.570063759590971775e-13
-4.465214818987622847e-14
1.200200014242827629e-13
2.434007110988824218e-13
1.378638820942121312e-13
-1.518083585000298136e-13
-2.097853547778846806e-13
-1.339967497853908340e-13
1.716305930384888490e-13
1.674258537256827217e-13
2.246912813414717741e-13
1.504406374594393497e-13
-1.539400592133303991e-13
-1.477181685348785689e-13
-2.133268130828820663e-13
-1.355992446420376668e-13
1.714394685242703886e-13
1.656949114047824578e-13
2.290265585958451561e-13
1.543975044386927675e-13
-1.591426067261338811e-13
7.310807436321752062e-14
1.944224912087035712e-13
-1.413722485160261860e-13
6.402589402935716240e-14
-5.466264952887298773e-14
-1.747291005459172819e-13
1.573537137991142670e-13
-4.992417273314529724e-14
7.756502281826629930e-14
1.955703631537682868e-13
-1.435616541958914180e-13
6.735008160712024211e-14
-5.940865305936997992e-14
-1.813719953982747060e-13
1.650276730590441443e-13
-4.529994882354095032e-14
-2.534491391851254397e-14
4.582182530410211160e-14
-2.847558902677226403e-13
-2.454942233317560472e-13
7.304569885698171394e-15
-6.433751829768496674e-14
2.694030310046815514e-13
2.299944046993992845e-13
-2.142571703552236667e-14
5.247916969150674682e-14
-2.893115333077195955e-13
-2.478171019223507701e-13
8.291616532100660325e-15
-6.567698231915502713e-14
2.721515021466571448e-13
2.330265048237629803e-13
-9.313032260315997658e-14
-1.278719032481894554e-13
-9.990632434213455931e-14
-5.653345011837561905e-14
8.544461796086699756e-14
1.219862214399638936e-13
9.279674705248760341e-14
4.929669432570933738e-14
-9.343641299348513177e-14
-1.273686297287323667e-13
-9.905833075363895419e-14
-5.438628448928230132e-14
8.526633668959039897e-14
1.209206164052309494e-13
9.282079982357431015e-14
5.002012759002557978e-14
7.418467145038610232e-14
5.312481504983718010e-14
-2.782349198788918419e-14
7.472659931839114103e-14
-7.473311427230494748e-14
-4.913103310419299902e-14
2.691935525570455113e-14
-7.261628957514051561e-14
7.781986072726075447e-14
5.283466730188700854e-14
-2.917515730720620596e-14
7.479539067568592541e-14
-7.687239381290109086e-14
-5.123008959122287743e-14
2.995663435126599654e-14
-6.800625050278736282e-14
5.607893541525251369e-14
9.399756448598634365e-14
-1.275410820369033164e-13
-3.502451738974143771e-14
-5.674178443625815544e-14
-9.318094298615378808e-14
1.287533829078262200e-13
3.696094672727204267e-14
5.748575401438057834e-14
9.549045349101670677e-14
-1.275889785736969949e-13
-3.558539317301831831e-14
-5.499949801485355151e-14
-9.452574670332333957e-14
1.280277725570772972e-13
3.796824889605869731e-14
-4.270244399317757651e-14
-1.018733778382357883e-15
-7.009590857693230354e-14
-2.588610912948798731e-14
4.774923614949440202e-14
-5.361473975356201467e-16
6.526956301847617529e-14
2.518163487128123991e-14
-4.680335660134767256e-14
2.404129352557364779e-15
-6.448466369661168133e-14
-2.717541299802217090e-14
4.317245897571896193e-14
-3.454049851736221534e-15
6.656331809808773944e-14
2.851450278974822249e-14
-9.819744119440052075e-15
2.000678438294090783e-14
1.804913771711452990e-14
4.288839414193993792e-14
1.135048543869643378e-14
-2.289542698395111587e-14
-2.345117080635881947e-14
-4.101219752904682308e-14
-1.009944488065614432e-14
2.335528747082302073e-14
2.191046117986267553e-14
3.724276252975742890e-14
6.924988269891272936e-15
-1.909351441212338686e-14
-1.847764480298778400e-14
-4.030640266706596742e-14
1.669923083819600806e-14
4.675828163718041657e-14
-5.765900232176371029e-15
-5.467860254740157522e-16
-1.576030582759293044e-14
-4.521504562903996827e-14
3.286563856553701389e-15
2.571542476436641453e-15
1.870315620788680876e-14
4.229360400648794240e-14
-2.943613133462880810e-15
-8.589115255483578334e-16
-2.137648493952910497e-14
-4.342771187791801251e-14
6.580706540402960630e-15
-3.375382249095129628e-15
-1.036785797493800735e-14
-4.834147896570642824e-15
7.870162160183600750e-15
-2.444701208997353140e-14
7.083601330253508268e-15
8.521449816733931738e-15
-9.364585141881441414e-15
2.195462960701813262e-14
-4.988668093731745377e-15
-5.971439129574731414e-15
8.619013189181050187e-15
-2.087432876240856309e-14
6.535433582284283938e-15
4.244687927697481794e-15
-3.559692595011165923e-15
2.451756516991948631e-14
2.887062308845872433e-14
-3.695915207621504762e-14
1.860923391244258132e-14
-2.662215050569388957e-15
-3.118813681059355488e-14
3.843548759576655876e-14
-1.725325877037592147e-14
5.498565993171513960e-16
3.030430916239211156e-14
-3.719317052417092293e-14
1.754386883949661627e-14
-2.705776155101664708e-15
-2.843315345432634387e-14
3.558075221332586299e-14
-1.777095923292333125e-14
3.956623496985751584e-15
4.284595620309572138e-14
-2.654588964129330235e-14
-1.851421841510080381e-14
3.726803301658493210e-14
-4.688583336409212626e-14
2.948647960828831415e-14
1.816116989460840950e-14
-3.584233193548020096e-14
4.463949245885306515e-14
-3.063964127410863294e-14
-1.565087277069770067e-14
3.683758040191095328e-14
-4.672521622377668726e-14
2.483192747224929019e-14
2.198460716181264638e-14
-3.826841153806073009e-14
-4.607622063838162640e-16
-4.184930600301638159e-15
-5.506014769145932755e-14
5.034879553768067994e-14
-4.650835143708235281e-15
7.052039294452036935e-15
5.364062740977071104e-14
-4.661747850332538697e-14
3.421422195547545089e-15
-6.189938054582556221e-15
-5.873447031401360201e-14
5.374736594898160648e-14
-8.529833537087617990e-18
-8.726512469857698392e-16
5.654049213854085449e-14
-4.776730762389385211e-14
-5.907692488093812348e-14
2.372319549361781968e-14
-2.867531311644136204e-14
5.544890616147845261e-14
5.940065383241734302e-14
-2.205074849712260687e-14
2.724705363187645338e-14
-5.701032184585991784e-14
-5.987217822436201316e-14
2.389827455683732339e-14
-3.271925045046109161e-14
6.194289739619506637e-14
6.426873425597551979e-14
-2.493331551609061702e-14
2.617904928036746029e-14
-5.433611756008284650e-14
-5.258662143245923038e-14
4.924778060822512489e-14
1.245642300600407560e-14
1.065987967740486065e-14
5.302637933933350813e-14
-4.812734056631106858e-14
-1.110994396354397350e-14
-1.417165826556781097e-14
-5.540363797453754912e-14
5.647261716501588086e-14
1.148266048319249426e-14
6.507212456185020380e-15
4.906778790687859899e-14
-5.245351179298499318e-14
-1.404491820797780770e-14
-6.545604436277558356e-15
-2.116390857476760064e-14
3.188608011390472660e-14
3.644963020646430074e-14
-2.995525824036406352e-14
2.290129374590203597e-14
-3.599585041030205690e-14
-3.878642088970120187e-14
3.083785301887588840e-14
-2.388356016186669525e-14
3.886387040602458289e-14
4.317200004268022771e-14
-3.150836631162564228e-14
2.527827201320053578e-14
-3.568676120570626626e-14
-3.888973032190425668e-14
3.375686037461662382e-14
1.427852262225859817e-14
6.107666789972040296e-16
3.561822584426745480e-14
-4.642893642050953759e-14
-1.152688248518186518e-14
-5.664108193323873295e-16
-3.842407998764350936e-14
4.814598159757565329e-14
1.381724634628513735e-14
-5.336820882903018043e-15
4.020523879578808736e-14
-4.907186370368933357e-14
-1.065717733790065401e-14
-6.903901086884356610e-16
-3.738416026750654122e-14
4.461161209146150404e-14
1.468951218666246158e-14
-3.167585828897835241e-14
2.112753443891365922e-14
-9.591408283178407858e-15
-1.265498965757623061e-14
3.593809144538702297e-14
-2.296249695853884269e-14
7.843795295084995262e-15
1.896353921807046421e-14
-3.777188569481970595e-14
1.964940487711008387e-14
-7.163956910739800385e-15
-1.595142928302020671e-14
3.557621705334247566e-14
-2.024947393364760501e-14
8.446015391792068699e-15
9.848830913211409528e-15
-8.866373808954499617e-15
-7.685392510651915809e-16
1.495062311578516370e-14
-1.340379875844279096e-14
1.008208875205043008e-14
9.539436459117252125e-16
-1.812716173353438615e-14
1.359801441352313746e-14
-8.625876697152651783e-15
-5.110354964516666300e-15
1.903922711762179310e-14
-1.625417685781902280e-14
1.227334858703720173e-14
2.081248678105040821e-15
-1.795614906373641352e-14
-2.244710100794311585e-14
1.283812576436446623e-14
-8.626485674137058222e-15
-7.926089098712842031e-15
1.991832100308349755e-14
-1.270510430896097209e-14
1.148999069308314318e-14
8.227263309812133264e-15
-2.062880200867058862e-14
1.388402104386396235e-14
-1.208049954020791125e-14
-5.413246190809380804e-15
1.517367730457398333e-14
-1.059584687179841213e-14
1.100771551743518259e-14
8.911374234222397238e-15
-4.582661315783646654e-14
-2.336246612799056013e-14
2.305438182210756831e-14
-3.804269896283673244e-14
4.262633591234485028e-14
2.470787674426681933e-14
-2.531643264741935493e-14
4.089923520349773986e-14
-4.361210735064524786e-14
-2.350217976571718388e-14
2.391754418250172185e-14
-3.823219706791734611e-14
4.531775070323515713e-14
2.271129080918485874e-14
-2.472585035989108195e-14
4.504621777485031970e-14
3.676270798332959347e-15
-4.997737487256233985e-14
6.388632629305570319e-14
-1.807556916847536353e-14
-6.474912972323845772e-15
4.859742225269705028e-14
-6.270036348811119844e-14
1.765834699667926007e-14
6.819794930534406156e-15
-5.124827369453453275e-14
6.714117871837186127e-14
-1.956246266254682391e-14
-5.694821462407526416e-15
4.815965381445763607e-14
-6.943451915251345856e-14
2.161766105411729554e-14
7.671617923220812449e-14
-4.341004007072076843e-14
-2.535984599764189401e-14
-5.415708118540355030e-14
-7.123010194575048713e-14
3.961246700750050082e-14
2.383141607247989168e-14
5.398905070685462325e-14
7.501201066985850336e-14
-4.460243471447113031e-14
-2.754894674564611445e-14
-5.390673615091956875e-14
-7.506100792596713880e-14
4.154472375485381268e-14
2.488027081892264531e-14
5.928212592468709271e-14
-2.266537037378734494e-14
-1.174448227148128975e-13
-1.136434457060358496e-13
-6.432162187154516768e-14
2.640784203796458899e-14
1.188517573839245156e-13
1.095530918400093113e-13
6.574227336573484231e-14
-2.048368865501922691e-14
-1.145865515124478969e-13
-1.092543181202825387e-13
-6.218954968135765194e-14
2.217449233448037565e-14
1.180114060707861736e-13
1.070423792993775334e-13
6.734767849523954286e-14
-8.204531296024256473e-14
-1.152353253340294547e-13
-2.560691031470248204e-14
3.612948478668711813e-14
8.109217388975161270e-14
1.227243105977291219e-13
2.743378102270342678e-14
-3.740616545555726889e-14
-7.997107411505076369e-14
-1.217238175150472078e-13
-2.725677210079272255e-14
4.261631466554588465e-14
7.975511988877472761e-14
1.245956930988665170e-13
2.609892231936758802e-14
-3.652917401174976802e-14
3.852604550281407171e-14
2.743006995960326887e-14
-1.873419255386539039e-14
1.254605042088925010e-14
-4.459161625085012078e-14
-2.845626413948724662e-14
1.814542249332776799e-14
-1.539842540043863395e-14
4.197817063099633546e-14
3.055527149860618429e-14
-2.322650548149498336e-14
1.128719556039406609e-14
-4.443810804630275030e-14
-3.260305030507518187e-14
1.807889334927686303e-14
-1.099324315220306502e-14
4.438793214384801050e-14
-2.255201589845346258e-14
-1.824024408365209531e-13
-1.757900174650454104e-13
-4.387908567699358052e-14
2.483510056354882320e-14
1.861963613348539825e-13
1.757996572293807564e-13
3.603144411117422188e-14
-1.931304745848069077e-14
-1.770337624224318802e-13
-1.815122676542300440e-13
-4.038103982224622735e-14
2.756709172662351846e-14
1.793683175739627404e-13
1.865016110449789878e-13
-6.292495363880096573e-14
-1.531513919183396036e-13
-7.841560398653664790e-14
-3.555700232269224867e-14
8.486583018361276709e-14
1.823652550313453052e-13
1.049510853928532078e-13
6.676860195915963747e-14
-6.046768141266308655e-14
-1.511372568370190732e-13
-7.130310898602375616e-14
-3.429823174197531646e-14
8.027627279144069691e-14
1.791754949704432720e-13
9.646156892998900001e-14
6.014366759341579355e-14
1.384100370801404425e-13
6.352497568500991426e-14
3.227033745745958720e-14
8.597575674670638463e-14
-1.365676032005248841e-13
-6.124294187016474100e-14
-2.936665938636090489e-14
-7.583495632943349635e-14
1.342730824259712880e-13
6.765708531072077425e-14
3.055246316086956265e-14
7.853918355244220856e-14
-1.289126378074042373e-13
-5.654315076320404893e-14
-1.871148465934068666e-14
-7.161234631550619789e-14
1.604675119453065346e-13
8.151742423982179242e-14
-1.741567773241164963e-13
-1.422343755904005580e-13
-1.900026021391630626e-13
-1.158539749052979462e-13
1.428751797319209593e-13
1.039341139194571717e-13
1.518322820985920640e-13
8.552485230976271391e-14
-1.693322741681997645e-13
-1.415915792273882146e-13
-1.888097832377852447e-13
-1.253860567890924260e-13
1.312211956119597317e-13
1.138071909390254988e-13
-4.097676381152257075e-14
-5.869014719746615261e-14
1.659077097980552612e-13
1.984363194595939461e-13
1.609130444992987186e-13
1.751936540717730084e-13
-3.942937014216052471e-14
-8.403443346456478114e-14
-3.463424886511815015e-14
-5.495424400909706963e-14
1.577605233948897734e-13
2.003954829496706197e-13
1.599305777600420336e-13
1.810987069941066840e-13
-4.454322991725469250e-14
-8.087474307329027556e-14
3.615917244445543410e-13
3.705445238838533939e-13
5.481898030131049371e-13
5.063929419020507527e-13
-1.284288972912273064e-13
-1.254311867045221351e-13
-3.069390444934705364e-13
-2.646256694674442578e-13
3.584970861836289657e-13
3.736228449020828624e-13
5.464457011883361304e-13
5.000555633634384822e-13
-1.229528089584375206e-13
-1.327211994819887941e-13
-3.059131181877561279e-13
-2.592205963769522725e-13
-2.828686178520112282e-13
-4.042258064732018319e-13
-4.144108016815306605e-13
-4.152196165022048469e-14
2.682261964620513695e-15
1.248341707782429921e-13
1.239053347770746605e-13
-2.349200478243829160e-13
-2.821746200414032568e-13
-3.945265338381465092e-13
-4.050339707725725269e-13
-4.498300603533733621e-14
2.584195878119199818e-15
1.191729007143926822e-13
1.240854207579245028e-13
-2.298330796512981777e-13
-7.028880515819180275e-13
-3.623132067802348200e-13
6.780360778044225434e-13
1.283453540928264358e-12
1.587141767837862982e-12
1.255425884777450207e-12
2.065955913288508583e-13
-4.152467757666256087e-13
-7.177234609585803060e-13
-3.661986621057711222e-13
6.785323171387691588e-13
1.299338186957349484e-12
1.587410704186748012e-12
1.238821979027138198e-12
2.003522131185930810e-13
-4.139539188860452690e-13
5.871627814580130528e-02
5.871610637534892263e-02
5.871587257690479705e-02
5.871575031173000003e-02
5.871580907569014240e-02
5.871601851331120087e-02
5.871624438284474973e-02
5.871629982659627711e-02
5.871625510966350936e-02
5.871611986052203969e-02
5.871587192162097679e-02
5.871572263306167744e-02
5.871575642913499926e-02
5.871597915408629381e-02
5.871624254500312778e-02
5.871632053276179541e-02
