5.685114004297066259e+00
5.521789537414321103e+00
3.936971605568870824e+00
2.944244898781908315e+00
-1.173940639528165270e-01
-1.357995825155651870e+00
-4.102994552793602701e+00
-4.864743138352697116e+00
-5.685114624306784492e+00
-5.521789837868452011e+00
-3.936972512674822511e+00
-2.944245785722469311e+00
1.173936622822583237e-01
1.357995123540880700e+00
4.102994347605653402e+00
4.864742893454960360e+00
5.209501228138141649e+00
4.502934830295403756e+00
2.133825240368278031e+00
7.688390683792246660e-01
-2.191816875796384068e+00
-3.415632227463838433e+00
-5.233522414220066921e+00
-5.599272637426969901e+00
-5.209501809502981473e+00
-4.502935326383149750e+00
-2.133825764927516744e+00
-7.688396562123488431e-01
2.191816589137636218e+00
3.415631896070520312e+00
5.233522128929362083e+00
5.599272386429978710e+00
3.924454139550846765e+00
2.780117121663013169e+00
-3.724473561793197746e-03
-1.433792750215846512e+00
-3.929721479387947358e+00
-4.807806102548740412e+00
-5.553740728532032378e+00
-5.365472037016070672e+00
-3.924454388108892910e+00
-2.780117342168202832e+00
3.724160706602691953e-03
1.433792427962461868e+00
3.929721155305951896e+00
4.807805818472282056e+00
5.553740445068062748e+00
5.365471674769244359e+00
2.096385896506586466e+00
7.218844785212099602e-01
-2.106033903444220368e+00
-3.338380829764683977e+00
-5.074767438725616309e+00
-5.443067115279125900e+00
-5.070771061227295817e+00
-4.359279005048087186e+00
-2.096385848882153180e+00
-7.218844405330473446e-01
2.106033509689669181e+00
3.338380455933792401e+00
5.074767520609467120e+00
5.443067155535381119e+00
5.070770687718702874e+00
4.359278600349473010e+00
-2.059637361348991540e-03
-1.415768543427798232e+00
-3.874907023663710870e+00
-4.742946682329665542e+00
-5.477885735478570162e+00
-5.291770502313274172e+00
-3.871993672529609132e+00
-2.740747495951947332e+00
2.059664035855798478e-03
1.415768377881549744e+00
3.874906915286240761e+00
4.742946846821696205e+00
5.477885842094400992e+00
5.291770291965535833e+00
3.871993486548302332e+00
2.740747560137348326e+00
-2.099248502914368597e+00
-3.335019734281661652e+00
-5.064454400795353806e+00
-5.433777414665178718e+00
-5.062971619658974021e+00
-4.349502521133002730e+00
-2.095669173709376665e+00
-7.173480350252547932e-01
2.099248441370905383e+00
3.335019720067702309e+00
5.064454699026581075e+00
5.433777657018380225e+00
5.062971532789859452e+00
4.349502440403412606e+00
2.095669372979448219e+00
7.173482279202603173e-01
-3.880927973325225544e+00
-4.747504806198716842e+00
-5.484338848653673715e+00
-5.298537172439607090e+00
-3.875099148401611515e+00
-2.745759115835854747e+00
4.121448946826214432e-03
1.415448251748454345e+00
3.880928195852277884e+00
4.747505116953765203e+00
5.484339093817722777e+00
5.298537332633528329e+00
3.875099304423244462e+00
2.745759368637522346e+00
-4.121213711726031716e-03
-1.415448116679437263e+00
-5.073645582979470881e+00
-5.443257422129557099e+00
-5.071620417222784560e+00
-4.357592992297921519e+00
-2.098709663780497614e+00
-7.193099003023785132e-01
2.103597932958235717e+00
3.340336194261044778e+00
5.073645998919137590e+00
5.443257817256268893e+00
5.071620708926648291e+00
4.357593293379788513e+00
2.098710003700980042e+00
7.193102207403325732e-01
-2.103597601156335983e+00
-3.340335850789561967e+00
-5.492003005307415364e+00
-5.305535073529444645e+00
-3.881624345839183032e+00
-2.748236042365979070e+00
2.557296753385843863e-03
1.418943384290334286e+00
3.885242001933735700e+00
4.754925269159461010e+00
5.492003494151649790e+00
5.305535543258367071e+00
3.881624771023115095e+00
2.748236477438999792e+00
-2.556829627222477561e-03
-1.418942926468033550e+00
-3.885241489751012356e+00
-4.754924747047610367e+00
-5.070706070364456863e+00
-4.357937941149783612e+00
-2.097407868898797378e+00
-7.204410868607711294e-01
2.104524942673803523e+00
3.339081973664171255e+00
5.073655327414622107e+00
5.442615054825989063e+00
5.070706653498831429e+00
4.357938536375119298e+00
2.097408441956245539e+00
7.204416698321650658e-01
-2.104524317942489731e+00
-3.339081359356347534e+00
-5.073654713773206204e+00
-5.442614430335165565e+00
-3.880937091470650913e+00
-2.747937911871239258e+00
2.695238803376201475e-03
1.418595175697697330e+00
3.884750345625507251e+00
4.754134956698078618e+00
5.491169931653275604e+00
5.304765817692328689e+00
3.880937813466757369e+00
2.747938632420799276e+00
-2.694499156281088704e-03
-1.418594445561928596e+00
-3.884749606961195756e+00
-4.754134230295679053e+00
-5.491169193794166681e+00
-5.304765077436135456e+00
-2.098852512796915093e+00
-7.193198236276010515e-01
2.103688299447391330e+00
3.340545986037533499e+00
5.073916835425349880e+00
5.443563901498137625e+00
5.071913008666359524e+00
4.357816585263158515e+00
2.098853380063286700e+00
7.193206906521268929e-01
-2.103687423559322589e+00
-3.340545120193225248e+00
-5.073915995011089919e+00
-5.443563060518336272e+00
-5.071912108365060234e+00
-4.357815684143960588e+00
3.658173400909197140e-03
1.417179311273278897e+00
3.884101901037708249e+00
4.752025735151084618e+00
5.489289577538054132e+00
5.303198488537561595e+00
3.878927390874983061e+00
2.747831832856641565e+00
-3.657159351635556280e-03
-1.417178307127261450e+00
-3.884100920636002208e+00
-4.752024757965326529e+00
-5.489288587773947903e+00
-5.303197462903722403e+00
-3.878926362298578123e+00
-2.747830816587201852e+00
2.103680072406967305e+00
3.340290034219722592e+00
5.073697904785523072e+00
5.443270658645340987e+00
5.071611382489456865e+00
4.357657986462957211e+00
2.098646356153927250e+00
7.193900273347644259e-01
-2.103678920385774198e+00
-3.340288894691243904e+00
-5.073696790058564332e+00
-5.443269542856590704e+00
-5.071610206790635900e+00
-4.357656799470629672e+00
-2.098645203256468417e+00
-7.193888748093441032e-01
3.884386927459738459e+00
4.753711461219944034e+00
5.490670453052036493e+00
5.304278774591848489e+00
3.880595527226097907e+00
2.747674496455732918e+00
-2.678673651091482283e-03
-1.418481278505644205e+00
-3.884385660784292593e+00
-4.753710186065387866e+00
-5.490669164885678910e+00
-5.304277462597707604e+00
-3.880594213193637732e+00
-2.747673173454662443e+00
2.679974333743803758e-03
1.418482579537442501e+00
5.072943348948277809e+00
5.441993182622982594e+00
5.070195026151458784e+00
4.357251242666051461e+00
2.097398549489536190e+00
7.200927798316778539e-01
-2.104027550863131868e+00
-3.338888797425748400e+00
-5.072941923118053253e+00
-5.441991745101713462e+00
-5.070193575002613251e+00
-4.357249780536716521e+00
-2.097397088773635510e+00
-7.200913193561512271e-01
2.104028989976692632e+00
3.338890225334960160e+00
5.490639383511105365e+00
5.304263865297865088e+00
3.880531187088514855e+00
2.747710074076138653e+00
-2.738272629206597777e-03
-1.418416186493218767e+00
-3.884406040474798427e+00
-4.753653836053813642e+00
-5.490637773226134222e+00
-5.304262254476421745e+00
-3.880529576805853420e+00
-2.747708463805646151e+00
2.739872303929365149e-03
1.418417786136407344e+00
3.884407628374437760e+00
4.753655434073923658e+00
5.071671126884607972e+00
4.357701227915183217e+00
2.098677291513016296e+00
7.193893728855222935e-01
-2.103695569072750349e+00
-3.340334037818930568e+00
-5.073751102569737270e+00
-5.443331767388175813e+00
-5.071669365770269167e+00
-4.357699457068399340e+00
-2.098675521479691497e+00
-7.193876124743640021e-01
2.103697308630415819e+00
3.340335787054915517e+00
5.073752873053098078e+00
5.443333528040211533e+00
3.879133298622298831e+00
2.747839033195419667e+00
-3.556597973365512207e-03
-1.417326598978899233e+00
-3.884165934045630042e+00
-4.752242089254169244e+00
-5.489479279972687920e+00
-5.303354645742789586e+00
-3.879131377439527739e+00
-2.747837101951076555e+00
3.558509359811330534e-03
1.417328520467182384e+00
3.884167845003500652e+00
4.752244000588639494e+00
5.489481202490556377e+00
5.303356568073473554e+00
2.098650432258887033e+00
7.194041456376660815e-01
-2.103703565283849386e+00
-3.340304838548053379e+00
-5.073735574336549981e+00
-5.443304771554671184e+00
-5.071638742925883570e+00
-4.357690243429531485e+00
-2.098648349404680591e+00
-7.194020620954092449e-01
2.103705648980578768e+00
3.340306932619519831e+00
5.073737669076495038e+00
5.443306866651322906e+00
5.071640837128623680e+00
4.357692337050741216e+00
-2.734205188547544300e-03
-1.418421250238512288e+00
-3.884403236282804261e+00
-4.753656319168780620e+00
-5.490636580886700813e+00
-5.304259215519791404e+00
-3.880530753451605364e+00
-2.747702609541732510e+00
2.736461725486413494e-03
1.418423506897339648e+00
3.884405493284150968e+00
4.753658586942240305e+00
5.490638848841857822e+00
5.304261482891561741e+00
3.880533019429551089e+00
2.747704875626264087e+00
-2.104021095743547232e+00
-3.338947976730027634e+00
-5.072981230236666583e+00
-5.442049619256095205e+00
-5.070253633439877561e+00
-4.357271739068330874e+00
-2.097444473857708935e+00
-7.200659116196692633e-01
2.104023526224996665e+00
3.338950417535333948e+00
5.072983661131217126e+00
5.442052060429194427e+00
5.070256073150591014e+00
4.357274178269457288e+00
2.097446903442063082e+00
7.200683518875427014e-01
-3.884408234918864000e+00
-4.753687398395678443e+00
-5.490660987894083966e+00
-5.304277614011874142e+00
-3.880560251111998316e+00
-2.747698055135944895e+00
2.718756391750482438e-03
1.418448495016441546e+00
3.884410850648443159e+00
4.753690014140489417e+00
5.490663611960850510e+00
5.304280226542054777e+00
3.880562853824076619e+00
2.747700669008173779e+00
-2.716120728998137283e-03
-1.418445859088979688e+00
-5.073738561338694275e+00
-5.443304650747339934e+00
-5.071635844006733507e+00
-4.357691552375778876e+00
-2.098642543584665177e+00
-7.194052453555669357e-01
2.103711840797332755e+00
3.340305442949926817e+00
5.073741371683873069e+00
5.443307448344004484e+00
5.071638629127015463e+00
4.357694349017182667e+00
2.098645343724639289e+00
7.194080661542305855e-01
-2.103709018650348650e+00
-3.340302630556536645e+00
-5.489423797249504133e+00
-5.303307807916648464e+00
-3.879067834592229147e+00
-2.747833769353023037e+00
3.591640296957566720e-03
1.417286851960067873e+00
3.884153875296359804e+00
4.752183668426435581e+00
5.489426765385347018e+00
5.303310775043750702e+00
3.879070817334176358e+00
2.747836764474792748e+00
-3.588632970567356539e-03
-1.417283833891519462e+00
-3.884150865713928535e+00
-4.752180671308628312e+00
-5.071686308196126092e+00
-4.357678874483188025e+00
-2.098708247089333678e+00
-7.193495413006965045e-01
2.103669807924123170e+00
3.340372485397738345e+00
5.073748139686966141e+00
5.443346341527254495e+00
5.071689448060928918e+00
4.357682039208388147e+00
2.098711440266744166e+00
7.193527544834766863e-01
-2.103666591783013295e+00
-3.340369277468537845e+00
-5.073744960194961351e+00
-5.443343199517790332e+00
-3.880508084761610466e+00
-2.747672086758177201e+00
2.728830265402491448e-03
1.418426117495546368e+00
3.884375065821546791e+00
4.753634041529226195e+00
5.490601803320150687e+00
5.304221709858056855e+00
3.880511458469587893e+00
2.747675484668342438e+00
-2.725440418749322524e-03
-1.418422716249580384e+00
-3.884371640490612343e+00
-4.753630641327021955e+00
-5.490598492451750801e+00
-5.304218400358680086e+00
-2.097274500209985071e+00
-7.201386160051576057e-01
2.104046535140092988e+00
3.338756544179014796e+00
5.072847802386855065e+00
5.441849954063999739e+00
5.070038523196832791e+00
4.357181400959452056e+00
2.097278075643440598e+00
7.201422108067098149e-01
-2.104042936258025964e+00
-3.338752942497334786e+00
-5.072844221849261537e+00
-5.441846446122656999e+00
-5.070035007843678443e+00
-4.357177836261567627e+00
2.622588567884346234e-03
1.418603545112017583e+00
3.884499730080066104e+00
4.753932765872860067e+00
5.490883764780853937e+00
5.304465737615381649e+00
3.880785528601721435e+00
2.747722668049460637e+00
-2.618828439208242386e-03
-1.418599773835597322e+00
-3.884495903616471235e+00
-4.753928974458363932e+00
-5.490880053984738218e+00
-5.304462038733216644e+00
-3.880781742960879743e+00
-2.747718858568167999e+00
2.103877944354231921e+00
3.340666025276042728e+00
5.074217697109288494e+00
5.443840407745394572e+00
5.072143427085587852e+00
4.358086286745586513e+00
2.098886033447277644e+00
7.194327202390430331e-01
-2.103873988623598201e+00
-3.340662077639342531e+00
-5.074213704553710791e+00
-5.443836454847701845e+00
-5.072139445442938488e+00
-4.358082288282020045e+00
-2.098882079547047752e+00
-7.194287574224124127e-01
3.884812734640423315e+00
4.752628516858326435e+00
5.490089758011754917e+00
5.304017850672577694e+00
3.879349406657949029e+00
2.748394170829001837e+00
-3.854619369466268444e-03
-1.417201857717124813e+00
-3.884808574443683327e+00
-4.752624358964014917e+00
-5.490085536205763894e+00
-5.304013629532511764e+00
-3.879345210386029308e+00
-2.748389982886576988e+00
3.858714957547845770e-03
1.417205953635134241e+00
5.074936377893926931e+00
5.444685505212834897e+00
5.072965602644904592e+00
4.358662843777814544e+00
2.099331235103870874e+00
7.194044318139637406e-01
-2.104066722003165690e+00
-3.341279712692347026e+00
-5.074931982225121097e+00
-5.444681065981640700e+00
-5.072961132349441016e+00
-4.358658420164672975e+00
-2.099326926037031082e+00
-7.194001038541840698e-01
2.104071020015488180e+00
3.341283992082419552e+00
5.490579841093198965e+00
5.304178453467250698e+00
3.880547160978456311e+00
2.747593785319279558e+00
-2.649488740008677790e-03
-1.418494033699386980e+00
-3.884303428299930694e+00
-4.753652424284298128e+00
-5.490575116111141796e+00
-5.304173730496474448e+00
-3.880542614726267825e+00
-2.747589258117958178e+00
2.654018684760742642e-03
1.418498553692152608e+00
3.884307913299395398e+00
4.753656916838223445e+00
5.065285322002258894e+00
4.353533517576812173e+00
2.094951938558827553e+00
7.199544141163541910e-01
-2.102579917846455704e+00
-3.335374009950397678e+00
-5.068450681906695898e+00
-5.436878399999167222e+00
-5.065280401067494331e+00
-4.353528794401829494e+00
-2.094947308055896240e+00
-7.199495710629153500e-01
2.102584742183483790e+00
3.335378617350873043e+00
5.068455383281460946e+00
5.436883291085952585e+00
3.874219308231881875e+00
2.742151804530495784e+00
-1.942147297562408712e-03
-1.416679619328634399e+00
-3.876976878511502633e+00
-4.745646046317905764e+00
-5.480919940701970638e+00
-5.294663498632677268e+00
-3.874214620862091785e+00
-2.742147177386587309e+00
1.947359758927193945e-03
1.416684818654019296e+00
3.876981464708097569e+00
4.745650691756567063e+00
5.480925303310010932e+00
5.294668872604805898e+00
2.094385490187488319e+00
7.170675223178902824e-01
-2.098206594435434447e+00
-3.333081643484725021e+00
-5.061700595908100730e+00
-5.430749591751959038e+00
-5.060106055776459222e+00
-4.347152839417910641e+00
-2.094380597208529426e+00
-7.170621716771340415e-01
2.098211935941167283e+00
3.333086471568984521e+00
5.061705466839149459e+00
5.430755142728868279e+00
5.060111616653416355e+00
4.347157752801607877e+00
-5.227469685120562058e-03
-1.416044291435291091e+00
-3.886231327474633623e+00
-4.752493374693022687e+00
-5.490721990901329619e+00
-5.304981223214086050e+00
-3.878822039259733678e+00
-2.749891522161656887e+00
5.233296479106664192e-03
1.416050108433847265e+00
3.886236169662689477e+00
4.752498293228128112e+00
5.490727829735356558e+00
5.304987090934631055e+00
3.878826958725827279e+00
2.749896384961218576e+00
-2.128773576426119529e+00
-3.377938571426718717e+00
-5.132418798637089274e+00
-5.505738240915889037e+00
-5.129548989634470146e+00
-4.408345129406129104e+00
-2.121869845469360971e+00
-7.286134234549559441e-01
2.128779205643972716e+00
3.377944172821452984e+00
5.132424245545810670e+00
5.505743843350479949e+00
5.129554536025179523e+00
4.408350563129956434e+00
2.121875436189089470e+00
7.286190263353062857e-01
-4.018574818300656659e+00
-4.878839850997358951e+00
-5.651719647911881417e+00
-5.467264368894158899e+00
-3.974163042327032436e+00
-2.853048171451009640e+00
3.139663692279153623e-02
1.432446823819005788e+00
4.018580534854990560e+00
4.878845411923743214e+00
5.651725816935079472e+00
5.467270492547471328e+00
3.974168782193888916e+00
2.853054084020941517e+00
-3.139128024898218960e-02
-1.432441424772300076e+00
-5.297292028493096439e+00
-5.621150829973522001e+00
-5.207421591017454610e+00
-4.581768743068333372e+00
-2.067125670314534425e+00
-8.584584056668130847e-01
2.284071177101568040e+00
3.367737183734272222e+00
5.297298619384232410e+00
5.621156811054400571e+00
5.207427966653415119e+00
4.581775498577735917e+00
2.067130938520935768e+00
8.584642237524305886e-01
-2.284065733497338435e+00
-3.367732060079638323e+00
