5.685114004297066259e+00
5.521789537414321103e+00
3.936971605568870824e+00
2.944244898781908315e+00
-1.173940639528165270e-01
-1.357995825155651870e+00
-4.102994552793602701e+00
-4.864743138352697116e+00
-5.685114624306784492e+00
-5.521789837868452011e+00
-3.936972512674822511e+00
-2.944245785722469311e+00
1.173936622822583237e-01
1.357995123540880700e+00
4.102994347605653402e+00
4.864742893454960360e+00
5.283936291197206536e+00
4.581954727198382038e+00
2.152327570794355438e+00
7.961985467041690079e-01
-2.240086177478139984e+00
-3.455960373155405385e+00
-5.320287978695344755e+00
-5.683664812987515802e+00
-5.283937025477832172e+00
-4.581955354570864891e+00
-2.152328103768509582e+00
-7.961991561035944853e-01
2.240085851647315440e+00
3.455959978912218400e+00
5.320287766449720124e+00
5.683664643376650005e+00
3.965870714403035624e+00
2.817377661931015798e+00
-9.562251996245682215e-03
-1.444824599710566648e+00
-3.979394409822451628e+00
-4.860668306699395202e+00
-5.618150839040063182e+00
-5.429198063417040032e+00
-3.965871096696036435e+00
-2.817377952912530237e+00
9.561881324653217010e-03
1.444824217397290500e+00
3.979394032563926764e+00
4.860668052623875468e+00
5.618150562531534220e+00
5.429197564254805819e+00
2.102808851372353516e+00
7.321145630693384199e-01
-2.123827008408325501e+00
-3.352760625467004374e+00
-5.106353776900288466e+00
-5.473633083457641213e+00
-5.097647198643499244e+00
-4.388125813912766127e+00
-2.102808893627019948e+00
-7.321146032227220379e-01
2.123826515950316463e+00
3.352760176083896315e+00
5.106353913677533995e+00
5.473633163636621113e+00
5.097646615439249018e+00
4.388125186864482608e+00
-7.996208949537656277e-03
-1.415837667227538121e+00
-3.894958208060247173e+00
-4.759395054394025770e+00
-5.500305372871056697e+00
-5.314962279058646821e+00
-3.883648778950015590e+00
-2.757097899345311465e+00
7.996114287680411090e-03
1.415837376224444499e+00
3.894958046130070795e+00
4.759395236976363464e+00
5.500305435269384091e+00
5.314961884013175819e+00
3.883648363325552300e+00
2.757097802672396902e+00
-2.118033997905397037e+00
-3.350263292474835009e+00
-5.097852574576419826e+00
-5.466116755235831626e+00
-5.091417865334502579e+00
-4.379993632044937080e+00
-2.102500664446440570e+00
-7.281301625970568736e-01
2.118033783970854511e+00
3.350263167453968016e+00
5.097852847476890048e+00
5.466116932057672351e+00
5.091417554143644608e+00
4.379993300889462482e+00
2.102500691748977690e+00
7.281302092022233774e-01
-3.920229208624647299e+00
-4.786003553407240041e+00
-5.532865171110116442e+00
-5.347235297665698717e+00
-3.904424564706428846e+00
-2.776130271467573518e+00
1.117498364253582434e-02
1.421195014491268616e+00
3.920229305890674976e+00
4.786003757212395016e+00
5.532865245985045810e+00
5.347235263018729867e+00
3.904424499435920737e+00
2.776130312186096738e+00
-1.117493093366204136e-02
-1.421195059969503127e+00
-5.130495007637327909e+00
-5.500322996689937405e+00
-5.122895662788073956e+00
-4.408450200511094152e+00
-2.114374693804654370e+00
-7.341677524194611948e-01
2.132719391245436302e+00
3.370181516119433063e+00
5.130495248921961071e+00
5.500323179076013425e+00
5.122895743387314127e+00
4.408450282567765832e+00
2.114374811679187172e+00
7.341678607803059364e-01
-2.132719260855681753e+00
-3.370181361495084627e+00
-5.552161309394572086e+00
-5.365516206696166357e+00
-3.919045617731655717e+00
-2.784581545609669195e+00
9.793426661088081020e-03
1.427523814638719912e+00
3.932896969360605954e+00
4.803405715103488127e+00
5.552161557890713084e+00
5.365516452200462361e+00
3.919045826134258892e+00
2.784581742891066192e+00
-9.793197074648188685e-03
-1.427523591033920347e+00
-3.932896689896369757e+00
-4.803405450233101170e+00
-5.120455244513853366e+00
-4.407312403473208740e+00
-2.112581605348490932e+00
-7.348913317322737226e-01
2.132814829786078281e+00
3.368020648917228410e+00
5.128837356238025613e+00
5.497990971881450584e+00
5.120455585993875403e+00
4.407312769864188517e+00
2.112581920203858932e+00
7.348916501164631798e-01
-2.132814468282346443e+00
-3.368020312117589565e+00
-5.128837053829496284e+00
-5.497990635909001611e+00
-3.913900770863546708e+00
-2.780783962255483299e+00
9.676619202310696860e-03
1.425723419726791175e+00
3.927587035417712258e+00
4.797061994497749282e+00
5.544769061737268245e+00
5.358345569445906342e+00
3.913901237040031234e+00
2.780784411782308396e+00
-9.676169788532756541e-03
-1.425722978081536141e+00
-3.927586621304234082e+00
-4.797061614534204210e+00
-5.544768640072050836e+00
-5.358345106057561757e+00
-2.112212697061124800e+00
-7.329409601349374803e-01
2.129865609917437563e+00
3.366489313522053273e+00
5.124297371455834416e+00
5.493874771041412863e+00
5.116984671382555305e+00
4.403023329756046600e+00
2.112213259471636739e+00
7.329415159002198310e-01
-2.129865052192682739e+00
-3.366488784045486682e+00
-5.124296905637443444e+00
-5.493874290844232178e+00
-5.116984065395231873e+00
-4.403022703784980507e+00
1.060687793887409892e-02
1.423670629132068211e+00
3.925091381487670006e+00
4.792734559402743955e+00
5.540309252803764295e+00
5.354278717696101531e+00
3.910090382758030447e+00
2.779360676142108577e+00
-1.060619884841287885e-02
-1.423669958544477643e+00
-3.925090769648489797e+00
-4.792733970632251150e+00
-5.540308626242821610e+00
-5.354278027017158159e+00
-3.910089660355729357e+00
-2.779359978759982752e+00
2.129979911164130879e+00
3.366337060168931306e+00
5.124300282509416604e+00
5.493797976099719982e+00
5.116874989002768714e+00
4.403067737847551122e+00
2.112055308575294443e+00
7.330806966965669469e-01
-2.129979115745393781e+00
-3.366336285905793257e+00
-5.124299565531216238e+00
-5.493797250034236690e+00
-5.116874156208162105e+00
-4.403066878478428592e+00
-2.112054503718329368e+00
-7.330798958070438021e-01
3.926502083158319056e+00
4.795733328885169122e+00
5.543234757065868656e+00
5.356863903057022647e+00
3.912817654990071059e+00
2.780018251764194037e+00
-9.675317017380224982e-03
-1.425325760112848617e+00
-3.926501200489824317e+00
-4.795732448847169316e+00
-5.543233851581872429e+00
-5.356862959006920555e+00
-3.912816694705650189e+00
-2.780017286833393442e+00
9.676249562781499836e-03
1.425326694739100120e+00
5.124263235160214869e+00
5.493275081259047177e+00
5.116155044263112295e+00
4.403286678643934415e+00
2.111074271010259018e+00
7.339128374920660391e-01
-2.130646996701190954e+00
-3.365378328189099655e+00
-5.124262204589025593e+00
-5.493274034886719726e+00
-5.116153963921302505e+00
-4.403285589226125119e+00
-2.111073187288489805e+00
-7.339117534840521317e-01
2.130648056077828034e+00
3.365379370865793085e+00
5.543609919601197866e+00
5.357243612015440526e+00
3.913036755028235003e+00
2.780263796412966837e+00
-9.741188771854487893e-03
-1.425358796326520849e+00
-3.926813116351890454e+00
-4.796023957532716153e+00
-5.543608691500303998e+00
-5.357242379688551104e+00
-3.913035530569915377e+00
-2.780262570920247089e+00
9.742403506805585520e-03
1.425360011549617223e+00
3.926814314325917543e+00
4.796025167088021846e+00
5.117842048090844642e+00
4.403910675515910533e+00
2.112446993968982945e+00
7.332314331000132634e-01
-2.130393140337027980e+00
-3.366965974898343816e+00
-5.125275144529422455e+00
-5.494837273804170863e+00
-5.117840667627977957e+00
-4.403909291300262652e+00
-2.112445613957775858e+00
-7.332300588719281587e-01
2.130394491388787337e+00
3.366967334294654446e+00
5.125276535151103374e+00
5.494838655594441512e+00
3.911293933455788352e+00
2.780136641825666555e+00
-1.055001206979615941e-02
-1.424148759640638140e+00
-3.926214025612738023e+00
-4.794185024874051848e+00
-5.541952153314834817e+00
-5.355851671693677041e+00
-3.911292400326682017e+00
-2.780135098227558554e+00
1.055153915442616844e-02
1.424150297055787107e+00
3.926215552710891288e+00
4.794186557386913350e+00
5.541953706903343324e+00
5.355853221248492169e+00
2.112341345324901365e+00
7.332114204151919390e-01
-2.130310098483981118e+00
-3.366806088187026091e+00
-5.125051556599991898e+00
-5.494590541361747960e+00
-5.117607355920076984e+00
-4.403720481269226106e+00
-2.112339643613774243e+00
-7.332097129450102502e-01
2.130311806863204094e+00
3.366807803573250713e+00
5.125053288026267140e+00
5.494592280383017169e+00
5.117609085841678507e+00
4.403722200811371223e+00
-9.724620150707971936e-03
-1.425291711584568688e+00
-3.926574164685550095e+00
-4.795753523756879133e+00
-5.543286167733497471e+00
-5.356926367784497600e+00
-3.912819121835480196e+00
-2.780086943420669421e+00
9.726514567017802843e-03
1.425293606113891220e+00
3.926576056768531942e+00
4.795755436016690965e+00
5.543288097421762650e+00
5.356928293243376160e+00
3.912821023495130390e+00
2.780088842983845954e+00
-2.130562310095913237e+00
-3.365339030710680746e+00
-5.124134349284455325e+00
-5.493159121624234587e+00
-5.116057388273502760e+00
-4.403163072377219933e+00
-2.111065454375366190e+00
-7.338532524337635365e-01
2.130564395086174123e+00
3.365341124058535360e+00
5.124136446390123112e+00
5.493161239858213918e+00
5.116059498052053733e+00
4.403165170663458028e+00
2.111067535775719151e+00
7.338553491745514190e-01
-3.926740468505923065e+00
-4.795973607661601967e+00
-5.543532250189306509e+00
-5.357160456766266066e+00
-3.913000890938439280e+00
-2.780198532834300629e+00
9.715129702807976178e-03
1.425370116530005893e+00
3.926742763958473770e+00
4.795975908558931522e+00
5.543534570407192774e+00
5.357162760228720622e+00
3.913003170242485673e+00
2.780200823673468324e+00
-9.712810456969771591e-03
-1.425367797368106482e+00
-5.125354936399238781e+00
-5.494906223439910420e+00
-5.117895428032964489e+00
-4.403982707923381312e+00
-2.112445187574692795e+00
-7.332662387602432164e-01
2.130451780161768394e+00
3.366992133175320756e+00
5.125357461432599848e+00
5.494908732814348440e+00
5.117897916590934848e+00
4.403985208261562256e+00
2.112447697748673914e+00
7.332687728441903419e-01
-2.130449242162527401e+00
-3.366989605650866579e+00
-5.542070174386506842e+00
-5.355975195783153175e+00
-3.911343241568371543e+00
-2.780228103700285391e+00
1.059638145923129382e-02
1.424143057030502035e+00
3.926332954120979046e+00
4.794271356686509833e+00
5.542072859825796449e+00
5.355977876993645026e+00
3.911345959077136669e+00
2.780230841347623105e+00
-1.059362470992987644e-02
-1.424140287086324452e+00
-3.926330187204575939e+00
-4.794268610867393754e+00
-5.117572162131127200e+00
-4.403642408127007357e+00
-2.112360791683771222e+00
-7.331500654218433555e-01
2.130248453812375153e+00
3.366817729385622737e+00
5.124986448014369422e+00
5.494545532355709305e+00
5.117575027476519267e+00
4.403645321995610651e+00
2.112363771713915650e+00
7.331530644636051752e-01
-2.130245439356544424e+00
-3.366814715410524794e+00
-5.124983501689513332e+00
-5.494542656578819795e+00
-3.912261735368866677e+00
-2.779657433056261784e+00
9.705182155520427831e-03
1.425113074651406242e+00
3.925993219652056609e+00
4.795074248261355088e+00
5.542482467654628486e+00
5.356141417982544617e+00
3.912264905321454656e+00
2.779660650664103283e+00
-9.701967371059201303e-03
-1.425109841407702582e+00
-3.925989943119821302e+00
-4.795071025061141690e+00
-5.542479430934909246e+00
-5.356138388151848062e+00
-2.110379216922246837e+00
-7.336888472403463313e-01
2.129990431134481721e+00
3.364300590378262790e+00
5.122641315190850975e+00
5.491524212474860001e+00
5.114514475318884479e+00
4.401888647470253879e+00
2.110382656803658996e+00
7.336923016973058154e-01
-2.129986952013719570e+00
-3.364297094337922900e+00
-5.122637909164184933e+00
-5.491520943724388815e+00
-5.114511211153916825e+00
-4.401885282757769247e+00
9.559495525924808362e-03
1.425272518924980414e+00
3.925932176611839353e+00
4.795200390759661424e+00
5.542540635974325447e+00
5.356158154767806323e+00
3.912407875290608850e+00
2.779559614907239240e+00
-9.555842571233775715e-03
-1.425268846735092243e+00
-3.925928426418411110e+00
-4.795196712126966965e+00
-5.542537154434453939e+00
-5.356154693019590241e+00
-3.912404229898783559e+00
-2.779555914533387906e+00
2.130839805981980639e+00
3.367756058928660146e+00
5.126407763492778713e+00
5.496068481813743745e+00
5.118989333250222096e+00
4.404858303356832039e+00
2.112946731176663206e+00
7.333503987904110843e-01
-2.130835914309373802e+00
-3.367752165608880688e+00
-5.126403884526635757e+00
-5.496064694322797095e+00
-5.118985526335993796e+00
-4.404854439707571956e+00
-2.112942853645460861e+00
-7.333465184188421304e-01
3.929988162081485381e+00
4.798259619613909344e+00
5.546876977381571372e+00
5.360706822519818893e+00
3.914483756890615229e+00
2.782934476143423819e+00
-1.095397690478262277e-02
-1.425043888304516448e+00
-3.929984040585879246e+00
-4.798255526028044393e+00
-5.546872885261290520e+00
-5.360702737144663388e+00
-3.914479640285917661e+00
-2.782930347210060162e+00
1.095801046406128833e-02
1.425047926272760890e+00
5.133285135813512312e+00
5.503384285987849900e+00
5.125773252302569638e+00
4.410792245014954815e+00
2.115665687874555445e+00
7.344294353835945088e-01
-2.133775015114026008e+00
-3.372162412504893236e+00
-5.133280782045395618e+00
-5.503379923216147773e+00
-5.125768865274386243e+00
-4.410787877279039648e+00
-2.115661417398486233e+00
-7.344251526135504582e-01
2.133779275402285069e+00
3.372166665049185941e+00
5.549095934585754897e+00
5.362584093128417884e+00
3.916772287451959489e+00
2.783156165334365273e+00
-9.933697061073960138e-03
-1.426606974100258718e+00
-3.930832823193673331e+00
-4.800690263572758631e+00
-5.549091256868301514e+00
-5.362579424777521808e+00
-3.916767751706418998e+00
-2.783151653592085939e+00
9.938193810485025995e-03
1.426611457455267296e+00
3.930837304039781710e+00
4.800694751096623136e+00
5.107415831606322065e+00
4.396322284042715189e+00
2.107002853093636219e+00
7.332789756342726895e-01
-2.127669383115217361e+00
-3.359322554853841680e+00
-5.115984907110652458e+00
-5.484069852714018367e+00
-5.107410903644736599e+00
-4.396317544815159017e+00
-2.106998238347567831e+00
-7.332741505289076533e-01
2.127674183557981102e+00
3.359327138009371883e+00
5.115989627296189113e+00
5.484074750255365949e+00
3.893307812640041998e+00
2.764485459231643460e+00
-8.413738345556771164e-03
-1.419096581524943446e+00
-3.905222251339477424e+00
-4.771401271828056068e+00
-5.514390038474303424e+00
-5.328665194749611977e+00
-3.893303124926345227e+00
-2.764480871300118991e+00
8.418960722199766641e-03
1.419101780723761586e+00
3.905226781371608613e+00
4.771405928728372103e+00
5.514395481767814466e+00
5.328670671481491539e+00
2.097477515607223619e+00
7.258766349621420533e-01
-2.112273879293336432e+00
-3.342024464070835421e+00
-5.084688823624476051e+00
-5.452204172145752814e+00
-5.078544573196368539e+00
-4.368549363805362518e+00
-2.097472643057746833e+00
-7.258712816145409530e-01
2.112279230100705618e+00
3.342029228278077024e+00
5.084693745767491002e+00
5.452209824644675074e+00
5.078550285159313837e+00
4.368554287706109207e+00
-1.138270173132052351e-02
-1.418292147890891197e+00
-3.912958485697911382e+00
-4.776821004081004851e+00
-5.522362117450396291e+00
-5.337133924299807042e+00
-3.896840471042419818e+00
-2.771037139494316293e+00
1.138857346506342086e-02
1.418298009910400559e+00
3.912963281214433930e+00
4.776825858055668839e+00
5.522368166466511852e+00
5.337140005573442814e+00
3.896845320244993083e+00
2.771041954640370619e+00
-2.158817247766564584e+00
-3.412519610855783814e+00
-5.194161878980937175e+00
-5.568836485787032053e+00
-5.186820827841306603e+00
-4.462996916060144592e+00
-2.141123607033002418e+00
-7.428071821938001529e-01
2.158822931028830716e+00
3.412525194045908261e+00
5.194167224722691323e+00
5.568842258436440318e+00
5.186826482325304966e+00
4.463002271558839773e+00
2.141129187946971157e+00
7.428128081507268110e-01
-4.091656100010591324e+00
-4.946339035824015795e+00
-5.738960945747773046e+00
-5.555702288543282741e+00
-4.024459675557065630e+00
-2.910619642322534339e+00
4.750664017472866485e-02
1.439465737472039208e+00
4.091661695544323685e+00
4.946344393408552698e+00
5.738967363531679133e+00
5.555708617503253066e+00
4.024465271036810954e+00
2.910625466092470415e+00
-4.750125448984075793e-02
-1.439460305365756643e+00
-5.297292028493096439e+00
-5.621150829973522001e+00
-5.207421591017454610e+00
-4.581768743068333372e+00
-2.067125670314534425e+00
-8.584584056668130847e-01
2.284071177101568040e+00
3.367737183734272222e+00
5.297298619384232410e+00
5.621156811054400571e+00
5.207427966653415119e+00
4.581775498577735917e+00
2.067130938520935768e+00
8.584642237524305886e-01
-2.284065733497338435e+00
-3.367732060079638323e+00
