5.685114004297066259e+00
5.521789537414321103e+00
3.936971605568870824e+00
2.944244898781908315e+00
-1.173940639528165270e-01
-1.357995825155651870e+00
-4.102994552793602701e+00
-4.864743138352697116e+00
-5.685114624306784492e+00
-5.521789837868452011e+00
-3.936972512674822511e+00
-2.944245785722469311e+00
1.173936622822583237e-01
1.357995123540880700e+00
4.102994347605653402e+00
4.864742893454960360e+00
5.342367739252012804e+00
4.638429119199629191e+00
2.171056415523981098e+00
8.114041045219020365e-01
-2.272653211527487116e+00
-3.491891993215573642e+00
-5.385172890110809796e+00
-5.749154143768723024e+00
-5.342368596020869553e+00
-4.638429864087743937e+00
-2.171056956695337270e+00
-8.114047257121601575e-01
2.272652911322806002e+00
3.491891690359786526e+00
5.385172521543489133e+00
5.749153841629395245e+00
3.999905250215680219e+00
2.845445648201926137e+00
-1.345726735273708105e-02
-1.456753865065013587e+00
-4.020788976845858897e+00
-4.906633386522167406e+00
-5.671151666709024930e+00
-5.480406670301371186e+00
-3.999905711430653099e+00
-2.845445976537841037e+00
1.345688490480424597e-02
1.456753488775985206e+00
4.020788603834404284e+00
4.906633019643057203e+00
5.671151191882783493e+00
5.480405983315192131e+00
2.104243113267400656e+00
7.344456237561144407e-01
-2.131960617149252446e+00
-3.360724896164783537e+00
-5.119720814999130454e+00
-5.485668483077761337e+00
-5.106274317649063477e+00
-4.396782067445609954e+00
-2.104243185137815164e+00
-7.344456961072337586e-01
2.131960111207824582e+00
3.360724445364485113e+00
5.119720810860804328e+00
5.485668367319996186e+00
5.106273559264593587e+00
4.396781330279618594e+00
-1.026818685583692596e-02
-1.413223883989465746e+00
-3.889580612125878911e+00
-4.750442547711952734e+00
-5.488105897864584470e+00
-5.302247447711521566e+00
-3.872370061895299198e+00
-2.750439420160575299e+00
1.026802364056117467e-02
1.413223534524335134e+00
3.889580416732999701e+00
4.750442610870758919e+00
5.488105779591554878e+00
5.302246869516213934e+00
3.872369564413117971e+00
2.750439271756304649e+00
-2.118094520738035058e+00
-3.346394053013303171e+00
-5.093090497100722480e+00
-5.459145588218110134e+00
-5.082874588205912758e+00
-4.373688477411509012e+00
-2.097293272785249574e+00
-7.279057833824488233e-01
2.118094208288089586e+00
3.346393832782315503e+00
5.093090632628534564e+00
5.459145612459213481e+00
5.082874118487580972e+00
4.373688027196081407e+00
2.097293211569333238e+00
7.279057221853949544e-01
-3.930731074685787974e+00
-4.795402414283306491e+00
-5.544233632229176756e+00
-5.358418210015345906e+00
-3.910216117429340610e+00
-2.783398420313443200e+00
1.382182131168724175e-02
1.422342852162260529e+00
3.930731016559219526e+00
4.795402479560991083e+00
5.544233554245355577e+00
5.358417989200568776e+00
3.910215892356116552e+00
2.783398324583868710e+00
-1.382192526623608406e-02
-1.422343052620884229e+00
-5.156186765671530559e+00
-5.526598579261610134e+00
-5.147055504204558929e+00
-4.431958667934696727e+00
-2.122490184191746287e+00
-7.408443842874521401e-01
2.145187210887508744e+00
3.383886283044708954e+00
5.156186821014474120e+00
5.526598600819010443e+00
5.147055368326388880e+00
4.431958534890648949e+00
2.122490101085220626e+00
7.408442897238689540e-01
-2.145187279808810299e+00
-3.383886326026308122e+00
-5.583306779395194042e+00
-5.397130578524127031e+00
-3.940465236817758399e+00
-2.803829466452249175e+00
1.154082266433807159e-02
1.431514228015230650e+00
3.955126118331978802e+00
4.827408562589305951e+00
5.583306802179330397e+00
5.397130575454608170e+00
3.940465163575357810e+00
2.803829406825616211e+00
-1.154083854112500016e-02
-1.431514251622204803e+00
-3.955126069387971732e+00
-4.827408493291464708e+00
-5.145342605233044431e+00
-4.431804561108167562e+00
-2.121951008644454184e+00
-7.424810215930437440e-01
2.142781515385053126e+00
3.378952516512201409e+00
5.151842706992046494e+00
5.522735254452763698e+00
5.145342650639456394e+00
4.431804607123684292e+00
2.121951026394757189e+00
7.424810550975835532e-01
-2.142781440464962994e+00
-3.378952451434762860e+00
-5.151842639488064535e+00
-5.522735176853116990e+00
-3.928169879418024202e+00
-2.794415867872105164e+00
9.866264276500679581e-03
1.425648267322945806e+00
3.938571214798289422e+00
4.808702456231566558e+00
5.563214395216986574e+00
5.378424469349291748e+00
3.928169995832096806e+00
2.794415986593437484e+00
-9.866134120341723060e-03
-1.425648145655576515e+00
-3.938571108786160124e+00
-4.808702360102054207e+00
-5.563214272801378257e+00
-5.378424329687128136e+00
-2.118068267653279602e+00
-7.390871383702599662e-01
2.134194932342742046e+00
3.369673173043647108e+00
5.135634596011393604e+00
5.506852590695489269e+00
5.131870687379774587e+00
4.418769570602880670e+00
2.118068476082469509e+00
7.390873465346823323e-01
-2.134194723198318933e+00
-3.369672991911972115e+00
-5.135634469851943606e+00
-5.506852446104902654e+00
-5.131870433858156666e+00
-4.418769304857507407e+00
1.085593369711179007e-02
1.422769754491579608e+00
3.933613064898994871e+00
4.801349001036816055e+00
5.555167809712415306e+00
5.370852546316710274e+00
3.921761046246204696e+00
2.791106665274703857e+00
-1.085562680578660427e-02
-1.422769453200892986e+00
-3.933612833289200417e+00
-4.801348800565622632e+00
-5.555167563110794404e+00
-5.370852222156814904e+00
-3.921760694801692981e+00
-2.791106343324470718e+00
2.136520171463012652e+00
3.372267884189818155e+00
5.139137516575769560e+00
5.509831852739966784e+00
5.133535904926121773e+00
4.420211163803191567e+00
2.118091031379267353e+00
7.391011435440055788e-01
-2.136519766156201428e+00
-3.372267510352445097e+00
-5.139137216102489525e+00
-5.509831538496828607e+00
-5.133535452713123171e+00
-4.420210687123157456e+00
-2.118090621795340578e+00
-7.391007358456732623e-01
3.940447869882689691e+00
4.810009190853286043e+00
5.562580810596248426e+00
5.376843202601771843e+00
3.925896088208766344e+00
2.792737738315369533e+00
-1.130099268908677304e-02
-1.426961465490373948e+00
-3.940447408287824693e+00
-4.810008739497127372e+00
-5.562580323513603986e+00
-5.376842659029574811e+00
-3.925895528561704761e+00
-2.792737179099118894e+00
1.130151365374143166e-02
1.426961991751771963e+00
5.143660224604889919e+00
5.512746514495391992e+00
5.133619703006892188e+00
4.420577475796236833e+00
2.116390243099859347e+00
7.389108677029890826e-01
-2.140605071315895724e+00
-3.375611285563884234e+00
-5.143659628042294152e+00
-5.512745897754037117e+00
-5.133619041819422080e+00
-4.420576796786262364e+00
-2.116389582870472630e+00
-7.389102073861870679e-01
2.140605703176101660e+00
3.375611900227092121e+00
5.562533595747939152e+00
5.375444429848060146e+00
3.923491499373933600e+00
2.790764397134815500e+00
-1.307890882403729346e-02
-1.429066478774254412e+00
-3.943461392892881001e+00
-4.812555354807308561e+00
-5.562532801325585474e+00
-5.375443634155264050e+00
-3.923490709540848886e+00
-2.790763604182647128e+00
1.307968556505927776e-02
1.429067257800869628e+00
3.943462150559080115e+00
4.812556125263861340e+00
5.131059277239001126e+00
4.416781509807755413e+00
2.115061851560922079e+00
7.362029168587209682e-01
-2.141577438155575663e+00
-3.378454895590752294e+00
-5.144171091597535828e+00
-5.512376162061084273e+00
-5.131058349306464095e+00
-4.416780576072608433e+00
-2.115060918931576772e+00
-7.362019860033542917e-01
2.141578342914040256e+00
3.378455810441747253e+00
5.144172042256840882e+00
5.512377103913888909e+00
3.917925255389411276e+00
2.787559633004248472e+00
-1.518211240702481771e-02
-1.428895026725887973e+00
-3.943153997081223494e+00
-4.810327080246865172e+00
-5.558002356416258394e+00
-5.370184515804633740e+00
-3.917924181634643510e+00
-2.787558542154462415e+00
1.518319219860280248e-02
1.428896118934023907e+00
3.943155078126661106e+00
4.810328171177812528e+00
5.558003467786339691e+00
5.370185614612503322e+00
2.113428431428815202e+00
7.351081653664913729e-01
-2.142166703157066809e+00
-3.378906420500071395e+00
-5.143626212699062172e+00
-5.511007147953045582e+00
-5.128442202887364409e+00
-4.414158736984203912e+00
-2.113427179859608263e+00
-7.351069013675065600e-01
2.142167968512664000e+00
3.378907696675380379e+00
5.143627512930477153e+00
5.511008455446343213e+00
5.128443482713313628e+00
4.414160001846766157e+00
-1.466841524296353706e-02
-1.430343691790895155e+00
-3.943817109562652856e+00
-4.812073140018686246e+00
-5.558999036983869324e+00
-5.370681767096950665e+00
-3.918787214768143734e+00
-2.786977204182477408e+00
1.466987645871347355e-02
1.430345153707111905e+00
3.943818577438509276e+00
4.812074630772986694e+00
5.559000544550219303e+00
5.370683261201611991e+00
3.918788670203173563e+00
2.786978661403413771e+00
-2.142113389914694910e+00
-3.377121146617302117e+00
-5.142645602273915983e+00
-5.509781522294808553e+00
-5.127539593824572250e+00
-4.414284883709814977e+00
-2.112609612721324748e+00
-7.360878094267977456e-01
2.142115062812686599e+00
3.377122823562782816e+00
5.142647297954042074e+00
5.509783232799507324e+00
5.127541284251426745e+00
4.414286555092107989e+00
2.112611272066087675e+00
7.360894904052079912e-01
-3.943531753879590429e+00
-4.812268691527381570e+00
-5.560783626700603222e+00
-5.373111495824179684e+00
-3.921247436624982097e+00
-2.788904192175014174e+00
1.378506676451492219e-02
1.429681562422941310e+00
3.943533663640914622e+00
4.812270605557183778e+00
5.560785553227391986e+00
5.373113407569316990e+00
3.921249316793981698e+00
2.788906084581265432e+00
-1.378313964958943934e-02
-1.429679634378368425e+00
-5.144876031759827661e+00
-5.513763324420398959e+00
-5.133477957520204527e+00
-4.419249871375173555e+00
-2.116470641541584818e+00
-7.372434320068093072e-01
2.141229525439860559e+00
3.378143004151614281e+00
5.144878191254207422e+00
5.513765468965986294e+00
5.133480079390815298e+00
4.419252003010383234e+00
2.116472788447044451e+00
7.372456030933329796e-01
-2.141227350372916227e+00
-3.378140838921581235e+00
-5.562026758166622287e+00
-5.375866795496992978e+00
-3.923656775120323292e+00
-2.792277673512339575e+00
1.311824783784077200e-02
1.426987503676630631e+00
3.942237797876677163e+00
4.810366570297614608e+00
5.562029099798209586e+00
5.375869132331850153e+00
3.923659163409485284e+00
2.792280084947300178e+00
-1.311582424973993695e-02
-1.426985065463502567e+00
-3.942235364197388847e+00
-4.810364157939323704e+00
-5.135410773255480343e+00
-4.421567690079069912e+00
-2.118370368167914020e+00
-7.388364233916153712e-01
2.138741200133177589e+00
3.375264578166177643e+00
5.142774473599015295e+00
5.513052929002409286e+00
5.135413331269043979e+00
4.421570309531052345e+00
2.118373053719182497e+00
7.388391239339204830e-01
-2.138738484572757947e+00
-3.375261869676829285e+00
-5.142771842863061771e+00
-5.513050371380272985e+00
-3.924828198792424949e+00
-2.792043430620146705e+00
1.054155571809128195e-02
1.425370580122053088e+00
3.937100641237250453e+00
4.806431400966204137e+00
5.559664610793263684e+00
5.374577384767674992e+00
3.924831113164771512e+00
2.792046392103725960e+00
-1.053860816536722998e-02
-1.425367614511071190e+00
-3.937097646786698490e+00
-4.806428473417396319e+00
-5.559661861686559625e+00
-5.374574627648260439e+00
-2.116114897906863135e+00
-7.397858592714896542e-01
2.134873370734116094e+00
3.368049540412537901e+00
5.134706209041287828e+00
5.505056718469105270e+00
5.129597030639291511e+00
4.417799287546161580e+00
2.116118112094489412e+00
7.397890814788034008e-01
-2.134870127141244911e+00
-3.368046297142940126e+00
-5.134703086824201179e+00
-5.505053706529477786e+00
-5.129593980334091974e+00
-4.417796140322825416e+00
9.534516491916267961e-03
1.424100350942754112e+00
3.933737398205849001e+00
4.803175370421377544e+00
5.556921922149399506e+00
5.372394413603110763e+00
3.924047685584061806e+00
2.791199988781358332e+00
-9.531066617139016470e-03
-1.424096883088278087e+00
-3.933733887656461814e+00
-4.803171942040040499e+00
-5.556918651916143759e+00
-5.372391128454503395e+00
-3.924044208288506752e+00
-2.791196478772420608e+00
2.137021707253349057e+00
3.373578857544865528e+00
5.141732920709860544e+00
5.513130418623542361e+00
5.137431664660676134e+00
4.423698390751829912e+00
2.120116887679413864e+00
7.400124204760447633e-01
-2.137017991760544966e+00
-3.373575160426249830e+00
-5.141729256597995956e+00
-5.513126824839564399e+00
-5.137427987981183719e+00
-4.423694656908153000e+00
-2.120113177798503390e+00
-7.400087113601868660e-01
3.947337993434826942e+00
4.817001461081243718e+00
5.572935674539666095e+00
5.387856515610797814e+00
3.933324639607856721e+00
2.800147548418793875e+00
-1.186240705322093476e-02
-1.427169666920979019e+00
-3.947334031511394059e+00
-4.816997529299035463e+00
-5.572931737281493270e+00
-5.387852561892520598e+00
-3.933320632909010239e+00
-2.800143556228587016e+00
1.186630238013389183e-02
1.427173568727613029e+00
5.161891668343838724e+00
5.533434957009892408e+00
5.154563485848803417e+00
4.438594864539732399e+00
2.126099269446531714e+00
7.423311726089980578e-01
-2.146815549612021812e+00
-3.387111083097916531e+00
-5.161887422505269996e+00
-5.533430719535530784e+00
-5.154559220194252944e+00
-4.438590607336798222e+00
-2.126095106776407118e+00
-7.423269959429115161e-01
2.146819715480414281e+00
3.387115235923082501e+00
5.576094772929256926e+00
5.389587875505519321e+00
3.934271169681026414e+00
2.799468953765744672e+00
-1.236904735596844329e-02
-1.430457616612167193e+00
-3.951425220100364122e+00
-4.822258957718672967e+00
-5.576090204812471640e+00
-5.389583343524249948e+00
-3.934266723701855817e+00
-2.799464526641247453e+00
1.237347724067570584e-02
1.430462036038942841e+00
3.951429674579368445e+00
4.822263431131787570e+00
5.116493313243144492e+00
4.406134746621802378e+00
2.108819356153510238e+00
7.367902542068078819e-01
-2.134756904716449633e+00
-3.365158296719268805e+00
-5.127993319732750521e+00
-5.495241271404141870e+00
-5.116488549830403798e+00
-4.406130142249115700e+00
-2.108814769588625015e+00
-7.367854534143918332e-01
2.134761693020861273e+00
3.365162919350980886e+00
5.127998092397796803e+00
5.495246144427225587e+00
3.885622752929939416e+00
2.761055315820760914e+00
-1.083701149693975206e-02
-1.416902188592282341e+00
-3.903057008699924779e+00
-4.765968089774446526e+00
-5.507091157980864793e+00
-5.321095183477110524e+00
-3.885618183621109001e+00
-2.761050755095225906e+00
1.084224317419386040e-02
1.416907393627703460e+00
3.903061719596522483e+00
4.765972945728349508e+00
5.507096540727443923e+00
5.321100473835266520e+00
2.090468888575611306e+00
7.242494025063274110e-01
-2.110499395091467889e+00
-3.336110692011328815e+00
-5.075646004710837822e+00
-5.440560288130381394e+00
-5.065270512778419665e+00
-4.357601261186004216e+00
-2.090463991835307844e+00
-7.242439987325453021e-01
2.110504824450750938e+00
3.336115723655858734e+00
5.075651164239217472e+00
5.440565985004791827e+00
5.065275911216983395e+00
4.357605943974999008e+00
-1.447981088966942588e-02
-1.421062032240799189e+00
-3.925059410888646294e+00
-4.788176046732453450e+00
-5.534141781206574073e+00
-5.347862622273901856e+00
-3.901993048353193050e+00
-2.777111403882210894e+00
1.448575583250299309e-02
1.421068007355570817e+00
3.925064622227517397e+00
4.788181317019580163e+00
5.534147614746846244e+00
5.347868271263435780e+00
3.901997658865558716e+00
2.777116158137586943e+00
-2.183274147241265783e+00
-3.444079907809722396e+00
-5.245565827214692334e+00
-5.621496390824967548e+00
-5.233529226145121171e+00
-4.505573617096110262e+00
-2.157672520670187222e+00
-7.519304748756523438e-01
2.183280014218113685e+00
3.444085893048534519e+00
5.245571513337349501e+00
5.621502003630369337e+00
5.233534451875391014e+00
4.505578543447427364e+00
2.157678080304230139e+00
7.519361312778580775e-01
-4.144575818644854692e+00
-5.001427879067608551e+00
-5.805641412428912851e+00
-5.621540842826968642e+00
-4.066121162220407648e+00
-2.949448748865057368e+00
5.480150128479961691e-02
1.450567576650573232e+00
4.144581847920198570e+00
5.001433785374004515e+00
5.805647411721552409e+00
5.621546831963624591e+00
4.066126534321245600e+00
2.949454445014801696e+00
-5.479609032702945082e-02
-1.450562124719204204e+00
-5.297292028493096439e+00
-5.621150829973522001e+00
-5.207421591017454610e+00
-4.581768743068333372e+00
-2.067125670314534425e+00
-8.584584056668130847e-01
2.284071177101568040e+00
3.367737183734272222e+00
5.297298619384232410e+00
5.621156811054400571e+00
5.207427966653415119e+00
4.581775498577735917e+00
2.067130938520935768e+00
8.584642237524305886e-01
-2.284065733497338435e+00
-3.367732060079638323e+00
