1.173935271631881272e-01
1.357995217853880110e+00
4.102994274676730058e+00
4.864742735074917945e+00
5.685113520789732533e+00
5.521788640549732285e+00
3.936970813831847771e+00
2.944244195988108714e+00
-1.173948528840258604e-01
-1.357996503629187224e+00
-4.102994754326285687e+00
-4.864743524421255572e+00
-5.685114124441043693e+00
-5.521789274203487530e+00
-3.936971562160096028e+00
-2.944244634592616983e+00
2.201083310576451346e+00
3.421955878053236866e+00
5.249021856028602606e+00
5.613892560505901130e+00
5.222153783247695635e+00
4.517286133841223794e+00
2.136218894400861323e+00
7.745150905988780199e-01
-2.201083916606791480e+00
-3.421956659555132507e+00
-5.249022282584443033e+00
-5.613892938944768041e+00
-5.222154122375367358e+00
-4.517286552267831823e+00
-2.136219653856817668e+00
-7.745156527651771983e-01
3.938843690229734129e+00
4.817120575102482150e+00
5.565281950640033948e+00
5.376971867605479183e+00
3.931652722912017506e+00
2.787065424482019882e+00
-5.084751366974837872e-03
-1.435465498750147617e+00
-3.938844133545586157e+00
-4.817120958375335604e+00
-5.565282064959138353e+00
-5.376971992661622401e+00
-3.931653113652915366e+00
-2.787065870506106879e+00
5.084687029728077699e-03
1.435465419411674937e+00
5.082846138033506378e+00
5.450866781805370209e+00
5.077619289051201967e+00
4.366666623581704876e+00
2.097991735170259719e+00
7.245332049334330948e-01
-2.110610163157425223e+00
-3.342022294800775395e+00
-5.082846114395558779e+00
-5.450866642635714854e+00
-5.077619223452796149e+00
-4.366666659941044415e+00
-2.097991721387819641e+00
-7.245331179449184811e-01
2.110610170703865585e+00
3.342022248047007427e+00
5.486079041557995417e+00
5.300103549740113884e+00
3.876642419682673868e+00
2.746245690234778714e+00
-3.677564775453171647e-03
-1.416324546622073965e+00
-3.881843598225439340e+00
-4.749231834850997203e+00
-5.486078499737563341e+00
-5.300103049382576259e+00
-3.876642227659905959e+00
-2.746245532860372762e+00
3.678001865836767487e-03
1.416324928785173798e+00
3.881843708221415223e+00
4.749232065232147804e+00
5.071952445965252743e+00
4.358804020849045280e+00
2.098091403435152991e+00
7.203905263576986240e-01
-2.104802023264438660e+00
-3.340017319185736078e+00
-5.074731429953273754e+00
-5.443888830127981748e+00
-5.071951740992833635e+00
-4.358803485983310466e+00
-2.098090871421163683e+00
-7.203898705936033764e-01
2.104802623657065830e+00
3.340017794410293561e+00
5.074732004732512181e+00
5.443889587174888689e+00
3.882706999124938996e+00
2.753560397416411565e+00
-5.892735076003937159e-03
-1.416977141696579512e+00
-3.891039677713848732e+00
-4.757468502949276257e+00
-5.496869047603376579e+00
-5.311099625102192689e+00
-3.882706217395150095e+00
-2.753559593538020600e+00
5.893694520550596221e-03
1.416978088747247622e+00
3.891040468485092330e+00
4.757469292785608594e+00
5.496870084555511404e+00
5.311100641876780770e+00
2.102348004926572145e+00
7.228976325307694406e-01
-2.110549567408101179e+00
-3.347333148201165010e+00
-5.087115859632517889e+00
-5.456742246001891949e+00
-5.083718764260046541e+00
-4.369665021441145214e+00
-2.102346885891526185e+00
-7.228964526010542846e-01
2.110550734894803160e+00
3.347334254360609052e+00
5.087117054489544543e+00
5.456743504940893885e+00
5.083720013032711371e+00
4.369666194329784759e+00
-4.343959820040298354e-03
-1.420858074610282129e+00
-3.896463029604688266e+00
-4.766225837981243885e+00
-5.506087751313629042e+00
-5.319603649101604326e+00
-3.890319622568719993e+00
-2.756828123480598691e+00
4.345395054068711474e-03
1.420859500072870985e+00
3.896464492350839581e+00
4.766227310697561670e+00
5.506089276418415501e+00
5.319605173723156000e+00
3.890321091928954811e+00
2.756829583586423382e+00
-2.111422676439516977e+00
-3.346033250228865885e+00
-5.087029103134398156e+00
-5.456006272216253450e+00
-5.082722952956474138e+00
-4.369923762061165284e+00
-2.101024837630165898e+00
-7.239981127355583634e-01
2.111424421203952573e+00
3.346034998217541467e+00
5.087030903332997234e+00
5.456008067519851679e+00
5.082724746489737377e+00
4.369925547214248418e+00
2.101026582900127337e+00
7.239998564147828164e-01
-3.895529717189774033e+00
-4.764926456300729640e+00
-5.504653984488584229e+00
-5.318248567319352915e+00
-3.889224872935113098e+00
-2.756210509029939804e+00
4.460063487580654025e-03
1.420377738827469427e+00
3.895531825798052683e+00
4.764928540494070219e+00
5.504656028228612996e+00
5.318250610207147844e+00
3.889226944732907754e+00
2.756212593661258925e+00
-4.458031959755069142e-03
-1.420375707311571256e+00
-5.086864737293364414e+00
-5.456507729235837267e+00
-5.083517454328573493e+00
-4.369432350382975727e+00
-2.102312103571878144e+00
-7.228012040745694922e-01
2.110398201927548456e+00
3.347236015605993042e+00
5.086867092995201567e+00
5.456510057182284434e+00
5.083519793644052598e+00
4.369434705087096305e+00
2.102314465946976796e+00
7.228035650471552609e-01
-2.110395818765390619e+00
-3.347233639131155680e+00
-5.502444084649795286e+00
-5.316362317136377413e+00
-3.886984357457136330e+00
-2.755936051030246858e+00
5.419021414293481893e-03
1.418879577816138049e+00
3.894647239982591991e+00
4.762535367501785188e+00
5.502446707614517152e+00
5.316364940842249531e+00
3.886987013693493864e+00
2.755938731535080954e+00
-5.416361319966871320e-03
-1.418876906960551798e+00
-3.894644536251316680e+00
-4.762532701176415806e+00
-5.083159629522080891e+00
-4.369227320895652689e+00
-2.102080358619550893e+00
-7.228645983350663329e-01
2.110367883764692643e+00
3.346941011698966850e+00
5.086592710477487955e+00
5.456156857107352209e+00
5.083162555642838143e+00
4.369230271890138795e+00
2.102083328719878352e+00
7.228675674034016341e-01
-2.110364880992164238e+00
-3.346938031332917785e+00
-5.086589759921285925e+00
-5.456153922463115258e+00
-3.888730695501664503e+00
-2.755835737249636264e+00
4.441653034897383862e-03
1.420209784894641558e+00
3.895011070137624376e+00
4.764316275452416427e+00
5.503939348384879970e+00
5.317553969723652685e+00
3.888733961935547878e+00
2.755839016385330353e+00
-4.438362969937528248e-03
-1.420206494451464740e+00
-3.895007771181917988e+00
-4.764313000303384449e+00
-5.503936112938602854e+00
-5.317550733000307339e+00
-2.100832033884561412e+00
-7.235709399837229050e-01
2.110720457845678411e+00
3.345541043506724765e+00
5.085843295943242914e+00
5.454883955876179691e+00
5.081750659551528493e+00
4.368830209875428139e+00
2.100835625681758856e+00
7.235745307597142295e-01
-2.110716856516342776e+00
-3.345537443348864048e+00
-5.085839710608767383e+00
-5.454880383438510449e+00
-5.081747084468970499e+00
-4.368826631488509804e+00
4.502083757578877708e-03
1.420151818730577942e+00
3.895055070985652179e+00
4.764287790281693802e+00
5.503941938121626798e+00
5.317572371043131518e+00
3.888693533975095207e+00
2.755893158193295278e+00
-4.498169523286040146e-03
-1.420147905117449483e+00
-3.895051170097108439e+00
-4.764283891305241880e+00
-5.503938039569074014e+00
-5.317568470807852776e+00
-3.888689629310441820e+00
-2.755889253780791748e+00
2.110413556813187430e+00
3.347028874801571963e+00
5.086716229616655482e+00
5.456293596819287828e+00
5.083292720930517206e+00
4.369336108739346969e+00
2.102143064260028726e+00
7.228800623934046321e-01
-2.110409319004534101e+00
-3.347024649029840759e+00
-5.086712006014899146e+00
-5.456289372654241632e+00
-5.083288491982843382e+00
-4.369331878512164202e+00
-2.102138824512488569e+00
-7.228758232869285649e-01
3.894776450037296556e+00
4.762828302141115522e+00
5.502730006728377532e+00
5.316613940079981226e+00
3.887258230391251512e+00
2.755996865629424697e+00
-5.316188774401580525e-03
-1.419042473288432804e+00
-3.894771889086550587e+00
-4.762823752761841334e+00
-5.502725454452304099e+00
-5.316609374391078724e+00
-3.887253672792613912e+00
-2.755992318963836674e+00
5.320754291281333710e-03
1.419047027364127800e+00
5.086694760284905747e+00
5.456260987159939013e+00
5.083258178801251859e+00
4.369323846372472175e+00
2.102115224472031585e+00
7.228950041304553764e-01
-2.110413608577943023e+00
-3.346990425255474744e+00
-5.086689873153249053e+00
-5.456256087164877755e+00
-5.083253273296226560e+00
-4.369318961514543354e+00
-2.102110330120493753e+00
-7.228901106747133154e-01
2.110418489710369272e+00
3.346995314173227598e+00
5.503939352932132323e+00
5.317569234164368552e+00
3.888696622258835056e+00
2.755888870363380150e+00
-4.491576341119516910e-03
-1.420150218198586778e+00
-3.895043185954623510e+00
-4.764281673325698740e+00
-5.503934123304783377e+00
-5.317564001528071849e+00
-3.888691387192709570e+00
-2.755883647115620949e+00
4.496808183908862673e-03
1.420155439133643283e+00
3.895048413121392716e+00
4.764286899139941411e+00
5.081827070859874063e+00
4.368867399179213074e+00
2.100892470942885559e+00
7.235548219337620823e-01
-2.110711110182339034e+00
-3.345599897980738202e+00
-5.085887487641135074e+00
-5.454949596729584904e+00
-5.081821476391766623e+00
-4.368861825192661641e+00
-2.100886918853533736e+00
-7.235492607198066306e-01
2.110716680282070712e+00
3.345605476382969901e+00
5.085893053955341969e+00
5.454955164652083077e+00
3.888732533766128263e+00
2.755889472127598605e+00
-4.472344176062039572e-03
-1.420174907636270634e+00
-3.895050883951715726e+00
-4.764316521534661675e+00
-5.503964676529150779e+00
-5.317589185061899038e+00
-3.888726622070431294e+00
-2.755883581264237492e+00
4.478255302607730103e-03
1.420180818009312285e+00
3.895056813257808948e+00
4.764322451794683388e+00
5.503970597591634650e+00
5.317595106556534112e+00
2.102113954544679419e+00
7.229023019574564168e-01
-2.110417603970335954e+00
-3.346986383261505438e+00
-5.086693398753623363e+00
-5.456258025610736695e+00
-5.083255339391499206e+00
-4.369325885190471936e+00
-2.102107714689147144e+00
-7.228960509887322194e-01
2.110423874919918674e+00
3.346992665199118200e+00
5.086699695609092409e+00
5.456264322750227436e+00
5.083261608856233238e+00
4.369332132954831138e+00
-5.344535110849620366e-03
-1.418992320666198736e+00
-3.894743275724484644e+00
-4.762747396253200094e+00
-5.502657920968315075e+00
-5.316553414979192205e+00
-3.887186036692126478e+00
-2.755987073195407255e+00
5.351136412468327982e-03
1.418998931996962032e+00
3.894749923257771140e+00
4.762754048073877478e+00
5.502664558548326035e+00
5.316560035361860947e+00
3.887192620053037118e+00
2.755993649214599106e+00
-2.110359831188832747e+00
-3.347031849935694581e+00
-5.086667354589030410e+00
-5.456263319892729058e+00
-5.083277040155788740e+00
-4.369288169834519842e+00
-2.102163305192889631e+00
-7.228362095065058446e-01
2.110366814512260714e+00
3.347038848198086392e+00
5.086674395197571918e+00
5.456270347078985949e+00
5.083283993321070504e+00
4.369295077041267739e+00
2.102170241545072926e+00
7.228431492911722156e-01
-3.894956695818452275e+00
-4.764192823236315100e+00
-5.503827807616564982e+00
-5.317459740258772882e+00
-3.888626983413024263e+00
-2.755822460358310799e+00
4.484273141372245933e-03
1.420138382198139482e+00
3.894964071348614443e+00
4.764200217984710939e+00
5.503835170845588820e+00
5.317467046750809168e+00
3.888634246804270500e+00
2.755829731043850206e+00
-4.476961836352274550e-03
-1.420131071306763193e+00
-5.085661722527595963e+00
-5.454655728788754487e+00
-5.081524970895446636e+00
-4.368700178091287079e+00
-2.100689933171429935e+00
-7.236109060055369024e-01
2.110698270077371763e+00
3.345354454822670576e+00
5.085669501731346465e+00
5.454663481777680900e+00
5.081532619819858709e+00
4.368707778682822784e+00
2.100697608822441609e+00
7.236185977684004289e-01
-2.110690618516512185e+00
-3.345346753654380834e+00
-5.504169713558891175e+00
-5.317762391587838700e+00
-3.888946973719781042e+00
-2.755899930037005507e+00
4.374778967128329851e-03
1.420331817926739015e+00
3.895128251769691907e+00
4.764550534580302532e+00
5.504177797476904388e+00
5.317770418188918491e+00
3.888954977136672486e+00
2.755907942339069550e+00
-4.366746254823113474e-03
-1.420323766713665448e+00
-3.895120176502873122e+00
-4.764542417397610308e+00
-5.083934035129012763e+00
-4.369870411132854571e+00
-2.102422176475754245e+00
-7.229491477922124210e-01
2.110657372267942922e+00
3.347459633144969526e+00
5.087343535015697249e+00
5.456979472247186713e+00
5.083942417082088383e+00
4.369878778523657914e+00
2.102430647486400517e+00
7.229576232551961912e-01
-2.110649033250175943e+00
-3.347451267494968796e+00
-5.087335074883815089e+00
-5.456971026737422292e+00
-3.887821241814447770e+00
-2.756814479813275653e+00
5.626320003071417011e-03
1.419033553472775822e+00
3.895771409324638057e+00
4.763628112071954135e+00
5.503836853958632425e+00
5.317765844617850846e+00
3.887830077354970548e+00
2.756823321715669461e+00
-5.617537247272133896e-03
-1.419024752348409635e+00
-3.895762688573827681e+00
-4.763619382830080795e+00
-5.503828088830780452e+00
-5.317757079846614054e+00
-2.103077523050138176e+00
-7.230232688003885855e-01
2.111099461021876511e+00
3.348422416713317418e+00
5.088623347840409039e+00
5.458415579614197988e+00
5.085312048099206450e+00
4.370948071934785517e+00
2.103086737037338949e+00
7.230324758910753324e-01
-2.111090339613225009e+00
-3.348413311582352669e+00
-5.088614301765255199e+00
-5.458406525780957530e+00
-5.085302852127382423e+00
-4.370938868685676937e+00
4.437391615353816245e-03
1.420332351619591815e+00
3.895344264836719805e+00
4.764728422767661620e+00
5.504422598610026363e+00
5.318024922305230717e+00
3.889086266166986050e+00
2.756088751708167806e+00
-4.427925140133805691e-03
-1.420322753762567114e+00
-3.895334790247946266e+00
-4.764719080148410058e+00
-5.504413196267299746e+00
-5.318015366981221348e+00
-3.889076599734975659e+00
-2.756079224927997728e+00
2.109001304913709074e+00
3.341581164027401130e+00
5.080697743468281402e+00
5.449073118712304264e+00
5.076203771177348223e+00
4.364578503015851929e+00
2.098129978812691476e+00
7.233654872202709418e-01
-2.108991274016767115e+00
-3.341571121619469231e+00
-5.080688141350372611e+00
-5.449063520383635506e+00
-5.076193655715176334e+00
-4.364568396920311066e+00
-2.098120269058734610e+00
-7.233557720595752416e-01
3.885529603883391747e+00
4.753811266245787870e+00
5.491351713481656738e+00
5.305191428058189551e+00
3.880416458330899321e+00
2.748855541382999590e+00
-3.619228670589682683e-03
-1.417718241100172527e+00
-3.885519306705242482e+00
-4.753801303661044919e+00
-5.491341705266123974e+00
-5.305181033137457369e+00
-3.880405989628564090e+00
-2.748845376354114300e+00
3.629345122564061298e-03
1.417728622206392286e+00
5.069879624220495096e+00
5.438663672356057077e+00
5.067083557204264288e+00
4.354670568994127855e+00
2.096048543493790994e+00
7.197616113445055586e-01
-2.102813379003937833e+00
-3.336757853850758959e+00
-5.069869484309776908e+00
-5.438653447339274472e+00
-5.067072685772708418e+00
-4.354659574085739671e+00
-2.096038153910933399e+00
-7.197512963398866592e-01
2.102824286559642264e+00
3.336768628980702367e+00
5.498810630591846049e+00
5.313223985203433308e+00
3.883431350729162457e+00
2.755354554552128743e+00
-6.814867492050601279e-03
-1.416559545418703214e+00
-3.893052307497814724e+00
-4.758660851261960367e+00
-5.498799809617298529e+00
-5.313212939147487823e+00
-3.883420332098278305e+00
-2.755343688747765363e+00
6.825751242034667175e-03
1.416570548533473861e+00
3.893063300055723541e+00
4.758671662223163068e+00
5.139720389059658778e+00
4.418364461268704524e+00
2.125059947878185085e+00
7.314955571298016324e-01
-2.134421911729071475e+00
-3.383856730551539904e+00
-5.143581338181966167e+00
-5.516994892481300816e+00
-5.139708846739837966e+00
-4.418352832947848974e+00
-2.125049070616631397e+00
-7.314847216121029838e-01
2.134433625091611386e+00
3.383868358639569696e+00
5.143592306940157677e+00
5.517005904657064974e+00
3.982342968688075580e+00
2.863920983450727320e+00
-3.508945525656935460e-02
-1.432768685278301923e+00
-4.031949055864569864e+00
-4.890148971975956549e+00
-5.666955145441457731e+00
-5.482956955127497700e+00
-3.982330785548211960e+00
-2.863909117860781173e+00
3.510094631064922255e-02
1.432780638318121191e+00
4.031960371273991761e+00
4.890160075489874636e+00
5.666966611078296800e+00
5.482968495207309445e+00
2.067157046995798719e+00
8.584873236204282332e-01
-2.284040191638541994e+00
-3.367703134391056174e+00
-5.297271608707514012e+00
-5.621141098983343909e+00
-5.207440572235326748e+00
-4.581793256896808941e+00
-2.067144282694059143e+00
-8.584742194127868986e-01
2.284051077221197712e+00
3.367714599816042487e+00
5.297283461286390605e+00
5.621152611662941112e+00
5.207452790605947790e+00
4.581804885413963468e+00
