1.173935271631881272e-01
1.357995217853880110e+00
4.102994274676730058e+00
4.864742735074917945e+00
5.685113520789732533e+00
5.521788640549732285e+00
3.936970813831847771e+00
2.944244195988108714e+00
-1.173948528840258604e-01
-1.357996503629187224e+00
-4.102994754326285687e+00
-4.864743524421255572e+00
-5.685114124441043693e+00
-5.521789274203487530e+00
-3.936971562160096028e+00
-2.944244634592616983e+00
2.199687158537859233e+00
3.420958467981117579e+00
5.246650245968412563e+00
5.611640118430131885e+00
5.220195991652798462e+00
4.515098130220852823e+00
2.135821754418945506e+00
7.736732136490291900e-01
-2.199687762084280518e+00
-3.420959246646033236e+00
-5.246650673241724405e+00
-5.611640496715195603e+00
-5.220196330654047756e+00
-4.515098549353645296e+00
-2.135822511948673341e+00
-7.736737743719234173e-01
3.937468030754543769e+00
4.815702674956260587e+00
5.563531876114414132e+00
5.375230855638930549e+00
3.930553417639687463e+00
2.786021158078836990e+00
-4.889341376368819964e-03
-1.435201305337544753e+00
-3.937468470943751520e+00
-4.815703056572285590e+00
-5.563531989306678582e+00
-5.375230979630139849e+00
-3.930553807093381202e+00
-2.786021601697310057e+00
4.889279016058673336e-03
1.435201228360699854e+00
5.081699655404203320e+00
5.449759677989917783e+00
5.076647078766892918e+00
4.365618342653052153e+00
2.097763297046618902e+00
7.241578024996208063e-01
-2.109961014045802496e+00
-3.341504908546531816e+00
-5.081699629818179353e+00
-5.449759537311746449e+00
-5.076647011760909933e+00
-4.365618377381562887e+00
-2.097763279837438155e+00
-7.241577122215265838e-01
2.109961025650533895e+00
3.341504866128333529e+00
5.484960867512939764e+00
5.298964366907136458e+00
3.876013267450852062e+00
2.745488807139174980e+00
-3.449158243698086795e-03
-1.416255764535481854e+00
-3.880891422265677626e+00
-4.748377667689151593e+00
-5.484960324331502157e+00
-5.298963865278695451e+00
-3.876013072310226626e+00
-2.745488645260854899e+00
3.449599379961762816e-03
1.416256151145885100e+00
3.880891537496720112e+00
4.748377901703984882e+00
5.070702362219395631e+00
4.357504865224104407e+00
2.097757880609936176e+00
7.199621950065422382e-01
-2.104023614945119469e+00
-3.339323911247308541e+00
-5.073297062082255948e+00
-5.442479868208510041e+00
-5.070701654971966121e+00
-4.357504327072420303e+00
-2.097757343388524820e+00
-7.199615344192250577e-01
2.104024220524305822e+00
3.339324392044522583e+00
5.073297640870380043e+00
5.442480627782290803e+00
3.881622554371784606e+00
2.752447895525163446e+00
-5.639669488065778696e-03
-1.416759141362971430e+00
-3.889597336831149388e+00
-4.756047693102581242e+00
-5.495082336767955766e+00
-5.309308301842278865e+00
-3.881621768170510300e+00
-2.752447085815119099e+00
5.640633989798305749e-03
1.416760093522983599e+00
3.889598133132783353e+00
4.756048488314662315e+00
5.495083377154100113e+00
5.309309321952368599e+00
2.101822208967960570e+00
7.223827454071664045e-01
-2.109549214057984123e+00
-3.346323011824098081e+00
-5.085175343513780533e+00
-5.454798810580860469e+00
-5.081974819885740402e+00
-4.367926727793149055e+00
-2.101821084415388174e+00
-7.223815599201129922e-01
2.109550387115015191e+00
3.346324123614051071e+00
5.085176543609001065e+00
5.454800074462330173e+00
5.081976073732095145e+00
4.367927906231665602e+00
-4.088236691247845722e-03
-1.420579698600745289e+00
-3.894846863065430931e+00
-4.764595763623190372e+00
-5.504057874013819962e+00
-5.317576760349481013e+00
-3.889065110315853779e+00
-2.755591737026452215e+00
4.089677931280458895e-03
1.420581130059942021e+00
3.894848331470134539e+00
4.764597242075533146e+00
5.504059404923170362e+00
5.317578290945047748e+00
3.889066585792173569e+00
2.755593202848554135e+00
-2.110434245927844898e+00
-3.345034976217481582e+00
-5.085111574794165534e+00
-5.454085808282988168e+00
-5.080999600920272030e+00
-4.368206097550900502e+00
-2.100505164056373442e+00
-7.234894157318341179e-01
2.110435996819489457e+00
3.345036730166059513e+00
5.085113381024113366e+00
5.454087610053965918e+00
5.081001401276737717e+00
4.368207889225299567e+00
2.100506915393493212e+00
7.234911656038400807e-01
-3.893991199235779632e+00
-4.763386005828240677e+00
-5.502729916495712637e+00
-5.316324923718945605e+00
-3.888042350565176886e+00
-2.755030505931372442e+00
4.208352791485260418e-03
1.420122878354018958e+00
3.893993313818620017e+00
4.763388096306881536e+00
5.502731967707743976e+00
5.316326974191796673e+00
3.888044429001456859e+00
2.755032596844393389e+00
-4.206314827452335009e-03
-1.420120840428505282e+00
-5.085021751819693847e+00
-5.454665751420959552e+00
-5.081866516803148492e+00
-4.367779489315493535e+00
-2.101820292587135430e+00
-7.223056605604082359e-01
2.109442790553476499e+00
3.346283944257735676e+00
5.085024114531575101e+00
5.454668087133972776e+00
5.081868863945611103e+00
4.367781851215902122e+00
2.101822661420668759e+00
7.223080280924685237e-01
-2.109440401060743042e+00
-3.346281561588474229e+00
-5.500573472451662838e+00
-5.314490469007423279e+00
-3.885839209907715031e+00
-2.754783311517142064e+00
5.167917264890945286e-03
1.418637960511917484e+00
3.893146955878072024e+00
4.761040909460771076e+00
5.500576103612304202e+00
5.314493100902528688e+00
3.885841873188793816e+00
2.754785998691800408e+00
-5.165250489051822179e-03
-1.418635283041064232e+00
-3.893144245760621569e+00
-4.761038236202219665e+00
-5.081516064907676267e+00
-4.367580446618148038e+00
-2.101591889885247255e+00
-7.223697128790335098e-01
2.109415121381513547e+00
3.345993994312190356e+00
5.084756814356451216e+00
5.454322689268903623e+00
5.081518999042861751e+00
4.367583405029895616e+00
2.101594866708178522e+00
7.223726887475898639e-01
-2.109412112022770458e+00
-3.345991007375435533e+00
-5.084753856384262249e+00
-5.454319746640433841e+00
-3.887571832932301241e+00
-2.754672826077190884e+00
4.190197505581659543e-03
1.419963389147006261e+00
3.893496569888386105e+00
4.762804881377173949e+00
5.502048989528140588e+00
5.315662961000368725e+00
3.887575106406132797e+00
2.754676112040190361e+00
-4.186900653910866771e-03
-1.419960091924602263e+00
-3.893493264198900849e+00
-4.762801599159478094e+00
-5.502045746128950476e+00
-5.315659716360578990e+00
-2.100342769270158172e+00
-7.230751930598871002e-01
2.109766055103294402e+00
3.344592442728423709e+00
5.084004277197530897e+00
5.453046683231302261e+00
5.080104332928777389e+00
4.367180542495057161e+00
2.100346367747431664e+00
7.230787905882229971e-01
-2.109762447064010615e+00
-3.344588835818191441e+00
-5.084000684725363151e+00
-5.453043103392698043e+00
-5.080100750601506121e+00
-4.367176957146175376e+00
4.250450448001586584e-03
1.419904022868346383e+00
3.893536162345776042e+00
4.762771235621536370e+00
5.502045520551274826e+00
5.315675467079880256e+00
3.887530524334128490e+00
2.754727079068655549e+00
-4.246529690210235075e-03
-1.419900102680325293e+00
-3.893532254718699015e+00
-4.762767329763573976e+00
-5.502041615039424904e+00
-5.315671560005226226e+00
-3.887526613170192213e+00
-2.754723168148874191e+00
2.109455279127287586e+00
3.346073792428402527e+00
5.084867596034356119e+00
5.454445930762215511e+00
5.081636675723329333e+00
4.367678229596593908e+00
2.101649676634325115e+00
7.223830982574480641e-01
-2.109451035037485767e+00
-3.346069560219449457e+00
-5.084863365836548077e+00
-5.454441700051372521e+00
-5.081632440597206646e+00
-4.367673993281807832e+00
-2.101645430752943078e+00
-7.223788529655399415e-01
3.893263547574190575e+00
4.761319177627957089e+00
5.500842137617032890e+00
5.314725280501742866e+00
3.886101307708306418e+00
2.754835017013744114e+00
-5.064493412919640093e-03
-1.418796936300171119e+00
-3.893258980531231206e+00
-4.761314622037694733e+00
-5.500837579393844656e+00
-5.314720709130731358e+00
-3.886096744569372152e+00
-2.754830464725089190e+00
5.069064654632697738e-03
1.418801496207574342e+00
5.084847368098887266e+00
5.454414635690240765e+00
5.081603351247119704e+00
4.367667044119847297e+00
2.101622317670359674e+00
7.223982462804003912e-01
-2.109455864896919497e+00
-3.346036122126383905e+00
-5.084842475296391662e+00
-5.454409730252646860e+00
-5.081598440794464544e+00
-4.367662154291740428e+00
-2.101617418248839630e+00
-7.223933476760546757e-01
2.109460751350543006e+00
3.346041016557536718e+00
5.502043958330900431e+00
5.315673340359271748e+00
3.887534283647611666e+00
2.754723375603828295e+00
-4.240016222203571612e-03
-1.419902605572429755e+00
-3.893525053630711330e+00
-4.762765960534270704e+00
-5.502038723990647640e+00
-5.315668103294052038e+00
-3.887529044344261386e+00
-2.754718147960634855e+00
4.245252597818788103e-03
1.419907831111641761e+00
3.893530285735748109e+00
4.762771191416312000e+00
5.080179240262718388e+00
4.367216479113413818e+00
2.100402564397346072e+00
7.230589107178586605e-01
-2.109756122970032788e+00
-3.344650282361381066e+00
-5.084046987874216939e+00
-5.453110714045817708e+00
-5.080173642234030673e+00
-4.367210901567446513e+00
-2.100397008549637512e+00
-7.230533456609040677e-01
2.109761697010821724e+00
3.344655864868763651e+00
5.084052558492411222e+00
5.453116286118518730e+00
3.887569269840100095e+00
2.754723278021544264e+00
-4.220754839807378325e-03
-1.419926984060671415e+00
-3.893531788519166259e+00
-4.762799671914875077e+00
-5.502067941879070112e+00
-5.315691987069679492e+00
-3.887563355144074695e+00
-2.754717384064976571e+00
4.226669090060900316e-03
1.419932897612163014e+00
3.893537721145639896e+00
4.762805605474910386e+00
5.502073866099424393e+00
5.315697911613903592e+00
2.101620719241639623e+00
7.224053238849668102e-01
-2.109459398522436135e+00
-3.346031522445513939e+00
-5.084845021250149699e+00
-5.454410657147523267e+00
-5.081599578047550025e+00
-4.367668203873019017e+00
-2.101614476926552122e+00
-7.223990705102995014e-01
2.109465671886055826e+00
3.346037806759484923e+00
5.084851320182657730e+00
5.454416956322077681e+00
5.081605849966474686e+00
4.367674454191914357e+00
-5.092810698606450165e-03
-1.418747245058662454e+00
-3.893231483225116030e+00
-4.761239680664330898e+00
-5.500771645478932825e+00
-5.314666279982267483e+00
-3.886030257700293866e+00
-2.754825977651104374e+00
5.099413660510351831e-03
1.418753858049219385e+00
3.893238131992077022e+00
4.761246333424473676e+00
5.500778284263814655e+00
5.314672902054852877e+00
3.886036843238458882e+00
2.754832555678405459e+00
-2.109404110974641533e+00
-3.346080543321932055e+00
-5.084824643308153647e+00
-5.454421933439991044e+00
-5.081626798381204679e+00
-4.367635389189633344e+00
-2.101672215209915429e+00
-7.223401870653360923e-01
2.109411095103577161e+00
3.346087542028168826e+00
5.084831683430111049e+00
5.454428960384572811e+00
5.081633753057333891e+00
4.367642298328448192e+00
2.101679152844080356e+00
7.223471278919794125e-01
-3.893447486089210763e+00
-4.762687649328388950e+00
-5.501944718721143879e+00
-5.315575795242024171e+00
-3.887473126095221332e+00
-2.754663340325765208e+00
4.233009819807600528e-03
1.419893701239032691e+00
3.893454860762044945e+00
4.762695042489311525e+00
5.501952081200623290e+00
5.315583102268061744e+00
3.887480391029094928e+00
2.754670612009994191e+00
-4.225698283986762012e-03
-1.419886390090156381e+00
-5.083837401056328531e+00
-5.452833883799952375e+00
-5.079892835804455942e+00
-4.367063267704709872e+00
-2.100206069855925950e+00
-7.231177985575339973e-01
2.109750438350719293e+00
3.344414904910507413e+00
5.083845177463110154e+00
5.452841634452837205e+00
5.079900485214229988e+00
4.367070869413702816e+00
2.100213745458009207e+00
7.231254898261969544e-01
-2.109742787307260059e+00
-3.344407204983927961e+00
-5.502278802054093809e+00
-5.315870979849976585e+00
-3.887787308654588436e+00
-2.754737206362490642e+00
4.123894796595306556e-03
1.420084762162476144e+00
3.893613781046862066e+00
4.763038407426744669e+00
5.502286883539815321e+00
5.315879005602866414e+00
3.887795312342231746e+00
2.754745218209997404e+00
-4.115863349174976246e-03
-1.420076712122873452e+00
-3.893605708141196331e+00
-4.763030293668314208e+00
-5.082252736943925875e+00
-4.368190706051936267e+00
-2.101918407378550402e+00
-7.224484473812033958e-01
2.109688529424010195e+00
3.346488036268723931e+00
5.085469599017735653e+00
5.455104709661233287e+00
5.082261117903892789e+00
4.368199072841422392e+00
2.101926876626317497e+00
7.224569207421490669e-01
-2.109680192188602810e+00
-3.346479672935295913e+00
-5.085461142752637720e+00
-5.455096267683838818e+00
-3.886607298113181397e+00
-2.755609557594620007e+00
5.372654488691537035e-03
1.418768620045755657e+00
3.894198740030380357e+00
4.762048517096591382e+00
5.501866409298417082e+00
5.315796880883843833e+00
3.886616131824299547e+00
2.755618397144470766e+00
-5.363874356316761065e-03
-1.418759821483767558e+00
-3.894190022217744573e+00
-4.762039791488869689e+00
-5.501857647393869399e+00
-5.315788118336059576e+00
-2.102536952879490162e+00
-7.225047701845820347e-01
2.110086434447674186e+00
3.347389603293352778e+00
5.086650136610173512e+00
5.456436445090560028e+00
5.083534518430637306e+00
4.369181965287454616e+00
2.102546163672790236e+00
7.225139738250466737e-01
-2.110077315812705301e+00
-3.347380501292382515e+00
-5.086641094070192715e+00
-5.456427394613442949e+00
-5.083525325244407256e+00
-4.369172764488253868e+00
4.180596434888941663e-03
1.420064360091767508e+00
3.893752716009603709e+00
4.763129992094072840e+00
5.502428575146747214e+00
5.316032360134954615e+00
3.887857846803208783e+00
2.754869297829651842e+00
-4.171133452690037845e-03
-1.420054765744491299e+00
-3.893743244834400485e+00
-4.763120652787705467e+00
-5.502419175954790020e+00
-5.316022808226458451e+00
-3.887848183779619937e+00
-2.754859774448277232e+00
2.108083800359966009e+00
3.340694293247144397e+00
5.078950224789992696e+00
5.447334736574692471e+00
5.074649872395060157e+00
4.363006913154484856e+00
2.097679994545256221e+00
7.228813452861417854e-01
-2.108073773345570334e+00
-3.340684254928446340e+00
-5.078940624907978041e+00
-5.447325140434810642e+00
-5.074639761576205998e+00
-4.362996811630174498e+00
-2.097670288194910970e+00
-7.228716336603063786e-01
3.884332113994679148e+00
4.752673522296990249e+00
5.489898895927853850e+00
5.303725774355307898e+00
3.879559358301492011e+00
2.747920579109047079e+00
-3.378499614836802650e-03
-1.417574828269781317e+00
-3.884321819690298661e+00
-4.752663561288275496e+00
-5.489888889917371451e+00
-5.303715383644385106e+00
-3.879548894972861817e+00
-2.747910418572687696e+00
3.388612310182672130e-03
1.417585205259562331e+00
5.068759202728656987e+00
5.437584895888718961e+00
5.066137866553447111e+00
4.353644369089079369e+00
2.095831614808151500e+00
7.193891740567371906e-01
-2.102174502083599350e+00
-3.336258416344307864e+00
-5.068749063612215444e+00
-5.437574672810725929e+00
-5.066126999097686934e+00
-4.353633379903013356e+00
-2.095821229406050534e+00
-7.193788622413761491e-01
2.102185405272051444e+00
3.336269188814662279e+00
5.497663998664318541e+00
5.312057473761432114e+00
3.882781516581528258e+00
2.754584018334312656e+00
-6.587212022563776644e-03
-1.416482740163208076e+00
-3.892080571825536683e+00
-4.757781734398982110e+00
-5.497653180510509330e+00
-5.312046429859229590e+00
-3.882770502083880970e+00
-2.754573156641864085e+00
6.598092779984457076e-03
1.416493739788310169e+00
3.892091563142462185e+00
4.757792543761071080e+00
5.138178290500374779e+00
4.416857047940466963e+00
2.124570738351803101e+00
7.310733661083981261e-01
-2.133571679063218873e+00
-3.382946423451515638e+00
-5.141889733124816786e+00
-5.515285312654990335e+00
-5.138166749158497915e+00
-4.416845422499704021e+00
-2.124559863280775396e+00
-7.310625318708874332e-01
2.133583389291994425e+00
3.382958050224158075e+00
5.141900700748584185e+00
5.515296322635848902e+00
3.981068472209781106e+00
2.862281208555490064e+00
-3.454879258909091672e-02
-1.432684511396598470e+00
-4.029909981703181820e+00
-4.888390190829718485e+00
-5.664612082924500136e+00
-5.480553791467877467e+00
-3.981056292834783239e+00
-2.862269347001386244e+00
3.456028249194973562e-02
1.432696461806918231e+00
4.029921300230489223e+00
4.888401296128469298e+00
5.664623547598556463e+00
5.480565333238349268e+00
2.067157046995798719e+00
8.584873236204282332e-01
-2.284040191638541994e+00
-3.367703134391056174e+00
-5.297271608707514012e+00
-5.621141098983343909e+00
-5.207440572235326748e+00
-4.581793256896808941e+00
-2.067144282694059143e+00
-8.584742194127868986e-01
2.284051077221197712e+00
3.367714599816042487e+00
5.297283461286390605e+00
5.621152611662941112e+00
5.207452790605947790e+00
4.581804885413963468e+00
