1.173935271631881272e-01
1.357995217853880110e+00
4.102994274676730058e+00
4.864742735074917945e+00
5.685113520789732533e+00
5.521788640549732285e+00
3.936970813831847771e+00
2.944244195988108714e+00
-1.173948528840258604e-01
-1.357996503629187224e+00
-4.102994754326285687e+00
-4.864743524421255572e+00
-5.685114124441043693e+00
-5.521789274203487530e+00
-3.936971562160096028e+00
-2.944244634592616983e+00
2.181295463670580137e+00
3.409284026532124923e+00
5.216604559050318279e+00
5.583601952706976235e+00
5.196096906856016773e+00
4.487120863299830731e+00
2.131786007041155617e+00
7.621453721565674133e-01
-2.181296037779351771e+00
-3.409284771170185468e+00
-5.216604996183662912e+00
-5.583602327694011436e+00
-5.196097241677253287e+00
-4.487121290190561496e+00
-2.131786740218742260e+00
-7.621459149492355589e-01
3.919300288322260073e+00
4.797421581488237052e+00
5.540744809045793140e+00
5.352468166283283146e+00
3.916495547834859092e+00
2.772110894440410256e+00
-1.983250983492475597e-03
-1.432110730281522804e+00
-3.919300692286324050e+00
-4.797421943266808597e+00
-5.540744904970564377e+00
-5.352468272363550383e+00
-3.916495919301181239e+00
-2.772111307601392571e+00
1.983210503337545262e-03
1.432110679351087379e+00
5.064234571101668969e+00
5.432904785711769158e+00
5.061851352300911877e+00
4.349643874878875494e+00
2.094303953885871650e+00
7.184212150006402675e-01
-2.100057541088787172e+00
-3.333643133791516000e+00
-5.064234522186959353e+00
-5.432904623887541362e+00
-5.061851261139491243e+00
-4.349643886275740279e+00
-2.094303896233336015e+00
-7.184210864802282881e-01
2.100057598888079191e+00
3.333643140487060119e+00
5.466464229701851529e+00
5.280186653606107505e+00
3.865424336586793963e+00
2.733190936668736803e+00
7.230382191408830505e-05
-1.414869946786168731e+00
-3.865322272386034097e+00
-4.734119796772984223e+00
-5.466463666683463174e+00
-5.280186130932655431e+00
-3.865424100216695802e+00
-2.733190720596080592e+00
-7.181556132243906707e-05
1.414870384845597684e+00
3.865322447905946035e+00
4.734120073051601096e+00
5.050912653016998988e+00
4.337078679986007046e+00
2.092363344498499256e+00
7.133379534962283053e-01
-2.091862961120754427e+00
-3.328265744779198343e+00
-5.050704632362926993e+00
-5.420216968278150027e+00
-5.050911911786644559e+00
-4.337078093652007915e+00
-2.092362747938797618e+00
-7.133372365811893046e-01
2.091863628091628957e+00
3.328266290890951495e+00
5.050705258487790950e+00
5.420217759754607734e+00
3.865323840883233775e+00
2.735728263146027572e+00
-1.836801819500455011e-03
-1.413482305493958924e+00
-3.867920441947818144e+00
-4.734693786662284687e+00
-5.468229464512563531e+00
-5.282386237046878819e+00
-3.865322990983825591e+00
-2.735727388944721561e+00
1.837826526784151326e-03
1.413483318425228896e+00
3.867921303744077832e+00
4.734694645656857936e+00
5.468230547398341912e+00
5.282387299825846760e+00
2.094158822603064074e+00
7.147505044663612361e-01
-2.094788486010358941e+00
-3.331534317962564717e+00
-5.056637016740706869e+00
-5.426252189590782926e+00
-5.056376370147479093e+00
-4.342344459487493147e+00
-2.094157630148373528e+00
-7.147492514852253898e-01
2.094789725901236022e+00
3.331535497264741963e+00
5.056638278993662361e+00
5.426253512128575096e+00
5.056377682643466542e+00
4.342345702028689303e+00
-2.530293690853536353e-04
-1.416548684723644591e+00
-3.871001461948452960e+00
-4.740630151539474646e+00
-5.474170634788615430e+00
-5.287715387552970547e+00
-3.870643613997814647e+00
-2.737326922105738802e+00
2.545432856554662193e-04
1.416550188539304367e+00
3.871002996506575755e+00
4.740631696475681167e+00
5.474172235738251402e+00
5.287716988601745882e+00
3.870645159279631820e+00
2.737328457207672816e+00
-2.095671677920296627e+00
-3.330195772241681507e+00
-5.056530006287020207e+00
-5.425481408005759398e+00
-5.055341885193656459e+00
-4.342592676199350521e+00
-2.092801088847644486e+00
-7.158707577925396137e-01
2.095673502235551933e+00
3.330197596416466510e+00
5.056531882514930132e+00
5.425483286526145754e+00
5.055343763659169376e+00
4.342594542311188022e+00
2.092802913384042007e+00
7.158725823081563133e-01
-3.870856223756279135e+00
-4.740236114855247429e+00
-5.473807640260206497e+00
-5.287405965692183685e+00
-3.870275111384409161e+00
-2.737282703437855513e+00
4.129811718131980365e-04
1.416303209643371419e+00
3.870858408751761459e+00
4.740238279958150613e+00
5.473809777366353657e+00
5.287408102798186071e+00
3.870277266365136803e+00
2.737284868322460429e+00
-4.108663654341705197e-04
-1.416301094890116907e+00
-5.057150547204622093e+00
-5.426806271507641277e+00
-5.056894603648451891e+00
-4.342785203198833877e+00
-2.094375677998162821e+00
-7.148176077128897132e-01
2.094999183609668858e+00
3.331879206232136958e+00
5.057152992360919086e+00
5.426808696909488638e+00
5.056897039125118454e+00
4.342787648309160531e+00
2.094378122999855485e+00
7.148200527144313865e-01
-2.094996718396528568e+00
-3.331876751085367072e+00
-5.472229653013403805e+00
-5.286131372793729355e+00
-3.868478122585918388e+00
-2.737328429442995148e+00
1.376689104254965072e-03
1.414963946700230624e+00
3.870424016903195596e+00
4.738389943327238285e+00
5.472232377775064549e+00
5.286134097561849821e+00
3.868480867507769982e+00
2.737331194533057843e+00
-1.373943983568024418e-03
-1.414961191509188421e+00
-3.870421231476505408e+00
-4.738387188347992662e+00
-5.056661565237980938e+00
-4.342684567555314956e+00
-2.094197953516607313e+00
-7.148955544321049516e-01
2.095017290009024702e+00
3.331667993961744401e+00
5.057001043721585098e+00
5.426588508800753274e+00
5.056664589426763889e+00
4.342687612220455406e+00
2.094201008665984798e+00
7.148986095411115071e-01
-2.095014204599299656e+00
-3.331664928554320060e+00
-5.056997999019794854e+00
-5.426585474436738110e+00
-3.870081918087544981e+00
-2.737126652287981354e+00
3.987841412875536601e-04
1.416242293656824858e+00
3.870644501795734715e+00
4.739995973955595687e+00
5.473522813111751262e+00
5.287127712282157610e+00
3.870085272997771941e+00
2.737130017368015977e+00
-3.954089453905985214e-04
-1.416238918427552118e+00
-3.870641116383867431e+00
-4.739992608865712498e+00
-5.473519479065508619e+00
-5.287124378268189595e+00
-2.092963815198387589e+00
-7.155992226652784227e-01
2.095373331010314644e+00
3.330286587589032177e+00
5.056270640767733582e+00
5.425339137528523814e+00
5.055276173744590373e+00
4.342302336552641862e+00
2.092967490446369538e+00
7.156028978426509646e-01
-2.095369645731304686e+00
-3.330282902274130929e+00
-5.056266965816791803e+00
-5.425335473021838162e+00
-5.055272509242078272e+00
-4.342298671702380375e+00
4.570848922465349734e-04
1.416172501869608968e+00
3.870649171820181866e+00
4.739922184554755447e+00
5.473471881776905690e+00
5.287093894598100974e+00
3.870008548099715728e+00
2.737155635929013453e+00
-4.530895612998480163e-04
-1.416168506560496976e+00
-3.870645186575947694e+00
-4.739918199457154202e+00
-5.473467897132628046e+00
-5.287089909934463705e+00
-3.870004562924023173e+00
-2.737151650712195572e+00
2.095013770926122731e+00
3.331683807297872946e+00
5.057010840577399691e+00
5.426604704042798488e+00
5.056683215915547258e+00
4.342695146847987964e+00
2.094216719425396001e+00
7.148925347686734266e-01
-2.095009455430604906e+00
-3.331679501858031855e+00
-5.057006535342385867e+00
-5.426600399006955122e+00
-5.056678910757564260e+00
-4.342690841540416180e+00
-2.094212403963982450e+00
-7.148882192977098482e-01
3.870448551776944690e+00
4.738561442495470288e+00
5.472372606307275511e+00
5.286243681259886529e+00
3.868654603539312564e+00
2.737313658518354398e+00
-1.268746741004649417e-03
-1.415094520673931600e+00
-3.870443916084641334e+00
-4.738556816927731674e+00
-5.472367980963264600e+00
-5.286239045757244348e+00
-3.868649977860603606e+00
-2.737309042829305206e+00
1.273382487862016613e-03
1.415099146338414604e+00
5.056997527558229955e+00
5.426580801639125262e+00
5.056656771012019824e+00
4.342689915877911311e+00
2.094192183193514190e+00
7.149086973526265210e-01
-2.095017201871410162e+00
-3.331650596151589205e+00
-5.056992571625277044e+00
-5.426575835631878952e+00
-5.056651805008477218e+00
-4.342684970047277382e+00
-2.094187227137490392e+00
-7.149037413119168072e-01
2.095022147862131146e+00
3.331655552135980081e+00
5.473470662035097689e+00
5.287092240079444672e+00
3.870012203439143317e+00
2.737152575163167789e+00
-4.471112594782543489e-04
-1.416170630918412998e+00
-3.870638650461152519e+00
-4.739916913983891256e+00
-5.473465375655900189e+00
-5.287086953712490711e+00
-3.870006917006623581e+00
-2.737147298795509442e+00
4.523976984502974885e-04
1.416175907299324743e+00
3.870643936936590812e+00
4.739922200450047640e+00
5.055329530096992485e+00
4.342319880841642998e+00
2.093014704310094398e+00
7.155800731430973505e-01
-2.095354574072902043e+00
-3.330330172648483078e+00
-5.056291845674802943e+00
-5.425380026450029369e+00
-5.055323893038698557e+00
-4.342314264018518166e+00
-2.093009107475151787e+00
-7.155744663068704936e-01
2.095360190980843473e+00
3.330335799603094671e+00
5.056297462678328358e+00
5.425385643409843084e+00
3.870041861938042782e+00
2.737148640650987286e+00
-4.278447393957737527e-04
-1.416193148472019381e+00
-3.870640093047153840e+00
-4.739944185628022666e+00
-5.473487084906114575e+00
-5.287103554626009227e+00
-3.870035914760541651e+00
-2.737142713498100122e+00
4.337921329442455745e-04
1.416199095820932286e+00
3.870646060678508693e+00
4.739950153487421325e+00
5.473493042492508565e+00
5.287109511995803146e+00
2.094190813919880600e+00
7.149151242928821759e-01
-2.095020171992565405e+00
-3.331646236474682610e+00
-5.056994576078420067e+00
-5.426576423209070299e+00
-5.056652675295242538e+00
-4.342690280315734341e+00
-2.094184546244825640e+00
-7.149088464441309965e-01
2.095026470015568520e+00
3.331652544724890586e+00
5.057000894966193094e+00
5.426582742035196638e+00
5.056658972995233370e+00
4.342696557752660169e+00
-1.297075129718331093e-03
-1.415051039110039710e+00
-3.870432857031185669e+00
-4.738502098086371461e+00
-5.472325192855772791e+00
-5.286206889418931354e+00
-3.868599818204706775e+00
-2.737315943914601757e+00
1.303693621301222141e-03
1.415057667644585182e+00
3.870439516256703349e+00
4.738508757671720417e+00
5.472331841982520650e+00
5.286213527866755690e+00
3.868606425932676895e+00
2.737322541869252834e+00
-2.094984884121846136e+00
-3.331722671893037280e+00
-5.057018806518069454e+00
-5.426634485929251461e+00
-5.056722893827576115e+00
-4.342696164758189425e+00
-2.094258571565062788e+00
-7.148580059825614397e-01
2.094991873472393795e+00
3.331729671598467224e+00
5.057025837121187806e+00
5.426641506268438775e+00
5.056729862390010766e+00
4.342703092770316964e+00
2.094265520244805945e+00
7.148649549340033715e-01
-3.870634176171500851e+00
-4.739924800707751906e+00
-5.473472055832257155e+00
-5.287092407205565614e+00
-3.870020282142561108e+00
-2.737144696491468743e+00
4.426650812556390084e-04
1.416185656098899237e+00
3.870641536788713033e+00
4.739932171690854901e+00
5.473479406096365629e+00
5.287099716588159914e+00
3.870027560802026922e+00
2.737151975522613689e+00
-4.353553193649657965e-04
-1.416178346357788165e+00
-5.056200239629003335e+00
-5.425227316479093176e+00
-5.055157315531670470e+00
-4.342268739098464891e+00
-2.092861984550030030e+00
-7.156594994101429519e-01
2.095401243716334072e+00
3.330168040622333070e+00
5.056207980598544260e+00
5.425235037135918148e+00
5.055164965751918871e+00
4.342276348932960772e+00
2.092869654822014258e+00
7.156671799735505601e-01
-2.095393603289461115e+00
-3.330160359758050248e+00
-5.473680175695379901e+00
-5.287266524524118161e+00
-3.870243401826306329e+00
-2.737157707753667513e+00
3.362478224084128223e-04
1.416341670190642166e+00
3.870713322174128113e+00
4.740165219703479593e+00
5.473688226051811156e+00
5.287274535718403889e+00
3.870251403396927525e+00
2.737165709171220929e+00
-3.282363974255091479e-04
-1.416333638921394966e+00
-3.870705281153524524e+00
-4.740157149115078461e+00
-5.056984283828564131e+00
-4.342934571354144957e+00
-2.094356686580235216e+00
-7.149103949143972292e-01
2.095114201001350374e+00
3.331892449253917921e+00
5.057296458044916676e+00
5.426925186628779763e+00
5.056992647717323486e+00
4.342942925735023607e+00
2.094365129515183277e+00
7.149188377224553470e-01
-2.095105889232203644e+00
-3.331884117787047739e+00
-5.057288049776621719e+00
-5.426916788254239066e+00
-3.868551717682397140e+00
-2.737624205562924740e+00
1.552898512043760513e-03
1.414861173482957035e+00
3.870741363585032069e+00
4.738537217332070561e+00
5.472512157034948643e+00
5.286454178599023557e+00
3.868560525002025852e+00
2.737633011040220499e+00
-1.544154835075416208e-03
-1.414852410350629031e+00
-3.870732683628467452e+00
-4.738528540950381895e+00
-5.472503438908010054e+00
-5.286445444446419728e+00
-2.094642584498016991e+00
-7.148011932177232852e-01
2.095106177407875414e+00
3.332238314376762656e+00
5.057570411829439117e+00
5.427305485823828768e+00
5.057389701284762396e+00
4.343135877326675498e+00
2.094651751084511293e+00
7.148103496349960118e-01
-2.095097095545885857e+00
-3.332229253012165326e+00
-5.057561418546862697e+00
-5.427296482298696212e+00
-5.057380542318584915e+00
-4.343126707988898438e+00
3.399136861580193017e-04
1.416191712528604985e+00
3.870319853253707532e+00
4.739677418694331124e+00
5.473129880279502757e+00
5.286737745769721109e+00
3.869856193078193396e+00
2.736893291128406958e+00
-3.304971979913005095e-04
-1.416182164762148421e+00
-3.870310427294310518e+00
-4.739668123043821346e+00
-5.473120521854458964e+00
-5.286728237626085125e+00
-3.869846574061832634e+00
-2.736883812562671547e+00
2.094294719676464744e+00
3.327364732384673562e+00
5.052686426184432200e+00
5.421208096730530279e+00
5.051295955701869289e+00
4.339387660366268662e+00
2.090916802067321445e+00
7.156057047800692406e-01
-2.094284743555560713e+00
-3.327354748474653512e+00
-5.052676857263254107e+00
-5.421198530341269972e+00
-5.051285902379509807e+00
-4.339377614991764887e+00
-2.090907139435982831e+00
-7.155960390300415419e-01
3.865524471117751215e+00
4.734640817934330670e+00
5.466961799387394905e+00
5.280622269406651803e+00
3.865929123766478792e+00
2.733280423036634765e+00
2.828474950514737974e-04
-1.415175702647510469e+00
-3.865514216435484318e+00
-4.734630880854365564e+00
-5.466951823049505776e+00
-5.280611930304761614e+00
-3.865918725308358450e+00
-2.733270318880890670e+00
-2.727830117554111726e-04
1.415186026669268404e+00
5.050323383828120960e+00
5.419706333092897843e+00
5.050396380170704802e+00
4.336825777382981251e+00
2.092006225693953336e+00
7.134831836703164898e-01
-2.091843280950442363e+00
-3.327792751400281190e+00
-5.050313259026926183e+00
-5.419696138337877223e+00
-5.050385559531359370e+00
-4.336814856449268341e+00
-2.091995892623255582e+00
-7.134729109350520515e-01
2.091854127304266342e+00
3.327803487112994674e+00
5.480204507928113422e+00
5.294290064219169700e+00
3.872901417300427696e+00
2.742833591109361979e+00
-3.100023896811338227e-03
-1.415332991899117543e+00
-3.877269396828554981e+00
-4.744405731493275269e+00
-5.480193729330354202e+00
-5.294279047179375475e+00
-3.872890449393418866e+00
-2.742822776375036575e+00
3.110867579421473274e-03
1.415343947022007498e+00
3.877280369686261441e+00
4.744416509988162112e+00
5.118237657090622506e+00
4.397009422527411893e+00
2.118535153867566745e+00
7.252175816688801735e-01
-2.122166877663411277e+00
-3.371380564804094870e+00
-5.119725491282212992e+00
-5.493072696635442398e+00
-5.118226129146713710e+00
-4.396997831180001981e+00
-2.118524300529768922e+00
-7.252067600815202963e-01
2.122178544916041965e+00
3.371392168939143286e+00
5.119736435391117446e+00
5.493083672774117687e+00
3.965841796707945122e+00
2.840901001060553988e+00
-2.677939379297573572e-02
-1.432605171873198024e+00
-4.003696159505794050e+00
-4.866898213023296726e+00
-5.635309043563515807e+00
-5.450238309583881779e+00
-3.965829662231225239e+00
-2.840889188674605048e+00
2.679086929068542552e-02
1.432617087889510810e+00
4.003707513156417264e+00
4.866909333613971711e+00
5.635320491101844631e+00
5.450249871687518066e+00
2.067157046995798719e+00
8.584873236204282332e-01
-2.284040191638541994e+00
-3.367703134391056174e+00
-5.297271608707514012e+00
-5.621141098983343909e+00
-5.207440572235326748e+00
-4.581793256896808941e+00
-2.067144282694059143e+00
-8.584742194127868986e-01
2.284051077221197712e+00
3.367714599816042487e+00
5.297283461286390605e+00
5.621152611662941112e+00
5.207452790605947790e+00
4.581804885413963468e+00
