1.173935271631881272e-01
1.357995217853880110e+00
4.102994274676730058e+00
4.864742735074917945e+00
5.685113520789732533e+00
5.521788640549732285e+00
3.936970813831847771e+00
2.944244195988108714e+00
-1.173948528840258604e-01
-1.357996503629187224e+00
-4.102994754326285687e+00
-4.864743524421255572e+00
-5.685114124441043693e+00
-5.521789274203487530e+00
-3.936971562160096028e+00
-2.944244634592616983e+00
2.235170095426472603e+00
3.451065513917587424e+00
5.310809328007295882e+00
5.674192616600612915e+00
5.275447289338615953e+00
4.573453174616466832e+00
2.149800061342050039e+00
7.936474915404508890e-01
-2.235170770597691980e+00
-3.451066372228671852e+00
-5.310809739918951777e+00
-5.674192990788100133e+00
-5.275447621031710277e+00
-4.573453568980366590e+00
-2.149800873322671446e+00
-7.936480918482403668e-01
3.973909187040950641e+00
4.854621267464739098e+00
5.610886011735369827e+00
5.422053754914926138e+00
3.961080666169001674e+00
2.813320072039479314e+00
-9.071208122965232490e-03
-1.443417595906254736e+00
-3.973909725782621472e+00
-4.854621691757738056e+00
-5.610886131878205063e+00
-5.422053885484301894e+00
-3.961081081074232735e+00
-2.813320591833513795e+00
9.071082194793691003e-03
1.443417442634574721e+00
5.104122762404705860e+00
5.471460325103475242e+00
5.095729337423673400e+00
4.386096541276512717e+00
2.102326496785682952e+00
7.314178140757761071e-01
-2.122589760795394298e+00
-3.351715739646807357e+00
-5.104122779909999075e+00
-5.471460196171020307e+00
-5.095729291704154562e+00
-4.386096624816882006e+00
-2.102326583619736677e+00
-7.314178239853801333e-01
2.122589644807860054e+00
3.351715558537003758e+00
5.500298045597306285e+00
5.314866979824192761e+00
3.883885848915658467e+00
2.756798022596385067e+00
-7.652753481372141786e-03
-1.416164553559524641e+00
-3.894708627136604484e+00
-4.759557928136978866e+00
-5.500297502091535229e+00
-5.314866488405153966e+00
-3.883885754440389970e+00
-2.756797994947496111e+00
7.653072139050377462e-03
1.416164803691503771e+00
3.894708577882765699e+00
4.759558055699942614e+00
5.090638158987940365e+00
4.378939548527987391e+00
2.102492119997765752e+00
7.275920523489187719e-01
-2.117264012237262794e+00
-3.349968121392670195e+00
-5.096756072731452036e+00
-5.465163090281278890e+00
-5.090637504155884230e+00
-4.378939119681351855e+00
-2.102491732858346118e+00
-7.275915333609398461e-01
2.117264457229096841e+00
3.349968424241268838e+00
5.096756541271462382e+00
5.465163813728287856e+00
3.902566000973984650e+00
2.774138045634132244e+00
-1.067669766512125036e-02
-1.420862957293834938e+00
-3.917664019607572712e+00
-4.783541358666650645e+00
-5.529737723237627911e+00
-5.344086678228074483e+00
-3.902565364859969410e+00
-2.774137394427313552e+00
1.067751220966227724e-02
1.420863756579453741e+00
3.917664642228187333e+00
4.783541996048592537e+00
5.529738687043532330e+00
5.344087619701124225e+00
2.113092200071203131e+00
7.330285211082098185e-01
-2.130438112439732024e+00
-3.367771505951108413e+00
-5.125986534647261728e+00
-5.495777269403047782e+00
-5.118801955881973065e+00
-4.404430837112987440e+00
-2.113091241121125119e+00
-7.330274994565109115e-01
2.130439123412636082e+00
3.367772451774118547e+00
5.125987564003408714e+00
5.495778402558137543e+00
5.118803073214500010e+00
4.404431866676078222e+00
-9.257646823365958330e-03
-1.426760302547436909e+00
-3.929029830721631811e+00
-4.799399521001417313e+00
-5.547230391391676285e+00
-5.360616235608637759e+00
-3.915937592375692056e+00
-2.781655111695399363e+00
9.258914053966052146e-03
1.426761560972342746e+00
3.929031131908448771e+00
4.799400821396285544e+00
5.547231748622006187e+00
5.360617590971981983e+00
3.915938893095583850e+00
2.781656412857431260e+00
-2.130665218102407277e+00
-3.365753907328187466e+00
-5.124592997701787667e+00
-5.493712974689388240e+00
-5.116603866108262011e+00
-4.403528678308013866e+00
-2.111375982301639809e+00
-7.338159542965786430e-01
2.130666791885304612e+00
3.365755488417701446e+00
5.124594606401654318e+00
5.493714581376801576e+00
5.116605458073563817e+00
4.403530280389749585e+00
2.111377557915981473e+00
7.338175241654939507e-01
-3.924566092540097806e+00
-4.794029749353798664e+00
-5.540989093665445786e+00
-5.354569237538325588e+00
-3.911574365456347735e+00
-2.778472719866558194e+00
9.188157938074278594e-03
1.425215021746840449e+00
3.924568033478570861e+00
4.794031655403574455e+00
5.540990901349331033e+00
5.354571048131787414e+00
3.911576245578801458e+00
2.778474625506152762e+00
-9.186307773166930979e-03
-1.425213169565116234e+00
-5.120935834821873200e+00
-5.490528577064866411e+00
-5.113993509741924903e+00
-4.400005019070003520e+00
-2.111341125558462206e+00
-7.320169877093056776e-01
2.128105522656576820e+00
3.364775957962538477e+00
5.120937987824286886e+00
5.490530666022862327e+00
5.113995608783887370e+00
4.400007158953980202e+00
2.111343303699869001e+00
7.320191615240252414e-01
-2.128103317993348842e+00
-3.364773752334163870e+00
-5.536925124194544523e+00
-5.350885865414068299e+00
-3.908038826840160684e+00
-2.777250648540607880e+00
1.012411324447656281e-02
1.423259711025267160e+00
3.922356257087137088e+00
4.790044707960023906e+00
5.536927495684863310e+00
5.350888235223270506e+00
3.908041273243989533e+00
2.777253135693525721e+00
-1.012164707764308565e-02
-1.423257222553975909e+00
-3.922353731044912362e+00
-4.790042238766732297e+00
-5.113778823696455866e+00
-4.399950074260980948e+00
-2.111146032567035924e+00
-7.321308323605459911e-01
2.128166460960850603e+00
3.364559967795154094e+00
5.120829656371415517e+00
5.490339714525133807e+00
5.113781505672140071e+00
4.399952798952177169e+00
2.111148804134106882e+00
7.321336013083952210e-01
-2.128163651610923246e+00
-3.364557173906682408e+00
-5.120826923840493983e+00
-5.490337020946864932e+00
-3.910545916393171950e+00
-2.777736371532506521e+00
9.182352090633871464e-03
1.424843834459994296e+00
3.923531597636479074e+00
4.792771225250938016e+00
5.539532096679936402e+00
5.353160232687193876e+00
3.910548966990452957e+00
2.777739443058907742e+00
-9.179266138438987865e-03
-1.424840749548917485e+00
-3.923528498649934360e+00
-4.792768160442999026e+00
-5.539529102505678537e+00
-5.353157237296983340e+00
-2.110092867956320006e+00
-7.329303466806713629e-01
2.128752819281928499e+00
3.363485365928509996e+00
5.120606461754944050e+00
5.489620267938566833e+00
5.112879501787211289e+00
4.400009602324578495e+00
2.110096254462171306e+00
7.329337308701435738e-01
-2.128749422542751457e+00
-3.363481973834287153e+00
-5.120603093444273668e+00
-5.489616920318135307e+00
-5.112876150810119036e+00
-4.400006237942132969e+00
9.248093022991159956e-03
1.424859168037735602e+00
3.923792285294276816e+00
4.793001236410917798e+00
5.539835780482498251e+00
5.353470497650159032e+00
3.910717316254781029e+00
2.777947922384752300e+00
-9.244380944360383254e-03
-1.424855458569129096e+00
-3.923788592882415660e+00
-4.792997549043922056e+00
-5.539832094848968325e+00
-5.353466808038347402e+00
-3.910713613332781335e+00
-2.777944220244437989e+00
2.128505494084580896e+00
3.365078979417040816e+00
5.121632061847893880e+00
5.491196255590062414e+00
5.114577446649619219e+00
4.400644561680411293e+00
2.111471691397999173e+00
7.322558870834990907e-01
-2.128501453318802472e+00
-3.365074956644320547e+00
-5.121628043656636819e+00
-5.491192233659697663e+00
-5.114573410226200600e+00
-4.400640520484913054e+00
-2.111467644568361557e+00
-7.322518422746675526e-01
3.923264502293433154e+00
4.791245866212988425e+00
5.538278026293665057e+00
5.352176088629226669e+00
3.909041842935252475e+00
2.777872385446654491e+00
-1.005580042504609223e-02
-1.423667247761289723e+00
-3.923260135901783130e+00
-4.791241514669086321e+00
-5.538273660449013924e+00
-5.352171700366872287e+00
-3.909037460483166804e+00
-2.777868017268676493e+00
1.006018391059177244e-02
1.423671616423331177e+00
5.121466122601998627e+00
5.491010907183761169e+00
5.114401465812522751e+00
4.400506559012502095e+00
2.111388416552283154e+00
7.322460737436736755e-01
-2.128442555960286864e+00
-3.364950158886498954e+00
-5.121461420281897325e+00
-5.491006184445286209e+00
-5.114396721353317687e+00
-4.400501828189247178e+00
-2.111383685294536239e+00
-7.322413466237830404e-01
2.128447265532936949e+00
3.364954868704145508e+00
5.539612398163969331e+00
5.353251673387728005e+00
3.910569459997180086e+00
2.777825407769368482e+00
-9.229794028769198327e-03
-1.424808814604009211e+00
-3.923618831097273940e+00
-4.792808500221384271e+00
-5.539607325951544148e+00
-5.353246587374894006e+00
-3.910564360269410233e+00
-2.777820326949107965e+00
9.234876668872758765e-03
1.424813883941205006e+00
3.923623893694350606e+00
4.792813555913051360e+00
5.112854633929326376e+00
4.399952107848136507e+00
2.110116546784284175e+00
7.328910677909088456e-01
-2.128693709958028091e+00
-3.363482554811971781e+00
-5.120544477943242967e+00
-5.489575956315165151e+00
-5.112849158968419516e+00
-4.399946650648241864e+00
-2.110111120724651901e+00
-7.328856364882574415e-01
2.128699146597664349e+00
3.363487992861339038e+00
5.120549894755585640e+00
5.489581380478922412e+00
3.910712017602273605e+00
2.777907444540517634e+00
-9.214880240843078066e-03
-1.424869296162231791e+00
-3.923739181526013198e+00
-4.792975363843139824e+00
-5.539792970800560212e+00
-5.353422745436228425e+00
-3.910706207860142225e+00
-2.777901660350117208e+00
9.220681197664087891e-03
1.424875094794652242e+00
3.923744991592081899e+00
4.792981172469120033e+00
5.539798778077268615e+00
5.353428561005388886e+00
2.111464420551413923e+00
7.322906747968828123e-01
-2.128538787257388876e+00
-3.365074160503844336e+00
-5.121672680339421468e+00
-5.491226662434699257e+00
-5.114600418128166126e+00
-4.400689726510202071e+00
-2.111458271511401197e+00
-7.322845144568993492e-01
2.128544967519430120e+00
3.365080351148969751e+00
5.121678890618813540e+00
5.491232875836459471e+00
5.114606599901101447e+00
4.400695884555115178e+00
-1.009170691126900880e-02
-1.423638560363717609e+00
-3.923316826149189307e+00
-4.791259110816939781e+00
-5.538319505836610368e+00
-5.352227398087722854e+00
-3.909044648096847485e+00
-2.777926380576620780e+00
1.009823801740388632e-02
1.423645101490838005e+00
3.923323414648994589e+00
4.791265709995410127e+00
5.538326087286664645e+00
5.352233951093682940e+00
3.909051149997833097e+00
2.777932878108445358e+00
-2.128360895928238961e+00
-3.364940063597951614e+00
-5.121366472692140626e+00
-5.490934241823092421e+00
-5.114346511727323019e+00
-4.400410824448564462e+00
-2.111403820578690471e+00
-7.321807869161722770e-01
2.128367831936789134e+00
3.364947024547467969e+00
5.121373505043639085e+00
5.490941255156525536e+00
5.114353402107923330e+00
4.400417655926635696e+00
2.111410697094468158e+00
7.321876734232972694e-01
-3.923118784754362931e+00
-4.792228778672730449e+00
-5.538928773338455791e+00
-5.352587220139514379e+00
-3.910104356018742955e+00
-2.777464315683827234e+00
9.210455765798129107e-03
1.424658873836316175e+00
3.923126161551643065e+00
4.792236198163963401e+00
5.538936140727842350e+00
5.352594492862873921e+00
3.910111551442837730e+00
2.777471532954687294e+00
-9.203175945384866816e-03
-1.424651595304242013e+00
-5.119319603380520611e+00
-5.488228688048108594e+00
-5.111581264880278752e+00
-4.398919981804389145e+00
-2.109538244546471208e+00
-7.327758791255756243e-01
2.128240685250409214e+00
3.362613229782803526e+00
5.119327446701497308e+00
5.488236493517110404e+00
5.111588878640166200e+00
4.398927525694650953e+00
2.109545894895829221e+00
7.327835587180177024e-01
-2.128233044134737906e+00
-3.362605517392023291e+00
-5.539103254616669858e+00
-5.352721014019198087e+00
-3.910327486597380275e+00
-2.777433632184685752e+00
9.071224761812889809e-03
1.424836647113252086e+00
3.923150690812192476e+00
4.792455539620808835e+00
5.539111394615450656e+00
5.352729046708408767e+00
3.910335454650148534e+00
2.777441629169949078e+00
-9.063182569606354627e-03
-1.424828588566348309e+00
-3.923142568368005012e+00
-4.792447340750369378e+00
-5.115694876927699752e+00
-4.401576088780588591e+00
-2.111959287376390826e+00
-7.323798418456948234e-01
2.128930154038354061e+00
3.365827872804513454e+00
5.122722652920729480e+00
5.492387298107519022e+00
5.115703264867727640e+00
4.401584446129605865e+00
2.111967779672176970e+00
7.323883492768441528e-01
-2.128921787080995998e+00
-3.365819461660143119e+00
-5.122714094476782165e+00
-5.492378763284648358e+00
-3.911760491808888851e+00
-2.780315552801094992e+00
1.043765251768708630e-02
1.424392266093359449e+00
3.926514223408879012e+00
4.794707262151842286e+00
5.542503173537748573e+00
5.356360382219175875e+00
3.911769350970892845e+00
2.780324433768341041e+00
-1.042881978911337250e-02
-1.424383415678147635e+00
-3.926505434134755390e+00
-4.794698441911708464e+00
-5.542494332983801009e+00
-5.356351575213192717e+00
-2.114283699083714385e+00
-7.332661926701337096e-01
2.131382684500946478e+00
3.369569039065508420e+00
5.128514106691363317e+00
5.498564947014902948e+00
5.121443896743084423e+00
4.406581604740834379e+00
2.114292980866697036e+00
7.332754734189615986e-01
-2.131373500137918153e+00
-3.369559859406029201e+00
-5.128504977505856210e+00
-5.498555819587228832e+00
-5.121434647442928423e+00
-4.406572356349380826e+00
9.385070778069876454e-03
1.425909416853895939e+00
3.927142949028988639e+00
4.796913831995866850e+00
5.544446372073487339e+00
5.357966705222026782e+00
3.913889754136507637e+00
2.780388338974130402e+00
-9.375521216425812543e-03
-1.425899734195298363e+00
-3.927133388790670754e+00
-4.796904416134758264e+00
-5.544436920266493374e+00
-5.357957086942717773e+00
-3.913880005980558074e+00
-2.780378727192481580e+00
2.125997615015887909e+00
3.357792622615425326e+00
5.112893534730027945e+00
5.481035443254581807e+00
5.104741525514825184e+00
4.393569767530228987e+00
2.106290411086404912e+00
7.324006109289215027e-01
-2.125987478320037649e+00
-3.357782471022272119e+00
-5.112883915296491111e+00
-5.481025844914347189e+00
-5.104731311210218614e+00
-4.393559535538944516e+00
-2.106280604434283443e+00
-7.323908020709887223e-01
3.904191044674363731e+00
4.770707703790472820e+00
5.513383852741042368e+00
5.327603519501386664e+00
3.892913372764673419e+00
2.763652581395726227e+00
-7.980324687408512502e-03
-1.419204289277965936e+00
-3.904180678267578308e+00
-4.770697744927315576e+00
-5.513373875418514203e+00
-5.327593076792772386e+00
-3.892902722644300706e+00
-2.763642281947287227e+00
7.990549742576241385e-03
1.419214790142329097e+00
5.084535152824488868e+00
5.452241001970107526e+00
5.078700740982236006e+00
4.368373892787227319e+00
2.097819337999146772e+00
7.255607150534468808e-01
-2.111925155685398625e+00
-3.342257103817898756e+00
-5.084525076191233062e+00
-5.452230841910146175e+00
-5.078689801765608358e+00
-4.368362677918725012e+00
-2.097808823453615190e+00
-7.255502844330717904e-01
2.111936199794399727e+00
3.342267959040778891e+00
5.520126351292889311e+00
5.334885484370771813e+00
3.895580447799185109e+00
2.769597754783811983e+00
-1.095095212633334300e-02
-1.418078206938261143e+00
-3.911048125787450314e+00
-4.775049804066782144e+00
-5.520115556661970402e+00
-5.334874393968855877e+00
-3.895569261754032730e+00
-2.769586724052078619e+00
1.096193783205979232e-02
1.418089334511233979e+00
3.911059126516691631e+00
4.775060579003461037e+00
5.180328396639994892e+00
4.456972702873293279e+00
2.138829752758218739e+00
7.414015765817668635e-01
-2.155555697995111597e+00
-3.408454199744599400e+00
-5.187238178899814756e+00
-5.561687628554071949e+00
-5.180316751959952448e+00
-4.456960986655523094e+00
-2.138818756113684216e+00
-7.413906864865771329e-01
2.155567521929694585e+00
3.408465844781532361e+00
5.187249076010131077e+00
5.561698623980169565e+00
4.018535789001679959e+00
2.904673229566356873e+00
-4.618698585685443447e-02
-1.438168275202448498e+00
-4.083835056070954650e+00
-4.938536339288686072e+00
-5.729236595128927689e+00
-5.545988792595512251e+00
-4.018523503501291394e+00
-2.904661241405954719e+00
4.619850686242262666e-02
1.438180274362713229e+00
4.083846282350801715e+00
4.938547355407027162e+00
5.729248127744418717e+00
5.546000268029247948e+00
2.067157046995798719e+00
8.584873236204282332e-01
-2.284040191638541994e+00
-3.367703134391056174e+00
-5.297271608707514012e+00
-5.621141098983343909e+00
-5.207440572235326748e+00
-4.581793256896808941e+00
-2.067144282694059143e+00
-8.584742194127868986e-01
2.284051077221197712e+00
3.367714599816042487e+00
5.297283461286390605e+00
5.621152611662941112e+00
5.207452790605947790e+00
4.581804885413963468e+00
