1.173935271631881272e-01
1.357995217853880110e+00
4.102994274676730058e+00
4.864742735074917945e+00
5.685113520789732533e+00
5.521788640549732285e+00
3.936970813831847771e+00
2.944244195988108714e+00
-1.173948528840258604e-01
-1.357996503629187224e+00
-4.102994754326285687e+00
-4.864743524421255572e+00
-5.685114124441043693e+00
-5.521789274203487530e+00
-3.936971562160096028e+00
-2.944244634592616983e+00
2.191816485372209744e+00
3.415631769374306348e+00
5.233522295825734361e+00
5.599272461192797756e+00
5.209501046743566732e+00
4.502934431389824965e+00
2.133824687262602993e+00
7.688387228890646297e-01
-2.191817075584236552e+00
-3.415632532793808629e+00
-5.233522727448526091e+00
-5.599272838439694588e+00
-5.209501384334909169e+00
-4.502934854045316015e+00
-2.133825434103670204e+00
-7.688392756818129836e-01
3.929721197527030974e+00
4.807806087905461823e+00
5.553741088418555627e+00
5.365472209283269400e+00
3.924454062675671651e+00
2.780116912005166530e+00
-3.724410640443341202e-03
-1.433792538445163522e+00
-3.929721621395722231e+00
-4.807806460962872563e+00
-5.553741194667278336e+00
-5.365472326131248693e+00
-3.924454444383241203e+00
-2.780117342203136666e+00
3.724358564231178368e-03
1.433792473689613489e+00
5.074767939560818064e+00
5.443068015144124416e+00
5.070771802972123155e+00
4.359279343678095664e+00
2.096386070802958912e+00
7.218846915468465353e-01
-2.106033432719319975e+00
-3.338380545379189712e+00
-5.074767903907106970e+00
-5.443067865792202475e+00
-5.070771726176166894e+00
-4.359279368053051940e+00
-2.096386035239896195e+00
-7.218845838311308549e-01
2.106033465587703546e+00
3.338380525492728790e+00
5.477887350151875445e+00
5.291772112065905809e+00
3.871994576279203404e+00
2.740748191083091534e+00
-2.058999071073105459e-03
-1.415767787781323062e+00
-3.874906698776754865e+00
-4.742946881488794730e+00
-5.477886798656669498e+00
-5.291771601489081434e+00
-3.871994362671849377e+00
-2.740748004837051166e+00
2.059461581082007876e-03
1.415768197911608572e+00
3.874906841418348513e+00
4.742947134286522370e+00
5.062973801097369275e+00
4.349504298268082714e+00
2.095670273016257745e+00
7.173490585956389110e-01
-2.099247388834002415e+00
-3.335018846279450333e+00
-5.064454796223679445e+00
-5.433778430494426104e+00
-5.062973078715370612e+00
-4.349503738519600482e+00
-2.095669708999985836e+00
-7.173483726107278136e-01
2.099248022023035176e+00
3.335019356454955286e+00
5.064455396205906901e+00
5.433779204108748928e+00
3.875101363432285062e+00
2.745760876011006157e+00
-4.120009952975326253e-03
-1.415446721789311857e+00
-3.880926973920893364e+00
-4.747504579851574036e+00
-5.484340261676718953e+00
-5.298538967806106115e+00
-3.875100548522985910e+00
-2.745760037180787982e+00
4.121001642334686313e-03
1.415447701354461296e+00
3.880927799555187629e+00
4.747505403630902343e+00
5.484341321087236487e+00
5.298540007239213701e+00
2.098711716547065897e+00
7.193117307851902842e-01
-2.103595917724300435e+00
-3.340334303499186586e+00
-5.073645573229915051e+00
-5.443258483992260643e+00
-5.071622601534743424e+00
-4.357594968499009624e+00
-2.098710561285612286e+00
-7.193105148717763297e-01
2.103597120804574505e+00
3.340335445498490152e+00
5.073646801206408874e+00
5.443259774315570176e+00
5.071623882236460545e+00
4.357596176024095769e+00
-2.555029619884073219e-03
-1.418940999421628435e+00
-3.885239828961615238e+00
-4.754923962867656506e+00
-5.492004710812699031e+00
-5.305537522636182501e+00
-3.881626404787046347e+00
-2.748237443330130869e+00
2.556503598457191256e-03
1.418942463482017358e+00
3.885241327570829295e+00
4.754925471833452377e+00
5.492006272433544112e+00
5.305539083906237074e+00
3.881627912646028911e+00
2.748238940842716804e+00
-2.104521969648092128e+00
-3.339079107197186147e+00
-5.073654388012092120e+00
-5.442615630507030566e+00
-5.070709043456333553e+00
-4.357940726713213309e+00
-2.097409227270574217e+00
-7.204420747905426747e-01
2.104523753664124808e+00
3.339080893011440843e+00
5.073656226305739203e+00
5.442617466787806890e+00
5.070710878376174513e+00
4.357942553081983306e+00
2.097411011775005552e+00
7.204438583731012091e-01
-3.884747245332409005e+00
-4.754133003882071051e+00
-5.491171301551432293e+00
-5.304768303278144082e+00
-3.880939980081908214e+00
-2.747939928010954436e+00
2.694109737940936309e-03
1.418593891994852862e+00
3.884749390885376741e+00
4.754135127433158026e+00
5.491173393044340933e+00
5.304770394549731094e+00
3.880942093106317436e+00
2.747942052326106221e+00
-2.692036978362962341e-03
-1.418591819188456116e+00
-5.073915456571264748e+00
-5.443564478030038956e+00
-5.071916055800831380e+00
-4.357819447644344812e+00
-2.098854419365498103e+00
-7.193211839917750261e-01
2.103686716403019741e+00
3.340544516446466439e+00
5.073917856562092155e+00
5.443566855651631897e+00
5.071918444983937846e+00
4.357821846918888298e+00
2.098856822537720657e+00
7.193235866028516723e-01
-2.103684292200656003e+00
-3.340542101973784650e+00
-5.489291225471363944e+00
-5.303201586399608480e+00
-3.878930189974400200e+00
-2.747833533824592944e+00
3.656636656681875545e-03
1.417177612329879599e+00
3.884100550880133618e+00
4.752025780643176489e+00
5.489293900642781665e+00
5.303204262357210652e+00
3.878932889865583711e+00
2.747836256108059594e+00
-3.653934213286887459e-03
-1.417174899437547930e+00
-3.884097806764104988e+00
-4.752023070229401291e+00
-5.071615205206067678e+00
-4.357661620474449826e+00
-2.098647720990943544e+00
-7.193907098696401547e-01
2.103677968215278415e+00
3.340288030968466604e+00
5.073698987546114481e+00
5.443274240598678482e+00
5.071618179565768436e+00
4.357664619448400778e+00
2.098650733542466895e+00
7.193937219274365580e-01
-2.103674924545311686e+00
-3.340285007292898456e+00
-5.073695989436636467e+00
-5.443271255551381138e+00
-3.880599062659320087e+00
-2.747676700038763631e+00
2.677965786091353068e-03
1.418480348561537818e+00
3.884385047823931458e+00
4.753711277892294973e+00
5.490675641017085162e+00
5.304285853986232979e+00
3.880602373963741414e+00
2.747680022443788062e+00
-2.674633063014933594e-03
-1.418477015765358784e+00
-3.884381704542398062e+00
-4.753707956903863163e+00
-5.490672356194066239e+00
-5.304282569163263794e+00
-2.097400323960564972e+00
-7.200937151314482643e-01
2.104026248418963352e+00
3.338887579487390678e+00
5.072944385683269886e+00
5.441997296041095389e+00
5.070203277094027072e+00
4.357259360885836763e+00
2.097403957805609842e+00
7.200973484088470933e-01
-2.104022604740708680e+00
-3.338883935948719905e+00
-5.072940754767331306e+00
-5.441993677257895179e+00
-5.070199657470056742e+00
-4.357255739038864206e+00
2.737296226251682493e-03
1.418414917085722093e+00
3.884405034980656701e+00
4.753654860401704596e+00
5.490645357438696195e+00
5.304272235128031809e+00
3.880539502628088222e+00
2.747716822224899325e+00
-2.733340983747301403e-03
-1.418410962116982033e+00
-3.884401091041323362e+00
-4.753650917460226388e+00
-5.490641415695801442e+00
-5.304268292716717070e+00
-3.880535557462835961e+00
-2.747712877034512058e+00
2.103693818921770653e+00
3.340332302015198263e+00
5.073753641828486316e+00
5.443338007536088874e+00
5.071680835268599807e+00
4.357710916781542210e+00
2.098683851244493859e+00
7.193949342544090353e-01
-2.103689541610898495e+00
-3.340328035602976087e+00
-5.073749376613137407e+00
-5.443333742474618653e+00
-5.071676568116314066e+00
-4.357706648824533069e+00
-2.098679573112705921e+00
-7.193906563923129216e-01
3.884164365712861944e+00
4.752242807437877303e+00
5.489487795469667475e+00
5.303366146750259524e+00
3.879143159257985474e+00
2.747847126417299002e+00
-3.550655420407447353e-03
-1.417320281930106729e+00
-3.884159766490510979e+00
-4.752238219052248525e+00
-5.489483206243336966e+00
-5.303361545897812945e+00
-3.879138567251041003e+00
-2.747842544705953127e+00
3.555256707599589294e-03
1.417324872485711040e+00
5.073737914446282637e+00
5.443311493630818454e+00
5.071651946823777735e+00
4.357703626630785365e+00
2.098658267408526346e+00
7.194108011035404981e-01
-2.103696310541259162e+00
-3.340297480511779327e+00
-5.073732992013893828e+00
-5.443306559891963659e+00
-5.071647010716273662e+00
-4.357698710937468967e+00
-2.098653341525733129e+00
-7.194058756226134888e-01
2.103701224859290786e+00
3.340302403834385370e+00
5.490645867562646387e+00
5.304272195620051811e+00
3.880544524535479933e+00
2.747714437710830016e+00
-2.727139901698436789e-03
-1.418413716011074799e+00
-3.884395595433397741e+00
-4.753651206419081454e+00
-5.490640608867563444e+00
-5.304266935631703817e+00
-3.880539263231850722e+00
-2.747709187224169902e+00
2.732399819103818132e-03
1.418418965473469351e+00
3.884400853208824778e+00
4.753656463573427970e+00
5.070268583786787353e+00
4.357287154829298181e+00
2.097456118935617564e+00
7.200762148964485743e-01
-2.104012432814007738e+00
-3.338939032005129981e+00
-5.072977543602013029e+00
-5.442051022192150533e+00
-5.070262967429776779e+00
-4.357281558864703364e+00
-2.097450543686021351e+00
-7.200706300309906993e-01
2.104018027183998107e+00
3.338944635650002546e+00
5.072983136273887972e+00
5.442056615520747265e+00
3.880576116042259383e+00
2.747711815525559320e+00
-2.707807791500641947e-03
-1.418436939764706750e+00
-3.884398854417293379e+00
-4.753680772585164860e+00
-5.490664968570752258e+00
-5.304286095793897537e+00
-3.880570185906653702e+00
-2.747705905707590990e+00
2.713737957734538297e-03
1.418442869529889183e+00
3.884404803892263836e+00
4.753686722745403159e+00
5.490670908752289137e+00
5.304292035907515412e+00
2.098656106361759477e+00
7.194172612864538907e-01
-2.103698785034320284e+00
-3.340291877146439603e+00
-5.073733488317781593e+00
-5.443305436630480720e+00
-5.071646280268528706e+00
-4.357702857367137028e+00
-2.098649851654751597e+00
-7.194109958787613390e-01
2.103705070483658179e+00
3.340298173260283665e+00
5.073739797255381490e+00
5.443311745622669839e+00
5.071652564620057646e+00
4.357709120734800656e+00
-3.578926376541053181e-03
-1.417273400582349074e+00
-3.884139540164892601e+00
-4.752172292151079169e+00
-5.489427560288462793e+00
-5.303317003433568821e+00
-3.879079374776054578e+00
-2.747843076339188340e+00
3.585537341866903895e-03
1.417280021576246662e+00
3.884146194563434573e+00
4.752178948868958308e+00
5.489434204552294361e+00
5.303323633738584064e+00
3.879085971275407108e+00
2.747849664341728726e+00
-2.103654624817596019e+00
-3.340356523792301857e+00
-5.073738241052515363e+00
-5.443343169764665035e+00
-5.071697871411628533e+00
-4.357691807713989007e+00
-2.098716965802970513e+00
-7.193564835207908459e-01
2.103661612314895013e+00
3.340363523895963471e+00
5.073745277528873387e+00
5.443350194392587937e+00
5.071704833359025777e+00
4.357698726435012659e+00
2.098723909442188784e+00
7.193634290242186813e-01
-3.884358122698067461e+00
-4.753620195568524665e+00
-5.490601866514670526e+00
-5.304228292048264848e+00
-3.880521397113454451e+00
-2.747683041421373318e+00
2.721515656519705225e-03
1.418417941509149571e+00
3.884365491819012917e+00
4.753627579253137725e+00
5.490609224061377525e+00
5.304235601081062512e+00
3.880528669432172784e+00
2.747690317527502923e+00
-2.714203866110992056e-03
-1.418410629949268920e+00
-5.072835589970239312e+00
-5.441845367400386380e+00
-5.070047701279047025e+00
-4.357192495300124868e+00
-2.097284777944146139e+00
-7.201468774518396954e-01
2.104036729867605260e+00
3.338745659909275521e+00
5.072843350518873251e+00
5.441853104676018127e+00
5.070055352364093437e+00
4.357200102025314159e+00
2.097292452236878990e+00
7.201545650041809576e-01
-2.104029082573664500e+00
-3.338737967602440015e+00
-5.490882897000132878e+00
-5.304472583623779158e+00
-3.880796945580257784e+00
-2.747731601889753517e+00
2.613927297145012853e-03
1.418593874986432635e+00
3.884487992958824520e+00
4.753924296447584297e+00
5.490890964703078581e+00
5.304480604009086164e+00
3.880804949581335261e+00
2.747739610104980024e+00
-2.605903767563298636e-03
-1.418585832310817585e+00
-3.884479933530809337e+00
-4.753916201919294870e+00
-5.072153362699103774e+00
-4.358098793436983698e+00
-2.098894043828307687e+00
-7.194384467464067789e-01
2.103866351578334015e+00
3.340652965454565138e+00
5.074211341946385012e+00
5.443842581987958340e+00
5.072161737380611157e+00
4.358107155787100062e+00
2.098902502233926270e+00
7.194469074822322785e-01
-2.103858024861024578e+00
-3.340644615266735062e+00
-5.074202907223892112e+00
-5.443834159542867646e+00
-3.879362440878447948e+00
-2.748404646704110110e+00
3.848586226196881298e-03
1.417194664634682022e+00
3.884798582774130260e+00
4.752617690769234571e+00
5.490096540487926724e+00
5.304033570056603253e+00
3.879371263223802657e+00
2.748413472004386904e+00
-3.839821519904970844e-03
-1.417185881111639123e+00
-3.884789881051626814e+00
-4.752608985522474683e+00
-5.490087796200575632e+00
-5.304024820075609270e+00
-2.099340770066345563e+00
-7.194113732814123585e-01
2.104057554469334068e+00
3.341268575634003479e+00
5.074927794533924619e+00
5.444686515742315436e+00
5.072985435875808413e+00
4.358686081842930271e+00
2.099349961956470167e+00
7.194205567265886669e-01
-2.104048451979421142e+00
-3.341259491536262338e+00
-5.074918770813008351e+00
-5.444677483040991639e+00
-5.072976258512188252e+00
-4.358676895591773182e+00
2.642255631161829436e-03
1.418485500632326479e+00
3.884291146203086242e+00
4.753643505783331058e+00
5.490586086948944455e+00
5.304195146279065298e+00
3.880571649685745417e+00
2.747615555881450344e+00
-2.632812940034002028e-03
-1.418475926740466964e+00
-3.884281694221622505e+00
-4.753634184204182489e+00
-5.490576704312709388e+00
-5.304185612938042915e+00
-3.880562006726495650e+00
-2.747606052624047557e+00
2.102569220783428339e+00
3.335360757077811211e+00
5.068444447286745813e+00
5.436882974938893831e+00
5.065306849883159046e+00
4.353559343591054009e+00
2.094972950558533942e+00
7.199724200498585081e-01
-2.102559216269165088e+00
-3.335350742383780709e+00
-5.068434858777678187e+00
-5.436873389801048617e+00
-5.065296764454211065e+00
-4.353549267801856359e+00
-2.094963264219174448e+00
-7.199627288155586724e-01
3.876962123322635012e+00
4.745634708573844840e+00
5.480930809727161623e+00
5.294686554032488779e+00
3.874246587309241541e+00
2.742176209633804707e+00
-1.923642677784901485e-03
-1.416659398830689254e+00
-3.876951846017252734e+00
-4.745624755849555676e+00
-5.480920815120853717e+00
-5.294676185904616972e+00
-3.874236154217626016e+00
-2.742166075518938317e+00
1.933734002273439353e-03
1.416669752233192581e+00
5.061692353564404279e+00
5.430753437267280326e+00
5.060134575858657335e+00
4.347186056157509526e+00
2.094408822218791322e+00
7.170874580527052400e-01
-2.098183501525052286e+00
-3.333055508394503708e+00
-5.061682218489738538e+00
-5.430743224834571059e+00
-5.060123729650694457e+00
-4.347175098253930337e+00
-2.094398461480666551e+00
-7.170771635054593585e-01
2.098194379650585972e+00
3.333066264809008139e+00
5.490732880079248979e+00
5.305005196030553982e+00
3.878856242598001991e+00
2.749922948154900126e+00
-5.207134464843268459e-03
-1.416022231600178038e+00
-3.886203834923747102e+00
-4.752469605155484444e+00
-5.490722078574119536e+00
-5.304994163909843685e+00
-3.878845249638914972e+00
-2.749912107876691270e+00
5.217998756979701745e-03
1.416033211888821031e+00
3.886214820986819696e+00
4.752480400730091148e+00
5.129578471813679208e+00
4.408380184131249102e+00
2.121900115807453968e+00
7.286403324275294580e-01
-2.128748793389518834e+00
-3.377910587894777716e+00
-5.132398600788135923e+00
-5.505730426585606629e+00
-5.129566936019517520e+00
-4.408368573741893393e+00
-2.121889251268270993e+00
-7.286295045705746265e-01
2.128760486207435410e+00
3.377922207327560322e+00
5.132409558196933119e+00
5.505741422093674231e+00
3.974199511662478645e+00
2.853081769329157247e+00
-3.137001294390270173e-02
-1.432418130346456486e+00
-4.018545740853691761e+00
-4.878814219926684181e+00
-5.651719183184405360e+00
-5.467277451804674726e+00
-3.974187352332367418e+00
-2.853069929331881305e+00
3.138149659039769085e-02
1.432430066199878116e+00
4.018557075952880808e+00
4.878825333049078061e+00
5.651730641182632908e+00
5.467289002737850012e+00
2.067157046995798719e+00
8.584873236204282332e-01
-2.284040191638541994e+00
-3.367703134391056174e+00
-5.297271608707514012e+00
-5.621141098983343909e+00
-5.207440572235326748e+00
-4.581793256896808941e+00
-2.067144282694059143e+00
-8.584742194127868986e-01
2.284051077221197712e+00
3.367714599816042487e+00
5.297283461286390605e+00
5.621152611662941112e+00
5.207452790605947790e+00
4.581804885413963468e+00
