1.173935271631881272e-01
1.357995217853880110e+00
4.102994274676730058e+00
4.864742735074917945e+00
5.685113520789732533e+00
5.521788640549732285e+00
3.936970813831847771e+00
2.944244195988108714e+00
-1.173948528840258604e-01
-1.357996503629187224e+00
-4.102994754326285687e+00
-4.864743524421255572e+00
-5.685114124441043693e+00
-5.521789274203487530e+00
-3.936971562160096028e+00
-2.944244634592616983e+00
2.271783250212739080e+00
3.490862792611964860e+00
5.384168753596298096e+00
5.748517632467475380e+00
5.342606168666627298e+00
4.638773777522741781e+00
2.171383050489437583e+00
8.116711429119281007e-01
-2.271783999554706668e+00
-3.490863747182910259e+00
-5.384169191827622214e+00
-5.748518050795108358e+00
-5.342606595024685490e+00
-4.638774351328863510e+00
-2.171383852399417336e+00
-8.116717500730047385e-01
4.018951965459222286e+00
4.905020183754658980e+00
5.671170104451254801e+00
5.481217892913612388e+00
4.001274076001439362e+00
2.846533802086244069e+00
-1.254626369162241406e-02
-1.455593990298191365e+00
-4.018952590501952749e+00
-4.905020649096878849e+00
-5.671170307262304533e+00
-5.481218168272869562e+00
-4.001274659802638745e+00
-2.846534406602396761e+00
1.254607335101678468e-02
1.455593749428021777e+00
5.118482753417673337e+00
5.485661979723368553e+00
5.108430950768257262e+00
4.399193317258543345e+00
2.105837007814263195e+00
7.356640723533868220e-01
-2.130270808543317074e+00
-3.358714948700720182e+00
-5.118482793727777924e+00
-5.485661895348042272e+00
-5.108431103206084956e+00
-4.399193627148635599e+00
-2.105837220402817955e+00
-7.356641940489307974e-01
2.130270564078554862e+00
3.358714671974964094e+00
5.489038351877427502e+00
5.304403668709127828e+00
3.874973338130572209e+00
2.752459108022233369e+00
-9.046806935265426855e-03
-1.411810753287940257e+00
-3.887674262191734620e+00
-4.749015146645422014e+00
-5.489037911944441461e+00
-5.304403353423542633e+00
-3.874973486033010950e+00
-2.752459260685923059e+00
9.046971778524997079e-03
1.411810848991918776e+00
3.887674124976708612e+00
4.749015239861163806e+00
5.084803480001022002e+00
4.375779498259969813e+00
2.098588676439125056e+00
7.288360938661163635e-01
-2.116905712959167740e+00
-3.344976664086349416e+00
-5.092336344536778192e+00
-5.459393713835043904e+00
-5.084803042975618581e+00
-4.375779299643912879e+00
-2.098588495553451061e+00
-7.288357697676567382e-01
2.116905982949608411e+00
3.344976824454473974e+00
5.092336739278429114e+00
5.459394311932005195e+00
3.910977387620685253e+00
2.783936241798795397e+00
-1.349061044611388899e-02
-1.421932110039360486e+00
-3.930027166015747753e+00
-4.794839048706487361e+00
-5.544433934794895436e+00
-5.359022573039909254e+00
-3.910976985814663909e+00
-2.783935841265276157e+00
1.349120228804058866e-02
1.421932688596332595e+00
3.930027602410469889e+00
4.794839531724753634e+00
5.544434718796497741e+00
5.359023309227225695e+00
2.121963446515953589e+00
7.403844867701697696e-01
-2.145497715215836099e+00
-3.384193728097487863e+00
-5.156161242972925329e+00
-5.526347170509995799e+00
-5.146396668893522985e+00
-4.431234940866220384e+00
-2.121962756156713592e+00
-7.403837295494259951e-01
2.145498463228808106e+00
3.384194414346427759e+00
5.156162060698325611e+00
5.526348081080053376e+00
5.146397549920275871e+00
4.431235722071077632e+00
-1.264305175949259619e-02
-1.432710876224712493e+00
-3.956376768199386440e+00
-4.828305565102370522e+00
-5.582459216829064097e+00
-5.395474074630477901e+00
-3.938425925469005051e+00
-2.802105945638587947e+00
1.264401863992470169e-02
1.432711832211276404e+00
3.956377759684485351e+00
4.828306571078510245e+00
5.582460316326275596e+00
5.395475176221001590e+00
3.938426945977886007e+00
2.802106944898188345e+00
-2.144822694361760540e+00
-3.381270770778083357e+00
-5.152932978301294931e+00
-5.522400496767497557e+00
-5.142429246843926549e+00
-4.428561399839179735e+00
-2.119672881678972942e+00
-7.406256155796336893e-01
2.144823927417655707e+00
3.381271995383638096e+00
5.152934256652441647e+00
5.522401782367841072e+00
5.142430551878980793e+00
4.428562694890681328e+00
2.119674122217808154e+00
7.406268520280786527e-01
-3.941484465086527056e+00
-4.810941310964163442e+00
-5.561957233995949323e+00
-5.375466938895929303e+00
-3.924339268450235618e+00
-2.791238186088427220e+00
1.202380424285758032e-02
1.428091083796024785e+00
3.941486007516934897e+00
4.810942827820451129e+00
5.561958703906324963e+00
5.375468421513006412e+00
3.924340805824239720e+00
2.791239730077159642e+00
-1.202232107739562537e-02
-1.428089604262036572e+00
-5.137342068074760348e+00
-5.506628330309275121e+00
-5.128171706569233379e+00
-4.414613814410253134e+00
-2.115139295511668127e+00
-7.367050948885880413e-01
2.136999830265457145e+00
3.372908215453693792e+00
5.137343801707720203e+00
5.506630020455505203e+00
5.128173430215861472e+00
4.414615580313685506e+00
2.115141085373729357e+00
7.367068749843406206e-01
-2.136998030296162199e+00
-3.372906427292664322e+00
-5.553999867383607736e+00
-5.368018669119816622e+00
-3.918070097096271187e+00
-2.788053197166049380e+00
1.293333545949854231e-02
1.425145692351454718e+00
3.936500649746093483e+00
4.803591778082756392e+00
5.554001795981865719e+00
5.368020609138319799e+00
3.918072134539596352e+00
2.788055276053761578e+00
-1.293128656550323642e-02
-1.425143634601925724e+00
-3.936498559534792108e+00
-4.803589756046180881e+00
-5.130920259998242194e+00
-4.417282226016109092e+00
-2.116051869939932217e+00
-7.374464467482922947e-01
2.138430389114614805e+00
3.374482152389909118e+00
5.140272467534979128e+00
5.509625420243495775e+00
5.130922481482192765e+00
4.417284511442101547e+00
2.116054210520018408e+00
7.374487793071488051e-01
-2.138428018736549419e+00
-3.374479803809825373e+00
-5.140270198649411704e+00
-5.509623198260196197e+00
-3.924333544979760724e+00
-2.791443765840001756e+00
1.211856911217423956e-02
1.427897198725886607e+00
3.941530990009488367e+00
4.810830447225566076e+00
5.562001444870735334e+00
5.375587131177469224e+00
3.924336140542087126e+00
2.791446387422049646e+00
-1.211593425234726989e-02
-1.427894564954964141e+00
-3.941528344454932942e+00
-4.810827847980376326e+00
-5.561998930896469240e+00
-5.375584615294862090e+00
-2.116395005332681212e+00
-7.389211149096844844e-01
2.140488112432210155e+00
3.375501379692722459e+00
5.143507819784948865e+00
5.512604635974659217e+00
5.133527859738689081e+00
4.420495463964757121e+00
2.116397929073282391e+00
7.389240341459039074e-01
-2.140485175729053058e+00
-3.375498446823365306e+00
-5.143504922227895904e+00
-5.512601767767153049e+00
-5.133524985581682465e+00
-4.420492571957741923e+00
1.211049540728668418e-02
1.427981937115316846e+00
3.942077298911896843e+00
4.811459678095956427e+00
5.562881109707702443e+00
5.376506286482403141e+00
3.925008550477519620e+00
2.792017701334483792e+00
-1.210725279147048181e-02
-1.427978699779241634e+00
-3.942074077003145050e+00
-4.811456464541643108e+00
-5.562877904819072405e+00
-5.376503075714368585e+00
-3.925005318450066838e+00
-2.792014470384962532e+00
2.139374094344024257e+00
3.375966455536602684e+00
5.142758868072418998e+00
5.512384439074390130e+00
5.133675047592325846e+00
4.419737666529115039e+00
2.117244702806766021e+00
7.379813449874769171e-01
-2.139370529213627137e+00
-3.375962913186117298e+00
-5.142755330040983175e+00
-5.512380895676420423e+00
-5.133671479147809968e+00
-4.419734093786231277e+00
-2.117241125556222237e+00
-7.379777721951246150e-01
3.939858176983586535e+00
4.807758404097653759e+00
5.559132390790708200e+00
5.373121338690515003e+00
3.921906809308589370e+00
2.790852986884999609e+00
-1.279595552448216725e-02
-1.426220421203760580e+00
-3.939854291344399240e+00
-4.807754534454601547e+00
-5.559128494368980711e+00
-5.373117412052086372e+00
-3.921902884156867497e+00
-2.790849080645315450e+00
1.279987304931889947e-02
1.426224317926703566e+00
5.141541503127487367e+00
5.511111450161588543e+00
5.132545628885946343e+00
4.418782125543534889e+00
2.116802668499765616e+00
7.378506920937686342e-01
-2.138830877127909424e+00
-3.375129454191042822e+00
-5.141537270762345457e+00
-5.511107189861833788e+00
-5.132541324394794380e+00
-4.418777838648498602e+00
-2.116798388561292654e+00
-7.378464198765921633e-01
2.138835124767939799e+00
3.375133692780554640e+00
5.560303633087082531e+00
5.374051463093891812e+00
3.923340363191145652e+00
2.790743111031744217e+00
-1.195507086949588495e-02
-1.427301769386158048e+00
-3.940073208250952863e+00
-4.809158709048726443e+00
-5.560298996609112088e+00
-5.374046797023520838e+00
-3.923335692275574882e+00
-2.790738462861986680e+00
1.195971638558546851e-02
1.427306396292954416e+00
3.940077815657970106e+00
4.809163304606461686e+00
5.131137012630344607e+00
4.418343000511264940e+00
2.115583391927761348e+00
7.385083207215629164e-01
-2.139156926022433236e+00
-3.373775952614184170e+00
-5.140779689854166001e+00
-5.509839288127118095e+00
-5.131131944732000072e+00
-4.418337939831653571e+00
-2.115578378777170254e+00
-7.385033039695585444e-01
2.139161943692463819e+00
3.373780961566974934e+00
5.140784678043932132e+00
5.509844293145317984e+00
3.924192848807470657e+00
2.791342668372389202e+00
-1.198774646069051056e-02
-1.427667000478507697e+00
-3.941024509887172123e+00
-4.810301365234206372e+00
-5.561564241879898951e+00
-5.375244654671685218e+00
-3.924187422616458143e+00
-2.791337268080494205e+00
1.199316119223345529e-02
1.427672410337857967e+00
3.941029927076433292e+00
4.810306774681735398e+00
5.561569663542556441e+00
5.375250091081425374e+00
2.117653276316159072e+00
7.382127819203453400e-01
-2.139974328846894203e+00
-3.376733042758949033e+00
-5.144018085811334906e+00
-5.513673618516453878e+00
-5.134825014615812755e+00
-4.420791403557067234e+00
-2.117647481192595826e+00
-7.382069774123681816e-01
2.139980156667586453e+00
3.376738877166685970e+00
5.144023946540599468e+00
5.513679476809529412e+00
5.134830838971648603e+00
4.420797205826426435e+00
-1.302120554563439801e-02
-1.426887325149986507e+00
-3.942045289006907982e+00
-4.810184876563952550e+00
-5.561883973217706334e+00
-5.375756763119865944e+00
-3.923643238348232920e+00
-2.792268696047884191e+00
1.302741801539819902e-02
1.426893546577979732e+00
3.942051569745136597e+00
4.810191168911113202e+00
5.561890231429544862e+00
5.375762982410283719e+00
3.923649412636392775e+00
2.792274867855291109e+00
-2.139674703876562667e+00
-3.376355970263650974e+00
-5.143262409236426969e+00
-5.512838008692579450e+00
-5.133964556190046657e+00
-4.419969694290958984e+00
-2.117296770829666386e+00
-7.379705979630147850e-01
2.139681364048291901e+00
3.376362662126851877e+00
5.143269169225104243e+00
5.512844732252052182e+00
5.133971134911936574e+00
4.419976228390368966e+00
2.117303364165044055e+00
7.379772022190875802e-01
-3.939196598284012030e+00
-4.808040194676521217e+00
-5.558718655303541034e+00
-5.372389806554324743e+00
-3.922038458856489385e+00
-2.789740408917183778e+00
1.207646858215347813e-02
1.427126866622758561e+00
3.939203747707198389e+00
4.808047384063148577e+00
5.558725746423482938e+00
5.372396797613877339e+00
3.922045398288852791e+00
2.789747384483590054e+00
-1.206942739118838787e-02
-1.427119825402268782e+00
-5.136224775565109368e+00
-5.504828916466091293e+00
-5.126229878624424252e+00
-4.414027157063013185e+00
-2.113476396598060081e+00
-7.376419688273989639e-01
2.137396786571102325e+00
3.370966037434020013e+00
5.136232411794458663e+00
5.504836488993926302e+00
5.126237236672501751e+00
4.414034478024722929e+00
2.113483857660562126e+00
7.376494527237056342e-01
-2.137389333501948485e+00
-3.370958514300816500e+00
-5.555645305515775512e+00
-5.369317029485570103e+00
-3.920051331054222210e+00
-2.787896536161730499e+00
1.178757070450327758e-02
1.426672265131898376e+00
3.936854606789510491e+00
4.805586205854496917e+00
5.555653222247703305e+00
5.369324840113187669e+00
3.920059137027919416e+00
2.787904382616922749e+00
-1.177968176681812827e-02
-1.426664354891929554e+00
-3.936846629625072147e+00
-4.805578181319957842e+00
-5.133928051510269874e+00
-4.419779844054112061e+00
-2.117360093458178216e+00
-7.377706055678796560e-01
2.139604634771683500e+00
3.376541640662736210e+00
5.143240601659004874e+00
5.512848618378030530e+00
5.133936266661935477e+00
4.419788062376374782e+00
2.117368476979454961e+00
7.377789990371397266e-01
-2.139596379151958772e+00
-3.376533338020499819e+00
-5.143232209273354449e+00
-5.512840273819123560e+00
-3.930223314416540603e+00
-2.797562506627942369e+00
1.357826708327453287e-02
1.429083350626446425e+00
3.949523091007718811e+00
4.818644012682221422e+00
5.571810674751581871e+00
5.385416669903350773e+00
3.930232081996881011e+00
2.797571299651131049e+00
-1.356952254432271070e-02
-1.429074586725149087e+00
-3.949514388885676297e+00
-4.818635315582302958e+00
-5.571801988757786539e+00
-5.385408009294784470e+00
-2.124637607588390598e+00
-7.411348251079884486e-01
2.148004413274605007e+00
3.388433207718476226e+00
5.162385874485865500e+00
5.533073451757592132e+00
5.152670686422816893e+00
4.436509223349514919e+00
2.124646821407429886e+00
7.411440420219480574e-01
-2.147995306974340934e+00
-3.388424097198061702e+00
-5.162376817054330935e+00
-5.533064400710922648e+00
-5.152661518998330692e+00
-4.436500051682045864e+00
1.272409253492843943e-02
1.430807178066006324e+00
3.951619875145665706e+00
4.822343936326509706e+00
5.575710503223042735e+00
5.389017252989670936e+00
3.933629294977398771e+00
2.798882792099893102e+00
-1.271460834256667519e-02
-1.430797561647352278e+00
-3.951610342858453251e+00
-4.822334524294952018e+00
-5.575700995784331759e+00
-5.389007602401216346e+00
-3.933619611976138852e+00
-2.798873266533782100e+00
2.134205976449681241e+00
3.364474820985861037e+00
5.127528917294704058e+00
5.495231381785719904e+00
5.117258847866516192e+00
4.406967100523433878e+00
2.109321580071881641e+00
7.371236339056016496e-01
-2.134195915044595271e+00
-3.364464707081211259e+00
-5.127519124234314774e+00
-5.495221544710497064e+00
-5.117248524277423272e+00
-4.406956901004781102e+00
-2.109311886073333753e+00
-7.371139095014109799e-01
3.901586007289440161e+00
4.764864485907571279e+00
5.507839260294332462e+00
5.322788579783526153e+00
3.887657423507934418e+00
2.762617301767372080e+00
-9.909134311064658404e-03
-1.415832061728683700e+00
-3.901575607174937677e+00
-4.764854309362108076e+00
-5.507828831368019706e+00
-5.322777791560774574e+00
-3.887646932373688191e+00
-2.762607192464345385e+00
9.919258711115598939e-03
1.415842459949870680e+00
5.074615336132491272e+00
5.440870027858650815e+00
5.067808432441650801e+00
4.360384556568597247e+00
2.092234014573270962e+00
7.255526672152557977e-01
-2.108871089395204290e+00
-3.334177547233617922e+00
-5.074604826226975618e+00
-5.440859259158735917e+00
-5.067797263018627874e+00
-4.360373528978833235e+00
-2.092223733246630246e+00
-7.255423981977349168e-01
2.108881992470994504e+00
3.334188326904783395e+00
5.534777871009575634e+00
5.349678931490921663e+00
3.904368340439155372e+00
2.778982220024910799e+00
-1.322412593378202543e-02
-1.419574820693283890e+00
-3.922956380927418163e+00
-4.786501869983372792e+00
-5.534766481965873730e+00
-5.349667561374145563e+00
-3.904357519902744489e+00
-2.778971543151267376e+00
1.323495396736397260e-02
1.419585755507725366e+00
3.922967351644788714e+00
4.786512911205250020e+00
5.234722367819996336e+00
4.506980888981216182e+00
2.158694515909730605e+00
7.527744165134023779e-01
-2.181813360557674386e+00
-3.442309542407575584e+00
-5.244228382746216610e+00
-5.620980103973981734e+00
-5.234710798367451012e+00
-4.506969443476202208e+00
-2.158683821688159643e+00
-7.527636814163790602e-01
2.181825014199989976e+00
3.442320971201237256e+00
5.244239516265710499e+00
5.620991523378055632e+00
4.066566614630721332e+00
2.949778071994617168e+00
-5.432778930103004944e-02
-1.449955720468947051e+00
-4.143344660218196474e+00
-5.000291304311614837e+00
-5.805286830695106204e+00
-5.621570752506240609e+00
-4.066554651303790457e+00
-2.949766413191422298e+00
5.433927345873958842e-02
1.449967678396400395e+00
4.143355715326548783e+00
5.000302221337986630e+00
5.805298449119020709e+00
5.621582456701662345e+00
2.067157046995798719e+00
8.584873236204282332e-01
-2.284040191638541994e+00
-3.367703134391056174e+00
-5.297271608707514012e+00
-5.621141098983343909e+00
-5.207440572235326748e+00
-4.581793256896808941e+00
-2.067144282694059143e+00
-8.584742194127868986e-01
2.284051077221197712e+00
3.367714599816042487e+00
5.297283461286390605e+00
5.621152611662941112e+00
5.207452790605947790e+00
4.581804885413963468e+00
