1.173935271631881272e-01
1.357995217853880110e+00
4.102994274676730058e+00
4.864742735074917945e+00
5.685113520789732533e+00
5.521788640549732285e+00
3.936970813831847771e+00
2.944244195988108714e+00
-1.173948528840258604e-01
-1.357996503629187224e+00
-4.102994754326285687e+00
-4.864743524421255572e+00
-5.685114124441043693e+00
-5.521789274203487530e+00
-3.936971562160096028e+00
-2.944244634592616983e+00
2.226361401259384643e+00
3.442705350043061330e+00
5.294158246566524006e+00
5.657675547627127877e+00
5.260707848502688577e+00
4.558454774739255200e+00
2.145606423064370105e+00
7.889536039977517179e-01
-2.226362055975619203e+00
-3.442706186115765288e+00
-5.294158660690828633e+00
-5.657675924278216861e+00
-5.260708184242963270e+00
-4.558455174543687427e+00
-2.145607221571007361e+00
-7.889541941029091232e-01
3.964423275359338472e+00
4.844256077648524617e+00
5.598387681070127186e+00
5.409743916672523412e+00
3.952891403067743781e+00
2.806276620420171231e+00
-8.154246059982835082e-03
-1.441068743628197257e+00
-3.964423783289829029e+00
-4.844256486541167028e+00
-5.598387806734373306e+00
-5.409744053940944042e+00
-3.952891809427871994e+00
-2.806277120476144304e+00
8.154139311270545282e-03
1.441068613667749521e+00
5.099698095222803040e+00
5.467163332921124663e+00
5.091942773331854966e+00
4.382063119476531377e+00
2.101396307992593471e+00
7.300107692940072113e-01
-2.120118789801907155e+00
-3.349672340103505341e+00
-5.099698100697918512e+00
-5.467163210092456538e+00
-5.091942733727829129e+00
-4.382063194609281176e+00
-2.101396363111041055e+00
-7.300107489383839132e-01
2.120118713219189654e+00
3.349672203425941408e+00
5.499021853446277142e+00
5.313440383459579586e+00
3.883512776796487653e+00
2.755511299057299635e+00
-6.904079917907084141e-03
-1.416557712958933735e+00
-3.893276969181562741e+00
-4.758827319309818726e+00
-5.499021328425854449e+00
-5.313439906374414434e+00
-3.883512657350857822e+00
-2.755511231896687008e+00
6.904435309758351347e-03
1.416558004741329979e+00
3.893276973537621366e+00
4.758827481360268230e+00
5.088023074631617071e+00
4.375883818208610165e+00
2.102070211063872041e+00
7.263189819125566160e-01
-2.115245698819141928e+00
-3.348712996630224925e+00
-5.093479920605857636e+00
-5.462114919959406123e+00
-5.088022420702613680e+00
-4.375883364294096189e+00
-2.102069779003539640e+00
-7.263184212904995052e-01
2.115246193537530406e+00
3.348713357792684420e+00
5.093480418865969916e+00
5.462115632050045022e+00
3.898619560626573222e+00
2.769981134181436655e+00
-9.676634447679478487e-03
-1.420125954552537317e+00
-3.912303505699834538e+00
-4.778342364547468968e+00
-5.523156752781659407e+00
-5.337470944691453667e+00
-3.898618884704226684e+00
-2.769980436938260571e+00
9.677491544464971243e-03
1.420126798174811800e+00
3.912304185841119164e+00
4.778343040049716883e+00
5.523157719801344179e+00
5.337471894574473907e+00
2.110651877329123849e+00
7.308100894634486089e-01
-2.126038030517797051e+00
-3.363172551525002607e+00
-5.117323730102986801e+00
-5.487054953392089374e+00
-5.110950708085201910e+00
-4.396694351011656288e+00
-2.110650872528148092e+00
-7.308090234091592086e-01
2.126039085265889028e+00
3.363173541924834531e+00
5.117324809547997511e+00
5.487056102544258351e+00
5.110951864043400406e+00
4.396695421933521253e+00
-8.206395343006416682e-03
-1.425362418315294422e+00
-3.921692653985261678e+00
-4.791849542550162155e+00
-5.537905284480203250e+00
-5.351336627810340474e+00
-3.910086900019615008e+00
-2.776081781506744228e+00
8.207706897346947125e-03
1.425363720034037218e+00
3.921693996951357786e+00
4.791850891922911693e+00
5.537906678343398781e+00
5.351338042680938045e+00
3.910088253858270413e+00
2.776083123636022609e+00
-2.126485601428419692e+00
-3.361399960622509564e+00
-5.116376249101573848e+00
-5.485444096539438874e+00
-5.109163051152904700e+00
-4.396188456023582880e+00
-2.109069879489285260e+00
-7.317043592662192397e-01
2.126487215726212021e+00
3.361401580883952800e+00
5.116377921610276935e+00
5.485445758744472933e+00
5.109164702847919237e+00
4.396190113109568642e+00
2.109071497284641605e+00
7.317059730581954025e-01
-3.918498021735731029e+00
-4.787941454539603292e+00
-5.533391096048418056e+00
-5.346975520213164579e+00
-3.906897068625630798e+00
-2.773821812003850695e+00
8.204714746647355159e-03
1.424198550765875870e+00
3.918500001306858493e+00
4.787943405960843002e+00
5.533392987518244155e+00
5.346977404839698522e+00
3.906899000843120362e+00
2.773823763375752982e+00
-8.202818316078405378e-03
-1.424196656575153153e+00
-5.114008199091587770e+00
-5.483620538111670051e+00
-5.107810063118423116e+00
-4.393783753601656628e+00
-2.109523943706440363e+00
-7.301268305466542818e-01
2.124491826861094168e+00
3.361227708633340416e+00
5.114010408877600611e+00
5.483622706438750605e+00
5.107812236238895132e+00
4.393785953723214455e+00
2.109526168857477124e+00
7.301290528186259454e-01
-2.124489577759375081e+00
-3.361225462689126697e+00
-5.529933218308122456e+00
-5.343879754803353421e+00
-3.903784730921840751e+00
-2.772909839376113350e+00
9.148443884908137244e-03
1.422392341323457154e+00
3.916722235810000008e+00
4.784477261214982846e+00
5.529935670094607403e+00
5.343882203980951040e+00
3.903787233903536880e+00
2.772912376610247698e+00
-9.145926279090626013e-03
-1.422389810986234293e+00
-3.916719666760486884e+00
-4.784474740474998988e+00
-5.107474424322743900e+00
-4.393613183154830182e+00
-2.109288581206062219e+00
-7.302105083972243449e-01
2.124488768960383300e+00
3.360938603860842644e+00
5.113771159491703244e+00
5.483298193223650863e+00
5.107477178633479831e+00
4.393615971480297588e+00
2.109291406378249967e+00
7.302133314295744526e-01
-2.124485908884508500e+00
-3.360935760146627871e+00
-5.113768365496958346e+00
-5.483295428364138857e+00
-3.905987492352909651e+00
-2.773159193925190724e+00
8.190973607504386036e-03
1.423875836556106389e+00
3.917570819564955009e+00
4.786824865986226918e+00
5.532093956439628535e+00
5.345719165750343116e+00
3.905990603767919733e+00
2.773162323929438067e+00
-8.187831118327215663e-03
-1.423872693778301723e+00
-3.917567663784332854e+00
-4.786821741782136819e+00
-5.532090892791215353e+00
-5.345716100476417765e+00
-2.108142141262653535e+00
-7.309679198773822995e-01
2.124966756990337213e+00
3.359709677795535754e+00
5.113301223760579717e+00
5.482318349873414931e+00
5.106334875953762342e+00
4.393459074251472529e+00
2.108145586246477521e+00
7.309713625620992694e-01
-2.124963301452563513e+00
-3.359706226277198393e+00
-5.113297794148913056e+00
-5.482314939740741799e+00
-5.106331462422361689e+00
-4.393455648712340178e+00
8.255207199217724431e-03
1.423863862855140994e+00
3.917752636318398096e+00
4.786960143890852670e+00
5.532287648402621549e+00
5.345923009248045865e+00
3.906082436676394654e+00
2.773314938143289332e+00
-8.251437482497993303e-03
-1.423860094962912548e+00
-3.917748883913305669e+00
-4.786956396522200841e+00
-5.532283905110916500e+00
-5.345919262486725998e+00
-3.906078676046515152e+00
-2.773311177903259317e+00
2.124716453896119184e+00
3.361293619717571346e+00
5.114315719299018070e+00
5.483881310940902587e+00
5.108020347630389146e+00
4.394085487232725740e+00
2.109514332985561680e+00
7.302942198495222526e-01
-2.124712356615179765e+00
-3.361289538411863287e+00
-5.114311643592730050e+00
-5.483877234143919033e+00
-5.108016259349899002e+00
-4.394081392519965767e+00
-2.109510230623079075e+00
-7.302901194309311395e-01
3.917319975325447956e+00
4.785316249725689808e+00
5.530860903232603931e+00
5.344756202557088720e+00
3.904497247088403178e+00
2.773308353152817762e+00
-9.066422596870342410e-03
-1.422702122239212441e+00
-3.917315553095200631e+00
-4.785311841832923463e+00
-5.530856486995443966e+00
-5.344751767271502807e+00
-3.904492814462992900e+00
-2.773303933787742981e+00
9.070857995478206690e-03
1.422706543946098856e+00
5.114219700253866741e+00
5.483769905673801404e+00
5.107912866325672319e+00
4.394008414996574352e+00
2.109457943621500853e+00
7.302964158148825824e-01
-2.124684024990193265e+00
-3.361208556033123518e+00
-5.114214944916184891e+00
-5.483765132633768857e+00
-5.107908075123103409e+00
-4.394003643878836129e+00
-2.109453166318501882e+00
-7.302916414974763848e-01
2.124688783407609360e+00
3.361213317515415966e+00
5.532178937599121049e+00
5.345816131920057224e+00
3.906013286138109830e+00
2.773253575432501616e+00
-8.240607370505451459e-03
-1.423839172034659484e+00
-3.917662822205398854e+00
-4.786864490707289477e+00
-5.532173819840093820e+00
-5.345811003523957439e+00
-3.906008150487158215e+00
-2.773248455504774501e+00
8.245732153104017720e-03
1.423844284294032425e+00
3.917667932528549279e+00
4.786869596035107755e+00
5.106381068425726255e+00
4.393466642893788077e+00
2.108192540264209214e+00
7.309432947319474128e-01
-2.124941094071461922e+00
-3.359750964629169889e+00
-5.113312768890795112e+00
-5.482350903434271672e+00
-5.106375560314009299e+00
-4.393461154472184660e+00
-2.108187079317211499e+00
-7.309378269431778818e-01
2.124946568591064899e+00
3.359756443150876848e+00
5.113318229726361075e+00
5.482356369711182786e+00
3.906104216522408912e+00
2.773296206617438919e+00
-8.223588991223664338e-03
-1.423882291037652514e+00
-3.917728600751925860e+00
-4.786967395977883122e+00
-5.532284355361436035e+00
-5.345914062616020423e+00
-3.906098379643765828e+00
-2.773290393314892910e+00
8.229420973552918281e-03
1.423888121216242197e+00
3.917734445809465171e+00
4.786973240995312295e+00
5.532290195626094587e+00
5.345919907445131791e+00
2.109493544988543245e+00
7.303220408604420566e-01
-2.124732626602890306e+00
-3.361265727238983203e+00
-5.114318409792486975e+00
-5.483872043821516939e+00
-5.108006962139627127e+00
-4.394097808975494956e+00
-2.109487370713658105e+00
-7.303158548847027420e-01
2.124738832859244475e+00
3.361271944842624926e+00
5.114324646607023794e+00
5.483878282206616106e+00
5.108013166954181727e+00
4.394103990451490915e+00
-9.098321595441534113e-03
-1.422657076886860272e+00
-3.917313763330267484e+00
-4.785263323155928283e+00
-5.530823524826321780e+00
-5.344730265297064520e+00
-3.904447149532303207e+00
-2.773319364313584501e+00
9.104872867452751956e-03
1.422663638325532665e+00
3.917320370540015251e+00
4.785269939402859052e+00
5.530830122022413420e+00
5.344736835720735435e+00
3.904453672921754936e+00
2.773325883471166264e+00
-2.124598185845714138e+00
-3.361197636985776338e+00
-5.114114364275391011e+00
-5.483688426832374674e+00
-5.107853859863323187e+00
-4.393906641888249531e+00
-2.109473513501121555e+00
-7.302276310768562873e-01
2.124605136483252110e+00
3.361204610505872381e+00
5.114121400842051024e+00
5.483695444402118646e+00
5.107860765691146554e+00
4.393913492901296181e+00
2.109480407161492099e+00
7.302345331704290787e-01
-3.917307952118827874e+00
-4.786457483035859717e+00
-5.531696332833808682e+00
-5.345346554629565539e+00
-3.905687265258272145e+00
-2.772995664335992760e+00
8.225242675119015176e-03
1.423738127758497285e+00
3.917315331107503518e+00
4.786464897692607856e+00
5.531703697478191906e+00
5.345353834266101778e+00
3.905694479044657275e+00
2.773002897055264704e+00
-8.217952886955983208e-03
-1.423730838757836237e+00
-5.112486007938576549e+00
-5.481423426571359059e+00
-5.105494731730143343e+00
-4.392778982195806314e+00
-2.107764043545988564e+00
-7.308961370838474858e-01
2.124663386295839729e+00
3.359130443605685468e+00
5.112493833427603995e+00
5.481431215388640865e+00
5.105502352957202561e+00
4.392786541080762497e+00
2.107771702410666581e+00
7.309038215371993497e-01
-2.124655740194869580e+00
-3.359122731766775782e+00
-5.532007180701879356e+00
-5.345615142271095799e+00
-3.905997451664364295e+00
-2.773043719564460829e+00
8.098927382164462091e-03
1.423939231781303105e+00
3.917445539664745180e+00
4.786796296199820944e+00
5.532015301212076075e+00
5.345623170201709407e+00
3.906005430551395818e+00
2.773051722774038996e+00
-8.090885975164727531e-03
-1.423931173333611078e+00
-3.917437429016378925e+00
-4.786788120477070585e+00
-5.109051176338036626e+00
-4.394949066791994596e+00
-2.109960084172838979e+00
-7.304128420801194732e-01
2.125113929054566420e+00
3.361982769793359527e+00
5.115326391718814314e+00
5.484982329382529720e+00
5.109059562042551406e+00
4.394957428982388947e+00
2.109968573303455219e+00
7.304213428242388728e-01
-2.125105568489141561e+00
-3.361974370726176442e+00
-5.115317864931578917e+00
-5.484973824790706942e+00
-3.906485136868450336e+00
-2.775199994416816196e+00
9.423870484739194087e-03
1.423178861326304112e+00
3.919805483404589452e+00
4.787875867651194106e+00
5.534029077957743681e+00
5.347912419550651997e+00
3.906493994901226507e+00
2.775208868674686080e+00
-9.415049734764839237e-03
-1.423170023249168192e+00
-3.919796717326252455e+00
-4.787867079635588219e+00
-5.534020262512199473e+00
-5.347903624093425456e+00
-2.111685883411487552e+00
-7.310061696585031799e-01
2.126843224441465896e+00
3.364726844150694784e+00
5.119496701935029037e+00
5.489456806308318448e+00
5.113230329061651425e+00
4.398542728708294547e+00
2.111695149851949171e+00
7.310154322266557703e-01
-2.126834059050277670e+00
-3.364717690860299815e+00
-5.119487605944393671e+00
-5.489447704372801162e+00
-5.113221086037722962e+00
-4.398533481992596528e+00
8.324865188834941476e-03
1.424621530567333538e+00
3.920073952118713567e+00
4.789704930073461320e+00
5.535508959865623524e+00
5.349058857548154577e+00
3.908319277739597641e+00
2.775000156748102409e+00
-8.315338132305078594e-03
-1.424611872004797331e+00
-3.920064430172018444e+00
-4.789695549925073514e+00
-5.535499513828278317e+00
-5.349049240266232630e+00
-3.908309537451889693e+00
-2.774990561816711221e+00
2.122555945302896596e+00
3.354580884316166411e+00
5.106431511059111195e+00
5.474641649642248531e+00
5.099043468509597332e+00
4.387738766987349770e+00
2.104695130550083171e+00
7.305492019068212661e-01
-2.122545844982937080e+00
-3.354570779617495724e+00
-5.106421906770477470e+00
-5.474632041052418074e+00
-5.099033247680988978e+00
-4.387728545839042482e+00
-2.104685346887703812e+00
-7.305394204126700597e-01
3.901326740395697268e+00
4.768379777990979562e+00
5.510195659564770310e+00
5.324299655749785032e+00
3.891268720377467183e+00
2.761308934299840256e+00
-7.116963493085540736e-03
-1.419214700193415668e+00
-3.901316418358668603e+00
-4.768369837569292891e+00
-5.510185634185156722e+00
-5.324289165197841456e+00
-3.891258104561873932e+00
-2.761298658406523554e+00
7.127153396425960422e-03
1.419225161635842669e+00
5.083070616374988582e+00
5.451073988505567236e+00
5.077807527157165879e+00
4.366904451570673196e+00
2.098021811917222923e+00
7.246509430006038421e-01
-2.110745983029605366e+00
-3.342075531653777354e+00
-5.083060530820023182e+00
-5.451063782921248269e+00
-5.077796533242069366e+00
-4.366893287247415323e+00
-2.098011320701914428e+00
-7.246405608612260796e-01
2.110756972520982711e+00
3.342086333971309831e+00
5.515682594525463500e+00
5.330376768715569646e+00
3.893026961730243762e+00
2.766652663522405575e+00
-1.011757131533795248e-02
-1.417734386753376929e+00
-3.907317178837924398e+00
-4.771619335751018376e+00
-5.515671767120696067e+00
-5.330365653267681303e+00
-3.893015814275861519e+00
-2.766641680941309467e+00
1.012851794708778327e-02
1.417745461998420664e+00
3.907328143120462727e+00
4.771630100254907525e+00
5.169131979965036372e+00
4.446498358542370077e+00
2.134893630994657343e+00
7.388605864964226111e-01
-2.149926099496236809e+00
-3.401573963636737030e+00
-5.175340857840000197e+00
-5.549416299102820638e+00
-5.169120382195502295e+00
-4.446486640307960592e+00
-2.134882709951326341e+00
-7.388497129715015932e-01
2.149937871700308367e+00
3.401585572271947910e+00
5.175351775209715122e+00
5.549427284658649207e+00
4.008289109470688061e+00
2.894015666987834745e+00
-4.368936675572485107e-02
-1.436184128978114982e+00
-4.070056600444925898e+00
-4.925073151905978719e+00
-5.712248192845627237e+00
-5.528932663233650402e+00
-4.008276851874477131e+00
-2.894003730872305002e+00
4.370087999631104558e-02
1.436196125859088957e+00
4.070067841706438649e+00
4.925084191655708210e+00
5.712259709331350521e+00
5.528944120742197654e+00
2.067157046995798719e+00
8.584873236204282332e-01
-2.284040191638541994e+00
-3.367703134391056174e+00
-5.297271608707514012e+00
-5.621141098983343909e+00
-5.207440572235326748e+00
-4.581793256896808941e+00
-2.067144282694059143e+00
-8.584742194127868986e-01
2.284051077221197712e+00
3.367714599816042487e+00
5.297283461286390605e+00
5.621152611662941112e+00
5.207452790605947790e+00
4.581804885413963468e+00
