1.173935271631881272e-01
1.357995217853880110e+00
4.102994274676730058e+00
4.864742735074917945e+00
5.685113520789732533e+00
5.521788640549732285e+00
3.936970813831847771e+00
2.944244195988108714e+00
-1.173948528840258604e-01
-1.357996503629187224e+00
-4.102994754326285687e+00
-4.864743524421255572e+00
-5.685114124441043693e+00
-5.521789274203487530e+00
-3.936971562160096028e+00
-2.944244634592616983e+00
2.188159831558849078e+00
3.413326610509665127e+00
5.227561619158270112e+00
5.593715692880831369e+00
5.204728078389031509e+00
4.497381182104086328e+00
2.133035330884780478e+00
7.665419755130713497e-01
-2.188160416066644576e+00
-3.413327367327475326e+00
-5.227562052702649176e+00
-5.593716069344471187e+00
-5.204728414954814752e+00
-4.497381606270968391e+00
-2.133036072997824384e+00
-7.665425248288209037e-01
3.926114017643577370e+00
4.804180755496615163e+00
5.549219934679402222e+00
5.360954962618948549e+00
3.921667398662780801e+00
2.777353881578056516e+00
-3.144223923840872969e-03
-1.433182812667166184e+00
-3.926114434489972105e+00
-4.804181124612623144e+00
-5.549220037179531495e+00
-5.360955075398074143e+00
-3.921667776982796116e+00
-2.777354305911818422e+00
3.144176000973815041e-03
1.433182752775506108e+00
5.071273430053118147e+00
5.439695743152201501e+00
5.067811601822173273e+00
4.356083008406006485e+00
2.095694199968348048e+00
7.207366284149678837e-01
-2.104051685041272712e+00
-3.336807803645563730e+00
-5.071273389784592744e+00
-5.439695589430261435e+00
-5.067811519584054736e+00
-4.356083028525999268e+00
-2.095694156610155456e+00
-7.207365133760527121e-01
2.104051726525675292e+00
3.336807793172911207e+00
5.474170559782774781e+00
5.287999444038786301e+00
3.869865147050253640e+00
2.738279022156896669e+00
-1.353710957153024964e-03
-1.415487068786756231e+00
-3.871779817273205193e+00
-4.740080682785325905e+00
-5.474170004357717723e+00
-5.287998929393485703e+00
-3.869864925182218141e+00
-2.738278825260568095e+00
1.354182698988177450e-03
1.415487488591637977e+00
3.871779971768058104e+00
4.740080943846412431e+00
5.059009161379309560e+00
4.345413003237362126e+00
2.094588840920419415e+00
7.160229209238935244e-01
-2.096812131276069913e+00
-3.332802978347022549e+00
-5.059929360684514599e+00
-5.429318570183333748e+00
-5.059008432508273145e+00
-4.345412433858827583e+00
-2.094588265176752451e+00
-7.160222238111250137e-01
2.096812776718016913e+00
3.332803501482658692e+00
5.059929970175198299e+00
5.429319350110390019e+00
3.871848128166386349e+00
2.742421967596432086e+00
-3.359743172451024485e-03
-1.414793522256632352e+00
-3.876598535613467345e+00
-4.743241878732747274e+00
-5.478979194924864515e+00
-5.293163818187404779e+00
-3.871847300519374091e+00
-2.742421115999782000e+00
3.360746747500753528e-03
1.414794513943702370e+00
3.876599374328947523e+00
4.743242715275073351e+00
5.478980262710056337e+00
5.293164865709800715e+00
2.097183822448351886e+00
7.177891223036001467e-01
-2.100651682641892837e+00
-3.337385320893403673e+00
-5.067953873518759700e+00
-5.437565380186385688e+00
-5.066517585088590181e+00
-4.352492700351335841e+00
-2.097182653884063441e+00
-7.177878931234272786e-01
2.100652899027864784e+00
3.337386476275134406e+00
5.067955114083549262e+00
5.437566682280675856e+00
5.066518877022912370e+00
4.352493920839163977e+00
-1.786302407839121011e-03
-1.418128821923812399e+00
-3.880448785646052112e+00
-4.750106248359308836e+00
-5.485997877624570584e+00
-5.299536428127369803e+00
-3.877922521646959275e+00
-2.744568329596638545e+00
1.787790675504573540e-03
1.418130300179283987e+00
3.880450296209224437e+00
4.750107769212251974e+00
5.485999455325349494e+00
5.299538005846025079e+00
3.877924042627024726e+00
2.744569840447339981e+00
-2.101555031269401574e+00
-3.336092588357037592e+00
-5.067906742547212851e+00
-5.436862138544944045e+00
-5.065547601379041254e+00
-4.352790601073704302e+00
-2.095857473276147243e+00
-7.189121496363733987e-01
2.101556829509124480e+00
3.336094387586922672e+00
5.067908594044477688e+00
5.436863991176829281e+00
5.065549453496519305e+00
4.352792441748556840e+00
2.095859272129864337e+00
7.189139479771832208e-01
-3.880128454773457580e+00
-4.749511241042498000e+00
-5.485397114841827459e+00
-5.298994775581428840e+00
-3.877392843250109244e+00
-2.744396663229676125e+00
1.936375396343514811e-03
1.417831318808100205e+00
3.880130615191437649e+00
4.749513380338697743e+00
5.485399222342612902e+00
5.298996883068354258e+00
3.877394971488285158e+00
2.744398802222758338e+00
-1.934287435433132505e-03
-1.417829230870211621e+00
-5.068350929896655366e+00
-5.438002911367411762e+00
-5.066931249835673334e+00
-4.352828987626693902e+00
-2.097369322422075744e+00
-7.178251209408804678e-01
2.100802160431027410e+00
3.337669775982769149e+00
5.068353346668933668e+00
5.438005305715758908e+00
5.066933654599428571e+00
4.352831403993347337e+00
2.097371740890781044e+00
7.178275389930149908e-01
-2.100799721144035903e+00
-3.337667346264250767e+00
-5.483629424430930932e+00
-5.297536522703304662e+00
-3.875462814933393840e+00
-2.744346138770125787e+00
2.898504931040800110e-03
1.416444499014017921e+00
3.879560964423783176e+00
4.747501556145918400e+00
5.483632116726667505e+00
5.297539215276718672e+00
3.875465531491599780e+00
2.744348876869215470e+00
-2.895786826377125603e-03
-1.416441770541297496e+00
-3.879558204757257656e+00
-4.747498829112567265e+00
-5.066646902539412523e+00
-4.352684673104827873e+00
-2.097170010849041422e+00
-7.178962437913495309e-01
2.100799474288952418e+00
3.337424540772504056e+00
5.068150426928922592e+00
5.437730189405804104e+00
5.066649894229681372e+00
4.352687688837182378e+00
2.097173039133055195e+00
7.178992716898606741e-01
-2.100796415158516783e+00
-3.337421501532345847e+00
-5.068147411818912040e+00
-5.437727186886241348e+00
-3.877101538257881064e+00
-2.744167737838266952e+00
1.919644975072785182e-03
1.417736323181099545e+00
3.879815038441701613e+00
4.749150043393021825e+00
5.484971016227340179e+00
5.298579384496765243e+00
3.877104865616989748e+00
2.744171076021636235e+00
-1.916296606993933473e-03
-1.417732974715829153e+00
-3.879811679508558431e+00
-4.749146706180538580e+00
-5.484967714029317598e+00
-5.298576082397866926e+00
-2.095924471102869724e+00
-7.185984386744685981e-01
2.101147555308552572e+00
3.336026278771678566e+00
5.067397387833929123e+00
5.436455521890956710e+00
5.065237410222445114e+00
4.352283473565505822e+00
2.095928120229364477e+00
7.186020873837024592e-01
-2.101143896256727039e+00
-3.336022619748802320e+00
-5.067393740870224761e+00
-5.436451886698995928e+00
-5.065233774526010535e+00
-4.352279836068093211e+00
1.978589687181602635e-03
1.417668556933459056e+00
3.879827370227502126e+00
4.749084770105566733e+00
5.484930286094393814e+00
5.298555579395101134e+00
3.877034886865705410e+00
2.744202330773873655e+00
-1.974619687159755686e-03
-1.417664587089058958e+00
-3.879823411026172231e+00
-4.749080811686274828e+00
-5.484926328935586959e+00
-5.298551621806669054e+00
-3.877030927041799302e+00
-2.744198370836759437e+00
2.100805377221622638e+00
3.337454149382876878e+00
5.068182007059236049e+00
5.437769473316413915e+00
5.066689879967627874e+00
4.352714045204630899e+00
2.097197171965780704e+00
7.178967518240931822e-01
-2.100801085820843017e+00
-3.337449868543997944e+00
-5.068177727189708826e+00
-5.437765193744122705e+00
-5.066685599047930921e+00
-4.352709763620747907e+00
-2.097192880075414934e+00
-7.178924601062703914e-01
3.879601116477247924e+00
4.747691002713584574e+00
5.483793569055590567e+00
5.297669506992912503e+00
3.875653614013328863e+00
2.744342660426747127e+00
-2.791472154743908796e-03
-1.416579751954343713e+00
-3.879596503768035554e+00
-4.747686400617457281e+00
-5.483788966686945265e+00
-5.297664893554787646e+00
-3.875649009664691835e+00
-2.744338066206182702e+00
2.796086139911222075e-03
1.416584355455122068e+00
5.068167719214662803e+00
5.437744497393856236e+00
5.066662420949735512e+00
4.352707992210350874e+00
2.097172173113584392e+00
7.179128291129805994e-01
-2.100808463017826089e+00
-3.337420256823699471e+00
-5.068162784400892740e+00
-5.437739551783892011e+00
-5.066657473937473455e+00
-4.352703065508817026e+00
-2.097167236101306731e+00
-7.179078923494283115e-01
2.100813389030718348e+00
3.337425192237334581e+00
5.484930972331075516e+00
5.298555737924486309e+00
3.877039956969147383e+00
2.744200129861781079e+00
-1.968533080863257671e-03
-1.417667290471590569e+00
-3.879818130814142396e+00
-4.749081210342444237e+00
-5.484925703418832121e+00
-5.298550468275670333e+00
-3.877034686454153611e+00
-2.744194869842742524e+00
1.973802802363170458e-03
1.417672549891408451e+00
3.879823399267014583e+00
4.749086478424652036e+00
5.065298356086395337e+00
4.352307554180612215e+00
2.095978452504480227e+00
7.185803661687890642e-01
-2.101131970910316227e+00
-3.336074847551727007e+00
-5.067426209295683215e+00
-5.436504573749965985e+00
-5.065292732139621279e+00
-4.352301950607208703e+00
-2.095972869280286144e+00
-7.185747731563821850e-01
2.101137573650333490e+00
3.336080459906227702e+00
5.067431811133837449e+00
5.436510175935865163e+00
3.877070440209231972e+00
2.744196708403181528e+00
-1.949200060947211361e-03
-1.417690128824318885e+00
-3.879820290215347356e+00
-4.749109439033740721e+00
-5.484948502153794259e+00
-5.298568113683513658e+00
-3.877064503877435619e+00
-2.744190792214758368e+00
1.955136647669367470e-03
1.417696065142630468e+00
3.879826246589269445e+00
4.749115396021168500e+00
5.484954448929775239e+00
5.298574060180028411e+00
2.097170019179247280e+00
7.179191378830336312e-01
-2.100810781675747307e+00
-3.337414643396410252e+00
-5.068163073850048939e+00
-5.437738256227911293e+00
-5.066656591431113910e+00
-4.352706973527271650e+00
-2.097163759672332706e+00
-7.179128678021973187e-01
2.100817071867716379e+00
3.337420944192833083e+00
5.068169386903657703e+00
5.437744569233786684e+00
5.066662880658735268e+00
4.352713241943471090e+00
-2.819737513883014812e-03
-1.416534138946612398e+00
-3.879579595156373184e+00
-4.747624568646638288e+00
-5.483737997443010492e+00
-5.297624846708697710e+00
-3.875593119890210492e+00
-2.744340885753368209e+00
2.826351364355504919e-03
1.416540762834865408e+00
3.879586251699945088e+00
4.747631226976977814e+00
5.483744643886228509e+00
5.297631480098253576e+00
3.875599720351092792e+00
2.744347477366469334e+00
-2.100770984304840105e+00
-3.337485358226340626e+00
-5.068177629480645763e+00
-5.437786293852542308e+00
-5.066717664809361921e+00
-4.352704417793002101e+00
-2.097234499118818096e+00
-7.178600840593554189e-01
2.100777972651926895e+00
3.337492358506801260e+00
5.068184664622880753e+00
5.437793317643080826e+00
5.066724629082644427e+00
4.352711339655110478e+00
2.097241444620349782e+00
7.178670309352669365e-01
-3.879797453543817998e+00
-4.749070066624629938e+00
-5.484910144862431558e+00
-5.298534324725907574e+00
-3.877032808785199958e+00
-2.744180708882750341e+00
1.963450647062005804e-03
1.417677067117366185e+00
3.879804820047912273e+00
4.749077446594507812e+00
5.484917500472986873e+00
5.298541633944201301e+00
3.877040083110863122e+00
2.744187985988805867e+00
-1.956139451557079457e-03
-1.417669756089442901e+00
-5.067314639435122281e+00
-5.436330945758216515e+00
-5.065106978765888002e+00
-4.352239175224879908e+00
-2.095818512121602417e+00
-7.186562339476078032e-01
2.101169668275555402e+00
3.335900441507248182e+00
5.067322394268726882e+00
5.436338678348477060e+00
5.065114629129229051e+00
4.352246782562272820e+00
2.095826185031099520e+00
7.186639191129728932e-01
-2.101162023373699395e+00
-3.335892753136573852e+00
-5.485173617983254424e+00
-5.298761821458019661e+00
-3.877295409462218068e+00
-2.744221077067848569e+00
1.856589564161471081e-03
1.417847787270980708e+00
3.879915422796787805e+00
4.749358615982718135e+00
5.485181680628904211e+00
5.298769838226628615e+00
3.877303412193841226e+00
2.744229082904335648e+00
-1.848570249833481061e-03
-1.417839748625868479e+00
-3.879907369832704678e+00
-4.749350528877699595e+00
-5.067108635074303535e+00
-4.353056521787999955e+00
-2.097384383125266094e+00
-7.179334991904042784e-01
2.100956661677537696e+00
3.337739041011887675e+00
5.068586718145248859e+00
5.438216691778076317e+00
5.067117005178638500e+00
4.353064880888188881e+00
2.097392836253860970e+00
7.179419537089370973e-01
-2.100948340354618527e+00
-3.337730697829795368e+00
-5.068578291657300561e+00
-5.438208276572262356e+00
-3.875729209915771634e+00
-2.744789358016816117e+00
3.082753021178249835e-03
1.416406422857653391e+00
3.880082359429949612e+00
4.747887694827228167e+00
5.484192548523419752e+00
5.298132544630169249e+00
3.875738027393791807e+00
2.744798176166958203e+00
-3.073995683599840302e-03
-1.416397646505114238e+00
-3.880073665357739454e+00
-4.747879001361776652e+00
-5.484183814914300292e+00
-5.298123799202143047e+00
-2.097752204344157434e+00
-7.178651501572991256e-01
2.101048703651650307e+00
3.338221779646350917e+00
5.069084072761378401e+00
5.438831411331130461e+00
5.067729989490218578e+00
4.353452526292966418e+00
2.097761387236751762e+00
7.178743241416591925e-01
-2.101039608296796146e+00
-3.338212703204813003e+00
-5.069075062550751021e+00
-5.438822391686954028e+00
-5.067720816835353581e+00
-4.353443344778482604e+00
1.875810002188040655e-03
1.417713631034713817e+00
3.879617489846559852e+00
4.748966500454357309e+00
5.484742937338530133e+00
5.298352676562859465e+00
3.876981859307389033e+00
2.744030119158410219e+00
-1.866376437095217111e-03
-1.417704066193915979e+00
-3.879608047511129421e+00
-4.748957188374352434e+00
-5.484733563343763052e+00
-5.298343152392732236e+00
-3.876972224207849038e+00
-2.744020624109542617e+00
2.099815322982564680e+00
3.332700384325232967e+00
5.063200582185772625e+00
5.431667035332645277e+00
5.060644734742251849e+00
4.348843231960837663e+00
2.093623676549076773e+00
7.185188394937207512e-01
-2.099805328411885164e+00
-3.332690380617362003e+00
-5.063191000670117958e+00
-5.431657456859320554e+00
-5.060634660722691969e+00
-4.348833166627379399e+00
-2.093613998327776837e+00
-7.185091571310612268e-01
3.873195132988909162e+00
4.742021927135692927e+00
5.476336004925507872e+00
5.290058636202498832e+00
3.871515560123798494e+00
2.739244212235399711e+00
-1.191041632492520486e-03
-1.416177973634998644e+00
-3.873184863717758386e+00
-4.742011979841312730e+00
-5.476326016733549018e+00
-5.290048278485592448e+00
-3.871505139175518195e+00
-2.739234088552755964e+00
1.201123557538874781e-03
1.416188316736010977e+00
5.057988669495375511e+00
5.427160539186712818e+00
5.056970531013689651e+00
4.343807884792598273e+00
2.093637989521169640e+00
7.159029974387426387e-01
-2.096109648622063393e+00
-3.331352528935090707e+00
-5.057978537912644512e+00
-5.427150332885679163e+00
-5.056959693946698309e+00
-4.343796939985340444e+00
-2.093627638597462592e+00
-7.158927106202221946e-01
2.096120515615465418e+00
3.331363278117430049e+00
5.487239601377234877e+00
5.301450236245575987e+00
3.876879656106204219e+00
2.747571684935116387e+00
-4.509123250502700478e-03
-1.415792471098173966e+00
-3.883240216740368567e+00
-4.749793488981638667e+00
-5.487228807853168355e+00
-5.301439209431163313e+00
-3.876868672148452433e+00
-2.747560853900238076e+00
4.519980228416790521e-03
1.415803442549442570e+00
3.883251198392241310e+00
4.749804278829261150e+00
5.125623452326959928e+00
4.404440056582187069e+00
2.120705925149343418e+00
7.274749330865486474e-01
-2.126482658829169647e+00
-3.375618668514537291e+00
-5.127999643120777051e+00
-5.501323716293367916e+00
-5.125611919111697112e+00
-4.404428452853917264e+00
-2.120695064964195353e+00
-7.274641077064087913e-01
2.126494342902520707e+00
3.375630283016492594e+00
5.128010596101655771e+00
5.501334705122101099e+00
3.971189161643432719e+00
2.848833343806496554e+00
-2.981823859437406424e-02
-1.432413577091186330e+00
-4.013340937547464904e+00
-4.874559440023317869e+00
-5.645910156075387931e+00
-5.461264724490628275e+00
-3.971177011360240261e+00
-2.848821513563509988e+00
2.982971934892160795e-02
1.432425506029170847e+00
4.013352279483669349e+00
4.874570556160563228e+00
5.645921610616943198e+00
5.461276279450935967e+00
2.067157046995798719e+00
8.584873236204282332e-01
-2.284040191638541994e+00
-3.367703134391056174e+00
-5.297271608707514012e+00
-5.621141098983343909e+00
-5.207440572235326748e+00
-4.581793256896808941e+00
-2.067144282694059143e+00
-8.584742194127868986e-01
2.284051077221197712e+00
3.367714599816042487e+00
5.297283461286390605e+00
5.621152611662941112e+00
5.207452790605947790e+00
4.581804885413963468e+00
