1.173935271631881272e-01
1.357995217853880110e+00
4.102994274676730058e+00
4.864742735074917945e+00
5.685113520789732533e+00
5.521788640549732285e+00
3.936970813831847771e+00
2.944244195988108714e+00
-1.173948528840258604e-01
-1.357996503629187224e+00
-4.102994754326285687e+00
-4.864743524421255572e+00
-5.685114124441043693e+00
-5.521789274203487530e+00
-3.936971562160096028e+00
-2.944244634592616983e+00
2.186976556097941060e+00
3.412603488721171807e+00
5.225651403245568538e+00
5.591942998733331116e+00
5.203209915497239990e+00
4.495597351109202222e+00
2.132798528849171760e+00
7.657919406546024321e-01
-2.186977138743309901e+00
-3.412604243375710222e+00
-5.225651837422409685e+00
-5.591943374971874547e+00
-5.203210251793693786e+00
-4.495597775772814941e+00
-2.132799269398590436e+00
-7.657924888196901980e-01
3.924944078907508960e+00
4.803011971447036288e+00
5.547758716757766884e+00
5.359493501800173476e+00
3.920770873527635203e+00
2.776455844603157530e+00
-2.950893149499544694e-03
-1.432991369821779770e+00
-3.924944493449364469e+00
-4.803012339287085375e+00
-5.547758818151476312e+00
-5.359493613456479899e+00
-3.920771250686557519e+00
-2.776456266992909594e+00
2.950846585112916476e-03
1.432991311544144608e+00
5.070104424386506992e+00
5.438567731558811680e+00
5.066821480386773047e+00
4.355013696661433897e+00
2.095462955563986984e+00
7.203523940684639637e-01
-2.103388592734984908e+00
-3.336281876876809882e+00
-5.070104382629472717e+00
-5.438567576463516851e+00
-5.066821396654799692e+00
-4.355013715295734222e+00
-2.095462909668585283e+00
-7.203522766273804390e-01
2.103388637149895324e+00
3.336281869530913990e+00
5.472908279825910327e+00
5.286719007651333513e+00
3.869139716286715824e+00
2.737443200431779466e+00
-1.117355617139233811e-03
-1.415388667876242845e+00
-3.870720121723055573e+00
-4.739105691094824380e+00
-5.472907723095659094e+00
-5.286718491650198359e+00
-3.869139491888496263e+00
-2.737443000157878004e+00
1.117830299848753027e-03
1.415389090939587646e+00
3.870720280084752218e+00
4.739105954833213730e+00
5.057671714407159236e+00
4.344034886372675430e+00
2.094222347232718384e+00
7.155778507406540534e-01
-2.095992986529582769e+00
-3.332054280974283245e+00
-5.058404412963028562e+00
-5.427814678997969544e+00
-5.057670983399392028e+00
-4.344034314036418820e+00
-2.094221767813018609e+00
-7.155771501201241280e-01
2.095993635804220379e+00
3.332054808229158560e+00
5.058405025517978437e+00
5.427815461011877396e+00
3.870760092279097453e+00
2.741306097167321099e+00
-3.106072827023717391e-03
-1.414574637416858183e+00
-3.875151748313832023e+00
-4.741816450191963739e+00
-5.477186800205444683e+00
-5.291366847903624659e+00
-3.870759260729625062e+00
-2.741305241601474485e+00
3.107080133834824211e-03
1.414575632805995076e+00
3.875152591216472597e+00
4.741817290864728029e+00
5.477187870712748818e+00
5.291367898124562430e+00
2.096676362970126828e+00
7.172815244690133873e-01
-2.099671134678665396e+00
-3.336404894238494734e+00
-5.066059702157626354e+00
-5.435671248967200775e+00
-5.064819377295312286e+00
-4.350794424935485516e+00
-2.096675190206981565e+00
-7.172802911020135230e-01
2.099672355150322467e+00
3.336406053927201132e+00
5.066060946718165425e+00
5.435672554783494981e+00
5.064820672896323650e+00
4.350795649330016168e+00
-1.530839331745435577e-03
-1.417863320272026773e+00
-3.878868648712101130e+00
-4.748519948082428499e+00
-5.484018692908790626e+00
-5.297558570679835377e+00
-3.876703671206278567e+00
-2.743357511850138764e+00
1.532332110304079637e-03
1.417864802986396944e+00
3.878870163638837631e+00
4.748521473306251295e+00
5.484020274828368180e+00
5.297560152612783568e+00
3.876705196509846463e+00
2.743359026996798899e+00
-2.100573640247099139e+00
-3.335107808771370141e+00
-5.066008078494387057e+00
-5.434962466994501362e+00
-5.063843887347823092e+00
-4.351088846640761787e+00
-2.095346711365753123e+00
-7.184051631480451450e-01
2.100575443279773413e+00
3.335109612096904375e+00
5.066009934384277713e+00
5.434964324301631677e+00
5.063845744240101254e+00
4.351090691889766049e+00
2.095348514776232296e+00
7.184069661285368280e-01
-3.878584264570847484e+00
-4.747966292999635129e+00
-5.483466811900242099e+00
-5.297064642901710307e+00
-3.876207177704923179e+00
-2.743211985224111249e+00
1.682872096951356852e-03
1.417576581128979774e+00
3.878586429107370392e+00
4.747968436764431921e+00
5.483468924767922026e+00
5.297066755790092785e+00
3.876209310747340542e+00
2.743214128841311439e+00
-1.680779330546230228e-03
-1.417574488347278727e+00
-5.066487763165454794e+00
-5.436140391248718728e+00
-5.065261703658845427e+00
-4.351158208788953985e+00
-2.096871382379530413e+00
-7.173247857068464350e-01
2.099836810441251256e+00
3.336706568543752915e+00
5.066490184953999609e+00
5.436142791196026280e+00
5.065264114035325171e+00
4.351160630350161540e+00
2.096873805604106522e+00
7.173272085852655522e-01
-2.099834366531572627e+00
-3.336704134399240740e+00
-5.481734065032996206e+00
-5.295640228406202965e+00
-3.874301633567601932e+00
-2.743179216993039571e+00
2.645323255893803314e-03
1.416198491371905899e+00
3.878041715152815705e+00
4.745986711675152847e+00
5.481736763208686192e+00
5.295642926862523581e+00
3.874304355242726761e+00
2.743181959949769766e+00
-2.642600308920150902e-03
-1.416195758115585512e+00
-3.878038950957829023e+00
-4.745983979726623225e+00
-5.064986173848428308e+00
-4.351021377992587702e+00
-2.096675799025796483e+00
-7.173970563705061032e-01
2.099837671353035784e+00
3.336467192903436629e+00
5.066296005884342257e+00
5.435877107212299997e+00
5.064989171328917905e+00
4.351024399067162207e+00
2.096678832152357064e+00
7.174000891577916317e-01
-2.099834607517343521e+00
-3.336464149001997725e+00
-5.066292985517289793e+00
-5.435874098992896641e+00
-3.875933689623694445e+00
-2.742996238554091359e+00
1.666561204100557199e-03
1.417487802612946934e+00
3.878289258204323797e+00
4.747627063795595959e+00
5.483066327342261737e+00
5.296674106234420698e+00
3.875937022026174184e+00
2.742999581616972105e+00
-1.663208007451290457e-03
-1.417484449333397345e+00
-3.878285894539746703e+00
-4.747623721615185310e+00
-5.483063019452852238e+00
-5.296670798439365058e+00
-2.095431887125671189e+00
-7.180993875450645270e-01
2.100186782885439918e+00
3.335071297662530743e+00
5.065546047876159363e+00
5.434605920427160619e+00
5.063580017109849507e+00
4.350622743447052798e+00
2.095435540976289701e+00
7.181030410281655785e-01
-2.100183119109909846e+00
-3.335067633911864782e+00
-5.065542395904104822e+00
-5.434602279992804874e+00
-5.063576376229205422e+00
-4.350619100983028176e+00
1.725387770632864914e-03
1.417419560980849536e+00
3.878299901122911120e+00
4.747559881196820264e+00
5.483023325201140885e+00
5.296648077429345847e+00
3.875865522507219385e+00
2.743029602271309209e+00
-1.721413196595305986e-03
-1.417415586537501548e+00
-3.878295937232140389e+00
-4.747555917984516149e+00
-5.483019363117987766e+00
-5.296644114975685547e+00
-3.875861558088744108e+00
-2.743025637756663748e+00
2.099841510755788843e+00
3.336493785728703809e+00
5.066322820324343112e+00
5.435911341172225519e+00
5.065024485615618133e+00
4.351046636133384382e+00
2.096701124343976375e+00
7.173967887802118470e-01
-2.099837214998083290e+00
-3.336489500442638700e+00
-5.066318535887921470e+00
-5.435907057026108546e+00
-5.065020200327164268e+00
-4.351042350260848401e+00
-2.096696828186733086e+00
-7.173924927657958639e-01
3.878078115196585518e+00
4.746171831644470984e+00
5.481893106073444599e+00
5.295768235391713930e+00
3.874488973419945470e+00
2.743173026205160792e+00
-2.538085287665010556e-03
-1.416332607991351855e+00
-3.878073498324157597e+00
-4.746167225303025816e+00
-5.481888499568452922e+00
-5.295763617978129112e+00
-3.874484365212409021e+00
-2.743168428095784428e+00
2.542703214436200024e-03
1.416337215506583203e+00
5.066308767740087760e+00
5.435886620355717014e+00
5.064997265777726021e+00
4.351040783807309076e+00
2.096676229018975768e+00
7.174128939935752181e-01
-2.099844686666814564e+00
-3.336460050671244737e+00
-5.066303829096221456e+00
-5.435881671052990249e+00
-5.064992315336438899e+00
-4.351035853650325969e+00
-2.096671288550493895e+00
-7.174079537302875398e-01
2.099849616304747535e+00
3.336464989820967286e+00
5.483023734662067383e+00
5.296647974538282178e+00
3.875870382862610430e+00
2.743027282675096323e+00
-1.715349056872259850e-03
-1.417418199712641380e+00
-3.878290479864676676e+00
-4.747556069156929404e+00
-5.483018462580960595e+00
-5.296642701866205449e+00
-3.875865109461740676e+00
-2.743022019685580570e+00
1.720621820218759751e-03
1.417423462219684405e+00
3.878295751603094477e+00
4.747561340592389989e+00
5.063639532602723037e+00
4.350645593374538933e+00
2.095485284794428971e+00
7.180811133399414015e-01
-2.100170601571560436e+00
-3.335118926133427752e+00
-5.065573434423058963e+00
-5.434653433903634756e+00
-5.063633906275303964e+00
-4.350639987398698061e+00
-2.095479699086896019e+00
-7.180755178019276874e-01
2.100176206901232856e+00
3.335124541162804324e+00
5.065579039041765874e+00
5.434659038790582208e+00
3.875900676091554864e+00
2.743023733623202620e+00
-1.696023692480808000e-03
-1.417440968123735656e+00
-3.878292462566540255e+00
-4.747584073057621978e+00
-5.483041002102132744e+00
-5.296660097204038742e+00
-3.875894737784063349e+00
-2.743017815428214323e+00
1.701962267165121195e-03
1.417446906470233303e+00
3.878298421021337816e+00
4.747590032066089982e+00
5.483046950867697333e+00
5.296666045684362167e+00
2.096674193807267716e+00
7.174192122974464292e-01
-2.099847094234902123e+00
-3.336454624894698906e+00
-5.066304364590632936e+00
-5.435880648903534507e+00
-5.064991688128033687e+00
-4.351039959464151785e+00
-2.096667932787603217e+00
-7.174129407692115823e-01
2.099853385885217527e+00
3.336460927090004969e+00
5.066310678765434616e+00
5.435886963021319573e+00
5.064997978909246079e+00
4.351046229528234832e+00
-2.566360977513757174e-03
-1.416287397447373531e+00
-3.878057690776058664e+00
-4.746106733972610847e+00
-5.481839072011887914e+00
-5.295725057908385658e+00
-3.874429556472657854e+00
-2.743172016089893361e+00
2.572975718670891809e-03
1.416294022227137850e+00
3.878064347868395600e+00
4.746113392604146775e+00
5.481845718997489847e+00
5.295731692250442713e+00
3.874436158274698894e+00
2.743178608887628211e+00
-2.099808277365604159e+00
-3.336526633059680336e+00
-5.066321065127591616e+00
-5.435930922772507223e+00
-5.065054809287802051e+00
-4.351039269843140822e+00
-2.096739428355717916e+00
-7.173605657387709389e-01
2.099815265958162147e+00
3.336533633307384061e+00
5.066328099533808249e+00
5.435937946017412870e+00
5.065061774377309867e+00
4.351046192849609362e+00
2.096746374482638675e+00
7.173675130473762263e-01
-3.878273327458438224e+00
-4.747549070382267367e+00
-5.483007748395491987e+00
-5.296631263233281040e+00
-3.875866557064005402e+00
-2.743010375996883798e+00
1.710400010130376730e-03
1.417429121009165627e+00
3.878280692979682698e+00
4.747556448819566732e+00
5.483015103115256750e+00
5.296638572535309564e+00
3.875873832217105797e+00
2.743017653507091147e+00
-1.703089002409800519e-03
-1.417421810144108507e+00
-5.065466664868492508e+00
-5.434484843773241813e+00
-5.063452779440259732e+00
-4.350581364495529790e+00
-2.095327099025515505e+00
-7.181578304587392658e-01
2.100210445546124571e+00
3.334947481738179675e+00
5.065474417294698384e+00
5.434492574299142120e+00
5.063460429836894150e+00
4.350588972335589943e+00
2.095334771533415630e+00
7.181655148769902075e-01
-2.100202801376253703e+00
-3.334939794638285271e+00
-5.483261719277429336e+00
-5.296849602506529919e+00
-3.876122362643649399e+00
-2.743046068190045261e+00
1.603639504567318935e-03
1.417597293780564094e+00
3.878384649514337479e+00
4.747829345783828536e+00
5.483269779794270882e+00
5.296857618338643547e+00
3.876130365230973318e+00
2.743054073310335017e+00
-1.595621519838882852e-03
-1.417589256378384066e+00
-3.878376598618720195e+00
-4.747821261556915751e+00
-5.065422269901475261e+00
-4.351370783143568843e+00
-2.096879889167393873e+00
-7.174302076606828837e-01
2.099983772892732414e+00
3.336765071762116452e+00
5.066706338315442260e+00
5.436335987093773525e+00
5.065430638956848419e+00
4.351379141463630695e+00
2.096888340563605624e+00
7.174386601812764441e-01
-2.099975453213510423e+00
-3.336756730609885757e+00
-5.066697915011735276e+00
-5.436327574824617592e+00
-3.874530726913544054e+00
-2.743593980468352456e+00
2.828066606004018841e-03
1.416147860183106344e+00
3.878523702216256641e+00
4.746326652384794897e+00
5.482242946157324326e+00
5.296183452129642255e+00
3.874539542654349411e+00
2.743602796446790393e+00
-2.819311620610439034e-03
-1.416139086111883660e+00
-3.878515010609329128e+00
-4.746317961904802374e+00
-5.482234215242126396e+00
-5.296174708653460073e+00
-2.097230803797768495e+00
-7.173535307449550036e-01
2.100055307389579351e+00
3.337219614224263164e+00
5.067157791113329424e+00
5.436902503436330747e+00
5.065999204790168520e+00
4.351726804850623687e+00
2.097239983878970371e+00
7.173627016998846972e-01
-2.100046214386614540e+00
-3.337210540415538329e+00
-5.067148783853610894e+00
-5.436893486597458747e+00
-5.065990034512073414e+00
-4.351717625448074500e+00
1.619798907342247110e-03
1.417457762011942846e+00
3.878061728539733188e+00
4.747410821410605664e+00
5.482798750094727502e+00
5.296408464188198550e+00
3.875788131404575232e+00
2.742836281745483440e+00
-1.610368306305579684e-03
-1.417448200138458736e+00
-3.878052289069761738e+00
-4.747401512191188111e+00
-5.482789378800042357e+00
-5.296398942813710597e+00
-3.875778499105692276e+00
-2.742826789557446077e+00
2.098895070392524431e+00
3.331810518836466173e+00
5.061447569105173017e+00
5.429923093084473962e+00
5.059085830160387154e+00
4.347266781216505116e+00
2.093172091154210879e+00
7.180333667107139384e-01
-2.098885079039953805e+00
-3.331800518578693193e+00
-5.061437989753348354e+00
-5.429913516683527064e+00
-5.059075759765740976e+00
-4.347256719389775981e+00
-2.093162415665626330e+00
-7.180236872499771161e-01
3.871926555160799754e+00
4.740802867007534616e+00
5.474786884835067369e+00
5.288498884368331154e+00
3.870593356348117187e+00
2.738257475658953943e+00
-9.460962226534158897e-04
-1.416013682225374826e+00
-3.871916288423627339e+00
-4.740792921444406005e+00
-5.474776898671163572e+00
-5.288488529908919489e+00
-3.870582939375792009e+00
-2.738247355420699414e+00
9.561750962151917103e-04
1.416024021988451231e+00
5.056732052637794794e+00
5.425939920233781244e+00
5.055894759848685638e+00
4.342662537244452281e+00
2.093373273237445709e+00
7.155038817546266472e-01
-2.095408264256439335e+00
-3.330771651950267920e+00
-5.056721922184226337e+00
-5.425929715893497374e+00
-5.055883925661484923e+00
-4.342651596633462674e+00
-2.093362925485090287e+00
-7.154935974277615296e-01
2.095419127650235858e+00
3.330782398797702548e+00
5.486071085799066438e+00
5.300261035751764993e+00
3.876218625365662529e+00
2.746785001317500363e+00
-4.275430485290308141e-03
-1.415715812094278547e+00
-3.882248728270338844e+00
-4.748898418166541013e+00
-5.486060294829433026e+00
-5.300250010609866891e+00
-3.876207644257844365e+00
-2.746774173221066206e+00
4.286285114619773663e-03
1.415726780689992914e+00
3.882259708450856550e+00
4.748909206118826276e+00
5.124347432412990067e+00
4.403163082718919874e+00
2.120325341254185592e+00
7.270925138789894326e-01
-2.125744879904140738e+00
-3.374882544328949407e+00
-5.126575692366250436e+00
-5.499900245260755050e+00
-5.124335900042091829e+00
-4.403151481114152332e+00
-2.120314482394150435e+00
-7.270816892456697378e-01
2.125756561103663067e+00
3.374894157136633321e+00
5.126586643871659632e+00
5.499911231925478816e+00
3.970239367605099989e+00
2.847462012773590345e+00
-2.930600996683153242e-02
-1.432428142453158415e+00
-4.011666771219656091e+00
-4.873208735221445487e+00
-5.644054724321303063e+00
-5.459339937521382247e+00
-3.970227220197803941e+00
-2.847450185629995634e+00
2.931748979343093073e-02
1.432440069152346673e+00
4.011678115275731038e+00
4.873219852235567195e+00
5.644066177707227183e+00
5.459351493760365770e+00
2.067157046995798719e+00
8.584873236204282332e-01
-2.284040191638541994e+00
-3.367703134391056174e+00
-5.297271608707514012e+00
-5.621141098983343909e+00
-5.207440572235326748e+00
-4.581793256896808941e+00
-2.067144282694059143e+00
-8.584742194127868986e-01
2.284051077221197712e+00
3.367714599816042487e+00
5.297283461286390605e+00
5.621152611662941112e+00
5.207452790605947790e+00
4.581804885413963468e+00
