1.173935271631881272e-01
1.357995217853880110e+00
4.102994274676730058e+00
4.864742735074917945e+00
5.685113520789732533e+00
5.521788640549732285e+00
3.936970813831847771e+00
2.944244195988108714e+00
-1.173948528840258604e-01
-1.357996503629187224e+00
-4.102994754326285687e+00
-4.864743524421255572e+00
-5.685114124441043693e+00
-5.521789274203487530e+00
-3.936971562160096028e+00
-2.944244634592616983e+00
2.222377263726923236e+00
3.439106710053864369e+00
5.286776158025916494e+00
5.650408661442931191e+00
5.254252180652352777e+00
4.551776542001709558e+00
2.143858792202427921e+00
7.867760129654478574e-01
-2.222377910930081413e+00
-3.439107537551938876e+00
-5.286776574222551872e+00
-5.650409039268888378e+00
-5.254252520375282565e+00
-4.551776950296089197e+00
-2.143859581984737694e+00
-7.867765978410533600e-01
3.960256970501864870e+00
4.839747644263623805e+00
5.592930587446696578e+00
5.404360182267764934e+00
3.949340264485696750e+00
2.803171314992037200e+00
-7.719243594325589375e-03
-1.440076588397054103e+00
-3.960257468708484829e+00
-4.839748048851374662e+00
-5.592930712470202792e+00
-5.404360319636992038e+00
-3.949340676767140845e+00
-2.803171801031692834e+00
7.719143893654272469e-03
1.440076466543356748e+00
5.097484989280955503e+00
5.465018745908967190e+00
5.090055457239549774e+00
4.380043397606772970e+00
2.100940361112513255e+00
7.292990314663884144e-01
-2.118876303335991196e+00
-3.348659193428179748e+00
-5.097484989912953068e+00
-5.465018620814854344e+00
-5.090055411941669661e+00
-4.380043463087919697e+00
-2.100940406642759495e+00
-7.292990010368828324e-01
2.118876240019079482e+00
3.348659070799083981e+00
5.497902425782144498e+00
5.312255824175669439e+00
3.883003337354714812e+00
2.754606030101402148e+00
-6.505108652687054474e-03
-1.416653416929832821e+00
-3.892203327102728760e+00
-4.758057398136811500e+00
-5.497901897986218422e+00
-5.312255341403529840e+00
-3.883003203120865887e+00
-2.754605949544076893e+00
6.505476896204546826e-03
1.416653722972899043e+00
3.892203348340815605e+00
4.758057571622044790e+00
5.086329787183395013e+00
4.374009836634248138e+00
2.101711674967111865e+00
7.256113803723106548e-01
-2.114059480396570212e+00
-3.347839750069590448e+00
-5.091443820507387308e+00
-5.460172336801383253e+00
-5.086329123590576984e+00
-4.374009367910938195e+00
-2.101711227373614932e+00
-7.256108047406516492e-01
2.114059992090559170e+00
3.347840129518149244e+00
5.091444332072952328e+00
5.460173056695674987e+00
3.896570551424052287e+00
2.767845995425231020e+00
-9.174272577047707170e-03
-1.419731236733246860e+00
-3.909544082803415588e+00
-4.775649037558017618e+00
-5.519756680901773294e+00
-5.334056680340469647e+00
-3.896569859073239606e+00
-2.767845280783042483e+00
9.175146511664553084e-03
1.419732097461349651e+00
3.909544781956953319e+00
4.775649732195458519e+00
5.519757660269692501e+00
5.334057639860116495e+00
2.109481156333012031e+00
7.297251164062873441e-01
-2.123897686317161249e+00
-3.360955337931605058e+00
-5.113126132160924264e+00
-5.482834375231100843e+00
-5.107154709227114786e+00
-4.392942723251066717e+00
-2.109480132505830774e+00
-7.297240312743162871e-01
2.123898760617818127e+00
3.360956348591971565e+00
5.113127232844435710e+00
5.482835547246646790e+00
5.107155874347889757e+00
4.392943807896291908e+00
-7.686101391478823187e-03
-1.424708624663937551e+00
-3.918165497708201883e+00
-4.788240428668744997e+00
-5.533437435081253852e+00
-5.346886342509682422e+00
-3.907295524364420292e+00
-2.773397225276194256e+00
7.687434350374750848e-03
1.424709948258149561e+00
3.918166861749325491e+00
4.788241799107805008e+00
5.533438858196419119e+00
5.346887765991238162e+00
3.907296896659338437e+00
2.773398587392965187e+00
-2.124435277968688141e+00
-3.359283988338636728e+00
-5.112361758249929444e+00
-5.481409994511509787e+00
-5.105536008562404859e+00
-4.392599307740804981e+00
-2.107954935914555072e+00
-7.306626437297965015e-01
2.124436916903310824e+00
3.359285631558908136e+00
5.112363449597273402e+00
5.481411674665912059e+00
5.105537686228432293e+00
4.392600988715926746e+00
2.107956576450663366e+00
7.306642805724911094e-01
-3.915451714452638843e+00
-4.784886603857004594e+00
-5.529577945482804680e+00
-5.343164210104425216e+00
-3.904550726090669333e+00
-2.771486616735651776e+00
7.709792980946610433e-03
1.423689686540019927e+00
3.915453715204755269e+00
4.784888574667903072e+00
5.529579859212874204e+00
5.343166124443359699e+00
3.904552684500517845e+00
2.771488592298129383e+00
-7.707873422955492312e-03
-1.423687766521418041e+00
-5.110471450410916994e+00
-5.480090765299577171e+00
-5.104648973677093693e+00
-4.390609256055494569e+00
-2.108590193505176735e+00
-7.291671580532443908e-01
2.122651234023716693e+00
3.359410350716917293e+00
5.110473681045952787e+00
5.480092957187994607e+00
5.104651179064073396e+00
4.390611485585541374e+00
2.108592441995313038e+00
7.291694034528620749e-01
-2.122648963831963442e+00
-3.359408084403228134e+00
-5.526358949597470094e+00
-5.340299981700695753e+00
-3.901605212405727663e+00
-2.770696769813129734e+00
8.656520624515015236e-03
1.421942332183921076e+00
3.913846963544943325e+00
4.781627745490991899e+00
5.526361429895185751e+00
5.340302463643302744e+00
3.901607742873378193e+00
2.770699331063253279e+00
-8.653979583620194718e-03
-1.421939779571071316e+00
-3.913844374479837462e+00
-4.781625202656216267e+00
-5.104282721978838921e+00
-4.390408423685353334e+00
-2.108345451812605020e+00
-7.292420911024318775e-01
2.122630824398239469e+00
3.359103306040986947e+00
5.110200461426064322e+00
5.479734315125353028e+00
5.104285507714525494e+00
4.390411240879684485e+00
2.108348300601724290e+00
7.292449379577603530e-01
-2.122627942208011209e+00
-3.359100441042066620e+00
-5.110197641699799398e+00
-5.479731520685311885e+00
-3.903701289524021067e+00
-2.770863552864654356e+00
7.693775674184989873e-03
1.423390419186938871e+00
3.914581342759368532e+00
4.783842634533765015e+00
5.528363482556907016e+00
5.341987219280780685e+00
3.903704427535360288e+00
2.770866707673079077e+00
-7.690608784464962426e-03
-1.423387252290923222e+00
-3.914578163767872265e+00
-4.783839485084346421e+00
-5.528360387891313010e+00
-5.341984123149972064e+00
-2.107168886228850457e+00
-7.299856074191760635e-01
2.123073436404975922e+00
3.357824431804489418e+00
5.109650311480119278e+00
5.478669923359020366e+00
5.103065207977665274e+00
4.390184780862442793e+00
2.107172355757750193e+00
7.299890748940565111e-01
-2.123069956470181374e+00
-3.357820955893301651e+00
-5.109646854783087555e+00
-5.478666484311067286e+00
-5.103061766108962338e+00
-4.390181328602587030e+00
7.757354968151511376e-03
1.423368262769596493e+00
3.914733324234308309e+00
4.783942218799940527e+00
5.528515644367702819e+00
5.342150814661688507e+00
3.903767401132720138e+00
2.770998093144779073e+00
-7.753560692122254960e-03
-1.423364470134825810e+00
-3.914729546502937474e+00
-4.783938445155801134e+00
-5.528511873611061667e+00
-5.342147041038844080e+00
-3.903763615763866657e+00
-2.770994308387823235e+00
2.122817633318083708e+00
3.359398194682852612e+00
5.110650383164169419e+00
5.480217078799417330e+00
5.104735833892433128e+00
4.390799068690189877e+00
2.108534508082473558e+00
7.293105365631776804e-01
-2.122813511855937918e+00
-3.359394088487178465e+00
-5.110646281472496888e+00
-5.480212976146574100e+00
-5.104731721553109836e+00
-4.390794950516918149e+00
-2.108530382136531323e+00
-7.293064123232260165e-01
3.914333939524065720e+00
4.782337545481616381e+00
5.527134867109269045e+00
5.341028723385492505e+00
3.902213975273195246e+00
2.771015521321041231e+00
-8.569643796123691329e-03
-1.422217286952338844e+00
-3.914329493000318738e+00
-4.782333112686295351e+00
-5.527130427267644031e+00
-5.341024265770420776e+00
-3.902209521133298775e+00
-2.771011079970753244e+00
8.574101741920765046e-03
1.422221731612877349e+00
5.110575936101450445e+00
5.480128475326334403e+00
5.104649461540740063e+00
4.390740760169367540e+00
2.108486381905717799e+00
7.293164289478383244e-01
-2.122794617200720602e+00
-3.359326625318228121e+00
-5.110571157460332081e+00
-5.480123680043279322e+00
-5.104644650829406771e+00
-4.390735969611941236e+00
-2.108481584234961570e+00
-7.293116338615455163e-01
2.122799397077624217e+00
3.359331409229643572e+00
5.528440767887605745e+00
5.342076971079125158e+00
3.903721389618480142e+00
2.770954792514477294e+00
-7.743920473640836244e-03
-1.423351091572830462e+00
-3.914668249938673128e+00
-4.783875195491299692e+00
-5.528435630644273679e+00
-5.342071824783666933e+00
-3.903716236823790098e+00
-2.770949654602016032e+00
7.749064039205352458e-03
1.423356222922415260e+00
3.914673381014922349e+00
4.783880322259193463e+00
5.103128869631852638e+00
4.390208518747874322e+00
2.107225705867384224e+00
7.299647861650500058e-01
-2.123056219120640353e+00
-3.357876475784598025e+00
-5.109680105203250555e+00
-5.478721444269860186e+00
-5.103123346578717801e+00
-4.390203015531123576e+00
-2.107220228880108959e+00
-7.299593018995382820e-01
2.123061710565692817e+00
3.357881972084324040e+00
5.109685584784133816e+00
5.478726928440384114e+00
3.903796414359046008e+00
2.770985269986214750e+00
-7.726250549771806683e-03
-1.423388873860338633e+00
-3.914717212309649419e+00
-4.783958403374846569e+00
-5.528523024627228999e+00
-5.342152354943122461e+00
-3.903790564267672458e+00
-2.770979442924261793e+00
7.732096632908564034e-03
1.423394718311236984e+00
3.914723072376333324e+00
4.783964263574186582e+00
5.528528879122538875e+00
5.342158213205555839e+00
2.108510116333875306e+00
7.293363861042791996e-01
-2.122829128387176301e+00
-3.359364149809989986e+00
-5.110642825628249675e+00
-5.480197121072193589e+00
-5.104712647568718786e+00
-4.390802452436488146e+00
-2.108503930195684717e+00
-7.293301883899634408e-01
2.122835346268630907e+00
3.359370378920779832e+00
5.110649072950073979e+00
5.480203369828900328e+00
5.104718864060550310e+00
4.390808645931194576e+00
-8.600381182116300163e-03
-1.422168400676060873e+00
-3.914313145051049325e+00
-4.782268377523454461e+00
-5.527078000575746053e+00
-5.340983636487610653e+00
-3.902150912144306982e+00
-2.771015721128732068e+00
8.606941690196023495e-03
1.422174971274875910e+00
3.914319759319561332e+00
4.782274999640570456e+00
5.527084604977246407e+00
5.340990216210176555e+00
3.902157446881573399e+00
2.771022250921708618e+00
-2.122711186115912696e+00
-3.359320889564739065e+00
-5.110477399989393099e+00
-5.480054585495653718e+00
-5.104597598872485875e+00
-4.390644515464439124e+00
-2.108505326798988389e+00
-7.292479454286295848e-01
2.122718142899538751e+00
3.359327867407460033e+00
5.110484436589984192e+00
5.480061604449670831e+00
5.104604514205415278e+00
4.390651377714325676e+00
2.108512228749942707e+00
7.292548547456864094e-01
-3.914369911740982477e+00
-4.783535347540096794e+00
-5.528036416293882205e+00
-5.341683295775838225e+00
-3.903449499061235617e+00
-2.770737158649959841e+00
7.730155556111228086e-03
1.423268974497048811e+00
3.914377289552477546e+00
4.783542757595230732e+00
5.528043780666061835e+00
5.341690581224276535e+00
3.903456723392649153e+00
2.770744399368845645e+00
-7.722861245077330093e-03
-1.423261681008508361e+00
-5.108995430856359654e+00
-5.477943803601128536e+00
-5.102380714269624029e+00
-4.389643871985028589e+00
-2.106850710744464727e+00
-7.299419598099986528e-01
2.122841071890473774e+00
3.357344715000950774e+00
5.109003246656288688e+00
5.477951585247845756e+00
5.102388342390703713e+00
4.389651440614555256e+00
2.106858373905880377e+00
7.299496465600755490e-01
-2.122833424300347271e+00
-3.357337005248149264e+00
-5.528382232543359365e+00
-5.341986708602802558e+00
-3.903781278369250263e+00
-2.770806279425422680e+00
7.608177482955840940e-03
1.423475079617674943e+00
3.914535322447306509e+00
4.783902383712266726e+00
5.528390346430874125e+00
5.341994737773357649e+00
3.903789264181262819e+00
2.770814286138290061e+00
-7.600136551481047852e-03
-1.423467021511465980e+00
-3.914527218807430931e+00
-4.783894219904586187e+00
-5.105717563598053843e+00
-4.391622495198490128e+00
-2.108958040425547242e+00
-7.294243891931115886e-01
2.123197483794530438e+00
3.360054134784439039e+00
5.111614043003639196e+00
5.481266314672140538e+00
5.105725950696711202e+00
4.391630860860906260e+00
2.108966528044281308e+00
7.294328868236981123e-01
-2.123189126338056010e+00
-3.360045741662684549e+00
-5.111605529373869139e+00
-5.481257821258855856e+00
-3.903918660560180331e+00
-2.772693679993742055e+00
8.917732037067381545e-03
1.422597562750087530e+00
3.916523311615141445e+00
4.784547518075102701e+00
5.529893432411173926e+00
5.343786628964325658e+00
3.903927516439338774e+00
2.772702550082736472e+00
-8.908916907814050726e-03
-1.422588730126819412e+00
-3.916514553300724177e+00
-4.784538740716142158e+00
-5.529884625701316558e+00
-5.343777837931467545e+00
-2.110456639063028828e+00
-7.299070088953566460e-01
2.124652900359201624e+00
3.362419923516190234e+00
5.115169913905316612e+00
5.485095094802697524e+00
5.109301506811310567e+00
4.394681197994120936e+00
2.110465897058778850e+00
7.299162627738386977e-01
-2.124643741882992654e+00
-3.362410777378831206e+00
-5.115160824627067448e+00
-5.485085999955345848e+00
-5.109292272586671402e+00
-4.394671959646566428e+00
7.800266085747525543e-03
1.424008936231397460e+00
3.916644098818796049e+00
4.786221014585195555e+00
5.531182837977620892e+00
5.344744198633263110e+00
3.905631061120438563e+00
2.772382388580477031e+00
-7.790749344707677791e-03
-1.423999287684925452e+00
-3.916634580719320802e+00
-4.786211634598053877e+00
-5.531173398097919858e+00
-5.344734594329056954e+00
-3.905621337829733086e+00
-2.772372807481441104e+00
2.120790910942957908e+00
3.352909925931951474e+00
5.103098249723632129e+00
5.471336350538568816e+00
5.096094218509761298e+00
4.384735152083778509e+00
2.103857844514417597e+00
7.296070883555905162e-01
-2.120780821404003369e+00
-3.352899826759947022e+00
-5.103088632009054493e+00
-5.471326735064262259e+00
-5.096084025470071666e+00
-4.384724962498992795e+00
-2.103848076662154121e+00
-7.295973193698152004e-01
3.899583193149898541e+00
4.766856212346336719e+00
5.508177363955719663e+00
5.322233973906916660e+00
3.890157929255393832e+00
2.759911482734962895e+00
-6.669238870195286564e-03
-1.419125295748222992e+00
-3.899572861101538113e+00
-4.766846244796822951e+00
-5.508167334417270133e+00
-5.322223510580967876e+00
-3.890147356321247862e+00
-2.759901235474565784e+00
6.679414668443354325e-03
1.419135742813566248e+00
5.081884069459602138e+00
5.450016398903639647e+00
5.076925731070121017e+00
4.365773096635340522e+00
2.097961757504628988e+00
7.241090055744955345e-01
-2.109949281021401113e+00
-3.341710986184145415e+00
-5.081873938131638013e+00
-5.450006162074590321e+00
-5.076914786588443640e+00
-4.365761990979931895e+00
-2.097951291552177189e+00
-7.240986386926525631e-01
2.109960258015228352e+00
3.341721797475591504e+00
5.513463521307849113e+00
5.328122919231501164e+00
3.891758508886815626e+00
2.765174156618132262e+00
-9.692065057824274590e-03
-1.417571455725027629e+00
-3.905447323607517784e+00
-4.769910672129330287e+00
-5.513452670290564406e+00
-5.328111840628245055e+00
-3.891747412839572373e+00
-2.765163206716164002e+00
9.702997417846241646e-03
1.417582514047879272e+00
3.905458323268525156e+00
4.769921487206525867e+00
5.164256611900873040e+00
4.441903941813071022e+00
2.133207060004495226e+00
7.377168603907778843e-01
-2.147436015333354487e+00
-3.398597244099735182e+00
-5.170132874621518049e+00
-5.544062778134787983e+00
-5.164245058171611724e+00
-4.441892269429722262e+00
-2.133196155023850071e+00
-7.377059951378805991e-01
2.147447770523970956e+00
3.398608880125431497e+00
5.170143840123768264e+00
5.544073806569215890e+00
4.003849445372847704e+00
2.889222865193373124e+00
-4.247898491891065331e-02
-1.435415074442717875e+00
-4.063905339728235866e+00
-4.919192873283920520e+00
-5.704759246836225373e+00
-5.521385586090731046e+00
-4.003837208607935239e+00
-2.889210945908302630e+00
4.249049407527006467e-02
1.435427064986552148e+00
4.063916596808509141e+00
4.919203934676412260e+00
5.704770715210819354e+00
5.521397094424439267e+00
2.067157046995798719e+00
8.584873236204282332e-01
-2.284040191638541994e+00
-3.367703134391056174e+00
-5.297271608707514012e+00
-5.621141098983343909e+00
-5.207440572235326748e+00
-4.581793256896808941e+00
-2.067144282694059143e+00
-8.584742194127868986e-01
2.284051077221197712e+00
3.367714599816042487e+00
5.297283461286390605e+00
5.621152611662941112e+00
5.207452790605947790e+00
4.581804885413963468e+00
