-4.719250199999999729e-01
-4.719232300000000269e-01
-4.719233999999999374e-01
-4.719252500000000738e-01
-4.719257399999999825e-01
-4.719244200000000111e-01
-4.719238900000000125e-01
-4.719245699999999877e-01
-4.719238700000000786e-01
-4.719227999999999756e-01
-4.719226300000000096e-01
-4.719236800000000120e-01
-4.719239100000000020e-01
-4.719228100000000259e-01
-4.719233600000000139e-01
-4.719250500000000126e-01
6.238065828728819318e-01
6.238065417257273593e-01
6.238066442203484829e-01
6.238063539152493009e-01
6.238058884297921214e-01
6.238061881719036972e-01
6.238073014520617576e-01
6.238075928513724389e-01
6.238078367287406278e-01
6.238078959180277661e-01
6.238079647162232400e-01
6.238079130214914114e-01
6.238070368073499461e-01
6.238067183935109838e-01
6.238072524635400740e-01
6.238073036714820718e-01
1.829301007206223240e+00
1.829300784845926398e+00
1.829300454077617655e+00
1.829300494520806231e+00
1.829300898983336809e+00
1.829301151409054693e+00
1.829301870044104605e+00
1.829302242792260946e+00
1.829302397333854246e+00
1.829302221452628663e+00
1.829301842656502419e+00
1.829301683059064709e+00
1.829301364539696939e+00
1.829301289991038582e+00
1.829301281850483685e+00
1.829301258573293509e+00
3.046613309703007033e+00
3.046613138473961424e+00
3.046613325803065209e+00
3.046613518210316673e+00
3.046613943515210199e+00
3.046614286228446211e+00
3.046615041811208791e+00
3.046615139271392270e+00
3.046614754652008372e+00
3.046614582283688755e+00
3.046614359163885677e+00
3.046614172489997774e+00
3.046613877290477834e+00
3.046613878692721489e+00
3.046613947776044995e+00
3.046613844121785597e+00
4.266559705462479535e+00
4.266560224279691838e+00
4.266560564199791905e+00
4.266560351600007017e+00
4.266561018929058591e+00
4.266561816637143956e+00
4.266562039742821888e+00
4.266561447042767519e+00
4.266561102889612656e+00
4.266561421582141911e+00
4.266561047667584816e+00
4.266560424923450334e+00
4.266560378763792905e+00
4.266560904445156233e+00
4.266560714832977830e+00
4.266559992141965019e+00
5.481120922123192685e+00
5.481121057405641928e+00
5.481121036320451445e+00
5.481121420750096895e+00
5.481122545790368505e+00
5.481122671665207946e+00
5.481121977704613180e+00
5.481121724477292290e+00
5.481121920361884392e+00
5.481121804003310949e+00
5.481120917630281753e+00
5.481120890855370575e+00
5.481121552062768743e+00
5.481121417008851360e+00
5.481120419466996019e+00
5.481120315234499607e+00
6.699957547156078164e+00
6.699957544652440866e+00
6.699958285905775135e+00
6.699958876257359641e+00
6.699959119010837405e+00
6.699958743119736049e+00
6.699958306123009244e+00
6.699958396391345161e+00
6.699958102343718025e+00
6.699957687650649696e+00
6.699957633883055763e+00
6.699957952965551300e+00
6.699957721736934602e+00
6.699957224348103146e+00
6.699956974116019204e+00
6.699957274927330175e+00
7.918103545250471775e+00
7.918103941753539488e+00
7.918104687535431729e+00
7.918104833420147592e+00
7.918104519099842697e+00
7.918104263996225356e+00
7.918104014792688439e+00
7.918103868912313104e+00
7.918103466539312407e+00
7.918103440716826924e+00
7.918103641714122176e+00
7.918103525735124215e+00
7.918102966354813255e+00
7.918102850947883908e+00
7.918103014066756096e+00
7.918103129973809828e+00
9.133248102341076091e+00
9.133248476178314590e+00
9.133248719236274127e+00
9.133248580120520543e+00
9.133248168074544537e+00
9.133247997983920285e+00
9.133247635508684681e+00
9.133247470965791592e+00
9.133247458948082098e+00
9.133247520521242890e+00
9.133247327104276891e+00
9.133247086503931911e+00
9.133246784523166184e+00
9.133246815437248145e+00
9.133247117987391306e+00
9.133247366191255878e+00
1.035118483414154333e+01
1.035118496038356639e+01
1.035118469227167814e+01
1.035118447454821222e+01
1.035118414146251276e+01
1.035118395560089333e+01
1.035118359825476020e+01
1.035118359404715704e+01
1.035118378399080363e+01
1.035118368758154972e+01
1.035118315650676912e+01
1.035118298934810532e+01
1.035118307956349959e+01
1.035118322557474002e+01
1.035118373549703108e+01
1.035118412473553029e+01
1.156907942968351222e+01
1.156907931969488423e+01
1.156907886131330265e+01
1.156907866862902701e+01
1.156907831652452856e+01
1.156907811380583162e+01
1.156907812589062168e+01
1.156907824759591286e+01
1.156907804316320387e+01
1.156907779205925735e+01
1.156907745562061862e+01
1.156907747452982704e+01
1.156907778769425654e+01
1.156907803817187563e+01
1.156907882079403471e+01
1.156907918624727927e+01
1.278473358156518813e+01
1.278473334095577840e+01
1.278473290220431657e+01
1.278473270562880337e+01
1.278473246182193535e+01
1.278473246978669842e+01
1.278473258175644567e+01
1.278473250558356433e+01
1.278473203223575716e+01
1.278473186251850713e+01
1.278473184838656529e+01
1.278473198426299184e+01
1.278473258962251080e+01
1.278473299197185220e+01
1.278473367524819437e+01
1.278473383218931403e+01
1.400253362684273206e+01
1.400253341108279059e+01
1.400253303636379876e+01
1.400253288486706538e+01
1.400253290176429566e+01
1.400253300521392319e+01
1.400253283172977170e+01
1.400253256975219429e+01
1.400253221762379674e+01
1.400253222400835185e+01
1.400253250718133202e+01
1.400253278985208816e+01
1.400253359900477257e+01
1.400253398686816375e+01
1.400253428161226132e+01
1.400253412074783022e+01
1.522034381579123696e+01
1.522034360744355652e+01
1.522034340481087789e+01
1.522034343514505572e+01
1.522034352218882525e+01
1.522034345731810134e+01
1.522034303141983358e+01
1.522034284889786804e+01
1.522034277961640392e+01
1.522034289466909307e+01
1.522034351426505872e+01
1.522034393981173572e+01
1.522034467860639317e+01
1.522034483707007446e+01
1.522034460452170102e+01
1.522034434110777923e+01
1.643621927393615678e+01
1.643621917283119416e+01
1.643621922416916448e+01
1.643621930060243486e+01
1.643621914067206902e+01
1.643621893808878554e+01
1.643621857029729227e+01
1.643621851323278449e+01
1.643621875451663072e+01
1.643621905875851041e+01
1.643621992428867173e+01
1.643622032543172651e+01
1.643622063405910794e+01
1.643622051278889984e+01
1.643621998299423126e+01
1.643621969330147792e+01
1.765393865987494237e+01
1.765393870263514131e+01
1.765393880642295699e+01
1.765393874397019758e+01
1.765393836776214442e+01
1.765393818243331125e+01
1.765393803624667513e+01
1.765393812938619078e+01
1.765393876109569149e+01
1.765393920980977072e+01
1.765394000607771829e+01
1.765394018706784252e+01
1.765393996454087144e+01
1.765393967824123678e+01
1.765393908451141414e+01
1.765393884311484740e+01
1.887167716961185349e+01
1.887167724999487461e+01
1.887167715601469453e+01
1.887167695366009212e+01
1.887167657074763127e+01
1.887167648966879696e+01
1.887167667591855391e+01
1.887167698054471643e+01
1.887167788240443755e+01
1.887167830780888167e+01
1.887167869274978216e+01
1.887167857180090991e+01
1.887167800656044747e+01
1.887167768215639896e+01
1.887167718518929860e+01
1.887167709365733970e+01
2.008765109709329977e+01
2.008765107807889194e+01
2.008765075356388863e+01
2.008765052559745357e+01
2.008765030093292836e+01
2.008765039090720350e+01
2.008765103217449166e+01
2.008765150407469946e+01
2.008765233988979659e+01
2.008765254443475357e+01
2.008765237355065025e+01
2.008765205444908375e+01
2.008765136059557932e+01
2.008765110496115014e+01
2.008765092942428865e+01
2.008765096490362723e+01
2.130534447957222000e+01
2.130534432825287183e+01
2.130534387101591776e+01
2.130534372537839616e+01
2.130534390359098396e+01
2.130534422774069014e+01
2.130534514570529936e+01
2.130534560606380623e+01
2.130534604962512546e+01
2.130534595959638366e+01
2.130534531908810436e+01
2.130534493957298992e+01
2.130534442237341253e+01
2.130534432968373793e+01
2.130534441064163786e+01
2.130534449553517362e+01
2.252304601270944318e+01
2.252304576214010368e+01
2.252304544819007859e+01
2.252304553398030151e+01
2.252304618291538318e+01
2.252304666769257580e+01
2.252304755441080175e+01
2.252304780360850245e+01
2.252304765550882948e+01
2.252304731340253596e+01
2.252304652853590383e+01
2.252304624802884447e+01
2.252304605855720965e+01
2.252304611676633783e+01
2.252304628883243609e+01
2.252304630415027020e+01
2.373904979752693833e+01
2.373904958688400768e+01
2.373904969634505946e+01
2.373905005916784816e+01
2.373905104251313958e+01
2.373905150847573964e+01
2.373905199252415699e+01
2.373905192389214136e+01
2.373905126698008416e+01
2.373905084176218949e+01
2.373905022436769841e+01
2.373905014001358893e+01
2.373905026569963539e+01
2.373905036593986395e+01
2.373905039966159691e+01
2.373905026973178778e+01
2.495675129745669096e+01
2.495675132863667756e+01
2.495675200413847250e+01
2.495675253167271279e+01
2.495675349003201760e+01
2.495675374410273051e+01
2.495675361911484558e+01
2.495675327409073319e+01
2.495675239751194496e+01
2.495675207205970736e+01
2.495675186872962570e+01
2.495675194950552012e+01
2.495675217255145384e+01
2.495675221262698784e+01
2.495675196429020559e+01
2.495675170126004971e+01
2.617444482740312495e+01
2.617444515863246579e+01
2.617444620764464958e+01
2.617444672901158143e+01
2.617444727331558596e+01
2.617444720627796073e+01
2.617444652339738909e+01
2.617444605252989120e+01
2.617444534464583228e+01
2.617444523867990469e+01
2.617444540950423715e+01
2.617444556507823705e+01
2.617444563879289987e+01
2.617444552063693664e+01
2.617444502344464752e+01
2.617444478749441572e+01
2.739041918067285408e+01
2.739041975079064173e+01
2.739042082965060487e+01
2.739042109871640207e+01
2.739042098679747639e+01
2.739042063903309554e+01
2.739041970095578549e+01
2.739041930040010442e+01
2.739041902416618157e+01
2.739041914760891672e+01
2.739041949095510020e+01
2.739041953599777912e+01
2.739041930149168635e+01
2.739041904604678024e+01
2.739041859134519896e+01
2.739041856755905613e+01
2.860815848144089557e+01
2.860815905761751310e+01
2.860815966119618992e+01
2.860815959566629374e+01
2.860815889739560447e+01
2.860815841161173978e+01
2.860815758395122899e+01
2.860815743632649699e+01
2.860815766249146819e+01
2.860815787294615120e+01
2.860815800621564975e+01
2.860815789006973020e+01
2.860815738820093657e+01
2.860815712716963333e+01
2.860815705760476391e+01
2.860815736724882186e+01
2.982587882133141832e+01
2.982587915440151605e+01
2.982587906510415010e+01
2.982587870529463459e+01
2.982587766770731008e+01
2.982587721274554582e+01
2.982587691317836232e+01
2.982587706885355772e+01
2.982587748211131284e+01
2.982587756180273786e+01
2.982587733109096106e+01
2.982587707366564800e+01
2.982587655893345868e+01
2.982587649049056111e+01
2.982587708057434384e+01
2.982587766288823161e+01
3.104175503986229501e+01
3.104175499547160655e+01
3.104175425339097671e+01
3.104175370396346523e+01
3.104175276799318439e+01
3.104175261875689884e+01
3.104175294874751856e+01
3.104175318357177460e+01
3.104175333635170730e+01
3.104175323210778714e+01
3.104175271624725596e+01
3.104175241086683101e+01
3.104175228209738080e+01
3.104175258999678988e+01
3.104175372890741258e+01
3.104175434903086739e+01
3.225956546462249008e+01
3.225956510420899548e+01
3.225956397035211154e+01
3.225956342235112828e+01
3.225956311925315845e+01
3.225956336609353770e+01
3.225956385766949808e+01
3.225956389096289456e+01
3.225956368419944909e+01
3.225956344595591219e+01
3.225956285284613756e+01
3.225956274051056027e+01
3.225956332723333730e+01
3.225956394062820465e+01
3.225956516651864803e+01
3.225956552199566119e+01
3.347736527314953037e+01
3.347736467221337620e+01
3.347736361074711198e+01
3.347736346015162923e+01
3.347736391193427608e+01
3.347736417930197916e+01
3.347736431943852153e+01
3.347736421711271504e+01
3.347736370951412255e+01
3.347736337150288222e+01
3.347736318520934873e+01
3.347736349129099409e+01
3.347736465220960866e+01
3.347736529406538608e+01
3.347736607944679577e+01
3.347736605630004902e+01
3.469301871557178174e+01
3.469301809587479113e+01
3.469301779034185529e+01
3.469301811758126775e+01
3.469301867336815803e+01
3.469301868823509949e+01
3.469301847537776951e+01
3.469301824804552581e+01
3.469301761005343110e+01
3.469301747517842216e+01
3.469301804861606087e+01
3.469301863122029062e+01
3.469301993946245943e+01
3.469302036596521788e+01
3.469302033084974823e+01
3.469301994156445090e+01
3.591091232566730440e+01
3.591091216415372855e+01
3.591091276685083500e+01
3.591091308318241460e+01
3.591091316485491802e+01
3.591091305436912506e+01
3.591091258944704379e+01
3.591091223276009714e+01
3.591091195203560460e+01
3.591091223571843472e+01
3.591091346442161125e+01
3.591091414393645209e+01
3.591091496018617590e+01
3.591091493880726659e+01
3.591091417880312520e+01
3.591091354961228177e+01
3.712884845765336905e+01
3.712884873431506350e+01
3.712884935558411570e+01
3.712884945939990189e+01
3.712884924906777684e+01
3.712884896486822583e+01
3.712884828300441598e+01
3.712884810746419362e+01
3.712884866521645932e+01
3.712884932459133580e+01
3.712885068561320878e+01
3.712885109125985394e+01
3.712885108054800298e+01
3.712885067449557397e+01
3.712884937347563152e+01
3.712884877388401605e+01
3.834399288073839074e+01
3.834399321294784357e+01
3.834399332836423469e+01
3.834399328903321447e+01
3.834399282392148223e+01
3.834399236200963657e+01
3.834399196448654124e+01
3.834399229526004405e+01
3.834399365141048577e+01
3.834399437529931021e+01
3.834399514847919477e+01
3.834399505909398442e+01
3.834399431821567816e+01
3.834399374374218183e+01
3.834399245306607185e+01
3.834399224122210370e+01
3.956213917364205201e+01
3.956213904509911572e+01
3.956213891616905443e+01
3.956213885681715681e+01
3.956213802978278693e+01
3.956213761957975095e+01
3.956213823974346155e+01
3.956213912975486835e+01
3.956214054547992021e+01
3.956214074731888530e+01
3.956214065212083852e+01
3.956214046156826925e+01
3.956213922234307745e+01
3.956213837025480728e+01
3.956213798431231510e+01
3.956213853332132402e+01
4.078097545113131162e+01
4.078097541301443840e+01
4.078097534663815082e+01
4.078097485139375067e+01
4.078097408143938907e+01
4.078097442979254339e+01
4.078097611918141752e+01
4.078097686483332751e+01
4.078097734031022981e+01
4.078097723188472656e+01
4.078097685217193913e+01
4.078097625583060193e+01
4.078097449955863141e+01
4.078097428779010158e+01
4.078097544152073795e+01
4.078097579750837554e+01
4.199553590404899239e+01
4.199553602643352690e+01
4.199553530852863759e+01
4.199553470453238191e+01
4.199553523031126190e+01
4.199553633201069403e+01
4.199553777267031762e+01
4.199553778923632308e+01
4.199553781457595392e+01
4.199553779831367706e+01
4.199553634654365197e+01
4.199553528615317077e+01
4.199553500883065738e+01
4.199553578607800830e+01
4.199553650514927483e+01
4.199553617803039884e+01
4.321548238939825382e+01
4.321548206055021524e+01
4.321548157958817171e+01
4.321548182783904934e+01
4.321548337510802895e+01
4.321548409926329271e+01
4.321548480695944505e+01
4.321548483657567630e+01
4.321548403095022195e+01
4.321548326946543739e+01
4.321548204517144853e+01
4.321548193200434440e+01
4.321548250409476566e+01
4.321548286997840194e+01
4.321548316247958610e+01
4.321548299787768599e+01
4.443279448246748586e+01
4.443279426845347757e+01
4.443279481837266331e+01
4.443279559172759008e+01
4.443279708963358843e+01
4.443279744500687656e+01
4.443279744117477748e+01
4.443279702102334028e+01
4.443279551705862218e+01
4.443279496713789456e+01
4.443279471209172726e+01
4.443279489682802819e+01
4.443279566434316052e+01
4.443279590185500183e+01
4.443279560116251048e+01
4.443279525438772737e+01
4.563828884161750210e+01
4.563828891118713926e+01
4.563829020271759873e+01
4.563829090526306942e+01
4.563829202676309649e+01
4.563829228252281212e+01
4.563829087759039993e+01
4.563828981891009562e+01
4.563828928974492527e+01
4.563828935065189540e+01
4.563828906604215518e+01
4.563828949323170292e+01
4.563829069018027695e+01
4.563829030406455445e+01
4.563828894977628181e+01
4.563828886853219302e+01
4.673402006409539666e+01
4.673402073917992539e+01
4.673402246976205987e+01
4.673402258872394555e+01
4.673402282912950767e+01
4.673402337777391580e+01
4.673402125304762222e+01
4.673401908208639810e+01
4.673401904768272175e+01
4.673402139843380354e+01
4.673402240910245808e+01
4.673402045770146174e+01
4.673401982159749224e+01
4.673402105075400925e+01
4.673402041459798539e+01
4.673401964399705832e+01
