-4.719250199999999729e-01
-4.719232300000000269e-01
-4.719233999999999374e-01
-4.719252500000000738e-01
-4.719257399999999825e-01
-4.719244200000000111e-01
-4.719238900000000125e-01
-4.719245699999999877e-01
-4.719238700000000786e-01
-4.719227999999999756e-01
-4.719226300000000096e-01
-4.719236800000000120e-01
-4.719239100000000020e-01
-4.719228100000000259e-01
-4.719233600000000139e-01
-4.719250500000000126e-01
5.421433702677068700e-01
5.421433193615700086e-01
5.421434534473014155e-01
5.421431712434510164e-01
5.421426421971263787e-01
5.421429439845201204e-01
5.421441594308182843e-01
5.421444508577850652e-01
5.421446586087547148e-01
5.421447121307874095e-01
5.421447830992563999e-01
5.421447304020174940e-01
5.421437908715567300e-01
5.421434830265112748e-01
5.421441467422929428e-01
5.421441930081357663e-01
1.677213272378943465e+00
1.677213079633066206e+00
1.677212756078387157e+00
1.677212774128469919e+00
1.677213195147544411e+00
1.677213486093225514e+00
1.677214218663555467e+00
1.677214553870022939e+00
1.677214687686384265e+00
1.677214534274628965e+00
1.677214143114262423e+00
1.677213961566900835e+00
1.677213684012017980e+00
1.677213657291884541e+00
1.677213642345687816e+00
1.677213565229535686e+00
2.828614107334266770e+00
2.828613953847678442e+00
2.828614136373621690e+00
2.828614340300157792e+00
2.828614807542088272e+00
2.828615137515879674e+00
2.828615837093572338e+00
2.828615922329921872e+00
2.828615560112639926e+00
2.828615402712696625e+00
2.828615181655178556e+00
2.828615011555032144e+00
2.828614766501460487e+00
2.828614750096897890e+00
2.828614740618893730e+00
2.828614619373992500e+00
3.983779605046438910e+00
3.983780130952997656e+00
3.983780502611442564e+00
3.983780311215539438e+00
3.983780946640662624e+00
3.983781698742689947e+00
3.983781894292907744e+00
3.983781320305138429e+00
3.983781018845109045e+00
3.983781347045347587e+00
3.983781005403009168e+00
3.983780407577208749e+00
3.983780323092030784e+00
3.983780793016746369e+00
3.983780564962012161e+00
3.983779862438690422e+00
5.133593251437249094e+00
5.133593414514220576e+00
5.133593430537239932e+00
5.133593790533705459e+00
5.133594819793603214e+00
5.133594920592092770e+00
5.133594277898025027e+00
5.133594054145000030e+00
5.133594276783755461e+00
5.133594185953882949e+00
5.133593335139697622e+00
5.133593280874205078e+00
5.133593826410415062e+00
5.133593661971538324e+00
5.133592706505991643e+00
5.133592625630253536e+00
6.286997875211783438e+00
6.286997887539160779e+00
6.286998571100411048e+00
6.286999108841325068e+00
6.286999306535241416e+00
6.286998941439613020e+00
6.286998577812204836e+00
6.286998702883117573e+00
6.286998457632670956e+00
6.286998056285083791e+00
6.286997932720304938e+00
6.286998188938949461e+00
6.286997896288601062e+00
6.286997407426928142e+00
6.286997212518599554e+00
6.286997546405426185e+00
7.439281342503241135e+00
7.439281707804814125e+00
7.439282360823883167e+00
7.439282469661568697e+00
7.439282168738457379e+00
7.439281950326534165e+00
7.439281806277525000e+00
7.439281700957384835e+00
7.439281287685205690e+00
7.439281222790267378e+00
7.439281308904444501e+00
7.439281147454238408e+00
7.439280583641556532e+00
7.439280502468637479e+00
7.439280767319912613e+00
7.439280924828577390e+00
8.588554701931219171e+00
8.588555019266312485e+00
8.588555184422794753e+00
8.588555039046587680e+00
8.588554711442792922e+00
8.588554606548996162e+00
8.588554333558088061e+00
8.588554172936730069e+00
8.588554065245897817e+00
8.588554059536402718e+00
8.588553761072692083e+00
8.588553508663578029e+00
8.588553286832938838e+00
8.588553383007996089e+00
8.588553777254373855e+00
8.588554035175919310e+00
9.740634011077187182e+00
9.740634083814343924e+00
9.740633797369289582e+00
9.740633620296840434e+00
9.740633431993046543e+00
9.740633303776842666e+00
9.740632955704420226e+00
9.740632904873164577e+00
9.740632939392103395e+00
9.740632778543757198e+00
9.740632214365870567e+00
9.740632088191301108e+00
9.740632324443048162e+00
9.740632530746779594e+00
9.740633065859336526e+00
9.740633420549885457e+00
1.089278457006862766e+01
1.089278444096270704e+01
1.089278406741976291e+01
1.089278395135890598e+01
1.089278373223177709e+01
1.089278354313869279e+01
1.089278345388097158e+01
1.089278349280610136e+01
1.089278313536772202e+01
1.089278285989982287e+01
1.089278260708554846e+01
1.089278270524006054e+01
1.089278316110181422e+01
1.089278343385046277e+01
1.089278414932207895e+01
1.089278444863780315e+01
1.204281605556359125e+01
1.204281585272247490e+01
1.204281557853945372e+01
1.204281545375075524e+01
1.204281525052464197e+01
1.204281521283806811e+01
1.204281513900697931e+01
1.204281498102231218e+01
1.204281444137390977e+01
1.204281430956008592e+01
1.204281446828105473e+01
1.204281468322007953e+01
1.204281535646702217e+01
1.204281572873986761e+01
1.204281626921789616e+01
1.204281635691836350e+01
1.319498225264117686e+01
1.319498211654418363e+01
1.319498190132998339e+01
1.319498177494340396e+01
1.319498170259392644e+01
1.319498171756841032e+01
1.319498135401161321e+01
1.319498105511340746e+01
1.319498076938974584e+01
1.319498086075054211e+01
1.319498132852223904e+01
1.319498165072971751e+01
1.319498241415306516e+01
1.319498273139788047e+01
1.319498286965612799e+01
1.319498267814737780e+01
1.434714503397976060e+01
1.434714490234073203e+01
1.434714476569192598e+01
1.434714475891240326e+01
1.434714465658679927e+01
1.434714450181132150e+01
1.434714397672062347e+01
1.434714382118878540e+01
1.434714392798055904e+01
1.434714413285222712e+01
1.434714486357234975e+01
1.434714527183823307e+01
1.434714586651118751e+01
1.434714594894703765e+01
1.434714563618800298e+01
1.434714539976580738e+01
1.549739020208897600e+01
1.549739013420981415e+01
1.549739011785361242e+01
1.549739011349067042e+01
1.549738975501941596e+01
1.549738950473889076e+01
1.549738917562328666e+01
1.549738919431096384e+01
1.549738963796311353e+01
1.549738999697403230e+01
1.549739084999629846e+01
1.549739118913707081e+01
1.549739133510849953e+01
1.549739117372531005e+01
1.549739068255801833e+01
1.549739046018777699e+01
1.664943626565071000e+01
1.664943628627471384e+01
1.664943622906794829e+01
1.664943608242142759e+01
1.664943559159827302e+01
1.664943541638094260e+01
1.664943541785116565e+01
1.664943559795956318e+01
1.664943636629656254e+01
1.664943681713719315e+01
1.664943750262833788e+01
1.664943761388700594e+01
1.664943729701884934e+01
1.664943701994165437e+01
1.664943654719681732e+01
1.664943637416041611e+01
1.780149421288194134e+01
1.780149423606447812e+01
1.780149397132682765e+01
1.780149371743302922e+01
1.780149333651082344e+01
1.780149330784177764e+01
1.780149367399211613e+01
1.780149404043919503e+01
1.780149497520059398e+01
1.780149536416148237e+01
1.780149561657398394e+01
1.780149545180518800e+01
1.780149488423695914e+01
1.780149459962611402e+01
1.780149422750655930e+01
1.780149417110011001e+01
1.895181989864986960e+01
1.895181981670933524e+01
1.895181938036809299e+01
1.895181914102245813e+01
1.895181900368510597e+01
1.895181916049628512e+01
1.895181994282228999e+01
1.895182044216161543e+01
1.895182123644485372e+01
1.895182139361773821e+01
1.895182112942087826e+01
1.895182079595377900e+01
1.895182015227894112e+01
1.895181993927747399e+01
1.895181983119259783e+01
1.895181986657074091e+01
2.010383869068717644e+01
2.010383849032263370e+01
2.010383799060631205e+01
2.010383786067382417e+01
2.010383815770118332e+01
2.010383854324132002e+01
2.010383955034406966e+01
2.010384001477666160e+01
2.010384039163429648e+01
2.010384025949246123e+01
2.010383956444739439e+01
2.010383918400986758e+01
2.010383871780391019e+01
2.010383865614467425e+01
2.010383875071265791e+01
2.010383881601366340e+01
2.125586728931894243e+01
2.125586700027963261e+01
2.125586668584474026e+01
2.125586680324754951e+01
2.125586758159924727e+01
2.125586812334202236e+01
2.125586906784167240e+01
2.125586930778732508e+01
2.125586908010038556e+01
2.125586869327628747e+01
2.125586785897380437e+01
2.125586758178936719e+01
2.125586743867459205e+01
2.125586752465464002e+01
2.125586768839132290e+01
2.125586767665565446e+01
2.240622823329645641e+01
2.240622799031079992e+01
2.240622813563214422e+01
2.240622855265381475e+01
2.240622968826938077e+01
2.240623021116748603e+01
2.240623072209567113e+01
2.240623061833952079e+01
2.240622983838373017e+01
2.240622935911414260e+01
2.240622869993842414e+01
2.240622863759324801e+01
2.240622883500888918e+01
2.240622896631535710e+01
2.240622897880507480e+01
2.240622880683926965e+01
2.355825677436638799e+01
2.355825679427969988e+01
2.355825757814777432e+01
2.355825819518636166e+01
2.355825933106421743e+01
2.355825962179477173e+01
2.355825943729599103e+01
2.355825901322630855e+01
2.355825796603799205e+01
2.355825759815223819e+01
2.355825741652030203e+01
2.355825755657834364e+01
2.355825788631744544e+01
2.355825794354187153e+01
2.355825761929137130e+01
2.355825728685406872e+01
2.471027573256471044e+01
2.471027610850094192e+01
2.471027738104296034e+01
2.471027801678370395e+01
2.471027869021294521e+01
2.471027859790513403e+01
2.471027771746206980e+01
2.471027713339282883e+01
2.471027628024390310e+01
2.471027618638283485e+01
2.471027649753631295e+01
2.471027674062976232e+01
2.471027689223758372e+01
2.471027674217958392e+01
2.471027607643204504e+01
2.471027575255311604e+01
2.586060197942316208e+01
2.586060267209830599e+01
2.586060404942865532e+01
2.586060440353688250e+01
2.586060425267559282e+01
2.586060379097926898e+01
2.586060255486387760e+01
2.586060206365476333e+01
2.586060178948076071e+01
2.586060200548007515e+01
2.586060257460415457e+01
2.586060268438849263e+01
2.586060239685617290e+01
2.586060203946028224e+01
2.586060135622049572e+01
2.586060127469608005e+01
2.701266096881671075e+01
2.701266171341361044e+01
2.701266254385600263e+01
2.701266246241883451e+01
2.701266149409200423e+01
2.701266083965284537e+01
2.701265976711461647e+01
2.701265962189058811e+01
2.701266005869421960e+01
2.701266041076949165e+01
2.701266071971591742e+01
2.701266058277663973e+01
2.701265984488525973e+01
2.701265944142087960e+01
2.701265921641616430e+01
2.701265956150730219e+01
2.816470824634129144e+01
2.816470870497758483e+01
2.816470859363432666e+01
2.816470809050595037e+01
2.816470664343041364e+01
2.816470605554741624e+01
2.816470573789434084e+01
2.816470601524540385e+01
2.816470676629432290e+01
2.816470695441237382e+01
2.816470669259450332e+01
2.816470630440201717e+01
2.816470544977842039e+01
2.816470528077806179e+01
2.816470594426268192e+01
2.816470667886459367e+01
2.931495427651232433e+01
2.931495422279482099e+01
2.931495315418001724e+01
2.931495239412030429e+01
2.931495113142608133e+01
2.931495097563660579e+01
2.931495157173218047e+01
2.931495199321711809e+01
2.931495240956629900e+01
2.931495229469028985e+01
2.931495148572524911e+01
2.931495099308103391e+01
2.931495062347692482e+01
2.931495095788031335e+01
2.931495245050737708e+01
2.931495328215580187e+01
3.046711713813529343e+01
3.046711661838942220e+01
3.046711500032644793e+01
3.046711429183579867e+01
3.046711395229621644e+01
3.046711433804562930e+01
3.046711525158060141e+01
3.046711542519397753e+01
3.046711520774958970e+01
3.046711482117063241e+01
3.046711380338815189e+01
3.046711355862607817e+01
3.046711420203696363e+01
3.046711498655606931e+01
3.046711670122172677e+01
3.046711720702643689e+01
3.161928275166174629e+01
3.161928192307155427e+01
3.161928048630075949e+01
3.161928032164534841e+01
3.161928107087698692e+01
3.161928154734311391e+01
3.161928200999074434e+01
3.161928190694373697e+01
3.161928107351362627e+01
3.161928052458864968e+01
3.161928003836592538e+01
3.161928036282260024e+01
3.161928191263523402e+01
3.161928278496866795e+01
3.161928391641300706e+01
3.161928388952000191e+01
3.276931318306658625e+01
3.276931239411854335e+01
3.276931204110024964e+01
3.276931250851075816e+01
3.276931352056959668e+01
3.276931368745364637e+01
3.276931348166669977e+01
3.276931310687043464e+01
3.276931200485349649e+01
3.276931172379594415e+01
3.276931234185740038e+01
3.276931309507364176e+01
3.276931491750865177e+01
3.276931550049844333e+01
3.276931546091110192e+01
3.276931491549623843e+01
3.392146260861034079e+01
3.392146242669593192e+01
3.392146332233012629e+01
3.392146383609892268e+01
3.392146424568797158e+01
3.392146414502501983e+01
3.392146336647891047e+01
3.392146280909592804e+01
3.392146221609814916e+01
3.392146250847432754e+01
3.392146411301495590e+01
3.392146500611419668e+01
3.392146616472277287e+01
3.392146614661100301e+01
3.392146504885536729e+01
3.392146420865364576e+01
3.507354144354350467e+01
3.507354183289520932e+01
3.507354286679067457e+01
3.507354310676461040e+01
3.507354291787915912e+01
3.507354251537070411e+01
3.507354141249118840e+01
3.507354110679008841e+01
3.507354169016901579e+01
3.507354248508689665e+01
3.507354430523734123e+01
3.507354484881508228e+01
3.507354484627846603e+01
3.507354431533830308e+01
3.507354256021285721e+01
3.507354181230682144e+01
3.622281494746916763e+01
3.622281542801685816e+01
3.622281581111948157e+01
3.622281579006418184e+01
3.622281509630599317e+01
3.622281448347099087e+01
3.622281383986576486e+01
3.622281416557493117e+01
3.622281578830070004e+01
3.622281667048706311e+01
3.622281772444705439e+01
3.622281764869397591e+01
3.622281665855638977e+01
3.622281592542180562e+01
3.622281433435371412e+01
3.622281409775291650e+01
3.737509888159490146e+01
3.737509886255494962e+01
3.737509877191811825e+01
3.737509863769566465e+01
3.737509757598714089e+01
3.737509708931787600e+01
3.737509769132982029e+01
3.737509864398798243e+01
3.737510032675366034e+01
3.737510062689537449e+01
3.737510057456431412e+01
3.737510030799027305e+01
3.737509879086173470e+01
3.737509785732561340e+01
3.737509741168513244e+01
3.737509800053756237e+01
3.852850315892724353e+01
3.852850314702231316e+01
3.852850299117476851e+01
3.852850243097999083e+01
3.852850158434102212e+01
3.852850191261610746e+01
3.852850363811237600e+01
3.852850444951313591e+01
3.852850508699103926e+01
3.852850500183973992e+01
3.852850452482609711e+01
3.852850386045603415e+01
3.852850200819304405e+01
3.852850176947197269e+01
3.852850290635257124e+01
3.852850332623192031e+01
3.967831598572914231e+01
3.967831607997322152e+01
3.967831535158897793e+01
3.967831473206706505e+01
3.967831520591449390e+01
3.967831629432681950e+01
3.967831775012871276e+01
3.967831781291213389e+01
3.967831789812035481e+01
3.967831786052584420e+01
3.967831639314633208e+01
3.967831533130433996e+01
3.967831497824455056e+01
3.967831571283438308e+01
3.967831643715458512e+01
3.967831618787863590e+01
4.083348154650052209e+01
4.083348120084202293e+01
4.083348076891859790e+01
4.083348099659203001e+01
4.083348241580794991e+01
4.083348313662822449e+01
4.083348384795284858e+01
4.083348389397015410e+01
4.083348316151322877e+01
4.083348241441101578e+01
4.083348126376316145e+01
4.083348111929691981e+01
4.083348149374518954e+01
4.083348185879527392e+01
4.083348221892837415e+01
4.083348209283272467e+01
4.198488221862222503e+01
4.198488205225164194e+01
4.198488254719232771e+01
4.198488322739213174e+01
4.198488454052770891e+01
4.198488490229851777e+01
4.198488494832835727e+01
4.198488454458360053e+01
4.198488327481381788e+01
4.198488281544578626e+01
4.198488244761690424e+01
4.198488248606168582e+01
4.198488306037941697e+01
4.198488337657695268e+01
4.198488320035254162e+01
4.198488285715246349e+01
4.311995219577013216e+01
4.311995225786307628e+01
4.311995323336289943e+01
4.311995392952204043e+01
4.311995491623959964e+01
4.311995516536529749e+01
4.311995396967020611e+01
4.311995293782612038e+01
4.311995273657363725e+01
4.311995278510170948e+01
4.311995198579724331e+01
4.311995241964094561e+01
4.311995367994884987e+01
4.311995332379311918e+01
4.311995211911816739e+01
4.311995201673332900e+01
4.413402004072359830e+01
4.413402067825057884e+01
4.413402231255340524e+01
4.413402242489706140e+01
4.413402265192797103e+01
4.413402317004898379e+01
4.413402116352969529e+01
4.413401911334782568e+01
4.413401908085810987e+01
4.413402130082753416e+01
4.413402225526868961e+01
4.413402041243183049e+01
4.413401981171687538e+01
4.413402097249049660e+01
4.413402037172642878e+01
4.413401964399712085e+01
