-4.719250199999999729e-01
-4.719232300000000269e-01
-4.719233999999999374e-01
-4.719252500000000738e-01
-4.719257399999999825e-01
-4.719244200000000111e-01
-4.719238900000000125e-01
-4.719245699999999877e-01
-4.719238700000000786e-01
-4.719227999999999756e-01
-4.719226300000000096e-01
-4.719236800000000120e-01
-4.719239100000000020e-01
-4.719228100000000259e-01
-4.719233600000000139e-01
-4.719250500000000126e-01
4.993526508698198918e-01
4.993525043099756311e-01
4.993527377043086024e-01
4.993525763573479215e-01
4.993534310183900815e-01
4.993538229785912108e-01
4.993549412913843577e-01
4.993551122477523641e-01
4.993539088490815403e-01
4.993538677244698798e-01
4.993540663851703809e-01
4.993541320987855414e-01
4.993545913233885525e-01
4.993543782383355611e-01
4.993549257961302223e-01
4.993548508177802492e-01
1.600247226550703283e+00
1.600247093918195862e+00
1.600247712305408188e+00
1.600248168919591985e+00
1.600249339135690674e+00
1.600249588589814698e+00
1.600249365156810821e+00
1.600249236754942794e+00
1.600248611935573217e+00
1.600248521158908810e+00
1.600249090065188451e+00
1.600249350847388063e+00
1.600249840610537211e+00
1.600249770279214445e+00
1.600248817474251961e+00
1.600248274418598182e+00
2.718547418988892073e+00
2.718547543422537238e+00
2.718548872000893013e+00
2.718549276920759983e+00
2.718549580114023367e+00
2.718549627360485221e+00
2.718549145968248038e+00
2.718549026043176831e+00
2.718548831039051539e+00
2.718548956846777553e+00
2.718549904639471659e+00
2.718549945101777610e+00
2.718549575179705968e+00
2.718549283774307934e+00
2.718548087675983549e+00
2.718547760987674700e+00
3.844553142503220666e+00
3.844554022380256342e+00
3.844555001844766728e+00
3.844554760599916854e+00
3.844554521103518585e+00
3.844554902436343902e+00
3.844554469879402081e+00
3.844553951441813222e+00
3.844554519581620866e+00
3.844555209958302910e+00
3.844555517344248496e+00
3.844554887950889288e+00
3.844553951270534675e+00
3.844554045085649019e+00
3.844553185898562209e+00
3.844552541415720448e+00
4.965845892456209221e+00
4.965846229095436826e+00
4.965846082510666726e+00
4.965846199469422295e+00
4.965846256849094864e+00
4.965846176366207843e+00
4.965845710473985264e+00
4.965845727093759265e+00
4.965846902686037012e+00
4.965847001492602608e+00
4.965846040475946133e+00
4.965845750059741270e+00
4.965845307754443994e+00
4.965844958687340771e+00
4.965844183906916065e+00
4.965844340771087495e+00
6.089715830540180619e+00
6.089715817956893318e+00
6.089715905511637217e+00
6.089716250700237588e+00
6.089716041128662383e+00
6.089715702058884794e+00
6.089715929549243789e+00
6.089716246189436966e+00
6.089716436461256599e+00
6.089716034390113997e+00
6.089715328601188915e+00
6.089715382760639173e+00
6.089714667656994429e+00
6.089714206599691870e+00
6.089714595236944916e+00
6.089715112367596994e+00
7.211824966714573293e+00
7.211825328522858847e+00
7.211825658527446059e+00
7.211825752908028520e+00
7.211825507766933541e+00
7.211825291135178340e+00
7.211825491620006190e+00
7.211825413498086590e+00
7.211824971989190480e+00
7.211824906429557203e+00
7.211824653049243139e+00
7.211824469093421008e+00
7.211823953120549469e+00
7.211823873778081762e+00
7.211824457071448258e+00
7.211824623063844975e+00
8.330879538126518824e+00
8.330880076786524313e+00
8.330880337380721201e+00
8.330880136194313224e+00
8.330879646686772944e+00
8.330879329861447857e+00
8.330878994309784957e+00
8.330878896778120435e+00
8.330878961471531952e+00
8.330879167816684472e+00
8.330878944857477819e+00
8.330878634789101511e+00
8.330878241013119023e+00
8.330878116790451315e+00
8.330878402869497990e+00
8.330878708380703657e+00
9.452811428341158617e+00
9.452811777586470399e+00
9.452811304654792579e+00
9.452810704568113565e+00
9.452809747140850760e+00
9.452809354549472687e+00
9.452809208374615579e+00
9.452809582171164848e+00
9.452810398612648157e+00
9.452810505692228915e+00
9.452809742291004014e+00
9.452809191466295502e+00
9.452808630657079547e+00
9.452808556621533853e+00
9.452809262995286232e+00
9.452810041370049987e+00
1.057510734060945268e+01
1.057510705192732736e+01
1.057510542367915640e+01
1.057510452903935594e+01
1.057510352772405149e+01
1.057510350218645634e+01
1.057510467592840442e+01
1.057510549798985977e+01
1.057510592939303429e+01
1.057510548992096844e+01
1.057510396722014434e+01
1.057510327835261776e+01
1.057510291834598526e+01
1.057510334578868161e+01
1.057510532191658115e+01
1.057510641119661976e+01
1.169554479052840712e+01
1.169554368209300499e+01
1.169554126794010607e+01
1.169554053435917673e+01
1.169554079904910182e+01
1.169554166811417417e+01
1.169554374157596222e+01
1.169554419316819960e+01
1.169554318203866927e+01
1.169554214000440062e+01
1.169554013583318763e+01
1.169553973222690679e+01
1.169554085817857292e+01
1.169554213936931930e+01
1.169554484166980579e+01
1.169554554709438854e+01
1.281811516813956153e+01
1.281811369033554016e+01
1.281811188780010902e+01
1.281811200989016442e+01
1.281811434258947990e+01
1.281811569875817014e+01
1.281811692106846401e+01
1.281811637070003584e+01
1.281811366780423000e+01
1.281811241122215961e+01
1.281811127613554646e+01
1.281811184505803602e+01
1.281811502046269169e+01
1.281811668644847479e+01
1.281811842940055612e+01
1.281811799263618390e+01
1.394058888368853566e+01
1.394058783034085991e+01
1.394058834733914587e+01
1.394058965080177970e+01
1.394059297665892672e+01
1.394059374092745429e+01
1.394059255075130110e+01
1.394059107894473115e+01
1.394058774113090848e+01
1.394058702235581038e+01
1.394058841104132895e+01
1.394059013548573311e+01
1.394059417643792287e+01
1.394059518585460644e+01
1.394059422738053655e+01
1.394059268079653968e+01
1.506108531779583082e+01
1.506108553237913128e+01
1.506108874964452582e+01
1.506109049073823059e+01
1.506109239129658484e+01
1.506109185219296620e+01
1.506108827100637981e+01
1.506108653820449916e+01
1.506108471551311823e+01
1.506108536305033141e+01
1.506108946906426738e+01
1.506109156226572665e+01
1.506109398827535273e+01
1.506109354537535161e+01
1.506108981847107486e+01
1.506108784713822502e+01
1.618332080598772649e+01
1.618332230874177924e+01
1.618332638678998592e+01
1.618332733785468491e+01
1.618332617087422065e+01
1.618332450563874758e+01
1.618332035844369443e+01
1.618331943965284836e+01
1.618332088712998740e+01
1.618332283072229671e+01
1.618332767561796715e+01
1.618332889313793643e+01
1.618332792042545165e+01
1.618332615810348685e+01
1.618332153714002786e+01
1.618332025937152352e+01
1.730558705140671805e+01
1.730558889261420674e+01
1.730559114743892835e+01
1.730559064737605013e+01
1.730558689478895928e+01
1.730558504365968275e+01
1.730558288980756032e+01
1.730558350576751536e+01
1.730558782388859029e+01
1.730559004174770266e+01
1.730559283801319026e+01
1.730559243412760040e+01
1.730558850405691729e+01
1.730558639428206291e+01
1.730558347920401729e+01
1.730558365951456423e+01
1.842616863154036366e+01
1.842616961738603365e+01
1.842616870446719801e+01
1.842616711946672226e+01
1.842616304986166753e+01
1.842616214002433139e+01
1.842616341099008537e+01
1.842616526329527105e+01
1.842617001293091761e+01
1.842617124759940239e+01
1.842617052376331088e+01
1.842616884617623896e+01
1.842616425646366451e+01
1.842616296433495293e+01
1.842616330490389487e+01
1.842616467800422697e+01
1.954844197126123362e+01
1.954844163867330309e+01
1.954843847843028115e+01
1.954843686244922552e+01
1.954843495011257204e+01
1.954843547442747465e+01
1.954843916776571078e+01
1.954844112946222978e+01
1.954844374731743528e+01
1.954844348852551050e+01
1.954844013108354517e+01
1.954843825635754939e+01
1.954843554195083399e+01
1.954843560073315700e+01
1.954843833524217089e+01
1.954843988350913264e+01
2.067073097131905968e+01
2.067072979963129953e+01
2.067072673384257442e+01
2.067072605969697818e+01
2.067072699072792474e+01
2.067072842658241072e+01
2.067073215877028503e+01
2.067073320432752581e+01
2.067073285710483077e+01
2.067073158481174744e+01
2.067072797004104245e+01
2.067072688340956432e+01
2.067072683865803029e+01
2.067072779961481288e+01
2.067073070765006193e+01
2.067073149037749857e+01
2.179136704410524672e+01
2.179136598953050097e+01
2.179136478269735733e+01
2.179136519812890427e+01
2.179136765771728790e+01
2.179136900840697066e+01
2.179137091348305688e+01
2.179137082457640773e+01
2.179136874192237627e+01
2.179136743688397360e+01
2.179136537228059822e+01
2.179136528553726038e+01
2.179136675038659021e+01
2.179136769234132132e+01
2.179136906750569835e+01
2.179136890606069699e+01
2.291365636706150610e+01
2.291365606364436402e+01
2.291365665100370919e+01
2.291365750168542803e+01
2.291365956141162030e+01
2.291366019307837831e+01
2.291366024032551252e+01
2.291365959016193088e+01
2.291365762305516185e+01
2.291365690901688268e+01
2.291365646586325866e+01
2.291365681733493886e+01
2.291365802150313868e+01
2.291365840745772076e+01
2.291365830617613142e+01
2.291365775474910293e+01
2.403592946830593036e+01
2.403592972122841331e+01
2.403593066414093826e+01
2.403593126180467721e+01
2.403593211292482223e+01
2.403593215761547341e+01
2.403593162560595076e+01
2.403593107961054542e+01
2.403593003306955822e+01
2.403592979024683274e+01
2.403592970799985551e+01
2.403592989438038074e+01
2.403593019051615443e+01
2.403593017478322835e+01
2.403592988173335243e+01
2.403592961497428959e+01
2.515650943647987958e+01
2.515650967494643808e+01
2.515650991815478221e+01
2.515651006419514957e+01
2.515651038169523801e+01
2.515651038009252716e+01
2.515651027547201224e+01
2.515650998621325485e+01
2.515650920929720868e+01
2.515650894680381100e+01
2.515650832940021076e+01
2.515650821863286524e+01
2.515650839531186378e+01
2.515650850875355005e+01
2.515650901330134914e+01
2.515650916056167219e+01
2.627877339110666810e+01
2.627877326601083041e+01
2.627877300367577718e+01
2.627877312004036625e+01
2.627877397134341564e+01
2.627877418439789992e+01
2.627877418442474777e+01
2.627877382816146579e+01
2.627877239315719038e+01
2.627877185600353371e+01
2.627877104073830949e+01
2.627877110096202884e+01
2.627877221491613469e+01
2.627877270182462865e+01
2.627877362519953408e+01
2.627877378735539438e+01
2.740100758146673599e+01
2.740100732481437618e+01
2.740100772204491619e+01
2.740100821410863574e+01
2.740100959329463137e+01
2.740100971245890804e+01
2.740100884737187314e+01
2.740100810881500948e+01
2.740100597434570062e+01
2.740100543656821230e+01
2.740100568471099152e+01
2.740100630567572892e+01
2.740100834062716473e+01
2.740100890728823657e+01
2.740100910193098471e+01
2.740100884634472678e+01
2.852150499512880089e+01
2.852150512179634134e+01
2.852150677383648869e+01
2.852150747048026957e+01
2.852150827250038745e+01
2.852150792210390051e+01
2.852150574128578597e+01
2.852150468319066334e+01
2.852150298450276367e+01
2.852150305229729454e+01
2.852150500250789023e+01
2.852150599168542655e+01
2.852150776400495502e+01
2.852150793098628512e+01
2.852150671789867076e+01
2.852150609005648363e+01
2.964398155856849115e+01
2.964398228154005821e+01
2.964398438331387098e+01
2.964398470479360626e+01
2.964398397467421020e+01
2.964398309738054493e+01
2.964398023137930593e+01
2.964397935561150277e+01
2.964397949666462040e+01
2.964398037060608004e+01
2.964398313793386919e+01
2.964398395001234121e+01
2.964398427787675772e+01
2.964398382366277573e+01
2.964398181219087647e+01
2.964398127883929490e+01
3.076655499981571396e+01
3.076655585064290577e+01
3.076655694053836143e+01
3.076655665979500043e+01
3.076655449115364149e+01
3.076655326436943128e+01
3.076655114751146058e+01
3.076655115245844385e+01
3.076655323222353644e+01
3.076655438873595827e+01
3.076655650022648203e+01
3.076655673172554728e+01
3.076655542863110071e+01
3.076655461905053457e+01
3.076655319709109904e+01
3.076655327220603553e+01
3.188699384562360706e+01
3.188699417730082430e+01
3.188699370112120945e+01
3.188699294323168232e+01
3.188699018919563599e+01
3.188698921262638564e+01
3.188698910792845709e+01
3.188698996496360749e+01
3.188699263430619979e+01
3.188699349600403821e+01
3.188699405394854125e+01
3.188699360249458081e+01
3.188699171413227162e+01
3.188699116655014265e+01
3.188699121081210919e+01
3.188699187408037616e+01
3.300928888814186735e+01
3.300928868592372822e+01
3.300928716596417445e+01
3.300928612688714736e+01
3.300928407096799333e+01
3.300928398672215280e+01
3.300928563676038863e+01
3.300928663532867802e+01
3.300928850898174005e+01
3.300928879668702365e+01
3.300928804484097157e+01
3.300928740729830224e+01
3.300928613033119774e+01
3.300928612014178043e+01
3.300928739111668619e+01
3.300928807924817932e+01
3.413121897142735861e+01
3.413121841615614471e+01
3.413121649756801190e+01
3.413121575556608889e+01
3.413121543076207587e+01
3.413121598427887449e+01
3.413121784152320259e+01
3.413121851277728069e+01
3.413121926233447567e+01
3.413121913161396748e+01
3.413121805487502058e+01
3.413121763079275439e+01
3.413121746956721125e+01
3.413121786660757095e+01
3.413121900313496582e+01
3.413121921699078598e+01
3.525027209047780730e+01
3.525027146785810572e+01
3.525027008678974028e+01
3.525027002095901452e+01
3.525027082092333330e+01
3.525027131736987229e+01
3.525027243718445646e+01
3.525027281249835909e+01
3.525027300416622467e+01
3.525027280265924645e+01
3.525027212274302002e+01
3.525027199242807541e+01
3.525027242925731485e+01
3.525027277984407448e+01
3.525027290976090910e+01
3.525027271720631461e+01
3.637238081508512266e+01
3.637238019892829755e+01
3.637237991461310571e+01
3.637238030973516345e+01
3.637238080613339974e+01
3.637238092879536566e+01
3.637238173252828943e+01
3.637238216993351614e+01
3.637238235277170162e+01
3.637238206003396357e+01
3.637238179659279069e+01
3.637238203126031522e+01
3.637238201105076030e+01
3.637238167722128424e+01
3.637238141939175051e+01
3.637238147615122585e+01
3.749625025367734565e+01
3.749625019144845339e+01
3.749625048270923600e+01
3.749625046473498458e+01
3.749625030456475372e+01
3.749625068365686786e+01
3.749625197100348117e+01
3.749625225780033588e+01
3.749625225599903189e+01
3.749625211165469807e+01
3.749625202610356922e+01
3.749625188896345662e+01
3.749625070168490737e+01
3.749625051460726155e+01
3.749625118294360959e+01
3.749625106970766097e+01
3.861754205449960153e+01
3.861754230900268681e+01
3.861754176046238740e+01
3.861754138298127259e+01
3.861754196803576633e+01
3.861754289074251290e+01
3.861754419438855024e+01
3.861754403174893469e+01
3.861754399108849611e+01
3.861754410007133487e+01
3.861754278512960070e+01
3.861754196274886652e+01
3.861754171037611627e+01
3.861754226033681192e+01
3.861754282006091188e+01
3.861754235724242790e+01
3.974354733134279627e+01
3.974354716981159896e+01
3.974354645422837251e+01
3.974354672756284401e+01
3.974354850730026101e+01
3.974354905059252729e+01
3.974355006364777410e+01
3.974355006046542371e+01
3.974354894207719013e+01
3.974354837252661099e+01
3.974354693567276087e+01
3.974354682882700729e+01
3.974354752654501510e+01
3.974354771501774763e+01
3.974354840748868867e+01
3.974354824298178102e+01
4.086184670079578751e+01
4.086184641964175057e+01
4.086184689394629999e+01
4.086184769032193742e+01
4.086184988996029688e+01
4.086185039031173716e+01
4.086185045760890233e+01
4.086184992166478480e+01
4.086184776543864672e+01
4.086184719628975159e+01
4.086184676265852289e+01
4.086184688519779229e+01
4.086184836882542015e+01
4.086184884370870662e+01
4.086184873366434545e+01
4.086184824244883629e+01
4.196274095024142525e+01
4.196274103545342626e+01
4.196274312988821720e+01
4.196274373492156684e+01
4.196274604161423838e+01
4.196274626478475511e+01
4.196274394099273053e+01
4.196274300598300044e+01
4.196274151545140541e+01
4.196274156780929587e+01
4.196274179858339437e+01
4.196274214930228652e+01
4.196274484847081965e+01
4.196274449371808402e+01
4.196274209593242688e+01
4.196274206274582497e+01
4.293402002993661171e+01
4.293402065012934088e+01
4.293402223999563461e+01
4.293402234928465333e+01
4.293402257014264478e+01
4.293402307417598252e+01
4.293402112221372846e+01
4.293401912777617468e+01
4.293401909616982692e+01
4.293402125577848949e+01
4.293402218426848549e+01
4.293402039153814798e+01
4.293401980715659505e+01
4.293402093636888139e+01
4.293402035193955868e+01
4.293401964399715354e+01
