-4.719250199999999729e-01
-4.719232300000000269e-01
-4.719233999999999374e-01
-4.719252500000000738e-01
-4.719257399999999825e-01
-4.719244200000000111e-01
-4.719238900000000125e-01
-4.719245699999999877e-01
-4.719238700000000786e-01
-4.719227999999999756e-01
-4.719226300000000096e-01
-4.719236800000000120e-01
-4.719239100000000020e-01
-4.719228100000000259e-01
-4.719233600000000139e-01
-4.719250500000000126e-01
4.880167058258308987e-01
4.880156456555261313e-01
4.880076740590919004e-01
4.880105761145405729e-01
4.879961490297540228e-01
4.879974526196064200e-01
4.880068014436146906e-01
4.880039166352694857e-01
4.880179693705132271e-01
4.880170213210199281e-01
4.880090034519418141e-01
4.880121252515551844e-01
4.879972869868310359e-01
4.879979870122770347e-01
4.880068264906654019e-01
4.880036915546923093e-01
1.580761952579058605e+00
1.580762490906933548e+00
1.580761731039774132e+00
1.580763420983799294e+00
1.580764111868104616e+00
1.580763678485540114e+00
1.580764839672149868e+00
1.580763481846098273e+00
1.580763332171789548e+00
1.580763920336653472e+00
1.580763093273416464e+00
1.580764589144576737e+00
1.580764618930403209e+00
1.580763874154539561e+00
1.580764305215708543e+00
1.580762540066081856e+00
2.690379470879626922e+00
2.690386845021653262e+00
2.690395295897997752e+00
2.690397844494730073e+00
2.690394196794269721e+00
2.690386993309205721e+00
2.690379397148116247e+00
2.690377130692002794e+00
2.690380864437869946e+00
2.690388240917290563e+00
2.690396331177117517e+00
2.690398518734713917e+00
2.690394197458008563e+00
2.690386654691690804e+00
2.690378364674406608e+00
2.690375893094601789e+00
3.809698483814434766e+00
3.809706786894297093e+00
3.809712810275024175e+00
3.809708538011039813e+00
3.809691094579537030e+00
3.809684054622179961e+00
3.809678568157090606e+00
3.809682070301205314e+00
3.809699848008648804e+00
3.809707972640998364e+00
3.809713330836502099e+00
3.809708666184000503e+00
3.809690537563889201e+00
3.809683220944774629e+00
3.809677324948119725e+00
3.809680697281659256e+00
4.924854580956620431e+00
4.924857963482406120e+00
4.924845172304683771e+00
4.924835088504117664e+00
4.924811908442955577e+00
4.924808778510405105e+00
4.924820938955305927e+00
4.924831160524619555e+00
4.924855596869470276e+00
4.924858743108234016e+00
4.924845124428325782e+00
4.924834637618391575e+00
4.924810998578465160e+00
4.924807610036537220e+00
4.924819450457337489e+00
4.924829799328623636e+00
6.042085960834097769e+00
6.042080144676310383e+00
6.042046871913852257e+00
6.042036437881098898e+00
6.042026297408072288e+00
6.042031754136871768e+00
6.042065353965358376e+00
6.042076460836705465e+00
6.042086572178017256e+00
6.042080353759443412e+00
6.042046303093180804e+00
6.042035594093943196e+00
6.042024979255605999e+00
6.042030310205609211e+00
6.042064033411426394e+00
6.042075326282679626e+00
7.157227927116047717e+00
7.157215833178835140e+00
7.157182332538122083e+00
7.157178652014448694e+00
7.157196637536386241e+00
7.157208882842251541e+00
7.157242925810601619e+00
7.157246616952170903e+00
7.157227928743687961e+00
7.157215411352735757e+00
7.157181362141804115e+00
7.157177416628044853e+00
7.157195126531847862e+00
7.157207493756633454e+00
7.157241886181598289e+00
7.157245820751632515e+00
8.269296974491950891e+00
8.269287494656467175e+00
8.269277658362755190e+00
8.269282765944817370e+00
8.269315598777316367e+00
8.269325303825983298e+00
8.269335057528291344e+00
8.269329646452106886e+00
8.269296409443166240e+00
8.269286610052358100e+00
8.269276314021720253e+00
8.269281311156651881e+00
8.269314212755336513e+00
8.269324098196326744e+00
8.269334462988171097e+00
8.269329458828618584e+00
9.384289159171933292e+00
9.384287211016358654e+00
9.384298225731164678e+00
9.384304846308140213e+00
9.384325696908090819e+00
9.384327597945368638e+00
9.384315970528772866e+00
9.384309131240630819e+00
9.384288160488123864e+00
9.384285979075873030e+00
9.384296702312591165e+00
9.384303362411271721e+00
9.384324587216568148e+00
9.384326804139172751e+00
9.384316019445893886e+00
9.384309580858380073e+00
1.049979958004322533e+01
1.049980039490001538e+01
1.049980889726310984e+01
1.049981041689540007e+01
1.049981283406765797e+01
1.049981170625107829e+01
1.049980276474120622e+01
1.049980117995510298e+01
1.049979820620660931e+01
1.049979886979173394e+01
1.049980746493292649e+01
1.049980918301198507e+01
1.049981222538744596e+01
1.049981154809634099e+01
1.049980339343818692e+01
1.049980206804214866e+01
1.161358453046933548e+01
1.161358073782250777e+01
1.161357394212066652e+01
1.161357263184729760e+01
1.161357581722518617e+01
1.161357937464304868e+01
1.161358584422668550e+01
1.161358687690632507e+01
1.161358295302419741e+01
1.161357922234520856e+01
1.161357282308433447e+01
1.161357183810398652e+01
1.161357586807041820e+01
1.161357983296220908e+01
1.161358691745408578e+01
1.161358820005546555e+01
1.272951995390348046e+01
1.272951150973047518e+01
1.272950421717143854e+01
1.272950838222543446e+01
1.272953109292627083e+01
1.272953942131358751e+01
1.272954614550858565e+01
1.272954155320761593e+01
1.272951847509631307e+01
1.272951024807069764e+01
1.272950360841118389e+01
1.272950821531335919e+01
1.272953175406300730e+01
1.272954038813952060e+01
1.272954762735406931e+01
1.272954314855899050e+01
1.384530740810270544e+01
1.384530297040017821e+01
1.384532069079537564e+01
1.384533425679151897e+01
1.384536813839449998e+01
1.384537229151168169e+01
1.384535390242841224e+01
1.384534016788375865e+01
1.384530627768770472e+01
1.384530217034185817e+01
1.384532074797878209e+01
1.384533473076441012e+01
1.384536931964523454e+01
1.384537371647611792e+01
1.384535555817985042e+01
1.384534175024816172e+01
1.495908474315466385e+01
1.495909277311904084e+01
1.495913917702660534e+01
1.495915482864221957e+01
1.495916897629648545e+01
1.495916062244007882e+01
1.495911385649809056e+01
1.495909821448921306e+01
1.495908414371694484e+01
1.495909260298483368e+01
1.495913988621201618e+01
1.495915588807281260e+01
1.495917055858187794e+01
1.495916230085590648e+01
1.495911539023740922e+01
1.495909951151249295e+01
1.607458151473663932e+01
1.607459956685133307e+01
1.607464636304713679e+01
1.607465199535215916e+01
1.607462708967045018e+01
1.607460887581879661e+01
1.607456201060150747e+01
1.607455641009054048e+01
1.607458159386577989e+01
1.607460008498391701e+01
1.607464764417841963e+01
1.607465354264985891e+01
1.607462883066179771e+01
1.607461051966232901e+01
1.607456318314626742e+01
1.607455722546348653e+01
1.719010280247080402e+01
1.719011896335491230e+01
1.719013409523603286e+01
1.719012561233798309e+01
1.719007694682539622e+01
1.719006077440774760e+01
1.719004574174504540e+01
1.719005434215780070e+01
1.719010357423126933e+01
1.719012011159079378e+01
1.719013578400898368e+01
1.719012739721830130e+01
1.719007855359616599e+01
1.719006212226202024e+01
1.719004632949530276e+01
1.719005449478178349e+01
1.830396049488543042e+01
1.830396516738538892e+01
1.830394564910596955e+01
1.830393111005512452e+01
1.830389343551496140e+01
1.830388883768646835e+01
1.830390872030226390e+01
1.830392352949810686e+01
1.830396188087113885e+01
1.830396680273219445e+01
1.830394747298067060e+01
1.830393284050068914e+01
1.830389464338621153e+01
1.830388966195379652e+01
1.830390861158255689e+01
1.830392294052264646e+01
1.941951257749009585e+01
1.941950796374682398e+01
1.941948061004954695e+01
1.941947130647220021e+01
1.941946245042287700e+01
1.941946725967527598e+01
1.941949515399173265e+01
1.941950480320749861e+01
1.941951436565288347e+01
1.941950982555220762e+01
1.941948227191463161e+01
1.941947270727001396e+01
1.941946304226053499e+01
1.941946738338704037e+01
1.941949431327313036e+01
1.941950354686466795e+01
2.053508216752455695e+01
2.053507800710674758e+01
2.053506718619353677e+01
2.053506567078835587e+01
2.053507092944430568e+01
2.053507535772879677e+01
2.053508685163353320e+01
2.053508874050244515e+01
2.053508407214262377e+01
2.053507980919193443e+01
2.053506843091534151e+01
2.053506649892829472e+01
2.053507077152883653e+01
2.053507472101365749e+01
2.053508538304223308e+01
2.053508700694692379e+01
2.164902179606628252e+01
2.164902332902634541e+01
2.164902454686518141e+01
2.164902354103374904e+01
2.164901774565600334e+01
2.164901651491400969e+01
2.164901600587066710e+01
2.164901733987472454e+01
2.164902351431969407e+01
2.164902479211411190e+01
2.164902513888553059e+01
2.164902362586791185e+01
2.164901682235382552e+01
2.164901517758664085e+01
2.164901413195348923e+01
2.164901539360732485e+01
2.276462716042245660e+01
2.276462923792789184e+01
2.276461782099455888e+01
2.276461037085346106e+01
2.276459064617474581e+01
2.276458890332785145e+01
2.276460095861326138e+01
2.276460860911462802e+01
2.276462843131365688e+01
2.276463009247932590e+01
2.276461762851022641e+01
2.276460967234087818e+01
2.276458907591863579e+01
2.276458708300926759e+01
2.276459899065138259e+01
2.276460674397739581e+01
2.388020094803416882e+01
2.388019473913420754e+01
2.388015908441970225e+01
2.388014807768280434e+01
2.388013838663574617e+01
2.388014489412778829e+01
2.388018096076086039e+01
2.388019202283001263e+01
2.388020151866529517e+01
2.388019480698792663e+01
2.388015810565138253e+01
2.388014667878105257e+01
2.388013642060791852e+01
2.388014286781777429e+01
2.388017918631078729e+01
2.388019053413308512e+01
2.499402555922714342e+01
2.499401022660359573e+01
2.499396993430988445e+01
2.499396567993672136e+01
2.499398847190592932e+01
2.499400404238851081e+01
2.499404447807421548e+01
2.499404859021548830e+01
2.499402532429124335e+01
2.499400948071045647e+01
2.499396830317142104e+01
2.499396378558233778e+01
2.499398643790726382e+01
2.499400212906908081e+01
2.499404319411869935e+01
2.499404775017118041e+01
2.610947914775996281e+01
2.610946425405444771e+01
2.610945074267212007e+01
2.610945917549815931e+01
2.610950661347994739e+01
2.610952159661070127e+01
2.610953484312457462e+01
2.610952616571843521e+01
2.610947812132567591e+01
2.610946280449890011e+01
2.610944872331085875e+01
2.610945709966690487e+01
2.610950481608777807e+01
2.610952008124364099e+01
2.610953427410392536e+01
2.610952612483738022e+01
2.722493390511645472e+01
2.722492950298721226e+01
2.722495163334448165e+01
2.722496723019181530e+01
2.722500729260134378e+01
2.722501155497501912e+01
2.722498894488037280e+01
2.722497309403351551e+01
2.722493224808077272e+01
2.722492755726971936e+01
2.722494953848667620e+01
2.722496526894825664e+01
2.722500600995349274e+01
2.722501073022335305e+01
2.722498920854497584e+01
2.722497385269859294e+01
2.833872855635877386e+01
2.833873490670946538e+01
2.833876978686807036e+01
2.833878118910161348e+01
2.833879105044461966e+01
2.833878447282426549e+01
2.833874904388532556e+01
2.833873726891399514e+01
2.833872648492614843e+01
2.833873277353538001e+01
2.833876796382563867e+01
2.833877966754018018e+01
2.833879052875293070e+01
2.833878448237782166e+01
2.833875005394760649e+01
2.833873871915663045e+01
2.945456264991867457e+01
2.945457083594025605e+01
2.945459042159123797e+01
2.945459253836809310e+01
2.945458135457596782e+01
2.945457300960825719e+01
2.945455263404717172e+01
2.945454995073340143e+01
2.945456052470316166e+01
2.945456886123835005e+01
2.945458913532633360e+01
2.945459175912701610e+01
2.945458167202520627e+01
2.945457376175527386e+01
2.945455426494550011e+01
2.945455193043159525e+01
3.057051948018910181e+01
3.057052216211971540e+01
3.057052362374746934e+01
3.057052186679781158e+01
3.057051524130402242e+01
3.057051217674351307e+01
3.057050966049617102e+01
3.057051112655414116e+01
3.057051764519970405e+01
3.057052064297094063e+01
3.057052317052091084e+01
3.057052194524940347e+01
3.057051621749008419e+01
3.057051357337616437e+01
3.057051176509128609e+01
3.057051331156518970e+01
3.168428456293143114e+01
3.168428360535352795e+01
3.168428786370929728e+01
3.168428995867342124e+01
3.168429790140978497e+01
3.168429819755133181e+01
3.168429331610488475e+01
3.168429131210080740e+01
3.168428329671954913e+01
3.168428289788854713e+01
3.168428824358803553e+01
3.168429065138235501e+01
3.168429946660052110e+01
3.168430019704044653e+01
3.168429548961466224e+01
3.168429330155956691e+01
3.279977038349171181e+01
3.279977364533228723e+01
3.279979652413808111e+01
3.279980273256623491e+01
3.279980884129301444e+01
3.279980526749803005e+01
3.279978250024805675e+01
3.279977626329911544e+01
3.279977000196637960e+01
3.279977377939395922e+01
3.279979744084239712e+01
3.279980404305836572e+01
3.279981094526099383e+01
3.279980746795160940e+01
3.279978434575257751e+01
3.279977778533181265e+01
3.391477702438821495e+01
3.391478765150615970e+01
3.391481768926001195e+01
3.391482062998530722e+01
3.391480389249098693e+01
3.391479326107447179e+01
3.391476319116296168e+01
3.391476019283892640e+01
3.391477735936571491e+01
3.391478840383053495e+01
3.391481926610681086e+01
3.391482253137591130e+01
3.391480601442705733e+01
3.391479524714173976e+01
3.391476441857322754e+01
3.391476091899215817e+01
3.502689497254867490e+01
3.502690625925841772e+01
3.502691672178590920e+01
3.502691051900073660e+01
3.502687374882252413e+01
3.502686235063562492e+01
3.502685165341780049e+01
3.502685816393542950e+01
3.502689591054306106e+01
3.502690760329821273e+01
3.502691878907840817e+01
3.502691255720342411e+01
3.502687546836482824e+01
3.502686390580679898e+01
3.502685211374550533e+01
3.502685802837214624e+01
3.614206862645973217e+01
3.614207175760670054e+01
3.614205494801480256e+01
3.614204342115722568e+01
3.614201254679623077e+01
3.614200892659961539e+01
3.614202625363032695e+01
3.614203860290640336e+01
3.614207016208820988e+01
3.614207362639926657e+01
3.614205691383930485e+01
3.614204525436455384e+01
3.614201380954448695e+01
3.614200969177849743e+01
3.614202590020121875e+01
3.614203788055230149e+01
3.725928703053957491e+01
3.725928192625838165e+01
3.725925665281590682e+01
3.725924709038782368e+01
3.725923914406478588e+01
3.725924456489919123e+01
3.725927140197042320e+01
3.725928123591908303e+01
3.725928905677309189e+01
3.725928390034405879e+01
3.725925829672149803e+01
3.725924859269440503e+01
3.725923953912799647e+01
3.725924437215535079e+01
3.725927060590272077e+01
3.725928004570244667e+01
3.837440996348919242e+01
3.837440208640051509e+01
3.837438582395954256e+01
3.837438297783342733e+01
3.837439209087780512e+01
3.837440114667086277e+01
3.837441817443436065e+01
3.837442049154941515e+01
3.837441197036165619e+01
3.837440396219462002e+01
3.837438689777641088e+01
3.837438358565946572e+01
3.837439182648263625e+01
3.837440050659246538e+01
3.837441679233063496e+01
3.837441879611356654e+01
3.949370778912444990e+01
3.949370093986261310e+01
3.949369824370056392e+01
3.949370210278193127e+01
3.949371133543186119e+01
3.949371857444392475e+01
3.949372158909731922e+01
3.949371800941019472e+01
3.949370946657895587e+01
3.949370219935006787e+01
3.949369874629393706e+01
3.949370221632020872e+01
3.949371034917352574e+01
3.949371722260375606e+01
3.949371989410302319e+01
3.949371614306994616e+01
4.060333293444667646e+01
4.060333242623847383e+01
4.060333215771382243e+01
4.060333408832868685e+01
4.060333415381796840e+01
4.060333488466297780e+01
4.060333568348098510e+01
4.060333400897546596e+01
4.060333402668495495e+01
4.060333324664486554e+01
4.060333206428115460e+01
4.060333329357310816e+01
4.060333257200793611e+01
4.060333328972980382e+01
4.060333393030725802e+01
4.060333231118188024e+01
4.169609726846001507e+01
4.169609885581557762e+01
4.169608319260974838e+01
4.169608661613156642e+01
4.169608292446979902e+01
4.169608163866173101e+01
4.169609704000635730e+01
4.169609330737186781e+01
4.169609792153217853e+01
4.169609947344419965e+01
4.169608183158918990e+01
4.169608498118887496e+01
4.169608167343690042e+01
4.169607982409299751e+01
4.169609524272708967e+01
4.169609238720518363e+01
4.265602002743762000e+01
4.265602064361459611e+01
4.265602222318640457e+01
4.265602233176778668e+01
4.265602255119571140e+01
4.265602305196541266e+01
4.265602111264219332e+01
4.265601913111873955e+01
4.265601909971704231e+01
4.265602124534213857e+01
4.265602216782009748e+01
4.265602038669776874e+01
4.265601980610011879e+01
4.265602092800070722e+01
4.265602034735558590e+01
4.265601964399716195e+01
