4.036671833890771895e-03
7.428811085764707410e-03
-6.788874731897086637e-03
1.382879347796952749e-02
-1.363758763760531539e-02
1.212819857214745764e-02
-1.249763680814005781e-02
3.322994820952992340e-03
-4.036692427808931220e-03
-7.428795272933467683e-03
6.788868793642021879e-03
-1.382881919959455877e-02
1.363757826089165293e-02
-1.212820865114282512e-02
1.249764520962031410e-02
-3.323003927219883927e-03
4.170275236248244255e-14
-3.304648221735817515e-15
4.788964363955372505e-14
-3.655756253273523271e-14
2.884324723506637156e-14
-5.177022005531384252e-14
-1.085243006571090518e-14
-3.443079155118766721e-14
-4.211041237933699222e-14
3.342812138207307271e-15
-4.802668679415589281e-14
3.690450722793059413e-14
-2.835232049136493515e-14
5.113661230571331373e-14
1.103284130721249312e-14
3.414803162460344765e-14
9.556157948287236081e-15
-2.706168622523819067e-16
5.255778451340731294e-15
-6.933689733479297956e-15
-2.885712502287418602e-15
-9.883587004377858420e-15
-9.135053824493866159e-15
-6.567663080048191659e-15
-9.125946526244987922e-15
1.014813233446432150e-16
-5.067127273328253523e-15
5.924622771547038980e-15
3.372302437298912992e-15
9.588684013461801214e-15
8.991939137725779574e-15
6.765421556309547668e-15
6.473988012345444076e-15
-6.813560132767904065e-15
6.448400841074786172e-15
-6.437125138480936926e-15
1.547373340571311928e-15
-1.325328735646280620e-15
-3.951700078275166561e-15
3.474651122381544610e-15
-6.957542181273979054e-15
7.007849162077306460e-15
-5.328636837331757192e-15
5.269656239148545751e-15
-1.340073885192083480e-15
1.355686396475874744e-15
3.921342417445572437e-15
-4.140784937156638534e-15
4.720616259001886306e-16
-1.160638425645732497e-15
-1.951563910473907981e-16
-6.470518565393490462e-16
-1.349614864309955919e-15
-1.301042606982605321e-17
-8.682290997263919508e-16
3.382710778154773834e-17
-1.127570259384924611e-16
1.053410830786916108e-15
4.718447854656915297e-16
1.113692471577110155e-15
1.227316859253591019e-15
2.697495005143935032e-16
1.775489477662262061e-15
-1.864827736675067626e-16
-1.582067810090848070e-15
1.647987302177966740e-16
-1.556046957951195964e-15
-4.319461455182249665e-16
-1.282828010484848846e-15
-1.179611963664228824e-15
7.485331798839922612e-16
-1.530026105811543857e-15
1.058181320345852328e-15
5.533767888366014631e-16
1.351349587785932727e-15
4.527628272299466516e-16
1.307981500886512549e-15
9.159339953157541458e-16
-7.654467337747661304e-16
7.520026268359458754e-16
3.191891195797325054e-16
-9.133319101017889352e-16
-9.003214840319628820e-16
6.123573870198129043e-16
-6.236330896136621504e-16
-7.320533068622125938e-16
2.959871930885427105e-16
3.835907286253714688e-16
-2.177077962350892903e-16
5.750608322863115518e-16
1.188285581044112860e-15
-6.956241138666996449e-16
-2.775557561562891351e-17
1.083334810747516030e-15
-8.413408858487514408e-17
-2.432949675057471950e-16
7.042977312465836803e-16
2.029626466892864300e-16
-1.124100812432970997e-15
1.268082860939045986e-15
-8.148863528401051326e-16
2.996734804749934256e-16
-8.465450562766818621e-16
6.149594722337781150e-16
-3.001071613439876273e-16
-6.678685382510707313e-16
1.167468899332391175e-15
-1.000935445638617693e-15
4.011548038196366406e-16
-6.765421556309547668e-17
6.982261990806648555e-16
-7.173081573164097335e-16
8.153200337090993344e-17
8.638922910364499330e-16
-4.961309141293668290e-16
6.253678130896389575e-16
-7.611099250848241127e-17
3.115997043723339743e-16
-1.157927920214518736e-15
1.700029006457270953e-16
2.758210326803123280e-16
-1.158795281952507139e-15
9.827208491408612190e-16
-6.028164079019404653e-16
-4.891920202254596006e-16
6.171278765787491238e-16
1.366962099069723990e-15
-6.843484112728503987e-16
-7.892991815694472280e-16
1.139713323716762261e-15
-5.143455106271233035e-16
-2.558717127065790464e-16
-3.738329090730019288e-16
4.475586568020162304e-16
-3.989863994746656317e-16
-7.233796894823285584e-16
1.069457022939701574e-15
-1.285430095698814057e-15
-5.941427905220564298e-17
2.597748405275268624e-16
8.586881206085195117e-17
-1.726049858596923059e-16
1.273287031366976407e-15
-7.979727989493312634e-17
-8.664943762504151437e-16
2.836272883222079599e-16
1.450662506785604933e-16
3.014082039509702327e-16
-9.992007221626408864e-16
3.348016308635237692e-16
2.896988204881267848e-16
-1.068589661201713170e-15
1.172673069760321596e-15
-6.661338147750939243e-16
7.632783294297951215e-17
-3.595214403961932703e-16
8.291978215169137911e-16
-6.635317295611287136e-16
-5.551115123125782702e-17
8.760353553682875827e-16
1.170938346284344789e-17
-4.015884846886308424e-16
-4.198030811863873168e-16
5.819997261902187802e-16
-4.198030811863873168e-16
-2.602085213965210642e-16
1.026088936040281396e-15
-1.058181320345852328e-15
3.985527186056714299e-16
-4.553649124439118623e-17
9.081277396738585139e-16
-1.007006977804536518e-15
1.014813233446432150e-15
-2.012279232133096230e-16
-7.355227538141662080e-16
7.927686285214008421e-16
5.507747036226362525e-17
4.861562541425001882e-16
-9.159339953157541458e-16
4.900593819634480042e-16
9.194034422677077600e-17
-9.003214840319628820e-16
1.091141066389411662e-15
-6.973588373426764520e-16
5.089244997646957813e-16
-5.861196944456636970e-16
1.552577510999242349e-16
-3.998537612126540353e-16
1.890848588814719733e-16
3.243932900076629267e-16
-6.938893903907228378e-16
7.502679033599690683e-16
-1.804112415015879378e-16
6.184289191857317292e-16
-3.330669073875469621e-16
1.457167719820517959e-16
7.398595625041082258e-16
-8.014422459012848776e-16
2.905661822261151883e-16
-1.062518129035794345e-16
-1.205632815803880931e-16
-2.688821387764050996e-16
7.459310946700270506e-16
-3.330669073875469621e-16
-5.620504062164854986e-16
9.263423361716149884e-16
-2.363560736018399666e-16
4.228388472693467293e-16
-1.951563910473907981e-16
7.754213937616327712e-16
-2.567390744445674500e-16
-5.707240235963695341e-16
5.091413401991928822e-16
-6.245004513516505540e-17
-9.215718466126787689e-16
6.999609225566416626e-16
3.209238430557093125e-17
-5.152128723651117070e-16
3.677613769070831040e-16
3.035766082959412415e-16
-5.334274688628681815e-16
-1.647987302177966740e-17
-2.883977778811441794e-16
1.192622389734054877e-17
-6.036837696399288689e-16
1.786765180256111307e-16
1.743397093356691130e-16
-2.506675422786486251e-16
3.295974604355933479e-16
-9.540979117872439019e-18
-7.381248390281314187e-16
-2.844946500601963635e-16
6.401129626354418178e-16
-1.769417945496343236e-16
-5.924080670460796227e-16
1.038232000372119046e-15
-1.025221574302292993e-15
5.928417479150738245e-16
-1.222980050563649002e-16
2.506675422786486251e-16
-3.087807787238716628e-16
-1.214306433183764966e-16
6.010816844259636582e-16
-3.452099717193846118e-16
1.186117176699141851e-16
-2.001437210408241185e-16
2.957703526540456096e-16
-4.857225732735059864e-16
5.082739784612044787e-16
6.418476861114186249e-17
-6.930220286527344342e-16
4.059252933785728601e-16
2.213940836215400054e-16
1.749902306391604156e-16
-3.374037160774889799e-16
1.153591111524576718e-16
-3.295974604355933479e-16
-8.153200337090993344e-17
5.724587470723463412e-16
-3.751339516799845342e-16
2.211772431870429045e-16
-3.894454203567931927e-16
5.377642775528101993e-16
-7.858297346174936138e-16
8.647596527744383366e-16
-8.153200337090993344e-17
-9.593020822151743232e-16
6.635317295611287136e-16
-1.552577510999242349e-16
3.877106968808163856e-16
-3.018418848199644344e-16
3.261280134836397337e-16
3.001071613439876273e-16
-1.222980050563649002e-16
2.775557561562891351e-17
3.137681087173049832e-16
-3.382710778154773834e-17
-4.050579316405844565e-16
8.031769693772616847e-16
-7.979727989493312634e-16
-1.214306433183764966e-16
8.005748841632964741e-16
-4.904930628324422059e-16
3.111660235033397726e-16
5.551115123125782702e-16
-5.290906601729261638e-17
-7.441963711940502435e-16
4.562322741819002658e-16
3.929148673087468069e-16
-6.930220286527344342e-16
3.295974604355933479e-17
6.617970060851519065e-16
5.776629175002767624e-16
-7.719519468096791570e-16
6.010816844259636582e-16
-2.237793284010081152e-16
-4.748805515486509421e-16
-8.673617379884035472e-19
4.163336342344337027e-17
-2.393918396847993790e-16
-3.642919299551294898e-17
7.268491364342821726e-16
-8.239936510889833698e-16
2.862293735361731706e-16
3.178880769727499001e-16
-4.488596994089988357e-17
-8.673617379884035472e-17
-1.647987302177966740e-16
6.366435156834882036e-16
-6.938893903907228378e-16
4.137315490204684920e-16
1.821459649775647449e-17
-4.529796676644437525e-16
2.363560736018399666e-17
-1.569924745759010420e-16
4.623038063478190907e-16
-7.684824998577255428e-16
7.389922007661198222e-16
-6.305719835175693788e-16
-5.767955557622883589e-16
-3.642919299551294898e-16
-3.642919299551294898e-17
-9.540979117872439019e-17
-4.978656376053436361e-16
7.164407955784213300e-16
-8.899131431761020394e-16
2.320192649118979489e-16
-2.818925648462311528e-17
3.382710778154773834e-16
1.292368989602721285e-16
-2.324529457808921507e-16
4.909267437014364077e-16
-3.720981855970251218e-16
2.081668171172168513e-17
1.916869440954371839e-16
5.702903427273753323e-16
-5.585809592645318844e-16
-4.744468706796567403e-16
6.817463260588851881e-16
-9.402201239794294452e-16
1.074661193367631995e-15
-4.076600168545496672e-17
2.966377143920340131e-16
-3.445594504158933091e-16
4.302114220422481594e-16
9.194034422677077600e-17
-4.371503159461553878e-16
7.164407955784213300e-16
-5.733261088103347447e-16
1.717376241217039023e-16
4.618701254788248889e-16
-1.344410693882025498e-17
6.938893903907228378e-17
-5.689893001203927270e-16
1.067722299463724767e-15
-7.042977312465836803e-16
-3.469446951953614189e-17
3.118165448068310752e-16
2.125036258071588691e-16
-6.340414304695229930e-16
3.417405247674309976e-16
4.059252933785728601e-16
-1.095477875079353680e-15
7.285838599102589797e-16
-4.020221655576250441e-16
-4.627374872168132924e-16
-4.683753385137379155e-17
5.915407053080912192e-16
3.365363543395005763e-16
-7.008282842946300661e-16
2.654126918244514854e-16
4.241398898763293346e-16
-6.266688556966215629e-17
-5.280064580004406594e-16
1.074661193367631995e-15
-7.173081573164097335e-16
-4.267419750902945452e-16
9.697104230710351658e-16
-8.005748841632964741e-16
7.216449660063517513e-16
-3.705803025555454155e-16
2.493664996716660198e-16
-4.492933802779930375e-16
1.023486850826316186e-16
4.466912950640278268e-16
-3.642919299551294898e-16
7.936359902593892457e-17
-3.881443777498105874e-16
7.337880303381894009e-16
-9.835882108788496225e-16
7.788908407135863854e-16
1.613292832658430598e-16
-5.906733435701028156e-16
4.423544863740858091e-16
-2.285498179599443347e-16
2.649790109554572837e-16
-4.033232081646076495e-16
6.123573870198129043e-16
1.110223024625156540e-16
-3.781697177629439466e-16
1.578598363138894456e-16
-2.090341788552052549e-16
2.745199900733297227e-16
-3.870601755773250829e-16
4.978656376053436361e-16
-2.610758831345094677e-16
-4.510281037539698445e-17
4.597017211338538800e-16
-5.308253836489029709e-16
1.170938346284344789e-16
7.121039868884793123e-16
-4.664237746032640075e-16
-3.989863994746656317e-16
3.686287386450715076e-16
1.266348137463069179e-16
-4.996003610813204432e-16
-1.604619215278546562e-16
3.538835890992686473e-16
6.088879400678592901e-16
-8.083811398051921060e-16
2.133709875451472726e-16
-2.012279232133096230e-16
-3.660266534311062969e-16
7.138387103644561194e-16
-2.931682674400803990e-16
-2.107689023311820620e-16
3.642919299551294898e-17
-1.561251128379126385e-17
-4.041905699025960530e-16
1.977584762613560088e-16
5.828670879282071837e-16
-3.417405247674309976e-16
-1.465841337200401995e-16
-6.505213034913026604e-17
9.671083378570699551e-16
-8.933825901280556536e-16
3.226585665316861196e-16
1.856154119295183591e-16
-1.227316859253591019e-15
6.262351748276273611e-16
-2.914335439641035919e-16
2.261645731804762249e-16
-5.464378949326942347e-17
2.064320936412400442e-16
-6.765421556309547668e-17
-4.996003610813204432e-16
7.459310946700270506e-17
1.543903893619358314e-16
1.873501354054951662e-16
-1.621966450038314633e-16
7.268491364342821726e-16
-3.243932900076629267e-16
-1.864827736675067626e-16
9.141992718397773388e-16
-6.058521739848998777e-16
6.435824095873954320e-16
-2.628106066104862748e-16
7.485331798839922612e-16
-5.950101522600448334e-16
3.105155021998484699e-16
4.414871246360974055e-16
-1.040834085586084257e-16
9.410874857174178487e-17
2.038300084272748336e-17
-1.951563910473907981e-16
-7.858297346174936138e-16
6.678685382510707313e-16
-1.353084311261909534e-16
-3.304648221735817515e-16
3.833738881908743679e-16
-4.250072516143177381e-16
4.167673151034279044e-16
-5.316927453868913744e-16
7.389922007661198222e-16
-4.423544863740858091e-16
-1.752070710736575165e-16
3.226585665316861196e-16
-6.401129626354418178e-16
-1.491862189340054101e-16
9.649399335120989463e-17
3.070460552478948557e-16
-6.088879400678592901e-16
2.203098814490545010e-16
-1.526556658859590243e-16
-3.859759734048395785e-17
3.369700352084947781e-16
6.062858548538940795e-16
1.066854937725736363e-16
-4.336808689942017736e-17
3.348016308635237692e-16
4.024558464266192459e-16
2.949029909160572061e-17
-2.831936074532137582e-16
2.255140518769849223e-17
7.467984564080154541e-16
1.509209424099822172e-16
4.683753385137379155e-16
-3.053113317719180486e-16
-3.209238430557093125e-16
-2.619432448724978713e-16
5.661703744719304154e-16
-1.292368989602721285e-16
1.457167719820517959e-16
4.067926551165612636e-16
-2.619432448724978713e-16
7.285838599102589797e-17
3.807718029769091572e-16
-1.821459649775647449e-16
-2.367897544708341684e-16
7.350890729451720063e-17
-8.899131431761020394e-16
-3.816391647148975608e-16
1.249000902703301108e-16
5.117434254131580929e-17
-4.198030811863873168e-16
1.259842924428156152e-15
-4.258746133523061417e-16
-7.285838599102589797e-17
-1.613292832658430598e-16
5.360295540768333922e-16
-3.946495907847236140e-16
2.307182223049153436e-16
3.361026734705063745e-16
2.025289658202922283e-16
-6.548581121812446781e-16
-1.309716224362489356e-16
6.591949208711866959e-16
-5.030698080332740574e-16
1.491862189340054101e-16
1.041701447324072660e-15
-8.736501105888194729e-16
4.588343593958654765e-16
-1.031293106468211818e-15
-2.255140518769849223e-16
-5.603156827405086915e-16
-2.515349040166370287e-16
5.273559366969493567e-16
-5.490399801466594454e-16
9.389190813724468399e-17
-2.710505431213761085e-16
9.844555726168380261e-16
-7.294512216482473832e-16
6.140921104957897114e-16
-1.196959198423996895e-16
4.705437428587089244e-17
-1.292368989602721285e-15
6.158268339717665185e-16
-1.578598363138894456e-16
-7.494005416219806648e-16
3.209238430557093125e-17
-6.349087922075113966e-16
-3.903127820947815962e-16
1.387778780781445676e-16
5.932754287840680263e-16
4.041905699025960530e-16
5.334274688628681815e-17
8.005748841632964741e-16
2.289834988289385365e-16
3.660266534311062969e-16
5.394990010287870064e-16
3.113828639378368734e-16
-3.420657854191766489e-16
-3.330669073875469621e-16
-1.172673069760321596e-15
-6.123573870198129043e-16
-7.459310946700270506e-17
-7.945033519973776492e-16
2.099015405931936584e-16
-5.204170427930421283e-17
8.104411239329145644e-16
-3.859759734048395785e-16
2.107689023311820620e-16
3.929148673087468069e-16
-5.898059818321144121e-17
1.739927646404737516e-15
-9.653736143810931480e-16
5.290906601729261638e-16
-8.638922910364499330e-16
1.890848588814719733e-16
-2.315855840429037471e-16
5.204170427930421283e-17
-8.153200337090993344e-17
-9.197287029194534114e-16
1.478851763270228048e-16
-1.092875789865388469e-15
3.599551212651874721e-16
4.250072516143177381e-16
5.299580219109145673e-16
1.380839886877538447e-15
-9.575673587391975161e-16
2.239961688355052161e-16
4.119968255444916849e-17
4.773959005888173124e-15
-8.309325449928905982e-16
1.739927646404737516e-15
2.949029909160572061e-15
-1.522653531038642427e-15
4.376707329889484299e-15
-4.835541689285349776e-15
3.506743506687115541e-15
-3.882311139236094277e-15
1.724315135120946252e-15
-2.477185123694880531e-15
-4.133846043252731306e-15
1.667502941282705820e-15
-5.160802341031001106e-15
5.189425278384618423e-15
-4.428749034168788512e-15
-8.948247889248507614e-03
-2.222064738853240032e-03
1.489471694800880916e-03
-1.150455485505304937e-02
1.105480900016676989e-02
-1.404769852193436981e-02
1.414432982930462213e-02
-8.362098013060087834e-03
8.948301469909198877e-03
2.222048098004750054e-03
-1.489471540857593979e-03
1.150460835410370766e-02
-1.105480120202027156e-02
1.404767985694397453e-02
-1.414435312318254243e-02
8.362098182439542740e-03
