1.500967580690489370e-03
2.642817151480488305e-03
-2.197975820452321982e-03
4.742309900228430970e-03
-4.609370523389601411e-03
4.063856459880527128e-03
-4.320676330216486824e-03
1.004829172585455094e-03
-1.500973139386959504e-03
-2.642813801977115726e-03
2.197972885774588520e-03
-4.742316682572846227e-03
4.609367707188860921e-03
-4.063858703577326661e-03
4.320678380299047133e-03
-1.004831374888911014e-03
1.297833368552048228e-13
2.967938395048719258e-14
1.205303218343445337e-13
-7.292170339789905142e-14
4.121702978920893656e-14
-1.333677092374419004e-13
-6.307628030999268276e-14
-1.153261514064141124e-13
-1.302569163641464911e-13
-2.980428404075752269e-14
-1.210012992580722369e-13
7.322441264445700426e-14
-4.096549488519229953e-14
1.334346045114842561e-13
6.324107904021047943e-14
1.145993022699798303e-13
2.683530481162321735e-14
7.107162081076978666e-15
8.967436168627607174e-15
-1.634624510402082898e-14
-1.405039279367414906e-14
-3.004020643349036845e-14
-2.946514560120405690e-14
-2.596881043537280220e-14
-2.748452507250753740e-14
-6.278831621298053278e-15
-9.016658947258449075e-15
1.603063385161029863e-14
1.423514084386567902e-14
2.985632574503682690e-14
2.946254351599009169e-14
2.564354978362715087e-14
1.222980050563649002e-15
-1.140580685454750665e-16
-1.056880277738869722e-15
-1.432447910287848458e-15
-1.865695098413056030e-15
-2.303712776097199821e-15
-2.168404344971008868e-15
-1.454565634606552749e-15
-1.829265905417543081e-15
4.018053251231279432e-16
6.596286017401808977e-16
1.815388117609728624e-15
2.149322386735263990e-15
2.269885668315652083e-15
2.411265631607761861e-15
1.495331636292007715e-15
-4.391018798566292958e-15
3.641618256944312293e-15
-5.578870698741411616e-15
-5.967448757360216405e-16
-3.095614042880612260e-15
-4.185887747532035519e-15
8.829742492721948111e-16
-5.022891824690844942e-15
4.764851707639294887e-15
-3.517151847542976384e-15
5.299580219109145673e-15
1.144917494144692682e-16
2.950764632636548868e-15
4.237929451811339732e-15
-1.210836986231811352e-15
5.882447307037352857e-15
-3.991598718222633124e-15
1.602017130064581352e-15
-3.379241331202820220e-15
-1.856154119295183591e-15
-5.958775139980332369e-16
-3.910066714851723191e-15
2.135010918058455331e-15
-3.680215854284796251e-15
3.858458691441413180e-15
-1.320124565218350199e-15
3.391384395534657870e-15
2.123301534595611884e-15
6.496539417533142569e-16
3.931750758301433279e-15
-2.253405795293872416e-15
3.338692169951862354e-15
-2.031361190368841108e-15
-3.885780586188047891e-16
-9.853229343548264296e-16
-1.543903893619358314e-15
-2.428612866367529932e-16
-9.202708040056961636e-16
5.454621129774572807e-16
-4.642553702582929986e-16
1.886511780124777715e-15
5.108760636751696893e-16
6.904199434387692236e-16
1.783295733304157693e-15
-1.691355389077386917e-16
1.559516404903149578e-15
-1.144809073927444132e-15
7.717351063751820561e-16
2.949029909160572061e-17
-6.487865800153258533e-16
6.071532165918824830e-17
-5.976122374740100440e-16
-1.938553484404081928e-16
-6.852157730108388023e-17
1.253337711393243126e-16
3.712308238590367182e-16
-1.457167719820517959e-16
8.205242041370297557e-16
-1.665334536937734811e-16
5.924080670460796227e-16
-5.204170427930421283e-17
-1.222980050563649002e-16
-2.905661822261151883e-17
-1.830133267155531485e-16
2.636779683484746784e-16
-5.880712583561376050e-16
-2.177077962350892903e-16
2.567390744445674500e-16
1.604619215278546562e-16
-1.173106750629315798e-16
6.418476861114186249e-17
3.295974604355933479e-16
-2.081668171172168513e-16
2.862293735361731706e-16
5.594483210025202879e-16
-5.594483210025202879e-16
7.180670988371495866e-16
-7.732529894166617623e-16
1.387778780781445676e-16
-5.993469609499868511e-16
8.075137780672037024e-16
-6.852157730108388023e-17
-2.086004979862110531e-16
-1.658829323902821784e-16
7.372574772901430151e-18
-4.527628272299466516e-16
-4.544975507059234587e-16
1.595945597898662527e-16
-2.402592014227877826e-16
-3.521488656232918402e-16
-1.114559833315098558e-16
6.028164079019404653e-16
1.019150042136374168e-16
1.700029006457270953e-16
3.712308238590367182e-16
3.989863994746656317e-17
3.868433351428279821e-16
-4.024558464266192459e-16
1.754239115081546174e-16
-1.511377828444793181e-16
1.257674520083185143e-16
4.675079767757495119e-16
-3.608224830031758756e-16
2.046973701652632371e-16
-2.350550309948573613e-16
8.933825901280556536e-17
6.906367838732663245e-17
-2.580401170515500553e-16
2.862293735361731706e-16
-2.567390744445674500e-16
2.688821387764050996e-16
-2.515349040166370287e-16
-5.334274688628681815e-17
3.191891195797325054e-16
-5.637851296924623057e-18
-1.370431546021677605e-16
-4.215378046623641239e-16
4.354155924701785807e-16
-5.056718932472392680e-16
-1.925543058334255875e-16
-3.642919299551294898e-17
3.868433351428279821e-16
-3.018418848199644344e-16
-4.336808689942017736e-18
4.579669976578770729e-16
-2.133709875451472726e-16
2.688821387764050996e-16
2.498001805406602216e-16
2.580401170515500553e-16
-5.793976409762535695e-16
1.483188571960170066e-16
-2.081668171172168513e-17
-5.065392549852276716e-16
3.677613769070831040e-16
5.559788740505666738e-16
-7.086345399365256981e-16
1.702197410802241961e-17
2.526191061891225331e-16
3.200564813177209089e-16
-9.289444213855801991e-16
4.857225732735059864e-16
-4.198030811863873168e-16
6.852157730108388023e-17
2.870967352741615741e-16
1.799775606325937360e-16
2.367897544708341684e-16
-1.110223024625156540e-16
4.093947403305264743e-16
-4.302114220422481594e-16
-6.418476861114186249e-17
7.546047120499110861e-17
-2.007942423443154212e-16
-2.727852665973529156e-16
7.892991815694472280e-17
9.263423361716149884e-16
-7.233796894823285584e-16
-3.903127820947815962e-17
-2.515349040166370287e-17
-4.857225732735059864e-17
6.093216209368534919e-17
-6.583275591331982923e-16
8.933825901280556536e-17
-4.475586568020162304e-16
2.359223927328457648e-16
-3.243932900076629267e-16
-2.419939248987645897e-16
-3.720981855970251218e-16
2.521854253201283314e-16
-8.413408858487514408e-17
-6.427150478494070285e-16
8.430756093247282479e-16
6.418476861114186249e-17
-3.295974604355933479e-17
-9.540979117872439019e-17
-6.941062308252199387e-16
2.294171796979327382e-16
-8.847089727481716182e-17
5.447031714567174276e-16
-4.163336342344337027e-17
-5.204170427930421283e-17
6.444497713253838356e-16
-4.588343593958654765e-16
8.543513119185774940e-17
-7.806255641895631925e-17
7.372574772901430151e-16
-6.956241138666996449e-16
2.818925648462311528e-16
4.423544863740858091e-17
-4.310787837802365630e-16
-3.510646634508063357e-16
-5.264885749589609532e-16
9.922618282587336580e-16
-4.943961906533900219e-16
3.677613769070831040e-16
-1.613292832658430598e-16
-5.585809592645318844e-16
2.363560736018399666e-17
-7.025630077706068732e-17
4.579669976578770729e-16
-6.817463260588851881e-16
6.609296443471635030e-16
3.989863994746656317e-17
-2.246466901389965187e-16
4.041905699025960530e-16
7.361732751176575107e-17
2.220446049250313081e-16
4.770489558936219510e-17
-7.459310946700270506e-17
-4.597017211338538800e-16
4.076600168545496672e-17
2.341876692568689577e-16
3.495467804093266295e-16
2.853620117981847670e-16
-2.836272883222079599e-16
6.869504964868156094e-16
-6.002143226879752547e-16
1.127570259384924611e-17
3.538835890992686473e-16
-2.775557561562891351e-17
-4.310787837802365630e-16
5.160802341031001106e-17
-3.278627369596165408e-16
-5.464378949326942347e-16
6.002143226879752547e-16
-1.439820485060749888e-16
-1.916869440954371839e-16
-4.119968255444916849e-18
6.830473686658677934e-17
3.747002708109903324e-16
-8.881784197001252323e-16
5.741934705483231483e-16
-4.163336342344337027e-17
-1.500535806719938137e-16
2.289834988289385365e-16
6.240667704826563522e-16
-6.641822508646200163e-16
1.379105163401561640e-16
5.906733435701028156e-16
-5.811323644522303766e-16
7.285838599102589797e-17
-4.254409324833119399e-16
3.586540786582048668e-16
3.165870343657672947e-16
-2.367897544708341684e-16
4.406197628981090020e-16
-3.330669073875469621e-16
-1.890848588814719733e-16
5.238864897449957425e-16
-5.885049392251318068e-16
2.248635305734936196e-16
-4.770489558936219510e-17
-3.035766082959412415e-17
-9.714451465470119729e-17
3.139849491518020841e-16
1.318389841742373392e-16
-8.413408858487514408e-17
-1.679429165180046368e-16
3.044439700339296451e-16
6.297046217795809753e-16
-4.414871246360974055e-16
9.367506770274758310e-17
3.243932900076629267e-16
-4.753142324176451439e-16
4.623038063478190907e-16
-1.714123634699582510e-16
5.533767888366014631e-16
-3.348016308635237692e-16
9.194034422677077600e-17
-4.059252933785728601e-16
2.272487753529617294e-16
7.164407955784213300e-16
-4.753142324176451439e-16
1.990595188683386141e-16
-2.749536709423239245e-16
2.914335439641035919e-16
-8.500145032286354763e-17
-5.351621923388449886e-16
2.194425197110660974e-16
7.173081573164097335e-16
-4.614364446098306871e-16
5.854691731421723944e-17
-1.864827736675067626e-16
-3.521488656232918402e-16
1.700029006457270953e-16
-4.189357194483989133e-16
-1.266348137463069179e-16
3.499804612783208313e-16
1.491862189340054101e-16
-1.526556658859590243e-16
-1.231653667943533037e-16
-3.816391647148975608e-17
6.418476861114186249e-17
1.968911145233676052e-16
-2.688821387764050996e-17
8.131516293641283255e-17
-1.541735489274387305e-16
1.301042606982605321e-16
-3.816391647148975608e-17
-8.326672684688674053e-17
-1.734723475976807094e-17
-9.714451465470119729e-17
-3.755676325489787359e-16
-2.636779683484746784e-16
4.404029224636119011e-16
-3.295974604355933479e-17
6.765421556309547668e-17
1.066854937725736363e-16
5.030698080332740574e-17
1.192622389734054877e-16
-6.726390278100069509e-16
5.689893001203927270e-16
-5.724587470723463412e-16
5.204170427930421283e-18
1.647987302177966740e-16
-2.688821387764050996e-16
1.483188571960170066e-16
1.565587937069068403e-16
1.034328872551171230e-16
-3.300311413045875497e-16
1.821459649775647449e-16
-2.740863092043355209e-16
3.538835890992686473e-16
-3.382710778154773834e-16
-4.631711680858074942e-16
5.152128723651117070e-16
-4.308619433457394621e-16
6.279698983036041682e-16
-3.348016308635237692e-16
8.847089727481716182e-17
-1.040834085586084257e-17
-1.587271980518778491e-16
-1.066854937725736363e-16
7.806255641895631925e-18
-2.901325013571209865e-16
9.627715291671279374e-17
4.857225732735059864e-17
-2.593411596585326606e-16
2.758210326803123280e-16
-2.602085213965210642e-16
1.379105163401561640e-16
1.864827736675067626e-17
-6.852157730108388023e-17
1.561251128379126385e-17
-5.724587470723463412e-17
6.071532165918824830e-17
-5.551115123125782702e-17
6.570265165262156870e-16
-3.274290560906223391e-16
-5.394990010287870064e-16
9.714451465470119729e-17
-8.673617379884035472e-17
4.492933802779930375e-16
-7.112366251504909087e-17
6.539907504432562746e-16
-1.754239115081546174e-16
2.862293735361731706e-16
-2.498001805406602216e-16
7.546047120499110861e-17
3.295974604355933479e-17
1.318389841742373392e-16
2.125036258071588691e-16
-6.834810495348619952e-16
-5.290906601729261638e-17
9.358833152894874274e-16
-4.024558464266192459e-16
3.348016308635237692e-16
-2.445960101127298003e-16
2.619432448724978713e-16
2.892651396191325830e-16
-9.120308674948063299e-16
2.081668171172168513e-17
-1.908195823574487804e-17
1.682681771697502882e-16
-5.030698080332740574e-17
-2.203098814490545010e-16
3.460773334573730153e-16
-3.933485481777410087e-16
1.615461237003401607e-16
-7.155734338404329264e-17
-1.821459649775647449e-17
-8.673617379884035472e-18
5.898059818321144121e-17
5.811323644522303766e-17
-3.191891195797325054e-16
1.298874202637634312e-16
1.559082724034155376e-16
1.960237527853792017e-16
-8.153200337090993344e-17
8.153200337090993344e-17
-1.734723475976807094e-16
-1.968911145233676052e-16
-2.151057110211240797e-16
-6.917209860457518289e-17
-3.434752482434078047e-16
-3.209238430557093125e-17
1.795438797635995343e-16
-3.712308238590367182e-16
5.551115123125782702e-16
6.166941957097549221e-16
-7.459310946700270506e-16
2.870967352741615741e-16
-3.113828639378368734e-16
1.994931997373328159e-16
-4.597017211338538800e-16
4.969982758673552325e-16
1.925543058334255875e-16
3.139849491518020841e-16
-1.034545712985668331e-15
4.158999533654395009e-16
-2.324529457808921507e-16
-2.341876692568689577e-16
4.527628272299466516e-16
-4.041905699025960530e-16
1.422473250300981817e-16
1.647987302177966740e-16
2.953366717850514078e-16
2.541369892306022393e-16
-2.333203075188805542e-16
3.538835890992686473e-16
-2.046973701652632371e-16
-3.521488656232918402e-16
9.020562075079396891e-17
4.859394137080030873e-16
4.766152750246277492e-16
-4.371503159461553878e-16
4.883246584874711971e-16
-1.613292832658430598e-16
3.937822290467352104e-16
1.552577510999242349e-16
1.474514954580286030e-17
-5.019856058607885529e-16
-2.458970527197124056e-16
2.289834988289385365e-16
-4.510281037539698445e-16
-1.214306433183764966e-16
1.830133267155531485e-16
2.862293735361731706e-16
4.304282624767452603e-16
-1.270684946153011197e-15
9.263423361716149884e-16
-3.035766082959412415e-16
2.359223927328457648e-16
-1.856154119295183591e-16
-1.656660919557850775e-16
-8.239936510889833698e-18
-2.810252031082427493e-16
-4.193694003173931151e-16
8.265957363029485805e-16
3.105155021998484699e-16
2.688821387764050996e-16
-1.387778780781445676e-17
3.105155021998484699e-16
-9.315465065995454097e-16
5.724587470723463412e-17
4.458239333260394233e-16
-2.870967352741615741e-16
-2.307182223049153436e-16
-2.636779683484746784e-16
7.051650929845720839e-16
-6.461844948013606427e-16
2.594495798757812111e-16
4.534133485334379543e-16
5.377642775528101993e-17
-6.661338147750939243e-16
-5.377642775528101993e-17
1.500535806719938137e-16
2.936019483090746007e-16
-2.970713952610282149e-16
-3.361026734705063745e-16
7.962380754733544563e-16
2.255140518769849223e-17
-1.509209424099822172e-16
5.811323644522303766e-17
-6.453171330633722391e-16
4.089610594615322725e-16
-3.393552799879628878e-16
1.048640341227979889e-15
-1.526556658859590243e-16
2.740863092043355209e-16
-2.463307335887066074e-16
-3.642919299551294898e-16
1.804112415015879378e-16
-6.440160904563896338e-16
7.836613302725226049e-16
-9.020562075079396891e-16
-1.283695372222837250e-16
-3.330669073875469621e-16
-2.359223927328457648e-16
2.211772431870429045e-16
-6.071532165918824830e-16
-7.264154555652879708e-18
-5.358127136423362913e-16
4.597017211338538800e-16
-4.293440603042597559e-16
6.539907504432562746e-16
1.856154119295183591e-16
-4.011548038196366406e-16
-7.415942859800850329e-17
-2.745199900733297227e-16
5.316927453868913744e-16
-2.827599265842195564e-16
3.382710778154773834e-16
2.081668171172168513e-17
-6.730727086790011526e-16
1.158361601083512937e-15
-7.209944447028604486e-16
1.151422707179605709e-15
-1.309716224362489356e-15
5.238864897449957425e-16
-1.387778780781445676e-16
-4.605690828718422836e-16
8.031769693772616847e-16
7.407269242420966293e-16
-1.629555865245713164e-16
1.387778780781445676e-17
-5.342948306008565851e-16
-1.046038256014014678e-15
-7.485331798839922612e-16
-2.853620117981847670e-16
-7.129713486264677158e-16
-2.244298497044994178e-17
4.733626685071712359e-16
7.624109676918067180e-16
6.002143226879752547e-16
1.000935445638617693e-15
4.111294638065032814e-16
1.016547956922408957e-15
8.326672684688674053e-17
-6.140921104957897114e-16
2.992831676928986440e-15
1.220377965349683791e-15
2.277691923957547715e-15
2.846681224077940442e-15
6.088879400678592901e-16
1.660130366509804389e-15
-1.585103576173807483e-15
1.123233450694982594e-15
-3.406563225949454932e-15
-1.158795281952507139e-15
-2.307182223049153436e-15
-2.406061461179831440e-15
-1.098079960293318891e-15
-1.519617764955683015e-15
1.882174971434835697e-15
-4.708039513801054454e-15
-4.446096268928556583e-15
-5.393255286811893257e-15
-5.906733435701028156e-15
-3.737461728992030885e-15
-2.834538159746102792e-15
5.603156827405086915e-16
1.530026105811543857e-15
4.994268887337227625e-15
3.892719480091955120e-15
5.490399801466594454e-15
5.441827544139243855e-15
2.841477053650010021e-15
3.738329090730019288e-15
-9.020562075079396891e-16
-9.610368056911511303e-16
-3.150642322257622436e-03
-8.864838041588857243e-04
3.772302672357154274e-04
-3.996800700697179971e-03
3.684132157947404840e-03
-4.765841329356510642e-03
4.832910118613509796e-03
-2.743140916802980570e-03
3.150655654409474562e-03
8.864814050076556123e-04
-3.772277133356344292e-04
3.996814294177041677e-03
-3.684130032776613758e-03
4.765836502352856219e-03
-4.832915982331473237e-03
2.743139540308575999e-03
