3.950562746407255792e-03
8.178613893882141425e-03
-9.126698683207061166e-03
1.657414735029612632e-02
-1.685649121427468256e-02
1.526071340715019591e-02
-1.471350971609350182e-02
5.006755694003813505e-03
-3.950528184601315163e-03
-8.178632873318157290e-03
9.126742957659118860e-03
-1.657425545487033539e-02
1.685648991055198331e-02
-1.526074077942456836e-02
1.471353285067942239e-02
-5.006789907882508092e-03
2.443063112922416735e-13
-1.514413594527752593e-13
-1.741454203063597106e-13
2.397890913607980679e-13
-1.942196403703633223e-13
1.739407229361944474e-13
1.127570259384924611e-13
-1.607498856248668062e-13
-2.612823152281507078e-13
1.403009652900522042e-13
1.648759254124776419e-13
-2.275749033664453691e-13
2.064060727891003921e-13
-1.900458956871631244e-13
-1.072475441787901218e-13
1.525828074999679984e-13
-7.683523955970272823e-14
-1.762296905627458443e-13
9.945993681426124056e-14
-7.446346599222775087e-14
1.488757034318055616e-13
4.186668373096225082e-14
-3.841545137550639311e-14
-5.769516808751262715e-14
7.627058706827227752e-14
1.768724056105952513e-13
-9.983767285115519030e-14
7.654098709009016233e-14
-1.503640961741936621e-13
-4.328568753431127902e-14
3.444640406247145847e-14
5.263497970808828086e-14
7.583408727362961343e-14
-1.420270151486491272e-13
1.345720410106387988e-13
-6.024000742677060316e-14
3.470661258386797954e-14
6.160870424931630396e-15
2.813201060991588065e-14
1.933262577802352666e-14
-7.643625316022806260e-14
1.461474170849630383e-13
-1.364789357916063040e-13
5.733651400885442229e-14
-3.280362093072142216e-14
-5.167741234934908334e-15
-2.871661242132006464e-14
-2.129112858240134187e-14
9.408424560264361247e-14
-1.014628919077109614e-13
-2.090428524725851389e-14
-1.114733305662696239e-13
7.199102425303749442e-17
-1.865348153717860669e-14
-1.182994674442383598e-13
-4.202888037596608228e-14
-9.658615053587116250e-14
1.017035847900027434e-13
2.149322386735263990e-14
1.119278281169755473e-13
9.480263796213250771e-16
1.867429821889032837e-14
1.211539549239581959e-13
4.294047756259189441e-14
-9.252147659122300638e-15
-1.101375934897674824e-13
1.061650767297805942e-15
-6.429579091360437815e-14
-6.927965146008574493e-14
-1.935517718321122516e-14
-1.131961278183490904e-13
-2.421977549071918645e-14
1.003103849983588702e-14
1.120939278898003266e-13
1.734723475976807094e-17
6.323414014630657221e-14
6.910184230379812220e-14
1.835857854626254948e-14
1.117691009189236695e-13
2.434120613403756295e-14
2.945733934556216127e-14
-6.484656561722701440e-14
5.419276138951545363e-15
7.068998164605488910e-15
-7.214541464239943025e-14
2.786052638592551034e-14
-1.850776476519655489e-14
-4.615882329139786577e-15
-2.814935784467564872e-14
6.353598203112653664e-14
-4.746203430272544210e-15
-7.195632978351795828e-15
7.020772851973333673e-14
-2.707990082173594715e-14
1.801770538323310689e-14
4.387766192048836444e-15
7.009150204684289065e-14
-2.697495005143935032e-14
-2.304753610182785906e-14
8.899998793499008798e-14
1.819724926299670642e-15
1.573827873579958236e-15
-2.534430998402115165e-15
-1.940288207880058735e-14
-6.922587503233046391e-14
2.652739139463733409e-14
2.280120536823915245e-14
-8.694260589248159476e-14
-2.955101441326490885e-15
-2.579533808777512149e-15
2.381775332516156141e-15
1.680600103526330713e-14
4.399085262729585111e-14
3.709532681028804291e-14
-1.140580685454750665e-14
8.218599412135318971e-14
4.279107450322339190e-14
-3.028458560316860115e-14
-6.880433722766809979e-14
2.471113591528961706e-14
-4.305236722679239847e-14
-3.725492137007790916e-14
1.092615581343991948e-14
-8.099250436988114643e-14
-4.277285990672563543e-14
2.991530634322003834e-14
6.866382462611397841e-14
-2.491756800893085710e-14
4.551914400963141816e-15
7.331288354173182142e-14
1.506130289929963340e-14
4.483002510879963154e-14
-2.893778966450710755e-14
2.776945340343672797e-14
-9.376874277045033068e-14
2.853273173286652309e-14
-3.849351393192534943e-15
-7.290869297182922537e-14
-1.546289138398826424e-14
-4.460017424823270460e-14
2.849630253987101014e-14
-2.720827035895823087e-14
9.400466516318317645e-14
-2.904967932870761160e-14
-3.320434205367206459e-14
5.536456709753778682e-14
-2.630729835362277669e-14
5.019454903804065893e-14
-8.129521361643909927e-14
8.144179775015913947e-14
-5.521277879338981620e-14
-5.414071968523614942e-15
3.327806780140107890e-14
-5.549900816692598937e-14
2.673338980740957993e-14
-4.992143851079156036e-14
8.064816175989975022e-14
-8.084592023616110623e-14
5.562390825719631948e-14
5.082739784612044787e-15
-8.262574652251331031e-14
1.267172131114158162e-14
-3.647689789110231118e-14
9.620949870114969826e-14
-9.018827351603420084e-14
8.456256528344141543e-14
2.621167172200955520e-14
-3.633031375738227098e-14
8.345928115272016612e-14
-1.312882094706147029e-14
3.632771167216830577e-14
-9.548611901166736970e-14
8.984653299126676984e-14
-8.475685431275081783e-14
-2.632703083316201287e-14
3.626959843572308273e-14
-3.761834593829505025e-14
1.518576930870096930e-14
-6.067021884881285132e-14
1.474011884772252756e-13
-6.012031150692820347e-14
8.517492267046122834e-15
1.167182669958855001e-13
-2.607462856740738744e-14
3.800063562431343911e-14
-1.613065150202208642e-14
6.127650470366674540e-14
-1.478825742418088396e-13
5.970571259616974658e-14
-8.246875404793740927e-15
-1.165491314569777614e-13
2.586993119724212420e-14
-1.138412281109779656e-14
8.308111143495722217e-14
-1.206552219246148638e-13
9.852361981810275893e-14
3.814830396020596481e-14
-7.465209006518591650e-14
7.198495272087157559e-14
9.870576578308032367e-16
1.112391428970127549e-14
-8.264829792770100880e-14
1.204539940014015542e-13
-9.836229053483691587e-14
-3.805115944555126362e-14
7.420453140838390027e-14
-7.227204945614573717e-14
-8.144526719711109308e-16
-9.165584957671057964e-14
1.172091937395869365e-13
-8.053800681917522297e-14
-2.337713356226345240e-14
7.394432288698737921e-14
-7.950411162749304594e-14
-6.783202471938309941e-15
-8.065813641988661686e-15
9.168273779058822015e-14
-1.172959299133857769e-13
8.036279974810156546e-14
2.381428387820960779e-14
-7.344992669633398918e-14
7.910599258975636872e-14
6.584576633938965529e-15
8.393567958731029677e-15
-1.329492071988624957e-13
6.427150478494070285e-14
1.325155263298682939e-14
-1.035751345801472212e-13
2.739431945175674343e-14
-2.294822318282818685e-14
1.369130503414694999e-14
-5.834915883795588343e-14
1.333464588748611845e-13
-6.397833651750062245e-14
-1.400615734503674048e-14
1.041510627741715211e-13
-2.737176804656904494e-14
2.346777286388324057e-14
-1.331140059290802924e-14
5.811670589217499128e-14
-7.377605470981762892e-14
-3.727226860483767723e-14
5.874727787569256066e-14
-7.272307755989970701e-14
-1.196590569685351824e-14
-2.068224064233348258e-15
7.808944463283395976e-14
-9.098798103845950891e-14
7.409524382939736142e-14
3.745788401676719559e-14
-5.807420516701355950e-14
7.240649052553393972e-14
1.213872752314770764e-14
1.564503734896582898e-15
-7.720907246877573016e-14
9.103395121057289430e-14
2.103525686969476283e-14
-7.849623728795052102e-14
3.556443334273851065e-14
1.145784855882681086e-15
-9.983333604246524828e-16
-4.898945832332302075e-14
9.618868201943797658e-14
-4.761122052165944751e-14
-2.077851779525019538e-14
7.802092305553287588e-14
-3.527950501180932008e-14
-1.464540294593419389e-15
1.767683222020366429e-15
4.776647827275937175e-14
-9.588163596419008172e-14
4.738744119325843940e-14
5.935876790097438516e-14
-3.001071613439876273e-14
-3.930449715694450674e-15
2.790844812194936964e-15
4.112769153019613100e-14
-7.156861908663714189e-14
4.134539932643122029e-14
2.505808061048497848e-14
-5.894763843716788188e-14
2.993005149276584120e-14
4.511798920581178152e-15
-3.089108829845699233e-15
-4.073911347157732621e-14
7.100743604215864480e-14
-4.065324465951647426e-14
-2.523155295808265919e-14
2.341876692568689577e-14
2.881809374466470786e-15
1.784163095042146097e-15
-2.973662982519442721e-14
4.491025606956355887e-14
-2.392357145719614664e-14
-1.753458489517356611e-14
3.559826045052005838e-14
-2.399642984318717254e-14
-2.800277371095560852e-15
-1.633242152632163879e-15
3.002806336915853080e-14
-4.434994038682305018e-14
2.341529747873494216e-14
1.796132687026386066e-14
-3.614296362197677581e-14
4.024341623831695358e-15
-7.931697833252204788e-15
1.596639487289053250e-14
-1.305639624193943860e-14
7.271960811294775340e-15
9.010153734223536048e-15
-9.752615381941609485e-15
1.145698119708882246e-14
-3.625355224357029726e-15
8.742897898705859205e-15
-1.611037692139660749e-14
1.288032180912779268e-14
-6.813993813636898267e-15
-9.714451465470119729e-15
9.475926987523308753e-15
-1.071972371979867944e-14
1.581460656874256188e-14
6.029031440757393057e-15
-1.395931981118536669e-14
1.705406649232799055e-14
7.127978762788700351e-15
-9.259953914764196270e-15
1.000978813725517114e-14
1.628775239681523601e-14
-1.574868707665544321e-14
-6.320464984721496648e-15
1.437565344541980039e-14
-1.738886812319151431e-14
-6.793177131925176582e-15
9.449038773645668243e-15
-1.060870141733616379e-14
-1.529115375986656034e-14
-2.176297336786703340e-14
5.053249485520439066e-14
-3.410292881422805067e-14
-1.394197257642559862e-14
3.877020232634365016e-14
-2.025636602898117644e-14
-1.275715644233343937e-14
1.138477333240128786e-14
2.201797771883562405e-14
-4.963477545638639299e-14
3.382710778154773834e-14
1.405126015541213746e-14
-3.889770450182794548e-14
2.060678017112849147e-14
1.298267049421042429e-14
-1.157277398911027433e-14
-8.831130271502729556e-14
4.314083812406721563e-14
1.019670459179167210e-14
-7.004639923646749367e-14
2.302324997316418376e-14
-1.046732145404405401e-14
2.147587663259287183e-15
-3.759232508615539814e-14
8.828528186288764346e-14
-4.285981292095897288e-14
-9.834147385312519418e-15
7.025109660663275690e-14
-2.256441561376831828e-14
9.941700240823081458e-15
-3.221381494888930774e-15
3.808845600028476497e-14
-7.522281408878228603e-14
-3.290770433928003058e-14
4.856618579518467982e-14
-8.491037734037476525e-14
-3.468796430650122886e-15
-1.567398554697119195e-14
9.172437115401166352e-14
-8.736327633540597049e-14
7.535985724338445380e-14
3.294586825575152034e-14
-4.917594109699052751e-14
8.574044252362966745e-14
1.974982677399594877e-15
1.622790443689403617e-14
-9.174432047398539680e-14
8.712041504876921749e-14
1.908716240617280846e-14
-1.063281407365224140e-13
4.322627325525907338e-14
-3.869994602556658947e-14
3.544387006115812255e-14
-7.284711028843204872e-14
1.426272294713371025e-13
-7.441443294897709393e-14
-1.917910275039957924e-14
1.068346799915076417e-13
-4.416822810271447963e-14
3.964970712866389135e-14
-3.423997196883021843e-14
7.197801382696766836e-14
-1.423184486926132308e-13
7.422534809009562196e-14
1.160070303707350092e-13
-7.093717974138158411e-14
2.203554179402988922e-14
-2.216271870886243889e-14
1.008325367646278892e-13
-1.549003980638730127e-13
7.626885234479630071e-14
1.698467755328891826e-14
-1.159150900265082385e-13
7.096493531699721302e-14
-2.127269714546908830e-14
2.199954628190337047e-14
-1.005064087511442494e-13
1.546453937129044220e-13
-7.604854246334724621e-14
-1.704018870452017609e-14
1.246242692376497985e-13
1.092615581343991948e-14
1.971426494273842422e-14
-1.290937842735040419e-13
1.251342779395869798e-13
-1.206777733298025623e-13
-6.643036815079383928e-14
6.709043043340301438e-14
-1.238453783969362121e-13
-1.078087272232686189e-14
-2.014187427956670717e-14
1.286401540845361069e-13
-1.248289666078150617e-13
1.204990968117769512e-13
6.673828156777972254e-14
-6.812606034856116821e-14
5.210545536704636049e-14
-4.738158650152701767e-14
8.383745087048311007e-14
-1.651109804434724992e-13
6.480059544511362901e-14
4.602221381766469221e-15
-1.268542562660179840e-13
3.733385128823485388e-14
-5.283837603564656149e-14
4.722860557498931300e-14
-8.312274479838066554e-14
1.641707603194930698e-13
-6.501743587961072990e-14
-4.590078317434631572e-15
1.279696834610710710e-13
-3.731650405347508581e-14
5.834135258231398780e-14
-9.501861103489162019e-14
1.239477270820188437e-13
-5.782006817778295726e-14
-7.119305145408816315e-15
7.946247826406960257e-14
-5.239125105971353946e-14
5.534895458625399556e-14
-5.775935285612376902e-14
9.417987223425683396e-14
-1.240067076802020551e-13
5.844803807608656143e-14
7.084610675889280174e-15
-7.988054662178001308e-14
5.226765201205019196e-14
-5.465419783412528432e-14
1.158396295553032473e-13
-5.303136402234898128e-14
7.904614462983516887e-14
5.138250935843302614e-14
-6.469651203655502059e-15
1.124846743527641024e-13
1.502660842978009725e-14
2.380333343626750420e-14
-1.155464612878631669e-13
5.363504779198891015e-14
-7.953533665006062847e-14
-5.108066747361306170e-14
6.742870151121849176e-15
-1.134413743497653115e-13
-1.510770675228201299e-14
-2.347221809279043114e-14
1.276773825553689790e-13
-2.001177001886844664e-14
-4.886716031826665585e-15
1.331209448229841996e-13
4.324448785175682985e-14
1.795742374244291284e-14
2.838007606698056406e-15
-1.575996277924929245e-14
-1.278005479221633323e-13
2.091729567332833994e-14
3.733124920302088867e-15
-1.330931892473685707e-13
-4.389631019785511512e-14
-1.709916930270338753e-14
-1.786765180256111307e-15
1.598114002243633536e-14
4.723652025084845718e-14
5.385795975865192986e-14
-4.605864301066020516e-14
7.205347429817265947e-14
6.393475159016670517e-14
-6.534898490395679715e-14
-6.047592981950344893e-14
5.090372567906342738e-14
-4.764418026770300685e-14
-5.362377208939506090e-14
4.426840838345214024e-14
-7.234143839518480945e-14
-6.525270775104008436e-14
6.483377203159168545e-14
6.240494232478965841e-14
-5.064525188114288312e-14
-6.735237367827551225e-14
4.830857935900212397e-14
-5.746618458868368862e-14
-4.528408897863656080e-14
2.621253908374754360e-14
4.355110022613573051e-14
-5.283794235477756729e-14
6.486998438415270130e-14
6.657348283756192586e-14
-4.802408470894192760e-14
5.737511160619490624e-14
4.495969568862889787e-14
-2.610325150476100475e-14
-4.658686630909514292e-14
5.453103246733093101e-14
-6.479712599816167540e-14
-1.472467980878633398e-13
-5.860763263587642768e-14
-5.095728526638421130e-14
3.508261389728595248e-14
2.173695251572738130e-14
1.387813475250965212e-13
5.877243136609422436e-15
1.972380592185629666e-14
1.481930897440086881e-13
5.933187968709674465e-14
5.108001695230957040e-14
-3.451546774085878511e-14
-2.184884217992788535e-14
-1.400789206851271729e-13
-5.483460907562687225e-15
-1.879572886220870487e-14
-1.523624976185189439e-13
2.641289964522286482e-14
-4.153405050444369806e-14
1.535477474334800974e-13
4.266552389164957049e-15
3.942766252373886005e-14
2.347601280039413041e-14
4.690345334346091022e-14
1.505544820756821167e-13
-2.939141985347504260e-14
4.536215153505551712e-14
-1.473847086042034960e-13
-2.786833264156740597e-15
-3.918046442841216503e-14
-2.267457055449284553e-14
-4.621823757045007142e-14
-1.376188659557575633e-13
1.430563566912068652e-13
-9.888704438631990001e-14
-1.551449940739857425e-14
-2.063540310848210879e-14
2.495573192540234686e-14
-4.243220358413068993e-14
-9.462222672063091977e-14
1.431868946327741199e-13
-1.431274803537219142e-13
9.739084538828990389e-14
1.615808181698596968e-14
2.294345269326925063e-14
-2.374142549221858189e-14
4.009856682807289019e-14
9.099491993236341614e-14
-1.971877522377596392e-13
-3.925028704832023152e-14
-2.189914916073121276e-14
4.702314926330330991e-14
-2.360958650804434455e-15
-1.932481952238163103e-14
-4.417429963488039846e-14
-1.945305895534321650e-13
1.941519861548002268e-13
3.575265083988199422e-14
1.558995987860356536e-14
-5.108760636751696893e-14
1.807581861967832992e-15
2.075770111353847369e-14
4.736163718155328439e-14
1.942352528816471136e-13
-2.736699755701010872e-14
5.534288305408807673e-14
8.738149093190372696e-14
2.381428387820960779e-14
1.011968286945830187e-13
2.373101715136272105e-15
-3.145938370918699434e-13
3.293840894480482007e-13
1.668803983889688425e-15
-6.970465871170006267e-14
-9.134359935103475436e-14
-1.963706974805745631e-14
-1.069751925930617631e-13
1.301042606982605321e-15
3.428542172390081078e-13
-3.529832676152366844e-13
-1.010057127214407206e-02
-1.716406695371428155e-03
2.800854864920284890e-03
-1.339629999267117483e-02
1.406227270890977182e-02
-1.722821291733477034e-02
1.708598506420563184e-02
-1.096893603182623814e-02
1.010073964353352081e-02
1.716321250874393994e-03
-2.800865667265051845e-03
1.339640687634364655e-02
-1.406226752270249222e-02
1.722820130494689961e-02
-1.708608105105964212e-02
1.096894743975719913e-02
