1.135614787096287520e-03
1.992167537464132644e-03
-1.642863269485206335e-03
3.563359936013942887e-03
-3.458970944709746642e-03
3.047209814392031618e-03
-3.248873645690136553e-03
7.460292762206249817e-04
-1.135618841194029061e-03
-1.992165152511071215e-03
1.642860995020459583e-03
-3.563364978037518015e-03
3.458968808030694203e-03
-3.047211415444782065e-03
3.248875180087145743e-03
-7.460308448044919438e-04
9.692247004977616598e-14
2.397040899104752043e-14
8.860750674855033537e-14
-5.235742395193199172e-14
2.824650235933034992e-14
-9.845824242710188301e-14
-4.895563121554147301e-14
-8.686801278301459206e-14
-9.753916424548592090e-14
-2.403459375965866229e-14
-8.897743652980238949e-14
5.247625251003640301e-14
-2.845640389992354358e-14
9.860330867778044350e-14
4.910308271099950161e-14
8.638575965669303969e-14
2.032098447846131251e-14
5.028963356856763767e-15
6.502177268830067192e-15
-1.201409848342049891e-14
-1.120284420785822022e-14
-2.236578977576897387e-14
-2.225129802635450460e-14
-1.934303411887938751e-14
-2.038516924707245437e-14
-5.620504062164854986e-15
-6.093216209368534919e-15
1.159730406326275887e-14
1.149948192225025423e-14
2.190869013984908520e-14
2.201711035709763564e-14
1.931180909631180498e-14
6.945399116942141404e-16
3.005408422129818291e-16
-9.389190813724468399e-16
-9.289444213855801991e-16
-2.236058560534104345e-15
-1.364360013855758780e-15
-1.600282406588604545e-15
-1.438953123322761485e-15
3.816391647148975608e-17
-6.247172917861476549e-16
1.174841474105292605e-15
4.627374872168132924e-16
2.071259830316307671e-15
1.270684946153011197e-15
1.510076785837810576e-15
1.590741427470732106e-15
-3.427596748095673718e-15
2.956402483933473491e-15
-4.131243958038766095e-15
1.110223024625156540e-16
-2.361826012542422859e-15
-3.058317488147110907e-15
7.684824998577255428e-16
-4.930951480464074166e-15
3.502840378866167725e-15
-3.104504500694993396e-15
4.518954654919582481e-15
-9.887923813067800438e-17
2.454633718507182039e-15
3.346281585159260885e-15
-1.047772979489991485e-15
4.291705879566620752e-15
-3.004974741260824089e-15
9.723125082850003764e-16
-2.667137344314340908e-15
-1.151856388048599911e-15
-5.256212132209725496e-16
-2.694892919929969821e-15
2.532696274926138358e-15
-2.689905589936536501e-15
3.361026734705063745e-15
-1.287164819174790864e-15
2.640249130436700398e-15
1.207367539279857738e-15
3.122502256758252770e-16
3.113828639378368734e-15
-1.619798045693343624e-15
2.108339544615311922e-15
-1.314920394790419778e-15
-6.097553018058476937e-16
-8.899131431761020394e-16
-1.089406342913434855e-15
-2.168404344971008868e-17
-1.677477601269572460e-15
8.512071256183695311e-16
-2.569559148790645509e-16
1.225582135777614212e-15
4.189357194483989133e-16
8.413408858487514408e-16
1.172673069760321596e-15
-1.734723475976807094e-18
1.347880140833979112e-15
-5.146707712788689548e-16
7.277164981722705761e-16
-1.353084311261909534e-16
-3.521488656232918402e-16
-1.214306433183764966e-16
-6.080205783298708866e-16
1.244664094013359090e-16
-3.996369207781569344e-16
-2.493664996716660198e-16
3.486794186713382260e-16
3.295974604355933479e-17
3.365363543395005763e-16
-6.418476861114186249e-17
4.857225732735059864e-16
1.049507702965968292e-16
-1.366094737331735587e-17
-3.135512682828078823e-16
4.458239333260394233e-16
1.717376241217039023e-16
-9.367506770274758310e-17
2.515349040166370287e-17
8.847089727481716182e-17
2.689905589936536501e-16
3.634245682171410863e-16
2.333203075188805542e-16
3.035766082959412415e-17
1.075528555105620399e-16
2.272487753529617294e-16
1.249000902703301108e-16
5.290906601729261638e-17
3.295974604355933479e-17
-1.320558246087344401e-16
-3.538835890992686473e-16
-1.916869440954371839e-16
2.020952849512980265e-16
-1.491862189340054101e-16
-9.207044848746903654e-16
6.522560269672794675e-16
-3.547509508372570508e-16
1.066854937725736363e-16
-6.765421556309547668e-17
-4.857225732735059864e-17
5.811323644522303766e-17
-1.431146867680865853e-16
-3.491130995403324278e-16
1.426810058990923835e-16
3.252606517456513302e-16
-1.214306433183764966e-16
4.258746133523061417e-16
-1.092875789865388469e-16
5.880712583561376050e-16
-5.030698080332740574e-17
-1.955900719163849999e-16
-1.732555071631836086e-16
3.200564813177209089e-16
-1.977584762613560088e-16
-4.544975507059234587e-16
3.504141421473150331e-16
-2.654126918244514854e-16
3.790370795009323501e-16
1.051676107310939301e-17
-6.722053469410127491e-17
2.957703526540456096e-16
-4.189357194483989133e-16
2.949029909160572061e-16
-8.500145032286354763e-17
6.904199434387692236e-16
-6.889020603972895174e-16
2.168404344971008868e-16
-3.321995456495585586e-16
7.806255641895631925e-17
1.873501354054951662e-16
-6.114900252818245008e-16
1.968911145233676052e-16
-2.931682674400803990e-16
6.281867387381012691e-16
1.201296007113938913e-16
-1.960237527853792017e-16
2.255140518769849223e-16
-3.694961003830599111e-16
1.700029006457270953e-16
-9.540979117872439019e-18
2.502338614096544234e-16
-2.896988204881267848e-16
7.936359902593892457e-16
-5.880712583561376050e-16
-4.076600168545496672e-16
4.336808689942017736e-16
-5.082739784612044787e-16
-1.249000902703301108e-16
1.923374653989284866e-16
-1.600282406588604545e-16
-5.152128723651117070e-16
3.313321839115701550e-16
3.660266534311062969e-16
-4.059252933785728601e-16
-2.688821387764050996e-16
2.411265631607761861e-16
9.194034422677077600e-17
-1.032160468206200221e-16
-2.029626466892864300e-16
3.573530360512222614e-16
-6.956241138666996449e-16
6.062858548538940795e-16
2.099015405931936584e-16
-2.339708288223718569e-16
-1.123233450694982594e-16
2.471980953266950110e-16
-9.194034422677077600e-17
-2.567390744445674500e-16
3.599551212651874721e-16
9.974659986866640793e-17
2.211772431870429045e-17
2.498001805406602216e-16
-3.035766082959412415e-17
1.665334536937734811e-16
-3.191891195797325054e-16
3.434752482434078047e-16
-5.082739784612044787e-16
3.868433351428279821e-16
1.629555865245713164e-16
-1.363926332986764578e-16
-3.122502256758252770e-17
7.892991815694472280e-17
3.400058012914541905e-16
-4.250072516143177381e-16
2.046973701652632371e-16
-1.838806884535415520e-16
5.877459977043919537e-16
-6.524728674017765684e-16
-2.645453300864630819e-16
5.273559366969493567e-16
-3.148523108897904876e-16
4.067926551165612636e-16
-8.790711214512469951e-16
-2.970713952610282149e-17
-2.415602440297703879e-16
2.463307335887066074e-16
-1.023486850826316186e-16
-1.856154119295183591e-16
5.568462357885550773e-16
-2.229119666630197116e-16
-2.957703526540456096e-16
3.629908873481468845e-16
1.231653667943533037e-16
-5.811323644522303766e-17
-5.048045315092508645e-16
5.984795992119984476e-16
-3.269953752216281373e-16
3.712308238590367182e-16
-1.778091562876227272e-17
4.690258598172292182e-16
-4.336808689942017736e-16
1.179611963664228824e-16
3.538835890992686473e-16
-6.418476861114186249e-16
3.625572064791526827e-16
1.509209424099822172e-16
-2.255140518769849223e-17
-4.083105381580409698e-16
4.926614671774132148e-16
-3.989863994746656317e-17
-8.734332701543223720e-16
-2.393918396847993790e-16
2.857956926671789688e-16
-4.122136659789887858e-16
1.769417945496343236e-16
3.616898447411642792e-16
-6.071532165918824830e-17
-2.185751579730776939e-16
4.432218481120742126e-16
-4.484260185400046339e-16
-2.615095640035036695e-16
2.025289658202922283e-16
-3.595214403961932703e-16
1.786765180256111307e-16
-2.029626466892864300e-16
5.100087019371812858e-16
-1.812786032395763414e-16
5.594483210025202879e-16
8.250778532614688743e-17
-2.450296909817240021e-17
-1.413799632921097782e-16
2.602085213965210642e-18
5.898059818321144121e-16
-7.372574772901430151e-16
3.122502256758252770e-16
4.180683577104105098e-16
-5.791808005417564686e-16
3.328500669530498612e-16
-3.174543961037556983e-16
2.298508605669269400e-16
-6.210310043996969398e-16
6.938893903907228378e-16
-6.938893903907228378e-18
-4.531965080989408534e-16
-8.543513119185774940e-17
2.550043509685906429e-16
-1.734723475976807094e-18
-3.521488656232918402e-16
5.377642775528101993e-16
1.821459649775647449e-17
-3.135512682828078823e-16
4.458239333260394233e-16
4.670742959067553102e-16
-3.963843142607004211e-16
-2.099015405931936584e-16
2.862293735361731706e-16
-8.370040771588094231e-16
5.004677228193088467e-16
-5.450284321084630790e-16
9.493274222283076824e-16
-6.947567521287112413e-16
5.811323644522303766e-17
4.475586568020162304e-16
-1.092875789865388469e-16
2.662800535624398890e-16
-6.496539417533142569e-16
8.543513119185774940e-17
-3.580035573547135641e-16
4.883246584874711971e-16
7.546047120499110861e-17
-2.498001805406602216e-16
4.024558464266192459e-16
-1.960237527853792017e-16
1.353084311261909534e-16
-2.818925648462311528e-16
5.846018114041839908e-16
4.570996359198886694e-16
-5.568462357885550773e-16
1.222980050563649002e-16
-6.166941957097549221e-16
7.723856276786733588e-16
-4.310787837802365630e-16
4.640385298237958978e-17
-3.035766082959412415e-17
1.309716224362489356e-16
1.526556658859590243e-16
-4.440892098500626162e-16
2.315855840429037471e-16
-4.102621020685148778e-16
8.216084063095152601e-16
8.673617379884035472e-19
-3.209238430557093125e-16
3.521488656232918402e-16
-1.387778780781445676e-16
7.285838599102589797e-17
-2.350550309948573613e-16
8.649764932089354375e-16
2.469812548921979101e-16
3.348016308635237692e-16
-4.128641872824800885e-16
8.326672684688674053e-17
1.040834085586084257e-16
-3.295974604355933479e-16
9.280770596475917955e-17
7.524363077049400772e-17
-2.970713952610282149e-16
2.636779683484746784e-16
-3.538835890992686473e-16
2.376571162088225719e-16
1.908195823574487804e-16
7.112366251504909087e-17
2.075162958137255487e-16
-5.859028540111665961e-16
-4.961309141293668290e-16
3.434752482434078047e-16
-6.938893903907228378e-17
-1.032160468206200221e-16
1.786765180256111307e-16
-3.495467804093266295e-16
5.421010862427522170e-18
-4.805184028455755652e-16
3.668940151690947005e-16
2.896988204881267848e-16
-2.376571162088225719e-16
5.030698080332740574e-17
3.720981855970251218e-16
-4.628459074340618429e-16
9.324138683375338132e-17
0.000000000000000000e+00
3.469446951953614189e-18
-2.480654570646834145e-16
2.862293735361731706e-16
1.908195823574487804e-17
3.191891195797325054e-16
-2.114194236346733646e-17
-2.992397996059992238e-17
3.903127820947815962e-17
-2.602085213965210642e-17
-1.647987302177966740e-16
-1.647987302177966740e-16
4.618701254788248889e-16
-2.604253618310181650e-16
-1.951563910473907981e-16
6.852157730108388023e-17
2.619432448724978713e-16
6.765421556309547668e-17
-2.506675422786486251e-16
-7.719519468096791570e-17
1.275021754842953214e-16
-9.159339953157541458e-16
3.907464629637757980e-16
-1.804112415015879378e-16
-4.215378046623641239e-16
-2.341876692568689577e-16
5.811323644522303766e-16
-1.431146867680865853e-15
2.932766876573289494e-16
8.456776945386934585e-17
3.642919299551294898e-17
-1.101549407245272505e-16
3.469446951953614189e-17
3.625572064791526827e-16
-6.496539417533142569e-16
5.299580219109145673e-16
6.015153652949578600e-16
-4.727121472036799332e-17
-2.463307335887066074e-16
5.230191280070073390e-16
3.469446951953614189e-17
7.979727989493312634e-17
6.565928356572214852e-16
-5.620504062164854986e-16
-7.632783294297951215e-17
-2.732189474663471174e-16
6.938893903907228378e-17
-2.411265631607761861e-16
-8.586881206085195117e-17
2.298508605669269400e-16
-6.748074321549779597e-16
2.033963275582806318e-16
-4.900593819634480042e-16
4.232725281383409310e-16
-1.483188571960170066e-16
2.359223927328457648e-16
-4.406197628981090020e-16
6.938893903907228378e-17
-1.359589524296822560e-16
6.392456008974534143e-16
1.040834085586084257e-16
-2.411265631607761861e-16
4.510281037539698445e-16
-5.984795992119984476e-16
-1.717376241217039023e-16
7.892991815694472280e-16
-8.353777739000811664e-16
9.768661574094394950e-16
-2.671474153004282925e-16
3.773023560249555430e-16
-3.001071613439876273e-16
2.550043509685906429e-16
-3.035766082959412415e-17
1.431146867680865853e-16
4.202367620553815186e-16
-7.251144129583053655e-16
2.168404344971008868e-16
-4.770489558936219510e-16
3.495467804093266295e-16
5.828670879282071837e-16
-2.094678597241994567e-16
-5.564125549195608755e-16
2.619432448724978713e-16
1.153591111524576718e-16
-1.630640067418198669e-16
1.856154119295183591e-16
-1.908195823574487804e-17
-1.986258379993444123e-16
-4.935288289154016184e-16
5.486062992776652436e-16
4.831204880595407758e-16
2.541369892306022393e-16
1.526556658859590243e-16
-2.237793284010081152e-16
-1.864827736675067626e-16
6.956241138666996449e-16
-1.468009741545373004e-16
-5.702903427273753323e-17
-4.224051664003525275e-16
3.686287386450715076e-16
-1.283695372222837250e-16
2.515349040166370287e-16
-1.431146867680865853e-16
-1.448494102440633924e-16
-2.182498973213320426e-16
-2.038300084272748336e-17
7.632783294297951215e-17
-2.393918396847993790e-16
-3.113828639378368734e-16
-4.215378046623641239e-16
-1.127570259384924611e-16
4.169841555379250053e-16
-5.902396627011086139e-16
4.085273785925380707e-16
-4.475586568020162304e-16
4.683753385137379155e-17
1.621966450038314633e-16
4.093947403305264743e-16
-2.784231178942775387e-16
-5.108760636751696893e-16
-1.947227101783965963e-16
7.589415207398531038e-16
6.071532165918824830e-17
-1.301042606982605321e-16
-3.885780586188047891e-16
2.923009057020919954e-16
5.312590645178971727e-18
-3.799044412389207537e-16
-1.006139616066548115e-16
-1.084202172485504434e-16
-9.714451465470119729e-17
-2.081668171172168513e-16
6.175615574477433256e-16
-1.439820485060749888e-16
-1.615461237003401607e-17
-3.441257695468991074e-16
7.979727989493312634e-17
-5.967448757360216405e-16
3.469446951953614189e-17
1.222980050563649002e-16
-4.952635523913784255e-16
2.235624879665110143e-16
-8.278967789099311858e-16
5.447031714567174276e-16
-4.050579316405844565e-16
2.879640970121499777e-16
-5.048045315092508645e-16
-1.457167719820517959e-16
6.318730261245519841e-16
5.568462357885550773e-16
-1.908195823574487804e-17
-5.698566618583811305e-16
-3.634245682171410863e-16
2.307182223049153436e-16
-8.673617379884035472e-18
1.604619215278546562e-16
9.096456227153382201e-17
1.053410830786916108e-15
-3.122502256758252770e-16
4.883246584874711971e-16
-2.584737979205442571e-16
-2.289834988289385365e-16
-1.275021754842953214e-16
2.168404344971008868e-16
-5.839512901006926882e-16
1.311884628707460365e-16
5.932754287840680263e-16
-2.602085213965210642e-17
3.018418848199644344e-16
1.214306433183764966e-16
6.158268339717665185e-17
-2.242130092700023170e-16
-2.784231178942775387e-16
1.752070710736575165e-16
-1.318389841742373392e-16
1.257674520083185143e-16
1.830133267155531485e-16
-1.110223024625156540e-16
-1.808449223705821396e-16
-3.586540786582048668e-16
6.114900252818245008e-17
-2.853620117981847670e-16
1.821459649775647449e-17
-1.153591111524576718e-16
6.791442408449199775e-16
-3.200564813177209089e-16
-9.909607856517510527e-17
-7.517857864014487745e-16
-2.714842239903703103e-16
-5.629177679544739021e-16
-9.558326352632207090e-16
-5.525094270986130596e-16
-6.262351748276273611e-16
-6.088879400678592901e-16
2.171656951488465381e-16
6.589780804366895950e-16
4.293440603042597559e-16
8.265957363029485805e-16
8.638922910364499330e-16
3.703634621210483147e-16
4.796510411075871616e-16
3.651592916931178934e-16
-7.329206686002009974e-16
2.251237390948901407e-15
8.465450562766818621e-16
2.291569711765362172e-15
2.016616040823038247e-15
8.977193988179976714e-16
1.887595982297263220e-15
-8.569533971325427046e-16
5.455705331947058312e-16
-2.220012368381318879e-15
-1.053844511655910310e-15
-1.956768080901838402e-15
-2.324529457808921507e-15
5.637851296924623057e-17
-3.426512545923188213e-15
2.357055522983486640e-15
-3.674144322118877426e-15
-3.467712228477637382e-15
-4.430483757644765319e-15
-4.015884846886308424e-15
-2.002738253015223790e-15
-2.841477053650010021e-15
5.958775139980332369e-16
1.734723475976807094e-16
3.714042962066343989e-15
3.631643596957445652e-15
4.059252933785728601e-15
4.213643323147664432e-15
2.530094189712173147e-15
2.317590563905014278e-15
-2.732189474663471174e-16
-2.645453300864630819e-16
-2.372861858862664129e-03
-6.744136736597239334e-04
2.745304891424004551e-04
-3.006628550433511175e-03
2.761109723272267905e-03
-3.577598877656874669e-03
3.630261850576262279e-03
-2.052877157194547136e-03
2.372871600593415200e-03
6.744121233525340181e-04
-2.745283542392035203e-04
3.006638579533050734e-03
-2.761108094595676743e-03
3.577595171034890498e-03
-3.630266296040490781e-03
2.052876082732048996e-03
