1.620992330018804738e-03
2.857769069134772147e-03
-2.383624418856450378e-03
5.133638035923658409e-03
-4.991941682511953811e-03
4.402329252592885808e-03
-4.676066616554992381e-03
1.092171907251493837e-03
-1.620998382807321662e-03
-2.857765394301818584e-03
2.383621257382428568e-03
-5.133645433416402643e-03
4.991938618939399316e-03
-4.402331703969664459e-03
4.676068858288104022e-03
-1.092174311351019195e-03
1.432812202217803588e-13
3.115736835201943222e-14
1.340060874766013654e-13
-8.223456637868054031e-14
4.658773367083313133e-14
-1.482685502152136792e-13
-6.916862915762322928e-14
-1.266729776627784076e-13
-1.439473540365554527e-13
-3.132737125266515932e-14
-1.352555220601736607e-13
8.269079865286244058e-14
-4.646803775099073164e-14
1.483015099612572385e-13
6.907495408992048169e-14
1.261803161956009944e-13
3.016770860897466378e-14
7.770693810638107379e-15
1.022858013566274593e-14
-1.819258719365501875e-14
-1.567149188197447529e-14
-3.270127224563879054e-14
-3.247142138507186360e-14
-2.850584351898888258e-14
-3.045957583380776157e-14
-7.127111401050711947e-15
-1.017914051659740693e-14
1.807034339870727813e-14
1.523781101298027352e-14
3.339602899776750178e-14
3.262841385964776464e-14
2.818838912288512688e-14
1.190237144954586768e-15
-6.114900252818245008e-16
-3.343679499945295674e-16
-2.022687572988957072e-15
-2.045238978176655564e-15
-2.654126918244514854e-15
-2.759945050279100087e-15
-1.356553758213863148e-15
-1.373900992973631219e-15
5.080571380267073778e-16
-6.114900252818245008e-17
2.228252304892208713e-15
1.718243602955027427e-15
2.574329638349581728e-15
2.392183673372016983e-15
1.804112415015879378e-15
-4.676380810364477725e-15
4.123004021527876262e-15
-5.782700707168686449e-15
-6.054184931159056759e-16
-3.153727279325835298e-15
-4.686355470351344366e-15
1.157060558476530332e-15
-6.243269790040528733e-15
4.549745996618170807e-15
-3.614513202632174682e-15
6.042041866827219110e-15
6.748074321549779597e-16
3.335873244303400043e-15
4.810388198883686073e-15
-9.055256544598933033e-16
5.728924279413405429e-15
-4.990799440385274011e-15
2.017483402561026651e-15
-3.688022109926691883e-15
-2.373101715136272105e-15
-7.155734338404329264e-16
-4.280430176972771505e-15
2.234757517927121739e-15
-3.894020522698937725e-15
4.518087293181594077e-15
-1.300175245244616917e-15
3.689756833402668690e-15
1.835337437583461906e-15
7.329206686002009974e-16
4.407064990719078423e-15
-2.503639656703526839e-15
3.861277617089875491e-15
-1.761611689854447604e-15
-7.060324547225604874e-16
-9.263423361716149884e-16
-1.911665270526441418e-15
-1.734723475976807094e-16
-1.788499903732088114e-15
9.017309468561940378e-16
-5.134781488891348999e-16
1.792836712422030132e-15
2.072994553792284478e-16
1.549108064047288735e-15
1.280225925270883636e-15
4.137315490204684920e-16
1.604619215278546562e-15
-1.014921653663680701e-15
7.788908407135863854e-16
-1.301042606982605321e-16
-5.846018114041839908e-16
7.285838599102589797e-17
-2.428612866367529932e-16
-4.150325916274510973e-16
1.569924745759010420e-16
-8.847089727481716182e-17
3.278627369596165408e-16
9.957312752106872722e-16
1.682681771697502882e-16
3.009745230819760309e-16
1.431146867680865853e-16
5.091413401991928822e-16
2.879640970121499777e-16
-3.534499082302744455e-16
-2.827599265842195564e-16
4.336808689942017736e-17
-1.665334536937734811e-16
6.158268339717665185e-17
1.500535806719938137e-16
2.687737185591565492e-16
3.274290560906223391e-17
-5.117434254131580929e-17
-1.396452398161329711e-16
-1.804112415015879378e-16
2.359223927328457648e-16
5.004677228193088467e-16
-4.527628272299466516e-16
4.156831129309424000e-16
-6.312225048210606815e-16
4.354155924701785807e-16
-6.800116025829083810e-16
3.564856743132338579e-16
-1.144917494144692682e-16
1.027823659516258203e-16
3.096481404618600664e-16
-4.280430176972771505e-16
4.198030811863873168e-16
-1.908195823574487804e-16
-3.989863994746656317e-17
-5.819997261902187802e-16
-3.642919299551294898e-17
4.280430176972771505e-16
-3.074797361168890575e-16
4.531965080989408534e-16
-4.432218481120742126e-16
6.453171330633722391e-16
-2.688821387764050996e-16
2.827599265842195564e-16
-1.049507702965968292e-16
9.172350379227367512e-17
-4.432218481120742126e-16
-5.585809592645318844e-16
2.203098814490545010e-16
-4.059252933785728601e-16
3.313321839115701550e-16
1.691355389077386917e-16
-4.536301889679350552e-16
1.911448430091944317e-16
3.968179951296946228e-17
-2.367897544708341684e-16
3.469446951953614189e-17
4.649058915617843013e-16
-3.677613769070831040e-16
-2.164067536281066850e-16
3.534499082302744455e-17
-3.213575239247035142e-16
2.454633718507182039e-16
-1.370431546021677605e-16
2.896988204881267848e-16
-3.729655473350135253e-16
-2.142383492831356762e-16
-1.981921571303502105e-16
1.127570259384924611e-16
1.157927920214518736e-16
1.752070710736575165e-16
3.816391647148975608e-16
-2.740863092043355209e-16
1.052109788179933503e-15
-4.328135072562133701e-16
-8.782037597132585915e-17
2.810252031082427493e-16
3.564856743132338579e-16
-1.188285581044112860e-16
-4.354155924701785807e-16
5.256212132209725496e-16
-2.723515857283587138e-16
4.969982758673552325e-16
-3.856507127530939272e-16
2.298508605669269400e-16
-4.276093368282829488e-16
-2.576064361825558535e-16
4.458239333260394233e-16
-5.342948306008565851e-16
2.923009057020919954e-16
1.726049858596923059e-16
6.375108774214766072e-17
-3.148523108897904876e-16
-2.827599265842195564e-16
2.879640970121499777e-16
-6.080205783298708866e-16
3.981190377366772282e-16
-5.286569793039319620e-16
3.246101304421600275e-16
-5.924080670460796227e-16
8.474124180146702656e-16
3.747002708109903324e-16
-5.828670879282071837e-16
6.262351748276273611e-16
-2.749536709423239245e-16
9.844555726168380261e-17
-1.706534219492183979e-16
6.331740687315345895e-17
1.509209424099822172e-16
-4.371503159461553878e-16
4.250072516143177381e-16
-7.806255641895631925e-17
-3.729655473350135253e-17
-4.209957035761213717e-16
1.966742740888705043e-16
-3.972516759986888246e-16
-1.856154119295183591e-16
7.806255641895631925e-16
-8.031769693772616847e-16
1.543903893619358314e-16
-2.081668171172168513e-16
4.869151956632400413e-16
-8.051285332877355927e-16
-3.261280134836397337e-16
5.811323644522303766e-16
-6.071532165918824830e-16
3.235259282696745231e-16
-1.591608789208720509e-16
3.014082039509702327e-16
-1.431146867680865853e-16
4.293440603042597559e-16
-3.295974604355933479e-17
-5.238864897449957425e-16
7.415942859800850329e-16
-4.718447854656915297e-16
1.157927920214518736e-16
3.122502256758252770e-16
2.532696274926138358e-16
-1.647987302177966740e-17
-6.678685382510707313e-16
5.915407053080912192e-16
-4.362829542081669842e-16
4.761815941556335474e-16
-2.553296116203362942e-16
3.996369207781569344e-16
-3.920475055707584033e-16
-3.989863994746656317e-17
7.702172233337023499e-16
-7.095019016745141016e-16
4.952635523913784255e-16
4.466912950640278268e-16
-8.921899677383215987e-16
5.342948306008565851e-16
6.678685382510707313e-16
-3.261280134836397337e-16
-9.809861256648844119e-16
3.157196726277788912e-16
-1.448494102440633924e-16
2.704000218178848058e-16
2.242130092700023170e-16
-2.376571162088225719e-16
3.712308238590367182e-16
-6.470518565393490462e-16
6.739400704169895562e-16
-4.969982758673552325e-16
-5.616167253474912968e-16
3.144186300207962859e-16
9.107298248878237246e-17
-7.520026268359458754e-16
1.439820485060749888e-16
6.123573870198129043e-16
-1.873501354054951662e-16
-1.856154119295183591e-16
-3.129007469793165797e-16
2.138046684141414744e-16
-3.348016308635237692e-16
-5.204170427930421283e-18
6.539907504432562746e-16
-6.158268339717665185e-16
9.280770596475917955e-17
1.084202172485504434e-16
4.354155924701785807e-16
-7.775897981066037801e-16
7.303185833862357867e-16
1.240327285323417073e-16
-1.075528555105620399e-15
1.013078509970455343e-15
-3.469446951953614189e-17
-3.016250443854673335e-16
-2.814588839772369511e-16
2.498001805406602216e-16
-1.387778780781445676e-16
-5.342948306008565851e-16
8.786374405822527933e-16
-7.771561172376095783e-16
4.566659550508944676e-16
-1.392115589471387693e-16
6.609296443471635030e-16
-4.397524011601205984e-16
-8.847089727481716182e-17
7.424616477180734364e-16
-6.609296443471635030e-16
2.688821387764050996e-16
1.273937552670467710e-16
6.960577947356938466e-17
-2.029626466892864300e-16
2.749536709423239245e-16
4.701100619897147226e-16
-5.030698080332740574e-16
3.269953752216281373e-16
-7.112366251504909087e-17
6.678685382510707313e-17
-2.855788522326818679e-16
4.943961906533900219e-17
2.116362640691704655e-16
-5.950101522600448334e-16
4.718447854656915297e-16
-6.288372600415925717e-16
-1.032160468206200221e-16
4.011548038196366406e-16
-6.071532165918824830e-18
1.769417945496343236e-16
-3.851086116668511750e-16
3.885780586188047891e-16
-2.714842239903703103e-16
-2.125036258071588691e-17
-1.630640067418198669e-16
3.395721204224599887e-16
-7.164407955784213300e-16
1.734723475976807094e-18
4.735795089416683368e-16
-8.205242041370297557e-16
7.251144129583053655e-16
-7.589415207398531038e-17
-3.328500669530498612e-16
-5.577135975265434809e-16
5.473052566706826383e-16
3.556183125752454544e-16
-4.631711680858074942e-16
3.573530360512222614e-16
4.961309141293668290e-16
8.901299836105991403e-17
-2.493664996716660198e-16
-7.112366251504909087e-17
-9.540979117872439019e-17
-8.222589276130065628e-16
5.065392549852276716e-16
-3.877106968808163856e-16
1.014813233446432150e-16
-3.894454203567931927e-16
3.881443777498105874e-17
-5.204170427930421283e-18
-3.035766082959412415e-16
6.539907504432562746e-16
-2.428612866367529932e-16
-7.849623728795052102e-17
-3.727487069005164244e-16
-8.326672684688674053e-17
1.301042606982605321e-16
-1.752070710736575165e-16
8.430756093247282479e-16
-5.334274688628681815e-16
1.856154119295183591e-16
5.221517662690189354e-16
4.375839968151495896e-16
-4.206704429243757204e-16
5.308253836489029709e-16
3.851086116668511750e-16
-5.394990010287870064e-16
7.624109676918067180e-16
-4.466912950640278268e-16
-2.558717127065790464e-17
5.338611497318623833e-16
3.105155021998484699e-16
1.543903893619358314e-16
-4.423544863740858091e-16
7.025630077706068732e-16
-3.313321839115701550e-16
4.163336342344337027e-17
4.564491146163973667e-17
-1.092875789865388469e-16
8.413408858487514408e-17
-1.023486850826316186e-16
3.703634621210483147e-16
-6.617970060851519065e-16
2.988061187370050220e-16
-3.480288973678469233e-16
3.898791012257873945e-16
-2.255140518769849223e-16
-1.474514954580286030e-16
1.196959198423996895e-16
-5.429684479807406206e-16
6.756747938929663633e-16
-4.735795089416683368e-16
-2.534864679271109367e-16
-7.068998164605488910e-17
-2.012279232133096230e-16
2.012279232133096230e-16
-2.983724378680108202e-16
1.613292832658430598e-16
8.673617379884035472e-17
-7.404016635903509780e-16
-3.402226417259512914e-16
4.900593819634480042e-16
-5.316927453868913744e-16
5.204170427930421283e-17
9.540979117872439019e-17
-7.650130529057719286e-16
-4.180683577104105098e-16
4.247904111798206372e-16
-2.142383492831356762e-16
-2.714842239903703103e-16
-2.177077962350892903e-16
-5.204170427930421283e-18
1.387778780781445676e-17
6.301383026485751770e-16
6.201636426617085363e-17
-9.540979117872439019e-17
-1.214306433183764966e-16
3.920475055707584033e-16
-9.887923813067800438e-17
-1.543903893619358314e-16
8.552186736565658975e-16
1.752070710736575165e-16
-2.966377143920340131e-16
5.438358097187290241e-16
7.806255641895631925e-18
-4.909267437014364077e-16
1.942890293094023946e-16
-6.765421556309547668e-17
-1.222980050563649002e-16
6.286204196070954708e-16
1.734723475976807094e-16
-1.006139616066548115e-16
-6.470518565393490462e-16
1.873501354054951662e-16
-1.144917494144692682e-16
-3.851086116668511750e-16
5.230191280070073390e-16
-2.860125331016760697e-16
1.246832498358330099e-16
-3.261280134836397337e-16
7.771561172376095783e-16
-1.075528555105620399e-16
2.428612866367529932e-17
-1.491862189340054101e-16
1.899522206194603768e-16
-2.870967352741615741e-16
-4.336808689942017736e-17
8.031769693772616847e-16
-5.846018114041839908e-16
4.050579316405844565e-16
-1.674008154317618846e-16
9.887923813067800438e-16
-6.800116025829083810e-16
5.468715758016884365e-16
-4.675079767757495119e-16
-1.786765180256111307e-16
2.324529457808921507e-16
3.018418848199644344e-16
1.275021754842953214e-16
-1.769417945496343236e-16
3.920475055707584033e-16
-3.712308238590367182e-16
-5.221517662690189354e-16
2.636779683484746784e-16
-1.977584762613560088e-16
-1.092875789865388469e-16
-1.387778780781445676e-17
-4.651227319962814022e-16
-3.113828639378368734e-16
1.578598363138894456e-16
1.942890293094023946e-16
-1.734723475976807094e-18
-1.717376241217039023e-16
-8.066464163292152989e-17
-8.248610128269717734e-16
7.621941272573096171e-17
5.702903427273753323e-16
5.325601071248797780e-16
-5.429684479807406206e-16
1.405126015541213746e-16
1.960237527853792017e-16
-5.902396627011086139e-16
1.293236351340709689e-15
-9.992007221626408864e-16
8.647596527744383366e-16
-3.677613769070831040e-16
5.898059818321144121e-17
2.003605614753212194e-16
5.195496810550537248e-16
-4.466912950640278268e-17
-1.292368989602721285e-16
5.377642775528101993e-17
-1.951563910473907981e-16
3.903127820947815962e-16
-2.341876692568689577e-16
1.370431546021677605e-16
-1.018282680398385764e-15
9.111635057568179263e-16
1.713039432527097006e-16
-4.588343593958654765e-16
5.507747036226362525e-16
-3.989863994746656317e-17
-3.903127820947815962e-16
2.099015405931936584e-16
3.929148673087468069e-16
-5.685556192513985252e-16
-5.891554605286231094e-16
1.072926469891655188e-15
-6.279698983036041682e-16
1.812786032395763414e-16
5.620504062164854986e-16
-1.817122841085705431e-16
1.103717811590243514e-16
-4.835541689285349776e-16
-1.856154119295183591e-16
-1.301042606982605321e-16
7.632783294297951215e-17
-1.830133267155531485e-16
1.700029006457270953e-16
6.158268339717665185e-16
-1.307764660452015448e-15
1.305379415672547339e-16
5.403663627667754099e-16
8.257283745649601769e-16
-4.562322741819002658e-16
-5.941427905220564298e-16
1.237725200109451862e-15
-1.352108529306672580e-15
8.138021506676196282e-16
-2.905661822261151883e-16
1.509209424099822172e-16
-6.418476861114186249e-17
1.387778780781445676e-17
-1.205632815803880931e-16
-1.752070710736575165e-16
1.255506115738214135e-16
-3.014082039509702327e-16
4.093947403305264743e-16
-4.891920202254596006e-16
7.875644580934704209e-16
3.642919299551294898e-16
-2.263814136149733258e-16
-3.519320251887947393e-16
1.344410693882025498e-17
7.051650929845720839e-16
-2.949029909160572061e-16
-2.177077962350892903e-16
-1.066854937725736363e-16
-7.077671781985372945e-16
6.431487287184012303e-16
-9.844555726168380261e-16
4.531965080989408534e-16
-5.273559366969493567e-16
1.387778780781445676e-16
-2.246466901389965187e-16
-2.957703526540456096e-16
6.808789643208967846e-16
-2.418855046815160392e-16
5.275727771314464576e-16
-1.168336261070379578e-15
-9.558326352632207090e-16
-9.280770596475917955e-16
-9.046582927219048997e-16
-9.055256544598933033e-16
-2.038300084272748336e-16
1.708702623837154988e-16
4.463660344122821755e-16
-7.632783294297951215e-17
1.304512053934558935e-15
1.052109788179933503e-15
4.570996359198886694e-16
1.139713323716762261e-15
3.668940151690947005e-16
-4.154662724964452991e-16
3.341511095600324666e-15
1.508342062361833769e-15
2.332335713450817138e-15
2.641983853912677205e-15
8.083811398051921060e-16
1.810834468485289506e-15
-1.566455298807056806e-15
8.370040771588094231e-16
-1.467576060676378802e-15
-1.556046957951195964e-15
-2.703566537309853857e-15
-3.219646771412953967e-15
-1.027823659516258203e-15
-2.544405658388981806e-15
8.313662258618848000e-16
-5.270089920017539953e-15
-4.629976957382098135e-15
-6.137451658005943500e-15
-6.035102972923311881e-15
-3.963409461738010009e-15
-3.103420298522507892e-15
7.173081573164097335e-16
1.555179596213207560e-15
5.009881398621018889e-15
3.824197902790871240e-15
6.316128176031554631e-15
6.404599073306371793e-15
3.787768709795358291e-15
3.616898447411642792e-15
-7.919012667834124386e-16
-9.120308674948063299e-16
-3.407934180172010608e-03
-9.555461950209905020e-04
4.127463842318792459e-04
-4.324917150123344482e-03
3.991652557607713522e-03
-5.160804592362845146e-03
5.232292451333181264e-03
-2.973589642566417182e-03
3.407948733779737546e-03
9.555435371950277146e-04
-4.127436587656931749e-04
4.324931973408896631e-03
-3.991650256664033142e-03
5.160799339312526629e-03
-5.232298848283587281e-03
2.973588161331341614e-03
