1.740073208023633876e-03
3.071657423448469204e-03
-2.569525487235962968e-03
5.523986012624038794e-03
-5.373926022534398182e-03
4.740479503544899054e-03
-5.030374554252845659e-03
1.180038641713846564e-03
-1.740079764451243904e-03
-3.071653410398515662e-03
2.569522108444459441e-03
-5.523994028913735074e-03
5.373922708677730808e-03
-4.740482173202350755e-03
5.030376988556132384e-03
-1.180041251813028491e-03
1.589509773802788573e-13
3.417058302979114615e-14
1.497595450428157449e-13
-9.230810560367785911e-14
5.321784679601648804e-14
-1.643009730004085789e-13
-7.559751435959327637e-14
-1.407207683712385915e-13
-1.597281334975164668e-13
-3.380282165288406304e-14
-1.501195001640809323e-13
9.223871666463878682e-14
-5.279977843830607753e-14
1.644743369277890110e-13
7.559057546568936914e-14
1.401535137945941756e-13
3.272642573604045424e-14
8.361367154208210195e-15
1.182040576530596354e-14
-2.036787622242131057e-14
-1.722753883992567125e-14
-3.676746407332842637e-14
-3.571795637036245807e-14
-3.154681377237622542e-14
-3.351659227934788987e-14
-8.124577399737376027e-15
-1.150598713528516726e-14
2.050291360300438015e-14
1.717809922086033225e-14
3.638495754687554040e-14
3.569453760343677118e-14
3.111139817990604683e-14
2.422107653332616906e-15
-1.396018717292335509e-15
2.914335439641035919e-16
-3.071761595085931162e-15
-2.099015405931936584e-15
-2.822395095414265143e-15
-3.061786935099064522e-15
-1.392115589471387693e-15
-2.489328188026718180e-15
1.072926469891655188e-15
-6.279698983036041682e-16
2.962474016099392315e-15
2.341876692568689577e-15
2.772955476348926140e-15
3.557917849228431351e-15
9.410874857174178487e-16
-5.457873736292029321e-15
3.987478749967188207e-15
-6.506080396651015008e-15
-7.658804146437603322e-16
-3.841545137550639311e-15
-4.929216756988097359e-15
1.013945871708443747e-15
-6.278831621298053278e-15
5.163296006027717766e-15
-4.094381084174258945e-15
6.513886652292910640e-15
7.016956460326184697e-16
3.891852118353966716e-15
4.876307690970804742e-15
-8.309325449928905982e-16
6.677818020772718910e-15
-4.888017074433648190e-15
1.629772705680210265e-15
-3.707104068162436761e-15
-2.340141969092712770e-15
-1.174407793236298403e-15
-4.496403249731883989e-15
2.508410146262463059e-15
-4.464744546295307259e-15
4.847684753617187425e-15
-1.286297457436802461e-15
4.038436252074006916e-15
2.404326737703854633e-15
1.273287031366976407e-15
4.459974056736371040e-15
-3.224417260971890187e-15
4.516569410140114371e-15
-1.589006703994755298e-15
-1.030425744730223414e-15
-1.510944147575798979e-15
-1.502270530195914944e-15
-3.799044412389207537e-16
-1.431146867680865853e-15
1.545855457529832222e-15
-6.093216209368534919e-16
1.568190022283033613e-15
8.682290997263919508e-16
1.623701173514291440e-15
1.582067810090848070e-15
1.422473250300981817e-16
1.957635442639826806e-15
-4.603522424373451827e-16
2.758210326803123280e-16
-3.955169525227120175e-16
-2.567390744445674500e-16
-4.961309141293668290e-16
-3.460773334573730153e-16
3.859759734048395785e-17
-3.747002708109903324e-16
-1.561251128379126385e-16
5.004677228193088467e-16
1.804112415015879378e-16
3.018418848199644344e-16
2.489328188026718180e-16
3.729655473350135253e-16
6.804452834519025828e-16
-2.155393918901182815e-16
4.232725281383409310e-16
-7.407269242420966293e-16
-2.359223927328457648e-16
4.163336342344337027e-17
-9.540979117872439019e-18
-3.998537612126540353e-16
4.098284211995206761e-17
2.146720301521298779e-17
-2.515349040166370287e-17
3.122502256758252770e-16
1.058181320345852328e-16
6.938893903907228378e-18
2.055647319032516407e-16
-7.589415207398531038e-16
7.821434472310428987e-16
-7.058156142880633865e-16
5.152128723651117070e-16
-3.677613769070831040e-16
5.672545766444159199e-16
3.183217578417441018e-16
-1.123233450694982594e-16
3.497636208438237304e-16
-4.770489558936219510e-16
-7.112366251504909087e-17
-6.123573870198129043e-16
-5.551115123125782702e-17
-3.044439700339296451e-16
-3.330669073875469621e-16
4.284766985662713523e-16
-2.383076375123138746e-16
3.387047586844715852e-16
-1.231653667943533037e-16
5.620504062164854986e-16
1.977584762613560088e-16
-5.898059818321144121e-17
5.030698080332740574e-17
4.577501572233799720e-16
1.756407519426517183e-16
4.163336342344337027e-17
2.923009057020919954e-16
-2.463307335887066074e-16
1.908195823574487804e-17
-1.734723475976807094e-18
-4.336808689942017736e-18
3.089976191583687637e-16
-4.243567303108264355e-16
-9.887923813067800438e-17
-7.719519468096791570e-17
-3.642919299551294898e-17
1.942890293094023946e-16
3.018418848199644344e-16
-2.211772431870429045e-17
-9.237402509576497778e-17
-4.570996359198886694e-16
-3.348016308635237692e-16
-1.040834085586084257e-17
-2.844946500601963635e-16
-7.806255641895631925e-17
-1.760744328116459201e-16
5.702903427273753323e-17
3.508478230163092348e-16
1.266348137463069179e-16
3.833738881908743679e-16
-3.469446951953614189e-18
-8.847089727481716182e-17
4.675079767757495119e-16
1.071191746415678381e-16
-7.372574772901430151e-17
-1.188285581044112860e-16
5.273559366969493567e-16
-2.116362640691704655e-16
8.673617379884035472e-18
4.943961906533900219e-16
-2.532696274926138358e-16
-3.100818213308542681e-17
1.413799632921097782e-16
9.540979117872439019e-17
-2.480654570646834145e-16
4.666406150377611084e-16
5.655198531684391128e-16
-7.615436059538183144e-16
2.584737979205442571e-16
-2.094678597241994567e-16
2.680147770384166961e-16
-4.701100619897147226e-16
2.064320936412400442e-16
-1.734723475976807094e-16
3.903127820947815962e-17
-2.315855840429037471e-16
2.667137344314340908e-17
-3.651592916931178934e-16
3.035766082959412415e-17
5.950101522600448334e-16
-1.595945597898662527e-16
-4.475586568020162304e-16
4.510281037539698445e-16
-4.961309141293668290e-16
5.095750210681870840e-17
-3.452099717193846118e-16
6.964914756046880484e-16
-1.856154119295183591e-16
-1.075528555105620399e-16
-1.656660919557850775e-16
1.023486850826316186e-16
-1.559082724034155376e-16
2.361392331673428657e-16
4.128641872824800885e-16
-7.363901155521546116e-16
8.500145032286354763e-17
5.238864897449957425e-16
-2.619432448724978713e-16
1.639313684798082704e-16
3.144186300207962859e-18
-3.317658647805643568e-17
-1.630640067418198669e-16
-8.326672684688674053e-17
2.844946500601963635e-16
-2.680147770384166961e-16
2.341876692568689577e-17
-5.186823193170653212e-16
-9.237402509576497778e-17
-6.314393452555577824e-16
2.602085213965210642e-16
2.602085213965210642e-17
-4.510281037539698445e-17
1.023486850826316186e-16
4.727121472036799332e-17
2.038300084272748336e-17
-5.889386200941260086e-16
-4.857225732735059864e-17
1.873501354054951662e-16
-2.706168622523819067e-16
-2.680147770384166961e-16
5.507747036226362525e-16
2.430781270712500941e-16
2.287666583944414356e-16
1.092875789865388469e-16
-4.779163176316103545e-16
7.285838599102589797e-17
2.775557561562891351e-16
-3.521488656232918402e-16
-1.743397093356691130e-16
-2.468728346749493596e-16
4.469081354985249277e-16
-9.887923813067800438e-17
-5.030698080332740574e-17
2.116362640691704655e-16
-8.673617379884035472e-19
-9.996344030316350882e-16
1.840975288880386529e-16
6.444497713253838356e-16
9.801187639268960083e-17
2.324529457808921507e-16
1.231653667943533037e-16
6.331740687315345895e-17
-3.408731630294425941e-16
1.569924745759010420e-16
-3.703634621210483147e-16
-7.459310946700270506e-17
1.214306433183764966e-16
-3.139849491518020841e-16
-5.898059818321144121e-17
-6.687358999890591349e-16
7.719519468096791570e-16
-4.138399692377170425e-16
6.552917930502388799e-16
-5.811323644522303766e-17
-1.743397093356691130e-16
1.561251128379126385e-17
-2.602085213965210642e-17
5.004677228193088467e-16
2.862293735361731706e-17
-1.138412281109779656e-16
2.211772431870429045e-17
-3.200564813177209089e-16
4.874572967494827935e-16
1.266348137463069179e-16
-1.838806884535415520e-16
-1.179611963664228824e-16
-1.608956023968488580e-16
-1.873501354054951662e-16
1.023486850826316186e-16
-3.469446951953614189e-18
6.418476861114186249e-17
4.250072516143177381e-17
1.613292832658430598e-16
-1.214306433183764966e-16
3.326332265185527604e-16
-2.181414771040834921e-16
2.498001805406602216e-16
1.040834085586084257e-16
-3.174543961037556983e-16
-7.025630077706068732e-17
-1.960237527853792017e-16
4.698932215552176217e-16
-1.149254302834634700e-16
9.454242944073598665e-17
-1.856154119295183591e-16
6.938893903907228378e-18
-1.890848588814719733e-16
-1.075528555105620399e-16
-1.075528555105620399e-16
7.009367045118786166e-16
-6.440160904563896338e-17
-1.587271980518778491e-16
-7.632783294297951215e-17
-5.551115123125782702e-17
-3.105155021998484699e-16
2.576064361825558535e-16
-9.454242944073598665e-17
-8.686627805953861525e-16
-1.569924745759010420e-16
-3.348016308635237692e-16
2.099015405931936584e-16
5.013350845572972503e-16
1.500535806719938137e-16
1.405126015541213746e-16
-4.718447854656915297e-16
2.471980953266950110e-17
1.569924745759010420e-16
-6.938893903907228378e-18
2.220446049250313081e-16
-9.280770596475917955e-17
2.341876692568689577e-16
3.456436525883788136e-16
4.557985933129060641e-16
-2.949029909160572061e-16
6.982261990806648555e-16
6.765421556309547668e-17
-3.018418848199644344e-16
4.631711680858074942e-16
-3.703634621210483147e-16
-4.878909776184769953e-17
2.901325013571209865e-16
-1.908195823574487804e-17
-3.148523108897904876e-16
-3.868433351428279821e-16
9.194034422677077600e-17
7.173081573164097335e-16
-9.844555726168380261e-16
-7.394258816351140240e-17
7.090682208055198998e-16
-4.232725281383409310e-16
1.231653667943533037e-16
2.480654570646834145e-16
-3.998537612126540353e-16
3.981190377366772282e-16
2.177077962350892903e-16
-5.377642775528101993e-17
-4.449565715880510197e-16
-5.204170427930421283e-17
5.082739784612044787e-16
-3.963843142607004211e-16
2.246466901389965187e-16
-1.504872615409880154e-16
-7.762887554996211747e-17
-5.204170427930421283e-17
3.651592916931178934e-16
1.856154119295183591e-16
-3.747002708109903324e-16
4.865899350114943900e-16
-3.313321839115701550e-16
7.330290888174495478e-16
-6.273193770001128655e-16
6.166941957097549221e-16
-4.631711680858074942e-16
-3.885780586188047891e-16
8.777700788442643898e-16
-6.036837696399288689e-16
6.349087922075113966e-16
-2.911082833123579405e-16
6.704706234650359420e-16
1.058181320345852328e-16
-1.569924745759010420e-16
2.836272883222079599e-16
-3.469446951953614189e-17
-2.059984127722458425e-16
-7.459310946700270506e-17
-7.849623728795052102e-17
9.020562075079396891e-17
2.255140518769849223e-16
2.879640970121499777e-16
-4.770489558936219510e-16
2.333203075188805542e-16
-3.027092465579528380e-16
-1.825796458465589467e-16
-5.048045315092508645e-16
3.209238430557093125e-16
5.238864897449957425e-16
-4.597017211338538800e-16
-1.222980050563649002e-16
-1.422473250300981817e-16
-1.946142899611480459e-16
-3.469446951953614189e-16
-4.406197628981090020e-16
5.785302792382651660e-16
-4.943961906533900219e-16
2.931682674400803990e-16
-3.304648221735817515e-16
2.931682674400803990e-16
-4.825783869732980236e-16
1.465841337200401995e-16
-4.119968255444916849e-16
-3.382710778154773834e-16
3.122502256758252770e-16
7.979727989493312634e-17
5.455705331947058312e-16
3.274290560906223391e-17
3.478120569333498224e-16
5.204170427930421283e-17
-2.428612866367529932e-16
6.730727086790011526e-16
-3.851086116668511750e-16
2.029626466892864300e-16
1.348747502571967516e-16
-8.066464163292152989e-17
-3.846749307978569732e-16
6.600622826091750994e-16
2.810252031082427493e-16
-3.122502256758252770e-16
4.623038063478190907e-16
-4.024558464266192459e-16
-3.693876801658113607e-16
2.985892783025079211e-16
6.938893903907228378e-17
7.632783294297951215e-17
-4.909267437014364077e-16
2.185751579730776939e-16
-3.642919299551294898e-16
-2.177077962350892903e-16
-2.842778096256992626e-16
5.466547353671913356e-16
-7.762887554996211747e-16
1.240327285323417073e-16
4.180683577104105098e-16
-2.827599265842195564e-16
3.339342691255353657e-16
-3.530162273612802437e-16
5.637851296924623057e-18
-1.908195823574487804e-16
-1.613292832658430598e-16
2.099015405931936584e-16
-3.807718029769091572e-16
1.916869440954371839e-16
5.403663627667754099e-16
-3.651592916931178934e-16
-7.919012667834124386e-16
5.160802341031001106e-16
2.203098814490545010e-16
-3.295974604355933479e-16
3.642919299551294898e-17
6.036837696399288689e-16
-5.724587470723463412e-17
-4.618701254788248889e-17
4.172009959724221062e-16
-2.099015405931936584e-16
-4.371503159461553878e-16
3.105155021998484699e-16
-7.606762442158299109e-16
-4.943961906533900219e-17
1.207801220148851939e-16
-1.450662506785604933e-16
4.891920202254596006e-16
1.335737076502141463e-16
4.805184028455755652e-16
-3.955169525227120175e-16
-1.743397093356691130e-16
9.480263796213250771e-16
-2.038300084272748336e-16
-3.066123743789006539e-16
-2.688821387764050996e-16
5.412337245047638135e-16
-3.391384395534657870e-16
4.371503159461553878e-16
3.864096542738337803e-16
-2.020952849512980265e-16
1.864827736675067626e-16
-5.629177679544739021e-16
-7.806255641895631925e-17
-2.671474153004282925e-16
4.388850394221321949e-16
-3.590877595271990685e-16
4.865899350114943900e-16
-4.466912950640278268e-17
9.410874857174178487e-16
-6.297046217795809753e-16
-1.769417945496343236e-16
8.673617379884035472e-17
9.107298248878237246e-17
-6.349087922075113966e-16
6.602791230436722003e-17
1.609172864402985681e-15
-9.558326352632207090e-16
-2.714842239903703103e-16
2.723515857283587138e-16
-9.020562075079396891e-17
-4.206704429243757204e-16
-2.723515857283587138e-16
7.936359902593892457e-17
9.887923813067800438e-17
-8.586881206085195117e-17
-5.074066167232160751e-16
-2.853620117981847670e-16
9.775166787129307977e-16
-3.356689926015121728e-16
-4.007211229506424388e-16
-7.311859451242241903e-16
9.462916561453482700e-16
-4.232725281383409310e-16
-4.857225732735059864e-17
3.018418848199644344e-16
1.647987302177966740e-16
2.033963275582806318e-16
1.092875789865388469e-16
5.542441505745898667e-16
-6.088879400678592901e-16
1.353084311261909534e-16
5.325601071248797780e-16
-2.255140518769849223e-16
4.067926551165612636e-16
-7.562310153086393427e-16
-4.759647537211364465e-16
-2.610758831345094677e-16
5.811323644522303766e-16
9.887923813067800438e-17
-1.157060558476530332e-15
1.399921845113283325e-15
-1.488392742388100487e-15
8.632417697329586304e-16
-5.160802341031001106e-16
9.211381657436845671e-16
-1.196959198423996895e-16
-1.405126015541213746e-16
6.175615574477433256e-16
-5.737597896793289465e-16
9.623378482981337356e-16
-5.299580219109145673e-16
6.626643678231403101e-16
-5.108760636751696893e-16
-1.344410693882025498e-16
2.905661822261151883e-16
-8.699638232023687578e-16
4.839878497975291793e-16
-2.233456475320139134e-16
1.040834085586084257e-16
-6.591949208711866959e-17
6.097553018058476937e-16
4.015884846886308424e-16
-2.064320936412400442e-16
2.046973701652632371e-16
3.675445364725860031e-16
1.520051445824677216e-16
-6.687358999890591349e-16
-8.855763344861600217e-16
-8.899131431761020394e-16
-6.236330896136621504e-16
-1.049507702965968292e-15
-9.194034422677077600e-17
-1.169420463242865083e-15
-6.700369425960417402e-17
4.544975507059234587e-16
1.292368989602721285e-15
5.421010862427522170e-16
1.098947322031307294e-15
7.884318198314588244e-16
3.122502256758252770e-16
-9.844555726168380261e-16
3.178013407989510597e-15
1.250735626179277915e-15
2.346213501258631595e-15
3.489396271927347470e-15
3.807718029769091572e-16
1.260710286166144556e-15
-2.022687572988957072e-15
1.207367539279857738e-15
-3.705803025555454155e-15
-1.379972525139550044e-15
-2.288100264813408558e-15
-2.842344415387998424e-15
-8.951173136040324607e-16
-3.116213884157836844e-15
1.579032044007888658e-15
-5.304784389537076095e-15
-5.341213582532589044e-15
-6.310924005603624209e-15
-7.150530167976398843e-15
-4.544108145321246184e-15
-3.282096816548119023e-15
9.454242944073598665e-17
1.689186984732415908e-15
5.162537064506977913e-15
4.880644499660746760e-15
6.831341048396666338e-15
6.916342498719529885e-15
4.414003884622985652e-15
4.963043864769645097e-15
-9.575673587391975161e-16
-1.830566948024525686e-15
-3.664129387840968453e-03
-1.023749427260458797e-03
4.489098615798013669e-04
-4.651927563717187658e-03
4.298992034530548303e-03
-5.555062769672254250e-03
5.630771477429805452e-03
-3.204147410901766677e-03
3.664145215080567234e-03
1.023746445896329266e-03
-4.489070146076069162e-04
4.651943640710526698e-03
-4.298989566294104947e-03
5.555057098120564155e-03
-5.630778411666120808e-03
3.204145876384151270e-03
