2.971203657978279886e-03
5.329685432172097392e-03
-4.619119475122612783e-03
9.715959592710597323e-03
-9.503617107629851873e-03
8.410837182248019628e-03
-8.821063058778545046e-03
2.178711552757646788e-03
-2.971216125237058185e-03
-5.329677089997948009e-03
4.619114170110686507e-03
-9.715975225091228601e-03
9.503610996788942195e-03
-8.410842949157159090e-03
8.821067861858834444e-03
-2.178716395919775076e-03
5.540446573748525338e-13
6.100502047967637509e-14
5.684220455437483110e-13
-3.842585971636225395e-13
2.509277508000451462e-13
-6.080242646172573373e-13
-2.167346163650663016e-13
-4.729237834677491037e-13
-5.565582716915429273e-13
-6.049674650121517061e-14
-5.702409031083099933e-13
3.858077052276698282e-13
-2.513250024760438350e-13
6.081907980709511108e-13
2.173088098356146247e-13
4.715221268991598436e-13
1.167082923358986335e-13
1.979492958437134575e-14
4.567006495204140037e-14
-7.484637909449531890e-14
-5.159674770771616181e-14
-1.274770219938936577e-13
-1.199682714281280482e-13
-1.031483926050569266e-13
-1.174338404297259331e-13
-2.011845551264102028e-14
-4.610157741669063114e-14
7.583056361656903555e-14
5.228976973636889625e-14
1.262661850076618464e-13
1.200159763237174104e-13
1.030087473652407937e-13
3.099582222831909206e-14
-2.845271761253709286e-14
2.367724072360744003e-14
-2.951631994374537271e-14
2.704433899047842260e-15
-1.301042606982605321e-14
-2.073861915530272881e-14
1.094870721862761798e-14
-3.134515216829392159e-14
2.849933830595396955e-14
-2.403025695096872028e-14
2.919843186677262281e-14
-2.669739429528306118e-15
1.271205363195804239e-14
2.030407092457053864e-14
-1.085069534223492838e-14
-1.195636471773564580e-14
8.043262236800963194e-15
-1.752244183084172846e-14
-5.961377225194297580e-15
-1.398360593984904199e-14
-1.562985851855103192e-14
-1.752070710736575165e-15
-1.625349160816469407e-14
1.189337257151423799e-14
-8.105495441501631149e-15
1.768290375236958312e-14
5.933621649578668666e-15
1.382661346527314095e-14
1.530806731375733420e-14
6.513886652292910640e-16
1.665334536937734811e-14
-1.715034364524470334e-14
4.675079767757495119e-15
-1.561424600726724066e-14
-8.030034970296640040e-15
-4.325532987348168490e-15
-1.743570565704288811e-14
8.608998930403899408e-15
-1.545074831965642659e-14
1.693523793422357926e-14
-4.521556740133547692e-15
1.517189152089315485e-14
8.167078124898807800e-15
4.827735433643454144e-15
1.667849885977901181e-14
-9.266892808668103498e-15
1.568580335065128395e-14
-5.613565168260947758e-15
-2.772088114610937737e-15
-5.603156827405086915e-15
-5.368969158148217957e-15
-1.977584762613560088e-15
-4.277828091758806295e-15
2.029843307327361401e-15
-5.555451931815724720e-16
4.877175052708793146e-15
3.713175600328355586e-15
5.601422103929110108e-15
5.264885749589609532e-15
2.556982403589813657e-15
4.125172425872847271e-15
-1.716725719913547721e-15
8.096821824121747113e-16
3.816391647148975608e-17
-7.285838599102589797e-16
-1.413799632921097782e-15
6.739400704169895562e-16
-2.669305748659311917e-15
2.523588976677260121e-15
-2.188353664944742150e-15
2.709638069475772681e-15
-1.405126015541213746e-16
1.172673069760321596e-15
1.812786032395763414e-15
-3.894454203567931927e-16
3.050944913374209477e-15
-2.543538296650993402e-15
2.014013955609073037e-15
-2.010544508657119422e-15
7.216449660063517513e-16
1.092875789865388469e-15
-8.474124180146702656e-16
2.281161370909501329e-15
-1.952214431777399284e-15
1.656227238688856573e-15
-2.233456475320139134e-15
4.328135072562133701e-16
-8.725659084163339685e-16
-1.183081410616182438e-15
3.200564813177209089e-16
-1.813653394133751817e-15
2.428287605715784281e-15
-1.897353801849632760e-15
1.745999178570656341e-15
3.720981855970251218e-16
9.107298248878237246e-16
1.196091836686008492e-15
-9.397864431104352434e-16
1.495765317161001917e-15
-1.425942697252935432e-15
-1.040834085586084257e-17
-1.141448047192739068e-15
-9.645062526431047445e-16
-1.020884765612350975e-15
-1.134509153288831840e-15
2.818925648462311528e-16
-1.052977149917921906e-15
1.568190022283033613e-15
-1.647987302177966740e-17
7.667477763817487357e-16
7.997075224253080705e-16
7.962380754733544563e-16
9.393527622414410416e-16
-2.717010644248674112e-16
6.041174505089230706e-16
-4.224051664003525275e-16
-4.102621020685148778e-16
-8.309325449928905982e-16
-8.690964614643803543e-16
-6.201636426617085363e-16
-6.782768791069315739e-16
2.554380318375848447e-16
-3.150691513242875885e-16
5.793976409762535695e-16
1.118896642005040576e-15
1.151856388048599911e-15
4.024558464266192459e-16
5.217180854000247336e-16
-4.427881672430800108e-16
-2.315855840429037471e-16
-5.698566618583811305e-16
-4.145989107584568956e-16
-2.064320936412400442e-16
-5.993469609499868511e-16
1.708702623837154988e-16
-1.209969624493822948e-16
3.348016308635237692e-16
-9.367506770274758310e-17
4.822531263215523722e-16
1.092875789865388469e-16
3.295974604355933479e-17
8.439429710627166514e-16
3.920475055707584033e-16
-3.211406834902064134e-16
-2.016616040823038247e-16
1.535230276239474279e-16
2.324529457808921507e-16
-4.961309141293668290e-16
1.040834085586084257e-17
-3.512815038853034366e-16
-4.458239333260394233e-16
2.276824562219559311e-17
2.849283309291905653e-16
-4.518954654919582481e-16
2.697495005143935032e-16
9.436895709313830594e-16
-4.059252933785728601e-16
3.131175874138136805e-16
7.025630077706068732e-17
3.469446951953614189e-16
-1.795438797635995343e-16
1.960237527853792017e-16
5.082739784612044787e-16
-4.206704429243757204e-16
2.775557561562891351e-16
-4.375839968151495896e-16
3.890117394877989909e-16
1.474514954580286030e-17
3.660266534311062969e-16
-5.377642775528101993e-17
-5.828670879282071837e-16
5.724587470723463412e-16
-2.237793284010081152e-16
-2.151057110211240797e-16
2.320192649118979489e-16
3.825065264528859643e-16
-3.408731630294425941e-16
-6.227657278756737469e-16
2.289834988289385365e-16
1.214306433183764966e-17
-4.553649124439118623e-16
-7.480994990149980595e-18
1.233822072288504046e-16
-5.108760636751696893e-16
5.117434254131580929e-17
8.604228440844963188e-16
-7.060324547225604874e-16
4.440892098500626162e-16
2.081668171172168513e-16
-4.447397311535539188e-16
3.692792599485628102e-16
-9.714451465470119729e-17
5.568462357885550773e-16
-7.268491364342821726e-16
3.668940151690947005e-16
-6.071532165918824830e-18
-9.931291899967220616e-17
-1.535230276239474279e-16
3.651592916931178934e-16
4.336808689942017736e-17
-1.009609063018501729e-15
8.586881206085195117e-16
-2.610758831345094677e-16
-1.335737076502141463e-16
-8.890457814381136359e-17
2.046973701652632371e-16
-1.405126015541213746e-16
-7.702172233337023499e-16
1.021752127350339379e-15
-2.471980953266950110e-16
-4.172009959724221062e-16
6.925883477837402324e-16
-5.414505649392609143e-16
-4.961309141293668290e-16
-6.418476861114186249e-17
1.243796732275370687e-15
-1.049507702965968292e-15
5.108760636751696893e-16
-5.724587470723463412e-17
-5.130444680201406982e-16
-2.376571162088225719e-16
-3.816391647148975608e-16
1.795438797635995343e-16
-1.163999452380437560e-15
-3.556183125752454544e-17
-1.118896642005040576e-16
-4.705437428587089244e-16
3.573530360512222614e-16
2.836272883222079599e-16
4.510281037539698445e-16
-8.777700788442643898e-16
1.043436170800049467e-15
1.977584762613560088e-16
1.604619215278546562e-17
3.083470978548774610e-16
1.335737076502141463e-16
-1.275021754842953214e-16
-2.688821387764050996e-16
6.383782391594650107e-16
-2.853620117981847670e-16
2.879640970121499777e-16
-2.385244779468109755e-18
1.311884628707460365e-16
-2.385244779468109755e-16
4.076600168545496672e-17
8.378714388967978266e-16
-9.488937413593134806e-16
-3.374037160774889799e-16
1.032160468206200221e-15
-1.821459649775647449e-16
-4.369334755116582869e-16
2.732189474663471174e-16
-4.250072516143177381e-17
-7.823602876655399996e-16
9.506284648352902877e-16
-2.216109240560371063e-16
-7.775897981066037801e-16
1.942890293094023946e-16
5.143455106271233035e-16
5.412337245047638135e-16
-9.003214840319628820e-16
1.391248227733399290e-15
-4.978656376053436361e-16
-6.474855374083432480e-16
5.082739784612044787e-16
-3.816391647148975608e-16
-1.587271980518778491e-16
9.887923813067800438e-17
2.584737979205442571e-16
-1.324461373908292217e-15
9.072603779358701104e-16
1.118896642005040576e-16
-3.790370795009323501e-16
-1.275021754842953214e-16
-6.357761539454998001e-16
1.039099362110107450e-15
-1.018282680398385764e-15
2.593411596585326606e-16
2.957703526540456096e-16
-2.788567987632717404e-16
5.880712583561376050e-16
8.500145032286354763e-17
-9.194034422677077600e-17
-5.863365348801607979e-16
8.534839501805890905e-16
-1.085936895961481241e-15
2.801578413702543457e-16
1.040834085586084257e-16
4.510281037539698445e-16
6.279698983036041682e-16
-1.210836986231811352e-15
8.604228440844963188e-16
-4.172009959724221062e-16
-8.270294171719427823e-16
6.912873051767576271e-16
3.321995456495585586e-16
-1.968911145233676052e-16
-1.942890293094023946e-16
4.128641872824800885e-16
-9.905271047827568509e-16
7.389922007661198222e-16
1.387778780781445676e-16
-4.111294638065032814e-16
-7.979727989493312634e-17
-5.785302792382651660e-16
8.326672684688674053e-16
-9.593020822151743232e-16
5.846018114041839908e-16
7.971054372113428599e-16
-4.284766985662713523e-16
-2.912167035296064910e-16
6.071532165918824830e-16
-5.290906601729261638e-17
-1.169203622808367982e-15
1.158795281952507139e-15
-1.124100812432970997e-15
2.367897544708341684e-16
2.415602440297703879e-16
4.954803928258755263e-16
9.107298248878237246e-16
-8.985867605559860749e-16
8.847089727481716182e-16
3.469446951953614189e-18
-6.791442408449199775e-16
6.557254739192330817e-16
1.179611963664228824e-16
6.765421556309547668e-17
-3.469446951953614189e-16
8.170547571850761415e-16
-1.332267629550187849e-15
7.580741590018647003e-16
-9.801187639268960083e-17
1.318389841742373392e-16
-4.076600168545496672e-16
4.770489558936219510e-16
8.864436962241484252e-16
-1.134509153288831840e-15
4.050579316405844565e-16
1.240327285323417073e-16
-1.017198478225900260e-15
1.179611963664228824e-16
-2.792904796322659422e-16
5.316927453868913744e-16
-8.864436962241484252e-16
1.030425744730223414e-15
-4.510281037539698445e-16
-2.975050761300224167e-16
3.619066851756613801e-16
-2.710505431213761085e-17
8.673617379884035472e-19
-4.692427002517263190e-16
9.766493169749423942e-16
-7.667477763817487357e-16
-1.021752127350339379e-15
1.102850449852255110e-15
1.292368989602721285e-16
-5.663872149064275163e-16
-5.412337245047638135e-16
7.598088824778415074e-16
-1.562118490117114789e-15
1.726049858596923059e-16
-2.953366717850514078e-16
-1.769417945496343236e-16
-1.084202172485504434e-16
9.974659986866640793e-17
8.326672684688674053e-16
-9.558326352632207090e-16
-8.326672684688674053e-17
9.645062526431047445e-16
-5.299580219109145673e-16
-1.374768354711619622e-16
2.628106066104862748e-16
4.883246584874711971e-16
-9.419548474554062523e-16
1.257674520083185143e-15
2.931682674400803990e-16
-6.288372600415925717e-16
7.155734338404329264e-16
-1.025655255171287195e-16
8.847089727481716182e-17
-4.796510411075871616e-16
8.725659084163339685e-16
-7.632783294297951215e-16
2.532696274926138358e-16
-3.985527186056714299e-16
-8.673617379884035472e-18
-3.521488656232918402e-16
-3.417405247674309976e-16
7.979727989493312634e-16
-1.107620939411191330e-15
1.344410693882025498e-16
-5.464378949326942347e-17
-1.799775606325937360e-16
-3.200564813177209089e-16
-1.491862189340054101e-16
6.886852199627924165e-16
-9.020562075079396891e-16
6.505213034913026604e-16
8.760353553682875827e-17
1.734723475976807094e-16
-3.770855155904584421e-16
7.459310946700270506e-17
7.459310946700270506e-17
-1.035629915158153835e-15
8.500145032286354763e-16
2.766883944183007316e-16
-7.745540320236443677e-16
-1.582935171828836474e-17
5.592314805680231871e-16
5.082739784612044787e-16
-1.170938346284344789e-16
1.247266179227324301e-15
-7.650130529057719286e-16
4.458239333260394233e-16
-1.405126015541213746e-16
-1.734723475976807094e-17
-2.324529457808921507e-16
-4.423544863740858091e-16
7.632783294297951215e-16
-4.414871246360974055e-16
-8.135853102331225273e-16
5.507747036226362525e-16
-3.981190377366772282e-16
8.534839501805890905e-16
-1.795438797635995343e-16
6.626643678231403101e-16
-4.857225732735059864e-16
1.143182770668715875e-15
-1.101549407245272505e-16
-5.078402975922102769e-16
5.455705331947058312e-16
-7.546047120499110861e-17
3.044439700339296451e-16
-1.271552307890999600e-15
1.162264728904460753e-16
-4.683753385137379155e-17
-7.858297346174936138e-16
-1.069023342070707372e-16
3.057450126409122504e-17
7.650130529057719286e-16
-3.191891195797325054e-16
1.316655118266396585e-15
-1.249000902703301108e-16
-3.504141421473150331e-16
8.673617379884035472e-17
2.099015405931936584e-16
-3.820728455838917625e-16
-1.261143967035138758e-15
6.158268339717665185e-16
-5.507747036226362525e-16
6.071532165918824830e-18
8.265957363029485805e-16
-3.148523108897904876e-16
1.942890293094023946e-16
-1.838806884535415520e-16
8.274630980409369840e-16
-1.543903893619358314e-16
2.957703526540456096e-16
1.102416768983260908e-15
-4.002874420816482370e-16
1.873501354054951662e-16
-1.379105163401561640e-16
-6.071532165918824830e-17
-8.239936510889833698e-16
3.903127820947815962e-16
7.008282842946300661e-16
-1.167468899332391175e-15
7.693498615957139464e-16
-2.745199900733297227e-16
2.211772431870429045e-16
-3.998537612126540353e-16
8.656270145124267401e-16
-3.261280134836397337e-16
2.125036258071588691e-16
2.714842239903703103e-16
-1.227316859253591019e-16
1.674008154317618846e-16
-2.645453300864630819e-16
3.165870343657672947e-16
-2.680147770384166961e-16
9.410874857174178487e-16
-8.977193988179976714e-17
1.658395643033827582e-15
-1.324461373908292217e-15
7.936359902593892457e-16
-7.840950111415168067e-16
-1.191755027996066474e-15
8.847089727481716182e-16
-7.216449660063517513e-16
6.171278765787491238e-16
-5.637851296924623057e-16
1.625435896990268247e-15
-4.015884846886308424e-16
3.001071613439876273e-16
1.070324384677689977e-15
-8.699638232023687578e-16
1.778958924614215675e-15
-2.233781735971884785e-15
2.117880523733184361e-15
-2.685351940812097382e-15
3.330669073875469621e-16
-4.354155924701785807e-16
-2.248201624865941994e-15
1.235123114895486651e-15
-2.100750129407913391e-15
1.584019374001321978e-15
-2.439888568961379178e-15
2.445092739389309600e-15
-7.285838599102589797e-17
1.231653667943533037e-16
1.856154119295183591e-15
-9.410874857174178487e-17
8.103327037156660140e-16
-2.314121116953060664e-15
5.334274688628681815e-16
-1.567322660545045210e-15
-1.622833811776303037e-15
-3.903127820947815962e-16
-1.654058834343885565e-15
8.569533971325427046e-16
-1.544554414922849617e-15
1.886945460993771917e-15
6.938893903907228378e-18
1.098079960293318891e-15
1.738192922928760709e-15
-6.331740687315345895e-17
1.253337711393243126e-15
6.518223460982852657e-16
-2.341768272351441027e-15
-1.188285581044112860e-16
-2.256007880507837626e-15
-1.057313958607863924e-15
-1.601149768326592948e-15
-1.932048271369168901e-15
9.540979117872439019e-18
-1.020234244308859672e-15
2.062694633153672186e-15
-7.719519468096791570e-16
1.626303258728256651e-15
7.251144129583053655e-16
1.603751853540558159e-15
1.186117176699141851e-15
-1.717376241217039023e-16
-6.127910678888071061e-15
1.034242136377372390e-14
1.423340612038970221e-15
5.146924553223186649e-15
7.717784744620814763e-15
-1.682681771697502882e-15
9.631293158840481539e-15
-7.260685108700926094e-15
4.934420927416027780e-15
-8.832344577935913321e-15
-1.198693921899973702e-15
-5.414939330261603345e-15
-7.498342224909748666e-15
1.632374790894175476e-15
-9.544340144607144083e-15
8.040876992021495084e-15
-2.254273157031860819e-14
-2.504246809920118721e-14
-2.955621858369283927e-14
-3.002806336915853080e-14
-2.080106920043789387e-14
-1.562118490117114789e-14
2.042636892962690354e-15
6.467049118441536848e-15
2.275610255786375546e-14
2.518818487118323901e-14
2.988755076760440943e-14
2.988408132065245582e-14
2.080930913694878370e-14
1.641395352969254873e-14
-1.886511780124777715e-15
-5.778363898478744431e-15
-6.381904680781227274e-03
-1.705313696253650188e-03
8.918618418020368005e-04
-8.142647355102597753e-03
7.643222216556236348e-03
-9.810095272030840141e-03
9.917259192796769318e-03
-5.730998879059323765e-03
6.381935787219787659e-03
1.705306561309469573e-03
-8.918580315496887900e-04
8.142678377640107101e-03
-7.643218030760797789e-03
9.810084902492358788e-03
-9.917272443617123484e-03
5.730996489652379761e-03
