2.091168523472885718e-03
3.706216114804037828e-03
-3.128382356287120331e-03
6.688045412404659135e-03
-6.515363516674401757e-03
5.752159578335080958e-03
-6.085758619201138420e-03
1.446704749096408213e-03
-2.091176628671940173e-03
-3.706211025134763248e-03
3.128378473895023285e-03
-6.688055471495779961e-03
6.515359409677421408e-03
-5.752162897153673300e-03
6.085761676190046959e-03
-1.446708021131701966e-03
2.181813757440309587e-13
4.111815055107825856e-14
2.097792425881372935e-13
-1.323923609630739406e-13
7.936359902593892457e-14
-2.293570064773597927e-13
-9.920363142068566731e-14
-1.911994867986877011e-13
-2.191111875271545273e-13
-4.089957539310518086e-14
-2.099631232765908351e-13
1.323628706639823349e-13
-7.871828189287555233e-14
2.289338423694387004e-13
9.920189669720969050e-14
1.904656987683495117e-13
4.587562968394465202e-14
9.679756995950583587e-15
1.660086998422904969e-14
-2.882172582194253430e-14
-2.270926502401238167e-14
-5.038591072148435046e-14
-4.863991154291369412e-14
-4.277914827932605135e-14
-4.645676204839688239e-14
-9.938230793871127844e-15
-1.627560933248339836e-14
2.846654119023628304e-14
2.322014108768755136e-14
4.949339549309428321e-14
4.853062396392715527e-14
4.227434374781680049e-14
5.023108665125342043e-15
-3.583721860933586356e-15
2.240395369224046362e-15
-5.567161315278568168e-15
-1.927277781810232682e-15
-4.389717755959310352e-15
-4.776561091102138334e-15
-5.308253836489029709e-16
-5.003593026020602963e-15
3.584589222671574760e-15
-2.563487616624726684e-15
5.692928767286886682e-15
2.327131543022886717e-15
4.198898173601861572e-15
5.499940780584466893e-15
5.230191280070073390e-16
-6.860722927271023508e-15
5.250357440478303772e-15
-8.445501242793085339e-15
-9.072603779358701104e-16
-5.146057191485198246e-15
-6.980527267330671748e-15
1.371298907759666008e-15
-8.699638232023687578e-15
6.697550500311955091e-15
-5.403663627667754099e-15
8.938162709970498554e-15
9.020562075079396891e-16
5.493869248418548068e-15
6.846953559680457602e-15
-1.464973975462413591e-15
8.875712664835333499e-15
-7.063793994177558488e-15
2.457235803721147249e-15
-5.740199982007254675e-15
-3.153727279325835298e-15
-1.230786306205544633e-15
-6.638786742563240750e-15
3.791671837616306107e-15
-5.843849709696868899e-15
6.248907641337453356e-15
-2.098148044193948181e-15
5.823466708854141416e-15
3.034031359483435608e-15
1.433748952894831064e-15
6.557254739192330817e-15
-3.789503433271335098e-15
6.243486630475025834e-15
-2.649790109554572837e-15
-8.083811398051921060e-16
-1.986258379993444123e-15
-2.376571162088225719e-15
-2.515349040166370287e-16
-2.312386393477083857e-15
5.982627587775013467e-16
-6.873841773558098112e-17
2.853620117981847670e-15
6.453171330633722391e-16
1.857888842771160398e-15
2.541369892306022393e-15
9.714451465470119729e-17
2.138046684141414744e-15
-1.887595982297263220e-15
1.353084311261909534e-15
-3.053113317719180486e-16
-6.834810495348619952e-16
-8.127179484951341237e-16
-2.992397996059992238e-16
-7.129713486264677158e-16
5.505578631881391516e-16
-1.101549407245272505e-16
6.323067069935461859e-16
3.885780586188047891e-16
6.800116025829083810e-16
4.787836793695987581e-16
2.879640970121499777e-16
7.147060721024445229e-16
-2.853620117981847670e-16
-2.784231178942775387e-16
-7.199102425303749442e-16
1.318389841742373392e-16
7.112366251504909087e-17
1.925543058334255875e-16
3.738329090730019288e-16
-4.581838380923741738e-16
1.973247953923618070e-16
-2.246466901389965187e-16
1.934216675714139910e-16
1.040834085586084257e-17
-3.434752482434078047e-16
3.556183125752454544e-17
2.064320936412400442e-16
3.848917712323540741e-16
-4.597017211338538800e-16
6.305719835175693788e-16
2.428612866367529932e-17
5.082739784612044787e-16
-1.275021754842953214e-16
-1.027823659516258203e-16
6.379445582904708090e-16
-1.760744328116459201e-16
-3.269953752216281373e-16
-5.134781488891348999e-16
-2.393918396847993790e-16
-2.524022657546254322e-16
1.361757928641793569e-16
-5.893723009631202103e-16
1.782428371566169290e-16
4.770489558936219510e-16
-1.621966450038314633e-16
-7.285838599102589797e-17
3.452099717193846118e-16
5.134781488891348999e-16
-3.408731630294425941e-16
2.855788522326818679e-16
-9.562663161322149108e-17
-1.257674520083185143e-16
3.209238430557093125e-17
-9.194034422677077600e-17
-3.122502256758252770e-17
-5.759281940242999553e-16
-2.636779683484746784e-16
2.856872724499304184e-16
-4.792173602385929598e-17
1.032160468206200221e-16
-1.717376241217039023e-16
4.111294638065032814e-16
-2.168404344971008868e-16
6.878178582248040129e-16
9.215718466126787689e-17
-7.199102425303749442e-17
-3.278627369596165408e-16
-2.602085213965210642e-17
-1.196959198423996895e-16
-6.036837696399288689e-16
5.117434254131580929e-16
-2.415602440297703879e-16
1.604619215278546562e-16
-2.029626466892864300e-16
3.191891195797325054e-16
7.632783294297951215e-17
2.376571162088225719e-16
3.608224830031758756e-16
-9.454242944073598665e-17
3.944327503502265131e-16
6.071532165918824830e-17
3.573530360512222614e-16
-2.576064361825558535e-16
-1.006139616066548115e-16
4.683753385137379155e-16
-1.960237527853792017e-16
-2.125036258071588691e-16
8.510987054011209807e-17
-1.647987302177966740e-17
-1.196959198423996895e-16
2.220446049250313081e-16
1.457167719820517959e-16
-1.647987302177966740e-16
1.717376241217039023e-16
-5.308253836489029709e-16
-1.595945597898662527e-16
-2.983724378680108202e-16
1.873501354054951662e-16
-8.673617379884035472e-17
-1.301042606982605321e-16
2.602085213965210642e-17
-1.990595188683386141e-16
2.818925648462311528e-16
-4.137315490204684920e-16
3.686287386450715076e-16
-4.874572967494827935e-16
-8.673617379884035472e-18
5.455705331947058312e-16
-3.252606517456513302e-16
7.988401606873196670e-16
-6.151763126682752159e-16
6.045511313779172724e-16
-5.273559366969493567e-16
1.387778780781445676e-17
2.428612866367529932e-17
-8.430756093247282479e-16
6.331740687315345895e-16
-5.366800753803246948e-17
3.673276960380889022e-16
-4.258746133523061417e-16
4.978656376053436361e-16
1.647987302177966740e-16
-4.735795089416683368e-16
1.015680595184420554e-15
-5.412337245047638135e-16
-1.907111621402002299e-16
-4.835541689285349776e-17
6.054184931159056759e-16
-1.856154119295183591e-16
-1.778091562876227272e-16
3.764349942869671395e-16
3.773023560249555430e-17
-1.656660919557850775e-16
-1.899522206194603768e-16
3.408731630294425941e-16
-1.491862189340054101e-16
7.459310946700270506e-17
3.799044412389207537e-16
-5.316927453868913744e-16
2.042636892962690354e-16
1.767249541151372227e-16
3.582203977892106650e-16
-7.806255641895631925e-16
1.734723475976807094e-17
2.584737979205442571e-16
-3.660266534311062969e-16
2.428612866367529932e-16
-6.093216209368534919e-17
4.312956242147336638e-16
-8.673617379884035472e-17
4.562322741819002658e-16
2.133709875451472726e-16
-3.139849491518020841e-16
2.151057110211240797e-16
2.706168622523819067e-16
-7.285838599102589797e-17
-3.068292148133977548e-16
7.520026268359458754e-16
-1.231653667943533037e-16
-5.568462357885550773e-16
3.903127820947815962e-16
-2.086004979862110531e-16
4.792173602385929598e-17
-3.521488656232918402e-16
2.602085213965210642e-18
-1.162264728904460753e-16
-9.714451465470119729e-17
2.758210326803123280e-16
-6.123573870198129043e-16
1.257674520083185143e-16
-3.050944913374209477e-16
-3.018418848199644344e-16
-3.070460552478948557e-16
-2.255140518769849223e-16
1.249000902703301108e-16
-4.154662724964452991e-16
3.504141421473150331e-16
2.303929616531696922e-16
-1.860490927985125609e-16
-2.090341788552052549e-16
2.671474153004282925e-16
3.642919299551294898e-17
-5.204170427930421283e-16
6.071532165918824830e-16
7.285838599102589797e-17
6.945399116942141404e-16
9.757819552369539906e-18
8.066464163292152989e-17
-3.825065264528859643e-16
-2.393918396847993790e-16
4.041905699025960530e-16
-6.197299617927143345e-16
1.220811646218677993e-16
9.627715291671279374e-17
-3.981190377366772282e-16
1.457167719820517959e-16
-3.382710778154773834e-16
2.853620117981847670e-16
-3.278627369596165408e-16
-6.917209860457518289e-16
3.009745230819760309e-16
2.593411596585326606e-16
-7.398595625041082258e-16
2.081668171172168513e-16
9.194034422677077600e-17
-8.569533971325427046e-16
3.963843142607004211e-16
-1.254421913565728630e-16
1.275021754842953214e-16
-1.908195823574487804e-16
5.134781488891348999e-16
4.007211229506424388e-16
-2.862293735361731706e-16
4.527628272299466516e-16
1.387778780781445676e-17
-8.901299836105991403e-17
1.097212598555330487e-16
6.418476861114186249e-16
-1.431146867680865853e-16
-3.694961003830599111e-16
3.729655473350135253e-16
-1.431146867680865853e-16
9.801187639268960083e-17
-4.432218481120742126e-16
6.765421556309547668e-16
-3.278627369596165408e-16
-1.786765180256111307e-16
2.602085213965210642e-16
-2.255140518769849223e-16
-3.079134169858832593e-16
1.893016993159690742e-16
-3.833738881908743679e-16
3.382710778154773834e-17
4.354155924701785807e-16
1.838806884535415520e-16
-8.092485015431805095e-16
5.273559366969493567e-16
-3.118165448068310752e-16
1.027823659516258203e-16
-6.487865800153258533e-16
-5.204170427930421283e-18
5.655198531684391128e-16
-5.672545766444159199e-16
1.396452398161329711e-16
5.022024462952856538e-16
4.770489558936219510e-18
-4.900593819634480042e-17
-1.812786032395763414e-16
-8.673617379884035472e-17
-7.563394355258878932e-16
7.441963711940502435e-16
-5.707240235963695341e-16
2.870967352741615741e-16
2.481738772819319649e-16
4.406197628981090020e-16
4.111294638065032814e-16
-7.251144129583053655e-16
6.184289191857317292e-16
-5.759281940242999553e-16
1.383441972091503658e-16
-8.398230028072717346e-16
4.796510411075871616e-16
-6.834810495348619952e-16
-1.960237527853792017e-16
7.355227538141662080e-16
-8.881784197001252323e-16
6.331740687315345895e-17
3.525825464922860419e-16
-3.035766082959412415e-18
3.642919299551294898e-17
3.963843142607004211e-16
9.141992718397773388e-16
-9.089951014118469175e-16
3.243932900076629267e-16
2.411265631607761861e-16
2.809167828909941989e-16
-1.990595188683386141e-16
-4.683753385137379155e-17
4.215378046623641239e-16
-4.701100619897147226e-16
9.627715291671279374e-16
-8.404735241107630372e-16
4.362829542081669842e-16
-8.673617379884035472e-18
2.027458062547893292e-16
-2.740863092043355209e-16
-2.029626466892864300e-16
1.065987575987747960e-15
-1.682681771697502882e-16
-5.607493636095028933e-16
7.543878716154139852e-16
4.510281037539698445e-16
1.040834085586084257e-16
-4.787836793695987581e-16
4.961309141293668290e-16
-5.689893001203927270e-16
9.610368056911511303e-16
-2.046973701652632371e-16
-7.027798482051039741e-16
-1.118896642005040576e-16
2.020952849512980265e-16
3.816391647148975608e-16
-9.003214840319628820e-16
-3.295974604355933479e-17
1.457167719820517959e-16
-3.021671454717100858e-16
-3.456436525883788136e-16
7.511352650979574719e-16
-3.070460552478948557e-16
-7.858297346174936138e-16
4.597017211338538800e-16
-1.014813233446432150e-16
-2.558717127065790464e-16
-1.604619215278546562e-16
4.321629859527220674e-16
3.382710778154773834e-17
-3.573530360512222614e-16
1.099814683769295698e-15
-7.355227538141662080e-16
-5.334274688628681815e-17
1.782428371566169290e-16
1.856154119295183591e-16
-4.597017211338538800e-16
-2.046973701652632371e-16
7.788908407135863854e-16
-8.664943762504151437e-16
2.203098814490545010e-16
3.790370795009323501e-16
1.873501354054951662e-16
-4.224051664003525275e-16
-1.040834085586084257e-17
4.718447854656915297e-16
-8.101158632811689131e-16
4.518954654919582481e-16
-1.500535806719938137e-16
-3.198396408832238080e-16
-4.479923376710104321e-16
2.029626466892864300e-16
2.706168622523819067e-16
-1.007874339542524922e-15
7.771561172376095783e-16
-4.198030811863873168e-16
-1.396452398161329711e-16
-1.572093150103981429e-17
2.914335439641035919e-16
-1.344410693882025498e-16
-1.301042606982605321e-17
9.801187639268960083e-16
-4.440892098500626162e-16
4.241398898763293346e-16
6.245004513516505540e-17
2.862293735361731706e-16
-3.148523108897904876e-16
-3.365363543395005763e-16
7.303185833862357867e-16
-2.654126918244514854e-16
-2.454633718507182039e-16
-7.459310946700270506e-17
-1.632808471763169678e-16
-4.952635523913784255e-16
3.469446951953614189e-16
2.064320936412400442e-16
-8.031769693772616847e-16
2.445960101127298003e-16
2.046973701652632371e-16
-3.378373969464831816e-16
-1.973247953923618070e-16
-3.096481404618600664e-16
1.786765180256111307e-16
-6.800116025829083810e-16
4.024558464266192459e-16
-1.726049858596923059e-16
-8.448103328007050550e-16
-3.939990694812323113e-16
-8.066464163292152989e-17
1.101549407245272505e-16
-2.029626466892864300e-16
9.384854005034526381e-16
-2.827599265842195564e-16
6.114900252818245008e-16
-1.734723475976807094e-17
1.846396299742814051e-16
2.292003392634356373e-16
-1.009609063018501729e-15
5.880712583561376050e-16
-3.868433351428279821e-16
-4.709774237277031261e-16
3.304648221735817515e-16
-8.530502693115948887e-16
2.333203075188805542e-16
-1.318389841742373392e-16
1.647987302177966740e-16
-2.914335439641035919e-16
3.426078865054194011e-16
8.847089727481716182e-17
-4.761815941556335474e-16
9.651567739465960472e-16
-3.087807787238716628e-16
1.257674520083185143e-16
-7.233796894823285584e-16
9.194034422677077600e-17
3.599551212651874721e-16
1.760744328116459201e-16
4.949382917396327741e-16
1.650155706522937749e-16
5.039371697712624609e-16
-3.747002708109903324e-16
3.816391647148975608e-16
-2.237793284010081152e-16
-2.116362640691704655e-16
8.326672684688674053e-17
8.388472208520347806e-16
1.294537393947692294e-16
-5.204170427930421283e-17
3.209238430557093125e-16
-3.295974604355933479e-16
2.732189474663471174e-16
5.165139149720943124e-16
5.967448757360216405e-16
-9.957312752106872722e-16
-8.239936510889833698e-17
1.110223024625156540e-16
-3.937822290467352104e-16
1.647987302177966740e-16
2.211772431870429045e-16
-5.017687654262914521e-16
-1.194790794079025886e-16
1.257240839214190942e-15
-7.476658181460038577e-16
2.099015405931936584e-16
5.759281940242999553e-16
-6.114900252818245008e-16
1.085069534223492838e-15
-4.560154337474031649e-16
1.584236214435819079e-15
-1.420738526825005010e-15
6.279698983036041682e-16
-1.231653667943533037e-16
-8.795048023202411969e-16
3.903127820947815962e-17
-5.152128723651117070e-16
5.530515281848558118e-16
-1.663599813461758004e-15
6.748074321549779597e-16
5.681219383824043234e-16
1.543903893619358314e-16
1.228184220991579423e-15
-7.016956460326184697e-16
1.264179733118098170e-16
-1.647987302177966740e-17
1.413799632921097782e-16
-8.387388006347862301e-16
-1.899522206194603768e-16
2.732189474663471174e-16
-1.270684946153011197e-15
2.541369892306022393e-16
-1.212354869273291058e-15
1.031293106468211818e-15
-3.382710778154773834e-16
-1.084202172485504434e-16
3.183217578417441018e-16
6.331740687315345895e-17
8.005748841632964741e-16
1.463672932855430986e-16
-8.510987054011209807e-16
-4.883246584874711971e-16
-1.709569985575143392e-15
-9.861902960928148332e-16
-1.047772979489991485e-15
-1.438085761584773081e-15
-7.546047120499110861e-17
-3.221164654454433673e-16
2.790736391977688413e-16
8.161873954470877379e-16
1.574261554448952438e-15
1.132774429812855033e-15
1.213439071445776563e-15
7.086345399365256981e-16
4.683753385137379155e-16
-1.427677420728912239e-15
4.238796813549328135e-15
1.451963549392587538e-15
3.337607967779376850e-15
3.812922200197021994e-15
7.320533068622125938e-16
4.252783021574391142e-15
-1.951997591342902183e-15
1.442422570274715099e-15
-4.654263086045773434e-15
-8.985867605559860749e-16
-3.635980405647387670e-15
-3.325464903447539200e-15
-6.539907504432562746e-16
-4.214402264668404285e-15
2.798542647619584045e-15
-7.098488463697094630e-15
-7.667477763817487357e-15
-9.671083378570699551e-15
-9.664144484666792323e-15
-6.462278628882600628e-15
-5.025493909904810153e-15
7.762887554996211747e-16
1.743830774225685332e-15
7.091549569793187402e-15
8.034371778986582058e-15
1.003537530852582904e-14
9.381384558082572767e-15
6.844785155335486593e-15
4.725386748560822525e-15
-6.964914756046880484e-16
-1.556046957951195964e-15
-4.425307501622665132e-03
-1.222853590485713585e-03
5.613513709723134959e-04
-5.625333219578488794e-03
5.219191199634131903e-03
-6.732557423995653816e-03
6.819684532265691060e-03
-3.895980524198962291e-03
4.425327186291876623e-03
1.222849713244279421e-03
-5.613481121711904470e-04
5.625353105765287624e-03
-5.219188264385886053e-03
6.732550484947383805e-03
-6.819693078150659490e-03
3.895978719344319816e-03
