4.366386515604030703e-03
8.505159834729917115e-03
-8.626279579795009464e-03
1.652946022815722504e-02
-1.656547032649317852e-02
1.487122811211194842e-02
-1.480124526889378504e-02
4.501304609104521404e-03
-4.366486061063482547e-03
-8.505056752825515889e-03
8.626263997877844925e-03
-1.652949724122743796e-02
1.656545311856483238e-02
-1.487124304381427092e-02
1.480125551021997318e-02
-4.501311851132853460e-03
4.777428452840126738e-14
-3.176278684513533790e-14
1.666201898675723214e-15
5.028963356856763767e-15
-5.539665948184335775e-14
6.084412487727952623e-14
1.058875209736243050e-14
-3.455395691798202051e-14
-4.808306530712513904e-14
3.286260152890463360e-14
-9.519295074422728931e-16
-6.000408503403775740e-15
5.550074289040196618e-14
-6.032023838753453049e-14
-1.093569679255779192e-14
3.457130415274178858e-14
-2.465909421101031285e-14
-1.604879423799943083e-14
-7.818398706227469575e-15
-3.202055591164376658e-14
2.066749549278767972e-14
-1.043783115495244829e-14
1.353084311261909534e-15
-1.074140776324838953e-14
2.588467634678792706e-14
1.669497873280079148e-14
7.395993539827117047e-15
3.191712302438864945e-14
-2.114627917215727848e-14
1.043956587842842509e-14
-1.042568809062061064e-15
1.068936605896908532e-14
1.248502169703957776e-14
-3.576132445726187825e-15
1.559169460207954216e-14
-9.103395121057289430e-15
7.547781843975087668e-15
-1.272766614324183365e-14
8.594687461727090749e-15
-1.896052759242650154e-15
-1.314074717095881084e-14
3.939557013943328911e-15
-1.558605675078261754e-14
9.112068738437173465e-15
-7.349156005975743255e-15
1.216908518397730177e-14
-8.252946936959659752e-15
8.057790545912268954e-16
2.198458429192307051e-14
8.350633552700603701e-15
2.658463726934456872e-15
-1.259235771211564270e-14
1.025308310476091833e-14
-8.833211939673901725e-15
-2.136138488317840256e-14
-7.689161807267197446e-15
-2.220250892859265690e-14
-8.131841554293028906e-15
-2.136311960665437937e-15
1.303557956022771691e-14
-9.751748020203621081e-15
8.225191361344030838e-15
2.176644281481898702e-14
6.824402154492759109e-15
4.179816215366116694e-15
-2.102051172014895997e-14
1.058701737388645370e-14
-7.162673232308236493e-15
-4.740999259844613789e-15
-8.663209039028174629e-15
2.253405795293872416e-15
1.956768080901838402e-15
-4.093080041567276339e-15
2.159123574374532950e-14
-1.044130060190440190e-14
7.173081573164097335e-15
4.942227183057923412e-15
8.451572774959004164e-15
-2.580401170515500553e-15
-1.392982951209376097e-15
2.594105485975717329e-14
-1.357421119951851551e-14
-6.850423006632411216e-15
3.504141421473150331e-16
1.093222734560583831e-14
-1.350915906916938525e-14
1.659740053727709608e-14
2.737296066895877900e-14
-2.575890889477960854e-14
1.300695662287409959e-14
6.914607775243553078e-15
-7.233796894823285584e-16
-1.062431392861995505e-14
1.342762706579847531e-14
-1.683137136609946793e-14
-2.759630631649079291e-14
1.130866233989280545e-14
1.118549697309845214e-14
-1.437738816889577720e-14
-5.540706782269921860e-15
1.826446979769080770e-14
-6.804452834519025828e-15
-1.756754464121712545e-14
1.587098508171180811e-14
-1.113172054534317112e-14
-1.087151202394665006e-14
1.448494102440633924e-14
5.264885749589609532e-15
-1.792576503900633611e-14
6.818330622326840285e-15
1.807148181098838791e-14
-1.646946468092380655e-14
-1.583282116524031835e-14
1.866562460151044434e-14
-9.055256544598933033e-15
-9.717053550684084939e-15
-7.251360970017550756e-15
-5.800698463231945823e-15
-2.165455315061848296e-14
-4.679416576447437137e-15
1.572526830972975631e-14
-1.848174391305690278e-14
9.135053824493866159e-15
9.320669236423384518e-15
6.883382752675970551e-15
5.723503268550977907e-15
2.216456185255566425e-14
4.719315216394903700e-15
-2.571901025483214198e-14
1.254205073131231529e-14
-7.072033930688448322e-15
-6.993537693400497801e-15
-1.917910275039957924e-14
-8.213915658750181592e-16
-4.319461455182249665e-16
-2.154006140120401369e-14
2.549523092643113387e-14
-1.247786596270117343e-14
7.051650929845720839e-15
6.974889416033747125e-15
2.004906657360194799e-14
3.139849491518020841e-16
8.378714388967978266e-16
2.149495859082861671e-14
-1.762825996287631369e-14
1.845745778439322748e-15
-4.238363132680333933e-15
1.099185846509254105e-14
-1.724748815989940454e-14
-4.382778862055403124e-15
2.311519031739095453e-14
-2.707556401304600513e-14
1.773841490360084094e-14
-1.673140792579630443e-15
3.689106312099177387e-15
-1.075420134888371848e-14
1.710610819660729476e-14
4.245735707453235364e-15
-2.330947934670035693e-14
2.709291124780577320e-14
-5.624840870854797004e-16
4.877608733577787348e-15
-1.071712163458471423e-14
2.073428234661278680e-14
-1.127570259384924611e-16
-2.062412740588825955e-14
3.311673851813523584e-14
-1.632721735589370837e-14
6.041174505089230706e-16
-4.594848806993567791e-15
1.088018564132653410e-14
-2.104132840186068165e-14
4.787836793695987581e-16
2.056514680770504810e-14
-3.339863108298146699e-14
1.624395062904682163e-14
1.175708835843281008e-15
1.343781856621983906e-14
-1.587098508171180811e-14
1.025221574302292993e-14
1.934910565104530633e-14
-2.774863672172500628e-14
2.299549439754855484e-14
-3.328934350399492814e-15
-1.426159537687432532e-15
-1.319918566805577953e-14
1.587358716692577332e-14
-9.924353006063313387e-15
-1.951563910473907981e-14
2.804874388306899391e-14
-2.383510055992132948e-14
4.195428726649907958e-15
-8.852293897909646603e-15
1.576169750272526926e-14
-1.144744021797095002e-14
-6.229392002232714276e-15
2.630014261928437236e-14
-2.420633138378036620e-14
9.870576578308032367e-15
2.513180635821399278e-15
8.697903508547710771e-15
-1.583021908002635314e-14
1.099641211421698017e-14
6.347353198599137158e-15
-2.652912611811331089e-14
2.468858451010191857e-14
-1.071278482589477221e-14
-2.017917083430020853e-15
-1.899608942368402609e-14
1.640181046536071108e-14
-3.018418848199644344e-15
-1.839674246273403924e-14
2.246987318432758229e-14
-1.274067656931165970e-14
3.014949401247690730e-15
6.047679718124143733e-16
1.881654554392042655e-14
-1.660997728247792793e-14
3.049643870767226872e-15
1.826490347855980190e-14
-2.283329775254472338e-14
1.345798472662806944e-14
-3.344980542552278280e-15
-4.700016417724661721e-16
-2.572594914873604921e-14
1.290460793779146798e-14
6.326536516887415473e-15
-2.268324417187272957e-14
1.171328659066439570e-14
-1.469310784152355609e-15
3.588275510058025475e-15
-1.240327285323417073e-14
2.617177308206208863e-14
-1.277623840056918425e-14
-6.454906054109699198e-15
2.288100264813408558e-14
-1.254205073131231529e-14
2.213507155346405852e-15
-3.149390470635893280e-15
1.169550567503563343e-14
-2.639381768698711994e-14
1.712172070789108602e-15
1.270598209979212356e-14
-1.797260257285770990e-14
-1.029992063861229212e-15
-9.877081791342945394e-17
1.559863349598344939e-14
-2.688387706895056795e-14
2.607462856740738744e-14
-1.358288481689839955e-15
-1.272853350497982206e-14
1.807321653446436471e-14
1.326412937818766125e-15
-4.209957035761213717e-16
-1.499408236460553212e-14
2.659938241889037158e-14
-1.434442842285221786e-14
-1.124968174170959401e-14
1.041961655845469181e-14
-4.863730945769972891e-15
-6.160870424931630396e-15
-9.727461891539945782e-15
3.278800841943763089e-14
-3.296321549051128841e-14
1.458035081558506363e-14
1.101375934897674824e-14
-1.049898015748063074e-14
5.018988696869897126e-15
6.019490461639520618e-15
1.046818881578204241e-14
-3.246361512942996796e-14
3.298750161917496371e-14
3.609959553507735563e-15
-1.542429378664778028e-14
-2.957703526540456096e-16
6.216598416597385324e-15
4.407932352457066827e-15
-3.043051921558515005e-14
4.248164320319602894e-14
-2.361479067847227498e-14
-3.475518484119533014e-15
1.464887239288614751e-14
1.316871958700893686e-15
-6.964697915612383383e-15
-4.408799714195055230e-15
3.010178911688754511e-14
-4.216071936014031962e-14
2.325743764242105271e-14
1.158014656388317576e-14
-4.712376322490996472e-15
-1.265394039551281935e-14
7.520026268359458754e-16
2.811813282210806619e-14
-4.536648834374545913e-14
3.171941875823591772e-14
-1.760744328116459201e-15
-1.085286374657989938e-14
4.822097582346529521e-15
1.239199715064032148e-14
-1.002670169114594501e-15
-2.834191215050907431e-14
4.531097719251420131e-14
-3.213748711594632823e-14
1.651456749129920354e-15
6.511718247947939631e-16
1.129066458382954607e-14
-6.997007140352451415e-15
-2.197114018498425025e-14
4.717407020571329213e-14
-3.870515019599451989e-14
8.716118105045467246e-15
1.220724910044879152e-14
-9.963817965141785749e-16
-1.065272002553907527e-14
6.613633252161577047e-15
2.242303565047620850e-14
-4.686528942698942046e-14
3.880576415760117470e-14
-8.830609854459936514e-15
-1.254291809305030370e-14
-1.485964129521732957e-14
1.169030150460770301e-14
1.588486286951962256e-14
-4.346002724364694814e-14
4.193433794652534630e-14
-1.499668444981949733e-14
-5.497772376239495884e-15
6.072833208525807436e-15
1.460637166772471573e-14
-1.136590821460004008e-14
-1.588486286951962256e-14
4.322063540396214876e-14
-4.247036750060217969e-14
1.480933431441400216e-14
6.122272827591146438e-15
-6.787972961497246160e-15
-1.848261127479489119e-14
-7.898195986122402701e-15
3.722890051793825705e-14
-4.409146658890250592e-14
1.976543928527974003e-14
4.947431353485853833e-15
4.059252933785728601e-16
-9.133969622321380655e-15
1.841495705923179571e-14
8.298917109073045140e-15
-3.703114204167690104e-14
4.419901944441306796e-14
-1.905940683055717955e-14
-5.862497987063619576e-15
-1.502270530195914944e-15
1.061976027949551593e-14
-2.782496455466798579e-15
-3.058837905189903950e-14
3.829055128523606299e-14
-2.531481968492954593e-14
1.540000765798410498e-15
5.413638287654620740e-15
1.894925188983265230e-14
-1.749121680827414593e-14
2.425143419415576318e-15
3.038021223478182264e-14
-3.868086406733084459e-14
2.530788079102563870e-14
-3.768686751559613413e-16
-5.807854197570350152e-15
-1.904205959579741148e-14
1.734550003629209414e-14
1.855113285209597507e-14
-3.768339806864418051e-14
2.176210600612904500e-14
-5.958775139980332369e-15
5.180317980135740186e-16
-1.058213846411026893e-14
2.765582901576024710e-14
-8.246875404793740927e-15
-1.872807464664560939e-14
3.804595527512333319e-14
-2.145159050392919653e-14
5.424480309379475784e-15
-6.852157730108388023e-16
9.785249867333423168e-15
-2.760291994974295449e-14
8.159271869256912169e-15
2.755261296893962708e-14
-2.769486029396972526e-14
2.488460826288729777e-15
-8.712648658093513632e-16
1.487959061519106285e-14
-2.449082603384056256e-14
1.888593448295949884e-14
9.953843305154919108e-15
-2.786486319461545236e-14
2.777118812691270477e-14
-2.576064361825558535e-15
7.082008590675314963e-16
-1.436611246630192795e-14
2.442143709480149028e-14
-1.876970801006905276e-14
-9.787309851461145627e-15
2.310998614696302411e-14
-1.038492208893515567e-14
-1.810834468485289506e-15
-1.131018022293428515e-14
2.563661088972324364e-14
-2.495659928714033526e-14
-3.694961003830599111e-16
2.062586212936423635e-14
-2.320366121466577169e-14
1.077003070060200685e-14
2.714842239903703103e-15
1.039207782327356000e-14
-2.503119239660733797e-14
2.496353818104424249e-14
4.440892098500626162e-16
-2.024422296464933879e-14
1.616979120044881313e-14
-7.073334973295430927e-16
4.399258735077182791e-15
-2.364861778625382271e-14
2.366336293579962557e-14
-1.372166269497654412e-14
-1.677130656574377099e-14
2.138046684141414744e-14
-1.590134274254140223e-14
1.693957474291352128e-15
-4.562322741819002658e-15
2.320019176771381808e-14
-2.338927662659529005e-14
1.340941246930071884e-14
1.631680901503784753e-14
-2.123648479290807245e-14
9.725944008498466076e-15
-4.914688447876791599e-16
1.314399977747626735e-14
-2.829160516970574690e-14
1.577210584358113010e-14
3.509345591901080752e-15
-2.438847734875793094e-14
1.679646005614543469e-14
-9.697754752013842960e-15
1.485356976305141075e-16
-1.281960648746860443e-14
2.824563499759236151e-14
-1.547720285266507290e-14
-3.450364993717869311e-15
2.392617354241011185e-14
-1.628471663073227660e-14
3.914403523541665209e-15
-8.651065974696336980e-15
2.193384363025074890e-14
-2.214721461779589617e-14
5.615299891736924565e-15
2.020779377165382584e-14
-2.017786979169322592e-14
7.902099113943350517e-15
-3.759145772441740974e-15
8.658872230338232612e-15
-2.193384363025074890e-14
2.167883927928215826e-14
-5.761016663718976361e-15
-2.045759395219448606e-14
1.994324844156736276e-14
-8.615504143438812434e-15
5.344683029484542658e-15
-2.014534372651866079e-14
2.465735948753433604e-14
-4.293440603042597559e-15
-1.997534082587293369e-15
2.695760281667958225e-14
-5.648693318649478101e-16
3.115780203288842642e-15
-5.868569519229538400e-15
2.031187718021243427e-14
-2.421327027768427342e-14
4.166805789296290641e-15
2.210037708394452238e-15
-2.708857443911583118e-14
3.580035573547135641e-16
-2.767534465486498618e-15
1.795438797635995343e-14
-2.428959811062725294e-14
1.271378835543401919e-14
1.526556658859590243e-14
4.799979858027825230e-15
1.486701386999023100e-14
1.810877836572188926e-14
7.103692634125025052e-15
-1.805673666144258505e-14
2.386979502944086562e-14
-1.274501337800160172e-14
-1.404432126150823024e-14
-5.469583119754872769e-15
-1.497760249158375245e-14
-1.820679024211457886e-14
-6.391588647236545739e-15
2.351070726991366655e-14
-1.179611963664228824e-14
-5.591881124811237669e-15
1.430886659159469332e-14
2.276672773915411341e-14
-4.588126753524157664e-15
1.037191166286532962e-14
1.917563330344762562e-14
-2.342223637263884939e-14
1.237031310719061139e-14
4.385380947269368335e-15
-1.403044347370041578e-14
-2.191194274636654171e-14
5.293942367812221050e-15
-1.154978890305358163e-14
-1.972033647490434305e-14
8.269426809981439419e-15
1.127570259384924611e-15
-1.396235557726832610e-14
-1.185032974526656346e-14
2.188613873466138671e-14
-8.310192811666894386e-15
-1.190020304520089667e-14
2.600003545794038473e-14
-8.994541222939744785e-15
-8.933825901280556536e-16
1.438259233932370762e-14
1.003190586157387543e-14
-2.030493828630852704e-14
9.115104504520132878e-15
1.123927340085373316e-14
-2.615269112382634376e-14
-6.587612400021924941e-15
-7.333543494691951992e-15
-1.496762783159688581e-14
-2.770526863482558610e-14
1.190020304520089667e-15
5.368101796410229554e-15
-2.283069566733075817e-14
1.441902153231922057e-14
7.225123277443401548e-15
7.286705960840578200e-15
1.591652157295619929e-14
2.496809183016868161e-14
-8.465450562766818621e-16
-4.882379223136723567e-15
2.239354535138460278e-14
-1.377023495230389472e-14
-1.706967900361178181e-15
-1.475642524839670955e-14
-1.935821294929418457e-14
-4.331170838645093113e-15
-1.286817874479595503e-14
1.068329452680316649e-14
-2.385071307120512074e-14
1.002670169114594501e-14
3.095180362011618058e-15
1.525645929034702419e-14
1.780737016177091903e-14
3.816391647148975608e-15
1.219510603611695387e-14
-1.010649897104087813e-14
2.431735368624288185e-14
-9.245208765218393410e-15
9.901584760441117794e-15
1.070367752764589397e-14
-1.480239542051009494e-14
1.805153249101465462e-14
-5.761016663718976361e-15
1.469397520326154449e-14
-2.705778309741724286e-14
1.337298327630520589e-14
-7.936143062159395356e-15
-1.133902000072239957e-14
1.285430095698814057e-14
-1.729432569375077833e-14
5.193762087074560441e-15
-1.494811219249214673e-14
2.594192222149516169e-14
-1.342762706579847531e-14
7.075937058509396138e-15
1.431146867680865853e-14
-2.063106629979216677e-14
5.818262538426210995e-15
7.446300520630444453e-15
3.154247696368628340e-14
-2.141884759832013430e-14
-5.893723009631202103e-16
-4.857225732735059864e-15
-1.294363921600094613e-14
2.004299504143602917e-14
-4.626507510430144521e-15
-8.411674135011537601e-15
-3.182003271984257253e-14
2.123084694161114783e-14
-1.091574747258405864e-15
3.480896126895061116e-14
-1.020364348569557933e-14
2.702699175571865453e-15
2.898029038966853932e-14
2.378305885564202526e-14
-3.528774494832020991e-14
9.662409761190815516e-16
2.826298223235212959e-15
-2.873395965607983271e-14
9.284240043427871569e-15
-4.201500258815826783e-15
-3.000030779354290189e-14
-2.274482685526990622e-14
3.317658647805643568e-14
-6.670011765130823278e-15
8.886121005691194341e-16
-1.037352599801392647e-02
-2.167018534528813295e-03
2.305618966499347298e-03
-1.354849098205178348e-02
1.363373504461000418e-02
-1.699409392777957370e-02
1.697534932526196735e-02
-1.048432891488912909e-02
1.037361503208391808e-02
2.166985350522645376e-03
-2.305642028179963679e-03
1.354858874801814946e-02
-1.363373419570968956e-02
1.699408517885999878e-02
-1.697539270947565765e-02
1.048432784364754927e-02
