2.431852341929200204e-03
4.328338995401683972e-03
-3.688100789844555791e-03
7.838937436188181743e-03
-7.647607826541458383e-03
6.757654327365201011e-03
-7.127280268102404587e-03
1.717790861457645091e-03
-2.431862061234267569e-03
-4.328332739527120804e-03
3.688096321922639670e-03
-7.838949493320290438e-03
7.647602963461208256e-03
-6.757658368228383269e-03
7.127283964827415760e-03
-1.717794837058113713e-03
3.037336007705171426e-13
4.849592949440761913e-14
2.978750059112744708e-13
-1.925317544282378890e-13
1.195328558356578696e-13
-3.240626083450548478e-13
-1.317661257882463133e-13
-2.643649188449614940e-13
-3.055698055698385929e-13
-4.884460891307895736e-14
-2.994080677831689741e-13
1.937859595013691205e-13
-1.201469479461536594e-13
3.246875424772754926e-13
1.317175535309189627e-13
2.630100998102236076e-13
6.369297450570243768e-14
1.291675100212330562e-14
2.322534525811548178e-14
-3.998922503897772707e-14
-3.083124033853579249e-14
-7.001343949042393433e-14
-6.757615300667652036e-14
-5.833007687972013855e-14
-6.404078656263578750e-14
-1.267475707722454104e-14
-2.334981166751681769e-14
4.057984417243920561e-14
3.076445348471068542e-14
6.994318318964687364e-14
6.713119643508846934e-14
5.866661323405963913e-14
1.021556970959291988e-14
-8.273546778236884336e-15
6.332608049053334298e-15
-9.895296387840701868e-15
-1.812786032395763414e-15
-5.846018114041839908e-15
-8.518359628784111237e-15
1.439820485060749888e-15
-1.066204416422245060e-14
8.212614616143198987e-15
-6.747206959811791194e-15
1.021014869873049236e-14
1.285430095698814057e-15
6.357761539454998001e-15
8.235599702199891681e-15
-1.342675970406048691e-15
-8.577340226967322678e-15
6.458158660627155712e-15
-1.190887666258078070e-14
-1.782428371566169290e-15
-7.866103601816831770e-15
-9.116839227996109685e-15
9.011888457699512855e-16
-1.040487140890888895e-14
8.362776617032441351e-15
-6.133765370619492785e-15
1.151943124222398751e-14
2.424276057677587914e-15
7.550383929189052878e-15
9.328475492065280150e-15
-9.731798700229887800e-16
1.114820041836495079e-14
-9.136788547969842966e-15
3.063521658575041329e-15
-8.602493717368986381e-15
-3.873637521856210242e-15
-1.714774156003073813e-15
-9.249545573908335427e-15
4.908833756145369875e-15
-8.243405957841787313e-15
9.705777848090235693e-15
-3.458171249359764943e-15
8.075137780672037024e-15
4.362829542081669842e-15
2.482389294122810952e-15
8.723924360687362878e-15
-5.084040827219027392e-15
7.990570011218167679e-15
-3.233524559220768424e-15
-1.346145417358002305e-15
-3.304648221735817515e-15
-3.252606517456513302e-15
-6.392456008974534143e-16
-2.856222203195812881e-15
1.346579098226996507e-15
-8.079474589361979042e-16
3.053980679457168890e-15
1.985391018255455720e-15
3.112093915902391927e-15
2.622901895676932327e-15
1.264613413987092372e-15
2.705301260785830664e-15
-1.477117039794251241e-15
9.215718466126787689e-16
-6.696032617270475384e-16
-5.637851296924623057e-16
-4.579669976578770729e-16
-3.079134169858832593e-16
-7.732529894166617623e-16
7.246807320893111637e-16
1.795438797635995343e-16
7.372574772901430151e-16
2.723515857283587138e-16
8.448103328007050550e-16
1.235123114895486651e-15
-7.979727989493312634e-17
6.630980486921345118e-16
-6.800116025829083810e-16
7.840950111415168067e-16
-1.205632815803880931e-15
-6.938893903907228378e-17
-5.464378949326942347e-16
-5.741934705483231483e-16
9.037909309839164962e-16
-4.002874420816482370e-16
1.650155706522937749e-16
-5.221517662690189354e-16
3.148523108897904876e-16
-6.418476861114186249e-17
-4.666406150377611084e-16
4.727121472036799332e-16
-9.384854005034526381e-16
8.371124973760579735e-16
-1.315354075659413979e-15
8.404735241107630372e-16
-2.055647319032516407e-16
5.273559366969493567e-16
9.393527622414410416e-16
-3.812054838459033590e-16
9.671083378570699551e-16
-8.075137780672037024e-16
4.770489558936219510e-16
-7.060324547225604874e-16
-5.447031714567174276e-16
8.760353553682875827e-17
-6.340414304695229930e-16
1.262011328773127161e-16
-3.864096542738337803e-16
9.714451465470119729e-16
-1.431146867680865853e-16
4.423544863740858091e-16
2.584737979205442571e-16
1.942890293094023946e-16
2.064320936412400442e-16
-3.860843936220881290e-16
4.553649124439118623e-16
-6.930220286527344342e-16
2.506675422786486251e-16
1.335737076502141463e-16
-7.233796894823285584e-16
2.402592014227877826e-16
-6.262351748276273611e-16
6.660253945578453738e-16
-5.687724596858956261e-16
7.875644580934704209e-16
-3.304648221735817515e-16
9.540979117872439019e-17
2.411265631607761861e-16
-1.400789206851271729e-16
1.708702623837154988e-16
-7.875644580934704209e-16
3.807718029769091572e-16
-6.071532165918824830e-17
-6.557254739192330817e-16
2.255140518769849223e-16
-5.048045315092508645e-16
3.005408422129818291e-16
-9.020562075079396891e-17
-6.245004513516505540e-17
-7.112366251504909087e-17
1.011343786494478536e-15
-2.775557561562891351e-17
3.295974604355933479e-17
6.860831347488272058e-16
-3.981190377366772282e-16
8.372209175933065239e-16
-1.017415318660397361e-15
-2.975050761300224167e-16
7.546047120499110861e-16
-6.938893903907228378e-16
-2.003605614753212194e-16
6.149594722337781150e-16
1.517883041479706208e-17
-7.624109676918067180e-16
8.803721640582296004e-16
-9.740472317609771835e-16
2.064320936412400442e-16
1.212571709707788159e-15
-1.090273704651423259e-15
7.181755190543981371e-16
-9.098624631498353210e-16
1.377370439925584833e-15
-3.590877595271990685e-16
-1.301042606982605321e-15
8.309325449928905982e-16
-3.764349942869671395e-16
-1.734723475976807094e-16
-6.071532165918824830e-17
7.866970963554820173e-16
-6.427150478494070285e-16
8.066464163292152989e-16
-3.642919299551294898e-17
-1.205632815803880931e-15
1.345278055620013902e-15
-2.636779683484746784e-16
8.023096076392732812e-17
-1.651456749129920354e-15
4.727121472036799332e-16
7.546047120499110861e-16
-1.309716224362489356e-15
9.844555726168380261e-16
-2.766883944183007316e-16
2.582569574860471562e-16
-4.928783076119103157e-16
8.881784197001252323e-16
-7.138387103644561194e-16
-6.245004513516505540e-17
1.295838436554674900e-15
-1.599415044850616141e-15
7.173081573164097335e-16
-4.992751004295747919e-16
8.313662258618848000e-16
-4.215378046623641239e-16
-6.990935608186532590e-16
8.500145032286354763e-16
-5.473052566706826383e-16
2.012279232133096230e-16
-2.662800535624398890e-16
1.187418219306124456e-15
-7.103692634125025052e-16
3.764349942869671395e-16
5.204170427930421283e-17
-8.838416110101832146e-16
1.294103713078698092e-15
-6.253678130896389575e-16
-1.123233450694982594e-16
-4.744468706796567403e-16
8.213915658750181592e-16
4.649058915617843013e-16
-8.569533971325427046e-16
8.526165884426006869e-16
-2.584737979205442571e-16
4.848552115355175829e-16
-1.059048682083840731e-15
9.766493169749423942e-16
-5.447031714567174276e-16
5.551115123125782702e-17
6.366435156834882036e-16
-1.337471799978118270e-15
9.749145934989655871e-16
1.073360150760649390e-16
3.217912047936977160e-16
-1.207367539279857738e-15
6.860831347488272058e-16
7.459310946700270506e-16
-7.095019016745141016e-16
4.297777411732539576e-16
-6.526897078362736693e-16
7.710845850716907535e-16
-1.265480775725080775e-15
9.384854005034526381e-16
1.335737076502141463e-16
-8.569533971325427046e-16
1.497066359767984522e-15
-5.186823193170653212e-16
1.626303258728256651e-16
-6.678685382510707313e-17
1.432014229418854256e-15
-7.233796894823285584e-16
-2.550043509685906429e-16
1.071191746415678381e-15
-5.629177679544739021e-16
-1.160096324559489744e-16
-4.135147085859713911e-16
3.616898447411642792e-16
-7.658804146437603322e-16
3.469446951953614189e-17
8.621575675604731259e-16
-1.070324384677689977e-15
3.538835890992686473e-16
2.989145389542535725e-16
8.389556410692833310e-16
-1.301042606982605321e-15
4.336808689942017736e-16
5.204170427930421283e-18
-1.148386941096646297e-15
6.284035791725983700e-16
1.162264728904460753e-16
5.421010862427522170e-16
-3.452099717193846118e-16
7.112366251504909087e-16
1.804112415015879378e-16
-4.996003610813204432e-16
1.076395916843608802e-15
-3.421742056364251994e-16
1.994931997373328159e-17
-9.558326352632207090e-16
1.047772979489991485e-15
-7.407269242420966293e-16
-9.020562075079396891e-17
6.964914756046880484e-16
-1.347880140833979112e-15
5.063224145507305707e-16
4.813857645835639687e-17
2.766883944183007316e-16
4.336808689942017736e-17
-1.908195823574487804e-17
6.643990912991171172e-16
-1.084202172485504434e-16
-2.489328188026718180e-16
4.990582599950776910e-16
-1.515714637134735199e-16
-8.344019919448442124e-16
4.570996359198886694e-16
-1.630640067418198669e-16
-5.828670879282071837e-16
5.767955557622883589e-16
-5.872038966181492015e-16
1.743397093356691130e-16
-3.278627369596165408e-16
3.434752482434078047e-16
1.630640067418198669e-16
-9.879250195687916403e-16
6.938893903907228378e-16
2.896988204881267848e-16
-4.224051664003525275e-16
-2.758210326803123280e-16
9.298117831235686026e-16
-9.853229343548264296e-16
2.203098814490545010e-16
7.459310946700270506e-16
-7.389922007661198222e-16
-1.587271980518778491e-16
-8.109832250191573166e-17
6.453171330633722391e-16
-7.459310946700270506e-16
2.810252031082427493e-16
6.713379852030243455e-16
-1.049507702965968292e-15
6.878178582248040129e-16
1.498367402374967128e-16
-2.172741153660950886e-16
-8.300651832549021947e-16
9.168013570537425494e-16
-3.348016308635237692e-16
-5.967448757360216405e-16
6.479192182773374498e-16
-1.188285581044112860e-16
-4.910351639186849582e-16
-4.451734120225481206e-16
4.787836793695987581e-16
-2.151057110211240797e-16
-1.760744328116459201e-16
1.543903893619358314e-16
1.452830911130575942e-16
8.196568423990413521e-16
-6.548581121812446781e-16
3.616898447411642792e-16
-3.920475055707584033e-16
5.169475958410885141e-16
1.144917494144692682e-16
-5.238864897449957425e-16
5.637851296924623057e-16
-2.849283309291905653e-16
9.341485918135106203e-16
-7.641456911677835251e-16
1.196959198423996895e-16
-3.608224830031758756e-16
1.578598363138894456e-16
-4.258746133523061417e-16
5.981543385602527962e-16
-4.562322741819002658e-16
-3.200564813177209089e-16
4.033232081646076495e-16
-4.267419750902945452e-16
-3.122502256758252770e-17
4.961309141293668290e-16
-6.140921104957897114e-16
-4.553649124439118623e-18
-2.363560736018399666e-16
2.125036258071588691e-16
-5.811323644522303766e-17
4.753142324176451439e-16
-3.209238430557093125e-17
-3.846749307978569732e-16
-1.175275154974286806e-16
-3.304648221735817515e-16
1.210836986231811352e-15
-8.430756093247282479e-16
5.568462357885550773e-16
3.191891195797325054e-16
-6.383782391594650107e-16
-2.255140518769849223e-17
-3.859759734048395785e-17
-1.847480501915299556e-16
-1.986258379993444123e-16
1.647987302177966740e-16
-2.185751579730776939e-16
-1.266348137463069179e-16
3.321995456495585586e-16
-1.981921571303502105e-16
-1.932048271369168901e-16
-8.014422459012848776e-16
1.009609063018501729e-15
-5.637851296924623057e-16
-6.765421556309547668e-17
9.887923813067800438e-17
2.246466901389965187e-16
3.098649808963571672e-16
-4.748805515486509421e-17
-4.241398898763293346e-16
-1.674008154317618846e-16
4.354155924701785807e-16
-3.989863994746656317e-17
-3.872770160118221838e-16
-7.203439233993691460e-16
-1.717376241217039023e-16
7.381248390281314187e-16
-8.205242041370297557e-16
4.961309141293668290e-16
-9.714451465470119729e-17
-3.720981855970251218e-16
3.911801438327699998e-16
-5.338611497318623833e-16
-1.968911145233676052e-16
-2.151057110211240797e-16
9.887923813067800438e-17
-7.615436059538183144e-16
-1.856154119295183591e-16
8.760353553682875827e-17
-2.450296909817240021e-17
1.075528555105620399e-16
-6.331740687315345895e-17
7.199102425303749442e-16
-7.060324547225604874e-16
-1.040834085586084257e-17
3.989863994746656317e-17
-2.628106066104862748e-16
3.534499082302744455e-16
3.011913635164731318e-16
4.666406150377611084e-16
1.951563910473907981e-16
8.344019919448442124e-16
-2.532696274926138358e-16
5.299580219109145673e-16
2.194425197110660974e-16
2.341876692568689577e-16
-6.253678130896389575e-16
-5.984795992119984476e-16
4.180683577104105098e-16
-4.675079767757495119e-16
4.857225732735059864e-17
2.151057110211240797e-16
3.751339516799845342e-16
-1.465841337200401995e-16
1.682681771697502882e-16
2.550043509685906429e-16
-4.631711680858074942e-16
8.326672684688674053e-17
4.423544863740858091e-17
6.245004513516505540e-17
4.336808689942017736e-17
-2.263814136149733258e-16
2.888314587501383812e-16
-6.938893903907228378e-16
3.868433351428279821e-16
-3.001071613439876273e-16
-1.275021754842953214e-16
-2.776641763735376855e-16
4.039737294680989521e-16
-2.376571162088225719e-16
-2.220446049250313081e-16
8.586881206085195117e-16
1.838806884535415520e-16
-1.301042606982605321e-16
2.957703526540456096e-16
1.175275154974286806e-16
-3.983358781711743291e-16
-2.289834988289385365e-16
4.128641872824800885e-16
-6.392456008974534143e-16
-5.464378949326942347e-17
3.733992282040077271e-16
-9.168013570537425494e-16
-4.961309141293668290e-16
2.376571162088225719e-16
8.534839501805890905e-16
-6.990935608186532590e-16
4.093947403305264743e-16
4.250072516143177381e-17
2.406928822917819843e-16
3.070460552478948557e-16
-6.357761539454998001e-16
-8.118505867571457202e-16
-4.319461455182249665e-16
3.018418848199644344e-16
-1.838806884535415520e-16
-4.336808689942017736e-17
-6.248257120033962053e-16
8.860100153551542235e-16
-8.023096076392732812e-16
-4.354155924701785807e-16
5.290906601729261638e-16
-1.682681771697502882e-16
6.236330896136621504e-16
-2.480654570646834145e-16
-4.185020385794047115e-17
1.825796458465589467e-16
-2.142383492831356762e-16
5.351621923388449886e-16
-4.492933802779930375e-16
3.773023560249555430e-16
-2.324529457808921507e-16
3.575698764857193623e-16
-7.329206686002009974e-16
1.491862189340054101e-16
-1.214306433183764966e-16
-6.054184931159056759e-16
3.417405247674309976e-16
1.301042606982605321e-17
8.109832250191573166e-16
-1.472129709800817920e-15
1.754672795950540376e-15
-1.474514954580286030e-17
-2.133709875451472726e-16
6.158268339717665185e-16
-3.538835890992686473e-16
1.195224474948020088e-15
-7.226207479615887053e-16
1.071625427284672583e-15
-3.833738881908743679e-16
2.289834988289385365e-16
1.196959198423996895e-16
-1.110223024625156540e-15
1.977584762613560088e-16
-1.163132090642449157e-15
1.263746052249103968e-15
-1.706534219492183979e-16
1.358288481689839955e-15
5.811323644522303766e-17
-1.821459649775647449e-16
1.278491201794906829e-15
-5.403663627667754099e-16
1.851817310605241573e-15
-1.726483539465917261e-15
6.982261990806648555e-16
-5.993469609499868511e-16
-6.019490461639520618e-16
4.319461455182249665e-16
-6.314393452555577824e-16
-2.710505431213761085e-16
-8.756016744992933809e-16
1.123233450694982594e-16
4.857225732735059864e-16
3.053113317719180486e-16
6.002143226879752547e-16
-2.706168622523819067e-16
1.350482226047944323e-15
5.932754287840680263e-16
-1.235448375547232303e-15
-4.848552115355175829e-16
-1.458035081558506363e-15
-1.187418219306124456e-15
-1.471912869366320820e-15
-1.459769805034483170e-15
4.440892098500626162e-16
-9.343654322480077212e-16
8.235599702199891681e-16
8.786374405822527933e-16
1.247266179227324301e-15
1.334002353026164656e-15
9.983333604246524828e-16
1.837072161059438713e-15
8.153200337090993344e-17
-2.239528007486057959e-15
4.757912813735387658e-15
2.213507155346405852e-15
3.692358918616633900e-15
5.000340419503146450e-15
-4.310787837802365630e-16
5.418950878299799712e-15
-2.919539610068966340e-15
2.666269982576352504e-15
-5.792241686286558888e-15
-1.709569985575143392e-15
-3.856290287096442171e-15
-4.813857645835639687e-15
1.786765180256111307e-16
-5.789422760638096577e-15
3.253473879194501706e-15
-1.061997711993001303e-14
-1.226362761341803775e-14
-1.438606178627566123e-14
-1.437218399846784678e-14
-9.943434964299058265e-15
-7.731662532428629220e-15
7.363901155521546116e-16
3.172809237561580176e-15
1.031466578815809498e-14
1.204071564675501804e-14
1.448841047135829285e-14
1.416922135177856035e-14
9.447304050169691436e-15
7.403799795469012679e-15
-1.407728100755178957e-15
-2.401724652489889422e-15
-5.173348240226249839e-03
-1.412835159497555226e-03
6.798931313654697078e-04
-6.584882830085085972e-03
6.134881603825149618e-03
-7.899577655672120405e-03
7.996120400093599534e-03
-4.586858395993025778e-03
5.173371997476769978e-03
1.412830230461717754e-03
-6.798895491601664870e-04
6.584906724081651154e-03
-6.134878177748075666e-03
7.899569405531641636e-03
-7.996130667876194184e-03
4.586856354730203811e-03
