7.683575143457715972e-04
-6.756974282092018808e-04
7.249511425383731861e-04
-1.617240808048127365e-04
2.568725956635063701e-04
4.469844255718018536e-04
-3.616757579581915405e-04
7.938530687617122161e-04
-7.683590981290341210e-04
6.756960530639628815e-04
-7.249510644243631341e-04
1.617233686191082292e-04
-2.568732025471556074e-04
-4.469849883981104159e-04
3.616751056536183367e-04
-7.938531049357299904e-04
-1.288552597955572310e-14
5.124308095905139027e-14
2.759077688541111684e-14
4.693988253645642317e-14
5.186389512301659011e-14
1.494290802206421631e-14
4.607989337324092105e-14
-2.613794597428054090e-14
1.314746922442822097e-14
-5.206533988666439683e-14
-2.802619247788129542e-14
-4.736142034111878729e-14
-5.206165359927794611e-14
-1.501750113153121902e-14
-4.567743752681430180e-14
2.572594914873604921e-14
5.988265439071938090e-15
1.246312081315537057e-14
1.196698989902600374e-14
1.067722299463724767e-14
1.077133174320898945e-14
3.477253207595509821e-15
3.445377663724435990e-15
-6.128561200191562364e-15
-5.845150752303851505e-15
-1.228270957165378263e-14
-1.211704347969799755e-14
-1.071365218763276062e-14
-1.088885925870641813e-14
-3.091277234190670242e-15
-3.382927618589270935e-15
6.297263058230306854e-15
9.306791448615570062e-16
8.083811398051921060e-16
4.258746133523061417e-16
1.208234901017846141e-15
-4.696763811207205208e-16
9.358833152894874274e-16
-1.720412007299998436e-15
3.760013134179729377e-16
-1.472780231104309223e-15
-6.184289191857317292e-16
-6.401129626354418178e-16
-1.033027829944188625e-15
4.688090193827321173e-16
-1.050158224269459595e-15
1.013945871708443747e-15
2.745199900733297227e-16
1.372166269497654412e-15
1.784163095042146097e-15
-4.987329993433320396e-16
2.147587663259287183e-15
-2.286907642423674503e-15
1.924892537030764572e-15
-2.094678597241994567e-15
-3.209238430557093125e-17
-1.406860739017190554e-15
-1.404258653803225343e-15
5.204170427930421283e-16
-2.700097090357900242e-15
2.143955585981460743e-15
-1.666635579544717416e-15
2.276824562219559311e-15
-4.943961906533900219e-17
2.619432448724978713e-16
1.703498453409224567e-15
-8.912141857830846448e-16
1.504222094106388852e-15
-1.313619352183437172e-15
1.379105163401561640e-16
-1.042568809062061064e-15
-6.245004513516505540e-16
-5.733261088103347447e-16
-1.144050132406704279e-15
9.562663161322149108e-16
-1.227533699688088120e-15
1.847480501915299556e-15
-8.075137780672037024e-16
1.367829460807712394e-15
3.053113317719180486e-16
-4.943961906533900219e-16
1.012211148232466940e-15
-5.269764659365794301e-16
4.705437428587089244e-17
-6.418476861114186249e-16
-1.882174971434835697e-16
-5.412337245047638135e-16
-3.434752482434078047e-16
-3.660266534311062969e-16
-4.675079767757495119e-16
8.868231669845183518e-16
-7.381248390281314187e-16
8.552186736565658975e-16
3.139849491518020841e-16
5.793976409762535695e-16
5.169475958410885141e-16
-6.071532165918824830e-18
4.228388472693467293e-16
-9.194034422677077600e-17
-9.454242944073598665e-17
-5.204170427930421283e-17
-1.526556658859590243e-16
-3.781697177629439466e-16
2.532696274926138358e-16
-2.341876692568689577e-17
-1.812786032395763414e-16
2.723515857283587138e-16
-6.678685382510707313e-17
1.136243876764808647e-16
2.706168622523819067e-16
-1.569924745759010420e-16
3.894454203567931927e-16
-9.508453052697873886e-17
-3.686287386450715076e-18
-9.627715291671279374e-17
-9.107298248878237246e-17
-2.480654570646834145e-16
1.474514954580286030e-16
-1.960237527853792017e-16
-1.474514954580286030e-17
2.602085213965210642e-18
-2.857956926671789688e-16
-2.940356291780688025e-16
4.553649124439118623e-16
3.642919299551294898e-17
1.873501354054951662e-16
3.521488656232918402e-16
-1.474514954580286030e-17
1.405126015541213746e-16
7.979727989493312634e-17
-1.968911145233676052e-16
2.619432448724978713e-16
-2.862293735361731706e-17
2.688821387764050996e-17
-1.387778780781445676e-16
5.984795992119984476e-17
3.673276960380889022e-16
-2.038300084272748336e-16
-2.203098814490545010e-16
-1.526556658859590243e-16
1.370431546021677605e-16
-3.087807787238716628e-16
1.708702623837154988e-16
-6.505213034913026604e-19
-5.984795992119984476e-17
1.726049858596923059e-16
-1.942890293094023946e-16
1.908195823574487804e-16
1.569924745759010420e-16
1.509209424099822172e-16
3.268869550043795869e-17
1.337905480847112472e-16
-2.480654570646834145e-16
7.025630077706068732e-17
3.278627369596165408e-16
-1.335737076502141463e-16
-9.887923813067800438e-17
-6.505213034913026604e-17
2.325613659981407011e-16
-2.272487753529617294e-16
2.766883944183007316e-16
3.816391647148975608e-17
-2.237793284010081152e-16
5.984795992119984476e-17
-4.336808689942017736e-19
9.822871682718670172e-17
-5.685556192513985252e-16
7.259817746962937690e-16
1.179611963664228824e-16
-3.608224830031758756e-16
1.786765180256111307e-16
-1.552577510999242349e-16
-2.285498179599443347e-16
4.072263359855554654e-16
-2.346213501258631595e-16
-2.775557561562891351e-17
-1.717376241217039023e-16
3.400058012914541905e-16
-3.469446951953614189e-17
2.593411596585326606e-16
-1.202922310372667170e-16
3.155028321932817903e-16
-5.672545766444159199e-16
1.994931997373328159e-16
1.387778780781445676e-16
-2.810252031082427493e-16
1.708702623837154988e-16
7.979727989493312634e-17
-5.791808005417564686e-16
7.201270829648720451e-16
3.556183125752454544e-17
-2.506675422786486251e-16
-5.152128723651117070e-16
3.616898447411642792e-16
-1.747733902046633148e-16
1.448494102440633924e-16
1.704365815147212970e-16
3.842412499288627714e-16
-2.914335439641035919e-16
-1.890848588814719733e-16
2.272487753529617294e-16
-1.344410693882025498e-16
-3.061786935099064522e-16
3.556183125752454544e-17
3.816391647148975608e-17
-2.081668171172168513e-17
1.275021754842953214e-16
4.076600168545496672e-16
-5.637851296924623057e-16
2.758210326803123280e-16
-4.659358836256455305e-16
-9.063930161978817068e-17
-4.458239333260394233e-16
2.766883944183007316e-16
1.994931997373328159e-16
-3.191891195797325054e-16
-1.301042606982605321e-16
2.706168622523819067e-16
-5.589062199162775357e-17
-1.147085898489663691e-16
5.334274688628681815e-16
-4.458239333260394233e-16
-1.006139616066548115e-16
2.116362640691704655e-16
6.231994087446679487e-16
2.005774019098183203e-16
-6.678685382510707313e-17
-3.287300986976049444e-16
1.821459649775647449e-16
-2.567390744445674500e-16
8.933825901280556536e-17
1.040834085586084257e-16
1.257674520083185143e-17
2.302845414359211418e-16
-3.226585665316861196e-16
-7.112366251504909087e-17
-5.290906601729261638e-17
6.938893903907228378e-18
-1.604619215278546562e-16
-2.602085213965210642e-18
-3.762723639610943138e-16
-6.548581121812446781e-17
2.367897544708341684e-16
-2.732189474663471174e-16
3.712308238590367182e-16
-2.307182223049153436e-16
4.241398898763293346e-16
1.734723475976807094e-17
-1.944516596352752202e-16
3.755676325489787359e-16
3.564856743132338579e-16
-2.688821387764050996e-17
-9.540979117872439019e-17
1.474514954580286030e-16
4.423544863740858091e-16
-1.925543058334255875e-16
-4.163336342344337027e-17
1.604619215278546562e-16
2.064320936412400442e-16
-2.723515857283587138e-16
1.717376241217039023e-16
-8.673617379884035472e-18
-5.061055741162334698e-16
5.514252249261275551e-16
4.336808689942017736e-18
-6.297046217795809753e-16
8.673617379884035472e-17
2.966377143920340131e-16
2.619432448724978713e-16
-2.949029909160572061e-17
-9.757819552369539906e-17
-4.271756559592887470e-17
-2.498001805406602216e-16
1.543903893619358314e-16
1.006139616066548115e-16
-1.353084311261909534e-16
1.457167719820517959e-16
2.029626466892864300e-16
-2.339708288223718569e-16
-3.053113317719180486e-16
-1.786765180256111307e-16
9.714451465470119729e-17
-3.486794186713382260e-16
4.336808689942017736e-16
-1.639313684798082704e-16
-1.283695372222837250e-16
1.358505322124337056e-16
1.385610376436474667e-16
5.464378949326942347e-17
-2.619432448724978713e-16
4.961309141293668290e-16
-5.039371697712624609e-16
-6.266688556966215629e-16
-3.035766082959412415e-18
5.104423828061754875e-16
2.133709875451472726e-16
-2.775557561562891351e-17
3.989863994746656317e-16
-4.570996359198886694e-16
7.372574772901430151e-17
-1.530893467549532261e-16
-4.985161589088349388e-16
-9.931291899967220616e-17
1.032160468206200221e-16
2.046973701652632371e-16
-1.266348137463069179e-16
-1.214306433183764966e-16
4.805184028455755652e-16
1.943432394180266698e-16
-7.825771281000371005e-16
4.076600168545496672e-16
1.734723475976807094e-18
-1.977584762613560088e-16
3.243932900076629267e-16
3.729655473350135253e-17
-1.084202172485504434e-16
-2.389039487071809020e-16
1.728218262941894068e-16
-7.632783294297951215e-17
-2.697495005143935032e-16
-1.179611963664228824e-16
1.474514954580286030e-16
4.570996359198886694e-16
1.513546232789764190e-16
-4.471249759330220286e-16
5.221517662690189354e-16
-3.764349942869671395e-16
2.966377143920340131e-16
-2.090341788552052549e-16
9.540979117872439019e-18
1.192622389734054877e-16
2.558717127065790464e-16
-1.595945597898662527e-16
-8.066464163292152989e-17
1.301042606982605321e-17
-2.602085213965210642e-17
1.665334536937734811e-16
-7.233796894823285584e-16
-4.374755765979010391e-17
3.616898447411642792e-16
-9.887923813067800438e-17
3.001071613439876273e-16
-1.196959198423996895e-16
1.873501354054951662e-16
-1.561251128379126385e-17
1.448494102440633924e-16
9.184276603124708060e-16
-4.605690828718422836e-16
-1.170938346284344789e-16
1.231653667943533037e-16
3.816391647148975608e-17
-7.979727989493312634e-17
-4.891920202254596006e-16
5.965280353015245396e-16
3.356689926015121728e-16
-8.673617379884035472e-18
-4.007211229506424388e-16
2.584737979205442571e-16
-1.335737076502141463e-16
2.081668171172168513e-16
-2.294171796979327382e-16
-4.833373284940378767e-16
3.083470978548774610e-16
-1.023486850826316186e-16
-2.359223927328457648e-16
-2.602085213965210642e-17
3.061786935099064522e-16
-3.556183125752454544e-16
-8.337514706413529098e-17
3.541004295337657481e-16
4.770489558936219510e-17
-1.812786032395763414e-16
-8.673617379884035472e-18
4.683753385137379155e-17
-1.249000902703301108e-16
2.931682674400803990e-16
-1.756407519426517183e-16
3.126839065448194788e-16
-1.604619215278546562e-16
-3.469446951953614189e-17
1.752070710736575165e-16
-3.191891195797325054e-16
5.455705331947058312e-16
-3.330669073875469621e-16
-7.645793720367777269e-16
-1.509209424099822172e-16
-1.674008154317618846e-16
1.214306433183764966e-16
-1.934216675714139910e-16
4.770489558936219510e-17
3.885780586188047891e-16
-1.951563910473907981e-18
1.053844511655910310e-16
-6.938893903907228378e-17
1.578598363138894456e-16
1.214306433183764966e-17
3.027092465579528380e-16
-6.323067069935461859e-16
5.724587470723463412e-16
2.233456475320139134e-16
-1.994931997373328159e-17
1.621966450038314633e-16
3.295974604355933479e-17
5.030698080332740574e-17
-1.257674520083185143e-16
-4.059252933785728601e-16
-1.557998521861669872e-16
-3.796876008044236528e-16
3.148523108897904876e-16
-2.341876692568689577e-17
-1.162264728904460753e-16
-1.856154119295183591e-16
2.896988204881267848e-16
2.064320936412400442e-16
-9.427137889761461054e-17
3.332837478220440630e-16
7.979727989493312634e-17
1.023486850826316186e-16
-6.591949208711866959e-17
2.411265631607761861e-16
-6.722053469410127491e-17
-1.797607201980966352e-16
-1.344410693882025498e-17
2.029626466892864300e-16
-3.209238430557093125e-16
2.827599265842195564e-16
2.949029909160572061e-17
-4.345482307321901772e-16
1.262011328773127161e-16
-7.220786468753459530e-16
4.796510411075871616e-16
-3.877106968808163856e-16
1.266348137463069179e-16
-1.994931997373328159e-16
1.474514954580286030e-16
-1.509209424099822172e-16
6.635859396697529888e-16
-4.607859233063393845e-16
-2.263814136149733258e-16
3.547509508372570508e-16
-1.890848588814719733e-16
2.133709875451472726e-16
-5.915407053080912192e-16
8.543513119185774940e-16
-2.623227156328677978e-16
5.898059818321144121e-17
-1.535230276239474279e-16
2.775557561562891351e-17
7.641456911677835251e-16
-1.222980050563649002e-16
-9.107298248878237246e-17
1.572093150103981429e-16
5.347285114698507869e-16
-3.694961003830599111e-16
-5.117434254131580929e-16
4.475586568020162304e-16
-5.316927453868913744e-16
3.504141421473150331e-16
2.367897544708341684e-16
-4.950467119568813246e-16
-1.117595599398057971e-15
3.382710778154773834e-16
2.602085213965210642e-18
-5.204170427930421283e-18
-6.513886652292910640e-16
7.728193085476675606e-16
8.483881999699072196e-17
1.166601537594402771e-16
-5.308253836489029709e-16
-1.517883041479706208e-16
-4.198030811863873168e-16
2.602085213965210642e-16
-3.035766082959412415e-17
1.726049858596923059e-16
-6.318730261245519841e-16
1.101549407245272505e-16
-7.719519468096791570e-17
-5.984795992119984476e-17
1.439820485060749888e-16
1.890848588814719733e-16
-1.249000902703301108e-16
4.965645949983610308e-17
2.298508605669269400e-17
-1.483188571960170066e-16
1.448494102440633924e-16
-8.153200337090993344e-17
-8.500145032286354763e-17
-4.848552115355175829e-16
-6.036837696399288689e-16
9.215718466126787689e-16
-2.693158196453993014e-16
3.651592916931178934e-16
2.775557561562891351e-16
-3.122502256758252770e-17
-4.649058915617843013e-16
-2.298508605669269400e-16
-3.057450126409122504e-17
7.003946034256358644e-17
4.180683577104105098e-16
-2.584737979205442571e-16
-1.110223024625156540e-16
3.139849491518020841e-16
1.743397093356691130e-16
-1.189152942782101263e-15
1.045875625688141852e-15
-4.217546450968612248e-16
3.799044412389207537e-16
4.362829542081669842e-16
-2.255140518769849223e-17
-7.459310946700270506e-17
1.413799632921097782e-16
4.206704429243757204e-16
3.066123743789006539e-16
9.194034422677077600e-17
-2.081668171172168513e-17
2.740863092043355209e-16
8.673617379884035472e-19
3.642919299551294898e-16
-3.040102891649354433e-16
-1.539567084929416296e-17
5.290906601729261638e-17
6.826136877968735917e-16
-6.505213034913026604e-17
1.908195823574487804e-17
-3.469446951953614189e-18
-8.066464163292152989e-17
1.942890293094023946e-16
-1.038232000372119046e-15
1.517883041479706208e-16
6.071532165918824830e-16
-2.636779683484746784e-16
4.076600168545496672e-16
1.387778780781445676e-17
1.231653667943533037e-15
-1.345115425294141076e-15
1.079865363795562416e-15
-1.076395916843608802e-15
-6.314393452555577824e-16
2.602085213965210642e-17
-3.365363543395005763e-16
6.921546669147460307e-16
-1.111957748101133348e-15
-2.385244779468109755e-18
-9.302454639925628044e-17
-5.872038966181492015e-16
1.361757928641793569e-16
-3.989863994746656317e-16
-1.240327285323417073e-16
6.192962809237201327e-16
-6.687358999890591349e-16
-1.301042606982605321e-18
-9.194034422677077600e-17
4.501607420159814410e-16
-3.295974604355933479e-16
2.454633718507182039e-16
-4.848552115355175829e-16
7.589415207398531038e-16
2.799410009357572449e-16
2.250803710079907205e-16
-6.678685382510707313e-17
5.750608322863115518e-16
5.221517662690189354e-16
7.997075224253080705e-16
1.452830911130575942e-16
2.154309716728697310e-16
-1.173540431498309999e-15
-1.647987302177966740e-16
-4.432218481120742126e-16
-2.055647319032516407e-16
-4.753142324176451439e-16
-7.910339050454240351e-16
-4.341145498631959754e-16
2.990229591715021229e-16
-5.290906601729261638e-16
-9.540979117872439019e-18
5.993469609499868511e-16
-1.814520755871740221e-15
-4.562322741819002658e-16
-1.284779574395322754e-15
5.984795992119984476e-16
2.116362640691704655e-16
1.494897955423013514e-15
9.263423361716149884e-16
1.255939796607208336e-15
1.864827736675067626e-15
8.144526719711109308e-16
7.068998164605488910e-16
-3.165870343657672947e-16
-7.259817746962937690e-16
-8.834079301411890128e-16
-9.809861256648844119e-16
-1.294103713078698092e-15
4.536301889679350552e-16
1.098079960293318891e-15
-1.283695372222837250e-16
2.927345865710861972e-16
-1.986258379993444123e-15
-1.916869440954371839e-15
-2.435551760271437161e-15
-2.709638069475772681e-15
-1.307547820017518347e-15
-1.620231726562337826e-15
5.074066167232160751e-16
7.459310946700270506e-17
2.109423746787797427e-15
1.838806884535415520e-15
2.168404344971008868e-15
2.907396545737128690e-15
-6.115680333008584324e-04
7.953178519048090950e-04
-8.081699837904268019e-04
4.532113155035714241e-04
-5.313606855740652182e-04
-1.543780110600575378e-04
5.671553640544668706e-05
-6.715391287560566747e-04
6.115701917259706855e-04
-7.953149515528609020e-04
8.081684296608847295e-04
-4.532113840187458609e-04
5.313616436639434851e-04
1.543784938499385279e-04
-5.671475042454653115e-05
6.715389169544593636e-04
