7.647598034020743930e-03
-6.757651980798163108e-03
7.127288235679944163e-03
-1.717793729727794261e-03
2.431845745676339439e-03
4.328320356958837573e-03
-3.688106154927942026e-03
7.838935905679314531e-03
-7.647615404370974174e-03
6.757637853157955239e-03
-7.127286732426985419e-03
1.717786202232904694e-03
-2.431851853842797312e-03
-4.328326070148096928e-03
3.688098762360944236e-03
-7.838936136511645211e-03
-1.186759024385253269e-13
3.216372480852047744e-13
1.301736496372996044e-13
2.623890688058239107e-13
3.039998808240795825e-13
4.991146385080469372e-14
3.011948329634250854e-13
-1.953194550541326180e-13
1.192709125907853718e-13
-3.228994762544123986e-13
-1.306021263358658757e-13
-2.633206153124234561e-13
-3.051794927877438113e-13
-4.884287418960298055e-14
-3.006024248963790058e-13
1.945561767247028229e-13
3.039148793737567189e-14
6.966215798653863089e-14
6.672180169475794287e-14
5.874207370526463023e-14
6.408198624519023667e-14
1.282220857268256964e-14
2.359397399676055329e-14
-4.051620150491430650e-14
-3.061439990403869160e-14
-6.981481365242458992e-14
-6.677297603729925868e-14
-5.854344786726528582e-14
-6.476416625211811606e-14
-1.274588073973959013e-14
-2.315422159560043269e-14
3.936553773925544064e-14
1.272419669628988004e-15
6.591949208711866959e-15
8.013555097274860373e-15
-8.465450562766818621e-16
9.930424538229232212e-15
-7.915543220882170772e-15
6.218983661376853433e-15
-9.992007221626408864e-15
-1.068589661201713170e-15
-6.260617024800296804e-15
-8.654535421648290594e-15
1.475382316318274434e-15
-1.083768491616510232e-14
8.465450562766818621e-15
-6.438859861956913733e-15
1.058484896954148269e-14
6.816595898850863477e-15
9.593020822151743232e-15
-1.202163368851927316e-15
1.133988736246038798e-14
-8.338165227717020400e-15
6.276446376518585168e-15
-1.121845671914201148e-14
-2.288100264813408558e-15
-7.330941409477986781e-15
-9.297250469497697623e-15
7.971054372113428599e-16
-1.048119924185186846e-14
8.792120677336701107e-15
-6.507815120126991815e-15
1.104845381849628438e-14
2.137179322403426340e-15
2.087739703338087338e-15
9.396129707628375627e-15
-5.193762087074560441e-15
8.766208245414297551e-15
-9.491539498807100017e-15
2.894386119667302637e-15
-7.951972413877683721e-15
-4.517219931443605674e-15
-2.235191198796115941e-15
-9.607765971697546092e-15
5.386750073776980230e-15
-8.734115861108726619e-15
8.644127080792429751e-15
-2.470246229790973302e-15
7.896461262646425894e-15
4.557118571391072237e-15
1.149254302834634700e-15
2.890049310977360619e-15
-1.565371096634571302e-15
7.535205098774255816e-16
-2.638514406960723591e-15
-1.216908518397730177e-15
-2.777292285038868158e-15
-3.011479954295737116e-15
-6.019490461639520618e-16
-2.942958376994653236e-15
1.408378622058670260e-15
-5.236696493104986416e-16
2.864028458837708513e-15
1.868297183627021241e-15
2.591676873109349799e-15
3.131175874138136805e-15
1.331400267812199445e-15
-8.409072049797572390e-16
6.392456008974534143e-16
-1.264613413987092372e-15
-4.666406150377611084e-16
-4.198030811863873168e-16
-9.896597430447684474e-16
-3.729655473350135253e-16
-8.981530796869918731e-16
5.954438331290390352e-16
-5.342948306008565851e-16
1.268082860939045986e-15
7.979727989493312634e-17
1.106753577673202926e-15
8.803721640582296004e-16
-1.587271980518778491e-16
1.235123114895486651e-15
-1.280876446574374938e-15
1.462371890248448381e-15
2.610758831345094677e-16
2.012279232133096230e-16
4.059252933785728601e-16
-3.113828639378368734e-16
2.437286483747413968e-16
-6.942146510424684891e-16
7.290175407792531814e-16
-8.500145032286354763e-16
6.739400704169895562e-16
-4.336808689942017736e-16
-3.469446951953614189e-16
5.846018114041839908e-16
-1.272419669628988004e-15
6.730727086790011526e-16
-9.159339953157541458e-16
3.001071613439876273e-16
6.470518565393490462e-16
5.958775139980332369e-16
1.335737076502141463e-16
4.328135072562133701e-16
1.053844511655910310e-16
-3.035766082959412415e-16
-2.341876692568689577e-16
-8.951173136040324607e-16
-4.059252933785728601e-16
-2.324529457808921507e-16
-5.924080670460796227e-16
3.781697177629439466e-16
-4.514617846229640463e-16
2.636779683484746784e-16
9.011888457699512855e-16
3.885780586188047891e-16
-6.591949208711866959e-17
5.368969158148217957e-16
2.333203075188805542e-16
-1.908195823574487804e-16
-6.700369425960417402e-17
-3.903127820947815962e-17
1.301042606982605321e-16
-6.418476861114186249e-16
-5.898059818321144121e-17
-1.552577510999242349e-16
-2.125036258071588691e-16
-3.512815038853034366e-17
-5.412337245047638135e-16
-1.630640067418198669e-16
4.857225732735059864e-16
1.630640067418198669e-15
-1.263746052249103968e-15
6.245004513516505540e-16
-3.061786935099064522e-16
3.287300986976049444e-16
-5.368969158148217957e-16
-7.320533068622125938e-16
4.041905699025960530e-16
-8.534839501805890905e-16
2.628106066104862748e-16
-3.087807787238716628e-16
-1.461504528510459977e-16
2.116362640691704655e-16
6.106226635438360972e-16
-2.393918396847993790e-16
-1.615027556134407405e-15
1.621099088300326230e-15
-3.079134169858832593e-16
3.252606517456513302e-17
-1.984089975648473114e-16
9.593020822151743232e-16
-4.206704429243757204e-16
-5.065392549852276716e-16
5.429684479807406206e-16
-3.079134169858832593e-16
-4.336808689942017736e-17
-4.933119884809045175e-17
2.220446049250313081e-16
-9.740472317609771835e-16
2.732189474663471174e-16
2.072127192054296074e-15
-1.605486577016534966e-15
2.224782857940255099e-16
-2.576064361825558535e-16
5.004677228193088467e-16
-1.049507702965968292e-15
2.307182223049153436e-16
4.926614671774132148e-16
-6.539907504432562746e-16
5.733261088103347447e-16
-1.309716224362489356e-16
-2.844946500601963635e-16
4.770489558936219510e-17
1.020017403874362572e-15
-9.263423361716149884e-16
1.231653667943533037e-16
1.597680321374639334e-15
-7.632783294297951215e-17
-1.161180526731975249e-16
1.424641654645952826e-16
4.119968255444916849e-16
-4.128641872824800885e-16
-5.950101522600448334e-16
8.829742492721948111e-16
-8.647596527744383366e-16
5.611830444784970950e-16
-8.695301423333745561e-17
7.090682208055198998e-17
-7.884318198314588244e-16
4.050579316405844565e-16
1.040834085586084257e-17
-1.923808334858279068e-15
-1.795438797635995343e-16
4.675079767757495119e-16
3.885780586188047891e-16
-7.528699885739342790e-16
5.048045315092508645e-16
3.642919299551294898e-17
-6.357761539454998001e-16
1.185683495830147649e-15
-1.125401855039953602e-15
6.058521739848998777e-16
-7.502679033599690683e-16
1.278491201794906829e-15
-6.227657278756737469e-16
-2.255140518769849223e-16
1.704365815147212970e-15
-1.416401718135062993e-15
-3.607140627859273252e-16
-2.385244779468109755e-16
4.891920202254596006e-16
-5.819997261902187802e-16
-1.214306433183764966e-16
5.672545766444159199e-16
-1.004404892590571308e-15
5.377642775528101993e-16
-6.179952383167375274e-18
6.910704647422605262e-16
-8.769027171062759862e-16
5.559788740505666738e-16
5.447031714567174276e-16
-1.446759378964657117e-15
1.283695372222837250e-15
1.561251128379126385e-17
4.952635523913784255e-16
-8.326672684688674053e-16
4.128641872824800885e-16
1.700029006457270953e-16
-6.956241138666996449e-16
5.464378949326942347e-16
-3.699297812520541129e-16
1.474514954580286030e-17
-1.994931997373328159e-16
8.873110579621368288e-16
-5.828670879282071837e-16
-2.671474153004282925e-16
1.719110964693015831e-15
-1.039966723848095853e-15
-1.769417945496343236e-16
2.788567987632717404e-16
3.720981855970251218e-16
-2.281161370909501329e-16
-1.040834085586084257e-16
6.730727086790011526e-16
-1.409462824231155764e-15
3.720981855970251218e-16
6.021658865984491626e-16
4.080936977235438690e-16
-6.496539417533142569e-16
5.394990010287870064e-16
4.406197628981090020e-16
-9.124645483638005317e-16
1.037364638634130642e-15
-1.379105163401561640e-16
-6.320898665590490850e-17
-1.608956023968488580e-16
-3.642919299551294898e-17
2.064320936412400442e-16
-8.474124180146702656e-16
1.230786306205544633e-15
-7.454974138010328488e-16
2.198762005800602992e-16
-7.537373503119226825e-16
5.499073418846478489e-16
-7.025630077706068732e-16
2.775557561562891351e-17
8.899131431761020394e-16
-8.725659084163339685e-16
1.409462824231155764e-16
2.489328188026718180e-16
1.908195823574487804e-17
-2.211772431870429045e-16
-2.896988204881267848e-16
6.834810495348619952e-16
-1.085936895961481241e-15
8.716985466783455649e-16
3.768686751559613413e-16
-2.782062774597804378e-16
-8.109832250191573166e-16
9.228728892196613742e-16
-1.196959198423996895e-16
-6.192962809237201327e-16
1.004404892590571308e-15
-5.629177679544739021e-16
4.321629859527220674e-16
-6.160436744062636194e-16
5.429684479807406206e-16
-4.692427002517263190e-16
-5.256212132209725496e-16
6.158268339717665185e-16
-1.691355389077386917e-17
-6.101889826748418955e-16
6.852157730108388023e-17
4.388850394221321949e-16
-4.909267437014364077e-16
6.938893903907228378e-17
7.433290094560618400e-16
-4.336808689942017736e-16
1.574261554448952438e-16
-1.561251128379126385e-16
-3.434752482434078047e-16
-7.667477763817487357e-16
6.956241138666996449e-16
-3.261280134836397337e-16
-4.666406150377611084e-16
-1.795438797635995343e-16
-3.049860711201723973e-16
3.124670661103223779e-16
6.505213034913026604e-17
1.249000902703301108e-16
9.540979117872439019e-17
-7.251144129583053655e-16
4.163336342344337027e-16
-1.569924745759010420e-16
4.044074103370931539e-17
-1.038665681241113248e-16
3.677613769070831040e-16
-4.258746133523061417e-16
2.255140518769849223e-16
3.989863994746656317e-17
-4.189357194483989133e-16
-2.133709875451472726e-16
-3.946495907847236140e-16
6.609296443471635030e-16
-2.307182223049153436e-16
5.898059818321144121e-17
4.345482307321901772e-16
-5.290906601729261638e-16
4.198030811863873168e-16
4.644722106927900995e-16
5.091413401991928822e-16
-9.575673587391975161e-16
2.914335439641035919e-16
-4.250072516143177381e-16
-1.994931997373328159e-16
4.119968255444916849e-16
-5.338611497318623833e-16
1.340507566061077682e-15
-4.544975507059234587e-16
7.979727989493312634e-16
-2.480654570646834145e-16
1.214306433183764966e-17
4.753142324176451439e-16
-5.212844045310305319e-16
6.251509726551418566e-16
-2.105520618966849611e-16
5.993469609499868511e-16
-2.489328188026718180e-16
1.231653667943533037e-16
4.510281037539698445e-17
-3.382710778154773834e-17
3.946495907847236140e-16
-9.298117831235686026e-16
2.836272883222079599e-16
-2.636779683484746784e-16
2.792904796322659422e-16
-3.842412499288627714e-16
4.007211229506424388e-16
-3.148523108897904876e-16
4.488596994089988357e-16
-4.302114220422481594e-16
-1.327063459122257427e-16
7.025630077706068732e-16
-1.647987302177966740e-16
-5.759281940242999553e-16
9.801187639268960083e-17
-4.640385298237958978e-17
2.276824562219559311e-16
-1.561251128379126385e-17
4.623038063478190907e-16
-3.001071613439876273e-16
2.914335439641035919e-16
-1.283695372222837250e-16
2.350550309948573613e-16
-9.259086553026207866e-17
1.704365815147212970e-16
5.525094270986130596e-16
-9.922618282587336580e-16
8.153200337090993344e-17
3.920475055707584033e-16
-7.554720737878994896e-16
3.287300986976049444e-16
4.412702842016003046e-17
-8.632417697329586304e-16
-4.510281037539698445e-16
4.909267437014364077e-16
-3.261280134836397337e-16
-2.246466901389965187e-16
2.099015405931936584e-16
-9.072603779358701104e-16
5.316927453868913744e-16
-3.209238430557093125e-16
2.896988204881267848e-16
-1.179611963664228824e-16
-1.474514954580286030e-16
3.486794186713382260e-16
-6.028164079019404653e-17
-1.026088936040281396e-15
6.106226635438360972e-16
-2.489328188026718180e-16
-8.326672684688674053e-17
3.504141421473150331e-16
6.626643678231403101e-16
-2.272487753529617294e-16
-1.604619215278546562e-16
7.600257229123386082e-16
-1.196959198423996895e-16
-4.501607420159814410e-16
8.847089727481716182e-17
-1.092875789865388469e-16
-6.808789643208967846e-16
6.670011765130823278e-16
3.209238430557093125e-16
4.822531263215523722e-16
-2.628106066104862748e-16
8.326672684688674053e-16
7.025630077706068732e-17
-1.899522206194603768e-16
1.595945597898662527e-16
3.807718029769091572e-16
-3.452099717193846118e-16
-4.562322741819002658e-16
3.400058012914541905e-16
-5.984795992119984476e-16
2.775557561562891351e-17
-5.984795992119984476e-17
-1.088538981175446452e-16
-8.283304597789253876e-17
6.609296443471635030e-16
2.610758831345094677e-16
-2.775557561562891351e-17
1.700029006457270953e-16
3.556183125752454544e-17
5.447031714567174276e-16
3.280795773941136417e-16
-9.217886870471758698e-16
5.386316392907986028e-16
-6.166941957097549221e-16
4.735795089416683368e-16
-3.001071613439876273e-16
-3.226585665316861196e-16
-4.527628272299466516e-16
3.979021973021801273e-16
-1.199561283637962106e-15
2.168404344971008868e-16
5.195496810550537248e-16
-1.856154119295183591e-16
2.203098814490545010e-16
8.634586101674557312e-16
-1.209969624493822948e-16
1.040834085586084257e-17
-1.353084311261909534e-16
1.023486850826316186e-16
-5.134781488891348999e-16
-2.489328188026718180e-16
-2.419939248987645897e-16
-6.140921104957897114e-16
-2.164067536281066850e-16
8.040443311152500883e-16
4.761815941556335474e-16
-4.336808689942017736e-16
6.331740687315345895e-16
-1.040834085586084257e-16
-4.753142324176451439e-16
-3.149607311070390381e-16
7.606762442158299109e-16
-5.984795992119984476e-17
-3.495467804093266295e-16
3.868433351428279821e-16
1.231653667943533037e-16
-2.151057110211240797e-16
2.072994553792284478e-16
-4.933119884809045175e-16
2.320192649118979489e-17
-7.936359902593892457e-16
7.459310946700270506e-16
-3.747002708109903324e-16
2.879640970121499777e-16
-3.191891195797325054e-16
8.847089727481716182e-17
4.605690828718422836e-16
-3.642919299551294898e-17
6.539907504432562746e-16
-3.087807787238716628e-16
2.489328188026718180e-16
9.280770596475917955e-17
-1.081600087271539223e-15
1.635193716542637787e-15
-1.358288481689839955e-15
-9.887923813067800438e-17
-7.494005416219806648e-16
1.994931997373328159e-16
2.255140518769849223e-17
-1.066854937725736363e-16
-1.739060284666749112e-16
-1.232304189247024340e-15
1.255939796607208336e-15
-3.469446951953614189e-17
5.950101522600448334e-16
6.123573870198129043e-16
9.280770596475917955e-17
1.294103713078698092e-15
-9.995259828143865377e-16
7.832276494035284031e-16
-1.066854937725736363e-15
3.313321839115701550e-16
-4.458239333260394233e-16
-4.163336342344337027e-16
7.494005416219806648e-16
-1.021752127350339379e-15
1.012427988666964040e-15
-1.412064909445120975e-15
9.610368056911511303e-16
3.937822290467352104e-16
1.396452398161329711e-16
1.104151492459237716e-15
-1.147519579358657893e-15
1.526122977990596041e-15
-1.563853213593091596e-15
-5.984795992119984476e-17
-8.933825901280556536e-16
-2.454633718507182039e-16
-8.023096076392732812e-16
-6.305719835175693788e-16
-8.673617379884035472e-18
-3.688455790795686084e-16
9.987670412936466846e-16
-1.173540431498309999e-15
1.768550583758354833e-15
9.662409761190815516e-16
1.240327285323417073e-15
9.332812300755222168e-16
5.592314805680231871e-16
-9.626631089498793870e-16
-2.246466901389965187e-16
-1.586404618780790088e-15
-1.414666994659086185e-15
-1.030425744730223414e-15
-6.938893903907228378e-16
-5.819997261902187802e-16
8.673617379884035472e-19
7.484247596667437108e-16
3.252606517456513302e-16
9.332812300755222168e-16
-5.048912676830497048e-15
-8.187894806610529486e-16
-4.657732532997727048e-15
3.114696001116357138e-15
-1.985391018255455720e-15
5.894590371369190507e-15
1.320124565218350199e-15
3.901393097471839155e-15
5.015085569048949310e-15
-4.883246584874711971e-16
3.778010890242988751e-15
-2.744766219864303025e-15
2.739128368567378402e-15
-5.748439918518144509e-15
-9.835882108788496225e-16
-4.227521110955478889e-15
9.366205727667775705e-15
8.064729439816176182e-15
-5.438358097187290241e-16
-3.042704976863319644e-15
-1.061130350255012900e-14
-1.184469189396963884e-14
-1.463759669029229826e-14
-1.391942117123790013e-14
-1.020711293264753294e-14
-6.871239688344132901e-15
9.853229343548264296e-16
3.167605067133649754e-15
1.097212598555330487e-14
1.248653958008105747e-14
1.439993957408347569e-14
1.405819904931604469e-14
-6.134821305101924131e-03
7.899653703385287051e-03
-7.996076109665541803e-03
4.586896673144991166e-03
-5.173387000383271317e-03
-1.412770006022063748e-03
6.798545882129997109e-04
-6.584896276283418691e-03
6.134843678462922195e-03
-7.899622283778842680e-03
7.996059092608438085e-03
-4.586896871893475849e-03
5.173396726930378983e-03
1.412774571888108371e-03
-6.798455513285488888e-04
6.584893336815333953e-03
