1.561457249957265425e-08
-1.592892531765421893e-08
-1.288796511178524895e-08
1.384144741531367906e-08
9.326385518038105005e-09
-1.342208332671956938e-08
-8.051091716920755204e-09
1.351418502451573467e-08
9.779665768178125163e-09
-1.033804669300919521e-08
-1.174737403533687718e-08
6.478928726849630948e-09
1.348491754718517122e-08
-8.493984092472484093e-09
-1.541634579715900344e-08
1.426334002643803167e-08
-9.831493258394274903e-13
-9.763283931318866848e-13
-9.683781554414849779e-13
-9.820911445190816380e-13
-9.651116711362206502e-13
-9.754089896896189771e-13
-9.797440636560850180e-13
-9.757247093622467560e-13
-9.865025463184906585e-13
-9.888496271814872784e-13
-9.792965049992830018e-13
-9.882667600935590713e-13
-9.776918857840044552e-13
-9.714659632287236946e-13
-9.863273392474170009e-13
-9.648080945279247089e-13
-1.629200246933137919e-13
-1.637168048698733891e-13
-1.593904045207872322e-13
-1.652305679430976504e-13
-1.548282986194027266e-13
-1.588354014286919025e-13
-1.512578040249734634e-13
-1.533858760491280115e-13
-1.489987603783826664e-13
-1.519982056885638144e-13
-1.523680270495986200e-13
-1.514601161503592586e-13
-1.589895749776193412e-13
-1.510319647124447329e-13
-1.631461892664942681e-13
-1.567040767980198979e-13
3.941551945940702240e-14
4.164691595059943907e-14
4.324383733045333855e-14
4.185410698576141897e-14
5.542690872245570333e-14
5.036997294954881355e-14
6.317711111203383467e-14
6.018492995640833954e-14
5.858378018808174659e-14
6.156772140719635189e-14
5.117770356805051435e-14
5.430226580893648958e-14
4.804023932131196162e-14
4.729788609381113673e-14
4.476909294670594619e-14
4.469309037441471233e-14
-1.603274804584664537e-14
-1.225424926462603814e-14
-8.661636945878070648e-15
-8.269535230198687970e-15
3.615055303718417434e-15
1.780097336895325455e-15
5.943704729782783858e-15
7.949478748880967061e-15
-4.116715648927460336e-16
2.430401799952131014e-15
-4.120456146422535326e-15
-6.577420899600561199e-15
-5.960455653347684901e-15
-1.016276906379287581e-14
-1.198178925868043088e-14
-1.165089075563785492e-14
-2.420692769497523322e-14
-1.907697090575144472e-14
-1.320352247674572155e-14
-9.961866401231311841e-15
-4.492744067399745411e-15
-3.643542715800474063e-15
-5.628147687480877792e-15
-4.228876363671085770e-15
-1.164330134043045639e-14
-1.184984185428894499e-14
-1.446908456763373874e-14
-1.882020472625256513e-14
-1.999285069095857459e-14
-2.291651026928298585e-14
-2.486793865448533314e-14
-2.360186156756538534e-14
-6.277654245501369801e-15
-4.390743512858435310e-16
6.562801534447425603e-15
1.205291757987668987e-14
1.353178120160817947e-14
1.445367830887260389e-14
1.033980742009849713e-14
7.528383095417069681e-15
2.956549444149822112e-15
-1.622265452668695401e-15
-3.617964861892235956e-15
-8.071429470428957698e-15
-9.804196723814080985e-15
-1.269156644606280263e-14
-1.287980554254644118e-14
-1.027274443353258515e-14
5.302791321012186726e-15
1.185032889823361621e-14
1.748659370244803196e-14
2.064996911055956737e-14
2.013187865551439599e-14
1.602471499713312240e-14
1.255752538798394092e-14
6.898344319139796885e-15
3.343446777643037555e-15
-2.976201879075542761e-15
-4.484826426925285839e-15
-1.039497446419493289e-14
-1.114872007307809131e-14
-1.174210371032117107e-14
-8.385155862773610407e-15
-3.049842923509831633e-15
1.060628229123880550e-14
1.700106594675239446e-14
2.169350819586270823e-14
1.997030267390266511e-14
1.876442760667586945e-14
1.179830667571209885e-14
6.502715981784520927e-15
4.155899393067444270e-16
-3.102839233920691442e-15
-1.243963936579158686e-14
-1.456934277540254674e-14
-1.782944722850815511e-14
-1.663450735663041247e-14
-1.383792982544845840e-14
-6.376460638798583935e-15
1.324408857865562450e-15
1.561631784985622468e-14
2.163975294393110857e-14
2.038580706288173686e-14
1.649236591071872107e-14
1.078540943079235592e-14
4.609875171477859079e-15
-2.753958221407906692e-15
-1.115206204157148315e-14
-1.606774236502950953e-14
-1.966825241897767612e-14
-2.211602432357915107e-14
-2.344823520192187288e-14
-1.928580518483109796e-14
-1.046430601675182870e-14
-8.406632594909480005e-16
9.284992208685033388e-15
2.312286104776128948e-14
2.284160206355960454e-14
1.833178943523973772e-14
1.344718336248468260e-14
4.862320635912794481e-15
-3.712044811343771095e-15
-9.731688585946744741e-15
-1.570487514449166178e-14
-2.283468858064411494e-14
-2.429798627790391227e-14
-2.439799461095328026e-14
-1.916979978753988526e-14
-1.165209862462063956e-14
-4.996901465737293990e-16
8.966672144909183795e-15
2.032406513729047640e-14
2.682223848137887251e-14
2.137960456187384256e-14
1.229404287248804517e-14
5.098929972365863483e-15
-2.325298563725028411e-15
-1.157919449885046193e-14
-1.699432864668993376e-14
-2.333703671660632833e-14
-2.705134395295221567e-14
-2.466434412121739500e-14
-2.148307980077632240e-14
-1.138574572622473580e-14
-2.375354822775968544e-15
1.284850555756302665e-14
1.889122674481394371e-14
2.484166030432971572e-14
2.267274392794209163e-14
1.878617814221193900e-14
8.113284968242818508e-15
-3.063278983635652972e-15
-1.048423437266011744e-14
-1.975691241635796781e-14
-2.434826170672995446e-14
-2.766138110497126223e-14
-2.832403848477258769e-14
-2.035650374631323752e-14
-1.355144591851163531e-14
1.895779379358923829e-15
1.268163985519569267e-14
2.403871881011179074e-14
2.973715943254469796e-14
2.779782921892798384e-14
1.814785030151283562e-14
8.844907770609589104e-15
9.241807080902220140e-17
-1.176521055736403157e-14
-1.980901997744892104e-14
-2.621700294737957376e-14
-2.911957902861387823e-14
-2.629363401811767031e-14
-2.299833788715248753e-14
-1.006354677731855982e-14
9.875328433142128992e-16
1.352287168555248512e-14
2.391511891541549598e-14
3.079465952664272102e-14
2.947790445848854843e-14
2.799246616702047094e-14
8.953570239281054277e-15
-5.203001522463210349e-15
-1.352066685879078217e-14
-2.325385299898827252e-14
-2.576830079609876423e-14
-3.160410369279671727e-14
-3.182467107226173708e-14
-2.246068287684987314e-14
-1.542891350434210523e-14
1.336360492751320628e-15
1.268943446413456355e-14
2.786331143025608248e-14
3.318003390215176068e-14
3.366153825134794025e-14
2.831740240514732387e-14
1.855988270244111199e-14
1.467543979303501545e-15
-1.429555388064181589e-14
-1.939962121371189511e-14
-3.387687753170426971e-14
-3.376683334053759596e-14
-2.809545213851679301e-14
-2.662791027679565960e-14
-9.771526874796719435e-15
-1.836656585519692072e-15
1.774160684138345037e-14
2.541461308336854814e-14
3.312415175048960547e-14
3.687593828892736427e-14
3.020792065111261443e-14
2.205188878875806837e-14
8.565709617568573880e-15
-1.200659631260666757e-14
-2.665844856740125571e-14
-2.969448908903557852e-14
-3.446016665379844635e-14
-3.270246317396263008e-14
-2.218433668374226314e-14
-1.916645570146412528e-14
4.556128389875731960e-15
1.395653137872300553e-14
2.952037045529914278e-14
3.507143560348103747e-14
3.588875378791270970e-14
3.280921050114035328e-14
2.217515738769286829e-14
1.098407423230727403e-14
-6.572413240816393776e-15
-2.810636075820712593e-14
-3.421611782696964282e-14
-3.570340773246041821e-14
-3.750366953569807954e-14
-3.070616406541243348e-14
-1.031333933456269475e-14
-1.448197640909094919e-15
1.524949667952059384e-14
2.694162946936026065e-14
4.189561329424277419e-14
3.893209234542057556e-14
3.430027902060883011e-14
2.489479298704508348e-14
8.937813732396229782e-15
-3.323960572933215563e-16
-2.010611424259952512e-14
-3.329996767943366122e-14
-3.851637053367185548e-14
-3.497165390468461922e-14
-2.832533365108849872e-14
-1.891826303063867611e-14
6.564243819798362863e-16
1.825639386793432998e-14
3.136823545723293658e-14
3.662461509020798161e-14
4.154022622166212916e-14
3.621418453446208154e-14
2.593588409419110021e-14
1.208212301120022212e-14
-3.415351245716777501e-15
-1.489719915961505887e-14
-2.737134675355690433e-14
-3.837400435933134568e-14
-3.513823092763561709e-14
-3.045989347116298193e-14
-1.293846215062732785e-14
-5.293803454408871345e-16
1.809755856730255880e-14
3.336642689032685849e-14
3.954260743578011036e-14
4.245726728903994468e-14
3.817362939829592114e-14
2.735801816073626588e-14
1.239011758453036419e-14
-1.393769844817375342e-15
-2.051085877204962549e-14
-2.747887536274935122e-14
-3.795270880609189629e-14
-3.870652238936907186e-14
-2.822600585607269036e-14
-1.859295256276781438e-14
3.079528040179305842e-15
1.964618551663580709e-14
2.958073171718637873e-14
4.644246497928017706e-14
4.248563272837759669e-14
3.849147597065425558e-14
2.615756241030600324e-14
1.488436195178294633e-14
-7.278556656855044577e-15
-1.775545635946665021e-14
-3.027524791195806975e-14
-3.861750684990917018e-14
-4.167624616046401373e-14
-3.148654150188801037e-14
-1.673448429652117284e-14
-8.973922323421206979e-16
1.696477847295686900e-14
3.562180394304722848e-14
4.133653173850641502e-14
4.865120704490268544e-14
4.173333146948818447e-14
3.184849588560651401e-14
1.000075352502107916e-14
-3.269007192897724692e-15
-2.098820932461202917e-14
-3.324245933039189616e-14
-4.216566275029961413e-14
-4.378231581559936174e-14
-4.215611568313243330e-14
-1.673568713624583315e-14
-8.591082489503576447e-16
1.743211254328063536e-14
3.847260746472121878e-14
4.337430581531891843e-14
4.604538016877209733e-14
4.129662039306473964e-14
2.976112262989723256e-14
1.275194718970782543e-14
-3.064095946913279744e-15
-1.794979366965404610e-14
-3.406169525035571133e-14
-3.625956617749580280e-14
-4.446031555611386354e-14
-4.064730695855622161e-14
-3.244238340157409167e-14
1.360933765584115135e-15
1.764411557261596694e-14
3.193572895010803742e-14
5.025445967839995559e-14
5.310241484003056650e-14
4.169244820667909399e-14
3.037322590703286918e-14
1.498258643344539676e-14
-2.173578022212838134e-15
-2.402224656038653636e-14
-3.246180247892284376e-14
-4.786385656850751513e-14
-4.840394425743464388e-14
-3.831765549251525335e-14
-3.467706383950301327e-14
-1.835877844603810150e-14
2.426761919383277994e-14
3.612086675584439766e-14
4.884237232258173238e-14
4.733709471954394626e-14
4.875242917616546883e-14
2.951747180267452015e-14
1.570999514102045880e-14
-6.381906319495600239e-15
-1.747939138129752865e-14
-3.844279984591174792e-14
-4.023644896880931333e-14
-4.505482235904500251e-14
-4.710045986622334122e-14
-3.049279212495522055e-14
-1.707159393334728697e-14
-1.681897525067463806e-15
3.833346875060754388e-14
5.031928649798511621e-14
5.307813209949868022e-14
4.624513425465718447e-14
3.605876685295380385e-14
1.126843166303001520e-14
-2.322189952808605129e-15
-2.702880610029167324e-14
-3.207802201491728733e-14
-5.139672595941974231e-14
-5.020007169285675697e-14
-4.544540132124345877e-14
-3.499644692962766701e-14
-1.776594686251839472e-14
-1.250559443326249021e-17
1.802396665077921067e-14
4.670072447786506598e-14
5.557072475250411647e-14
4.347152232777413625e-14
3.365442486865689864e-14
1.927738144217065394e-14
-5.219112936152934396e-15
-1.833006233506028620e-14
-4.179238284786205085e-14
-4.180305631003040229e-14
-4.852789058860636565e-14
-4.256656079725711431e-14
-3.926202861903507063e-14
-2.340259367859202216e-14
2.168239173546294279e-15
1.930629829995696850e-14
4.016972776003761847e-14
5.282439427454447157e-14
5.213080960425652347e-14
3.884023119877437306e-14
1.238280769019555957e-14
-2.346493445647699141e-15
-2.818814962431929073e-14
-3.595589745436684765e-14
-5.002762764325704298e-14
-4.968166720034639106e-14
-4.843308642598492808e-14
-3.391575083826908494e-14
-1.734873379632647424e-14
6.049473310389954714e-16
2.293735278549959879e-14
3.641222650206297172e-14
5.355142234668886121e-14
5.321407411126941739e-14
3.056317135138875152e-14
2.332241862200261362e-14
-8.976882280055387131e-15
-1.672903284541220337e-14
-4.133624290027140130e-14
-4.730558392923578381e-14
-5.181186527719854745e-14
-4.714369052202706939e-14
-3.398436283633728822e-14
-2.103126226231551155e-14
3.709377504592867303e-16
2.138978759196573376e-14
4.427372605629500274e-14
5.014538893984791385e-14
5.841409238369239809e-14
4.231756868614813469e-14
1.247211715008815849e-14
1.870406295665684449e-15
-3.018385729211406701e-14
-3.573751012594982360e-14
-5.104023689697471944e-14
-5.087701703617060478e-14
-4.305428406235203495e-14
-3.736953085707204678e-14
-1.645595450541510046e-14
3.036662243817607465e-15
2.441659968963972097e-14
3.992381122556011921e-14
5.881461784203222479e-14
5.959652327300508923e-14
4.864949148554714026e-14
2.084960842348030155e-14
-5.411720605062037004e-15
-1.891843683121154085e-14
-4.158464039425140840e-14
-4.488840261952439792e-14
-5.412847074178590498e-14
-5.087350439053834120e-14
-3.606983079731083952e-14
-2.257689749127905765e-14
2.512804553192818369e-15
2.072722656216215847e-14
4.736842699765847486e-14
5.218141982285496791e-14
5.337376607984821789e-14
5.961677498374099229e-14
3.501156900883499803e-14
-2.532387954933337793e-15
-2.892734913639925104e-14
-3.622151745750513963e-14
-5.439534456544437013e-14
-5.102431437163223310e-14
-5.310717516519413567e-14
-4.235256893456162963e-14
-1.876219143969511810e-14
-3.125810767450228067e-15
2.349614338541857611e-14
3.892899051076773032e-14
5.857353278348586406e-14
6.380749505423711360e-14
4.161653287878142732e-14
4.116800352222185766e-14
1.357239516087960229e-14
-2.118198266967523131e-14
-4.999879570052369066e-14
-5.027162014239485409e-14
-5.263084068159152272e-14
-4.769285078085223895e-14
-3.746730725830539968e-14
-2.162326417706338273e-14
-4.922838175378798850e-15
1.400728178127422056e-14
3.410178023755157384e-14
4.547021536319151031e-14
4.652517478196424409e-14
4.364884359308414050e-14
2.446685733077387081e-14
1.632739015061494825e-14
-1.279369702016151626e-14
-3.385593485384164394e-14
-4.910316233209654352e-14
-4.940055687042694925e-14
-4.262498193017866428e-14
-3.921169368614448383e-14
-1.836555725071497766e-14
5.502620792829579499e-15
2.290439727462077572e-14
3.498673739095329097e-14
4.578374778499124179e-14
5.140061553471353406e-14
5.142395129241039003e-14
3.596913467350830104e-14
9.579716052132746310e-15
-2.294463599829656489e-15
-2.562373556540850465e-14
-2.216065872473471643e-14
-3.095643858440355611e-14
-2.861133639037172216e-14
-7.281284949978150678e-15
-7.052735132018206343e-17
9.131774112922097508e-15
3.205267540100364965e-14
5.151421281733570279e-14
6.012088071306875836e-14
6.262487273547834299e-14
5.340050775702598340e-14
4.840794648811042045e-14
3.101368445911079075e-14
6.984999601292174454e-15
9.581636699340645436e-16
-1.856761272511775474e-14
-3.443626677215871901e-14
-3.661188106157675648e-14
-2.988662919575779675e-14
-1.841110814151947217e-14
7.175629448269438271e-15
1.752607390811955490e-14
4.436913076527604360e-14
4.209610091066018356e-14
4.862901531108021480e-14
4.947572299768276949e-14
2.430504799158517137e-14
2.435508392184537740e-14
-3.389758092275929613e-15
-1.749099996783964883e-14
-3.140727695277734099e-14
-2.998187635661064832e-14
-1.011701573211398753e-13
-1.036291278483369993e-13
-5.841572885134649340e-14
-6.488830740086770632e-14
-4.859610977514527974e-15
-2.156955170029561941e-14
1.979254433959187764e-14
2.041325008333982893e-14
8.847089727481716182e-16
4.310896258019614180e-15
-4.749401826681376448e-14
-4.442019668760011086e-14
-8.554149142497857738e-14
-8.670169616975531568e-14
-1.152361626260978156e-13
-1.073724442690604519e-13
1.089902907508433216e-13
9.696616339732733181e-14
1.815621221076813008e-13
1.753289353978448872e-13
2.511646489747332289e-13
2.477923465374343159e-13
2.549531766260493271e-13
2.548700183194196889e-13
2.071103705203469758e-13
2.066245395268562213e-13
1.301942494785768289e-13
1.283985938405063365e-13
6.922977816015141173e-14
7.061083488746344727e-14
5.908468159177004964e-14
5.806726627310965227e-14
9.377706944313501936e-13
9.772096326576829028e-13
1.031926280536943352e-12
1.079894854094654022e-12
1.104425578768442051e-12
1.119831657958592075e-12
1.112450409568310761e-12
1.071163990840062752e-12
1.018291354015765648e-12
9.790120103492228054e-13
9.018324281795386810e-13
8.835068093793196908e-13
8.476188501083115057e-13
8.360135500540266662e-13
8.591599653939852033e-13
8.690721753357166790e-13
-1.236753754962904850e-12
-9.923797894551000809e-13
-1.235143931577198373e-12
-1.097490154311486776e-12
-1.143276445736418623e-12
-1.209796152146225268e-12
-1.030165536208826893e-12
-1.241163422038837894e-12
-9.728884364790246764e-13
-1.186939435626754857e-12
-9.810451062630676233e-13
-1.100543267629205957e-12
-1.055246168224499570e-12
-1.004911431845556535e-12
-1.153972750689291615e-12
-9.640899190088703108e-13
