-2.949751045262337390e-02
-2.949755312016838840e-02
-2.949755248393938142e-02
-2.949752393247252746e-02
-2.949753578900188647e-02
-2.949755609976350071e-02
-2.949754039686654575e-02
-2.949751876971008768e-02
-2.949752094192959612e-02
-2.949754509307492278e-02
-2.949754972413420884e-02
-2.949753647621315700e-02
-2.949752723634549781e-02
-2.949754365870733974e-02
-2.949755316057436558e-02
-2.949751325910619434e-02
-5.049329010464731482e-13
-5.037550238062848962e-13
-5.037012473785296152e-13
-5.052503554425769039e-13
-5.061367991388010523e-13
-5.081872422874056383e-13
-5.086677606902512139e-13
-5.085411258765049070e-13
-5.072713082920898842e-13
-5.061107782866614002e-13
-5.054463791953622831e-13
-5.063727215315338981e-13
-5.068740566160911953e-13
-5.073753917006484926e-13
-5.068896691273749866e-13
-5.061680241613686349e-13
1.003038797853239572e-13
9.989166611934496842e-14
1.004417903016641134e-13
1.007312722817177431e-13
1.013254150722397995e-13
1.006369466927115042e-13
1.010409204221796031e-13
1.006219847027312042e-13
1.005558483702095884e-13
1.006922410035082649e-13
1.008264652324619703e-13
1.006688222365825780e-13
1.005126971237446654e-13
1.006380308948839897e-13
1.004797373777011060e-13
1.002236488245600299e-13
-5.680503810390202801e-14
-5.701244597949850501e-14
-5.663590256499428932e-14
-5.733456244494394838e-14
-5.728154495870940721e-14
-5.736101697795259469e-14
-5.698132937714817103e-14
-5.731775731127042306e-14
-5.747268980171860164e-14
-5.714450180410723945e-14
-5.748201394040197698e-14
-5.673662494681819268e-14
-5.671027883402679493e-14
-5.687746280902405971e-14
-5.691519304462655526e-14
-5.756940063550430864e-14
-3.314785512048556981e-14
-3.354933518495695211e-14
-3.364919020504286706e-14
-3.330967229472903135e-14
-3.390983240730838233e-14
-3.377419871553044572e-14
-3.275347658024396758e-14
-3.320049313595974105e-14
-3.337423653410054314e-14
-3.326999049521606189e-14
-3.358001810643829188e-14
-3.403191357193025013e-14
-3.343674078934433247e-14
-3.327362257249388833e-14
-3.273054570429589916e-14
-3.310616754695350217e-14
5.353763222679108758e-15
5.445351201199821745e-15
5.219728729105588272e-15
5.320735713999769079e-15
5.319068753159572616e-15
4.520065962146380123e-15
5.101415167033107601e-15
5.600880002842867356e-15
5.386221525217893547e-15
5.446950399404237864e-15
5.766478332162872089e-15
5.143400896162608760e-15
5.235896894002778357e-15
5.105304742326899348e-15
5.821040806493205100e-15
5.550017368426141129e-15
6.860089346626477291e-15
6.543942769393282233e-15
6.953005472808485021e-15
7.301796699828860815e-15
7.156872750685439044e-15
7.045552292625489876e-15
6.887638246202976156e-15
5.643170663833380063e-15
6.465666760671617830e-15
5.912920164347773566e-15
6.376982411094092584e-15
6.969566660993201102e-15
6.900902782156978499e-15
5.188974656856679135e-15
6.335921641942993121e-15
7.479619408643639611e-15
2.209648073238715260e-15
3.590538782093088965e-16
4.721886808422767756e-16
1.352637077865759263e-15
1.614681966691927650e-16
1.240276463346581814e-15
2.056048812649514945e-15
1.126189595680900102e-15
1.621500581917324768e-15
1.300929104567673245e-15
1.547249673761012800e-15
1.327097340440147599e-16
2.154928050780192950e-15
4.771505998472924670e-16
1.932641194432246912e-16
7.247484947250915077e-16
2.811226118971769938e-16
-4.809326019567829180e-16
-1.502363703820112917e-15
-5.103492091819775145e-16
-3.229490988325943446e-16
-2.016692273788291134e-16
-1.605663606902511115e-15
3.748036088305553570e-16
-1.310042332047182262e-15
-1.431790612720779121e-15
6.396284597896123580e-16
-1.178908926318007755e-15
-2.026424682352243045e-16
-2.239241710349886005e-16
3.119486819466027461e-16
-9.989686351350932081e-16
-3.602244777424143396e-16
4.376187251659870159e-16
7.625896916436773754e-16
-1.899467149053032239e-15
-1.781715169824581169e-15
1.054474704168667509e-15
-2.109272127890238907e-15
5.877637853962842940e-16
1.424556104318280142e-15
-1.813372179195263389e-15
-2.497756165851898469e-16
-3.209628065712830103e-16
-2.518643998331189515e-16
-6.630480737482465081e-16
-6.302077593502500297e-16
-1.118520559376459667e-15
-4.695976070566258709e-16
1.401630310567895249e-15
6.385984677257511288e-16
7.219270279777874333e-16
4.631576155586514254e-18
2.034490977108945747e-15
1.262221392944046228e-15
-5.692823735201427149e-17
1.903812428072446800e-15
-2.685729717506572800e-16
-1.003479932612169612e-17
-6.520213988408900263e-16
1.146374390813970079e-15
5.962197153087239743e-16
1.116048070203424364e-15
-6.014018628800257837e-17
-1.892684956244367056e-15
6.363385838224766555e-16
-3.122112621602515792e-16
4.799712195616492871e-16
-9.812995278553685030e-16
-1.095894615289402796e-15
-7.441082797675357963e-16
-1.355864273394798147e-15
9.768441345528108832e-16
-9.919636726613001443e-16
1.896564367142791752e-15
-1.402369770330848253e-15
-2.246924299181482509e-16
1.034498279140622090e-16
-1.212922381347951439e-15
-1.572906301733345558e-16
6.353600490101611251e-16
1.194540707601349054e-15
-2.103299275062675208e-16
9.660044421685607882e-16
9.913474561921726408e-16
8.635225611549734309e-17
1.558441731851320684e-15
-2.541524475818896303e-16
1.178386942264262292e-15
-1.861293703460885872e-15
-3.415514246619564750e-16
1.300801202592637845e-15
-4.264491134487813709e-16
1.318190153725058190e-15
9.864890869649587876e-16
1.397932588236656601e-15
-2.108742202902612935e-15
1.043364596516006479e-16
-6.152924620611674618e-16
-7.214428427693131939e-16
5.911461997129075288e-16
-9.413239137888202053e-16
-1.089824353672904853e-17
3.168474969970479921e-17
1.367656454328235703e-15
7.253504175132340949e-16
-1.818495352097612618e-15
9.106191812090886316e-16
-6.555662317251492732e-16
-1.399955620552055090e-15
-2.022026463773625091e-16
-1.351594062670333999e-15
1.558228067790375787e-15
6.530607082671710528e-16
8.308512298299541854e-16
-1.333539873036963808e-15
-1.200018681429479428e-15
9.625707823586286682e-16
1.159116307439516519e-15
-1.124246502099898737e-15
-3.690598784152239464e-16
3.161126959153048865e-18
2.991262971910671475e-16
1.192794337422347500e-15
8.782393350970432722e-16
-6.075157466933073236e-16
1.095552413978712059e-16
1.069678945571882200e-15
-1.846964447092184873e-15
7.073527673290931281e-16
1.762668151697910530e-15
1.075385194779297608e-15
2.122353281211160694e-16
-2.122473348131433991e-15
7.031815535803393261e-16
-7.777340054658738247e-16
5.012105707140508681e-17
-2.078775977173768705e-15
-1.472570802208100597e-15
-7.144854200196847777e-16
1.505061080240644236e-16
5.873389983732362624e-16
1.264865406288900526e-15
-2.955235484290393878e-15
-1.958318574711787399e-15
-1.218286641002912923e-15
4.413499052986422089e-16
-1.221797169052808371e-15
1.538492623635824216e-15
-1.626989355415532634e-15
4.544158120265134188e-16
1.219597424488788953e-15
2.822379001788267311e-15
7.593565668840077110e-16
1.465823549508509654e-15
-8.354900057655923612e-16
-9.556598405419808318e-16
-1.857606357283251089e-15
2.236264813056760767e-15
3.002347245058441250e-15
4.045238773673406202e-16
8.178340274965500978e-16
-1.958901333379498358e-15
9.565005207421307248e-16
5.945243788647944921e-16
2.100498984139052491e-15
1.277250298527179279e-15
-2.780752414628401975e-15
1.739743416738709705e-15
-4.069959853755496584e-15
3.444215958037276717e-15
3.306947916187612940e-16
3.038463882896417362e-16
-1.765234873286327874e-15
-4.920746427515554355e-15
4.436265181026249546e-15
-1.531165576883837705e-15
2.461078421625925586e-15
-1.657435478248555629e-15
3.044423818471535433e-15
-3.618436871002093415e-15
-8.286520676010860047e-16
2.511794678161454429e-16
-2.067472163673982457e-15
3.428397035412151421e-15
-4.255943195621478530e-15
-1.227009809810211335e-16
3.795684867962160168e-16
5.474563991122083275e-16
4.114582819966274008e-15
-3.202269096406643945e-15
-3.493641389300749210e-16
1.323847698538006476e-15
-1.856074498198141687e-15
-5.243531625472854993e-15
5.127698175869934913e-15
-6.416067052379247765e-16
1.871467204432120460e-15
7.018061838322351559e-16
1.847371234665103751e-15
1.282493008954209771e-15
7.700312996017800310e-16
1.196498412500690556e-15
-9.014010275232384878e-16
-4.032260111339102185e-15
1.642188514621063800e-15
4.719244065627334339e-18
1.358954249586381835e-15
-4.623440404128136699e-16
2.730386565035240395e-15
-1.438455914982723211e-15
-6.248519700247610886e-16
-2.393763389818646253e-15
-1.498973030932253953e-16
-2.778683960171206974e-15
5.662830298539152374e-16
6.253491783647993629e-16
-1.235583053785845736e-15
1.037349815557553692e-15
1.288201163985756501e-15
-3.477205773750463580e-16
6.985480716006214896e-18
-2.429836828976312396e-16
-2.527733508888175412e-15
-4.814626857630864998e-16
-8.136570962754023292e-16
-1.566681350724855298e-15
4.175932251665600507e-15
3.807916023720512265e-17
4.738163605295443205e-16
-2.708434647415961134e-15
-4.236863037330746568e-16
3.219373815045701269e-15
-2.356061529819883718e-15
4.117512918689063446e-16
9.047662364831206196e-16
-3.064720210195406164e-15
1.762117209705280811e-15
3.187037167613965879e-15
2.218299932459766701e-15
-1.429410450138994537e-15
3.217756193874682369e-15
-4.749674571290392333e-15
2.058725860279312161e-15
-1.728657873041519050e-15
2.179849030637835347e-15
4.735193696024132815e-16
-3.353226831810272521e-15
-1.126707556328146106e-15
1.224685974919419162e-15
-2.851252660894271901e-16
2.969656008459161528e-15
-1.915873753724874409e-15
-1.254394808511416493e-15
-3.490874767936779852e-15
2.100269014693872949e-16
-2.444728091705516623e-15
3.471198192572062455e-15
5.049404802972851797e-16
-7.439655547159234467e-16
6.096218941166551414e-16
1.143018022760474914e-15
-1.721357296069134235e-16
2.091077436666742909e-15
-3.095611078265296870e-15
1.092753393604510223e-15
-9.400227653027191932e-16
-4.668074805283702056e-16
-2.315434441537778457e-15
3.543420880336174000e-15
1.655845226829644884e-15
3.291908846209112838e-16
-8.683514959872701972e-16
2.502776530130274707e-15
2.127652742845657224e-15
-7.186655276143847498e-16
-5.972444134166648641e-16
1.548531446368445370e-15
5.291152241283965385e-16
-5.601831220842633935e-17
-6.323651522669067326e-16
7.268857706092509210e-16
2.400744635369916197e-15
1.818468352922418887e-15
-1.999019990135014226e-15
-5.145725154569874560e-18
-2.772379705703030030e-15
1.534185884615509726e-15
-2.758626219980225142e-15
-1.608197082447748727e-15
-2.265398087761098800e-15
8.841135085862518450e-16
-3.925040563293284712e-16
-2.356877646064563236e-15
2.852264865266240790e-16
1.950311148744918871e-15
-2.779925710471881778e-15
-1.009936017736141889e-15
-7.897413327679139727e-16
1.872891490332928566e-16
-2.560055439122452259e-15
4.971322764796108629e-15
-2.413755908472689504e-16
-3.322607861316450445e-15
-8.927684912412962859e-17
2.505959362308701147e-15
2.557315922812795038e-15
-1.898236727818026961e-15
2.681244466292624466e-15
-1.882938359878548636e-16
-2.456871685432946307e-15
3.324963248184527841e-15
-2.078384542073018811e-15
6.218941309729490718e-16
5.335184190255796120e-16
1.816941470155874604e-15
-3.060584254193081822e-15
2.284000625348697744e-15
4.771491069517229313e-15
-3.869807662385199923e-16
5.452929181462432343e-16
-2.511404831247480637e-15
9.772011589400785708e-16
-8.398511666527679401e-16
-1.850013977460537168e-15
2.110101373145600867e-15
-1.216190869733168971e-15
6.713424321259974306e-16
1.224552990746700237e-15
-2.995843302572949104e-16
-1.804990576423945274e-15
-5.751607821740875592e-17
-1.147158955081364375e-15
-3.851596877535706093e-15
-1.327934844266745289e-15
1.665964517692255197e-15
2.373376153811182498e-15
-2.681247219149703043e-15
2.348005822975021695e-15
1.024191582238431764e-15
-1.402322336485802012e-15
1.653740349955717948e-15
2.392319198643577671e-15
-4.820650850072619176e-16
-1.214401300873857448e-15
2.452694013057969691e-15
4.362406025608042692e-16
3.456275589623809819e-15
9.803559331521272124e-18
1.821398663403445140e-15
-6.662676459807601037e-16
-1.892034434940875753e-15
3.468659211312667690e-15
-2.767922406576341088e-15
-6.711541790534701624e-16
1.936104712153569746e-15
-9.805439744664176671e-16
-2.747978168800291332e-15
1.104973114418074387e-15
1.801512023867808676e-16
4.250961900737794397e-16
-7.251965751541890326e-16
-3.318771649098335719e-15
1.893796263471164698e-15
2.342541613432284203e-15
-2.728750520897618714e-16
3.803093229877083092e-15
-3.629998658973877801e-15
1.846492861498801041e-15
-2.021061269730228815e-15
-3.189129021356328780e-15
1.247750682073153761e-15
-8.621279214073192254e-16
-3.759591311771996736e-15
-5.012402168672047686e-16
-2.833968953605547902e-16
2.966885363688692712e-16
8.118370342299896514e-16
-1.728043774154759682e-15
-2.828144755060227333e-15
3.217539353440185268e-16
-3.814092799730127437e-15
3.951925389039136205e-15
-5.539671708008377105e-16
4.149672853872177908e-15
3.666659938996938428e-15
-4.162623140602748906e-15
4.427664831996303008e-15
9.025230920684662594e-15
-1.480570393120207023e-15
2.258384654957833193e-16
-2.556471642722619314e-15
1.631343951797366992e-15
1.025001345736006875e-15
4.487211248188280321e-15
-2.940907710229350575e-15
5.973076444261773976e-15
-6.515204635558838331e-15
-5.893040301075715137e-15
-1.325820014755688114e-15
-7.377958514314178484e-15
2.563164050038875541e-15
6.520019170831031774e-16
-8.136212244300861096e-15
9.765934128004236103e-16
-2.139595060368995605e-15
5.676560702614144582e-16
-4.222259342287135175e-15
6.555311645611329452e-15
-5.462525641238349938e-15
-1.589850348810220582e-15
-5.687883839053040069e-15
6.786710882405837253e-15
3.363664395302813637e-15
2.489389174398920490e-15
-1.540087163159030437e-15
-6.240091722422430598e-16
-2.059530118062730120e-15
1.877336719240119134e-15
-7.071993273106980116e-15
1.283451426734028011e-15
2.268855676251790854e-15
-4.402260619842252032e-15
-7.403281411305293047e-15
-4.413299153210870074e-15
3.454525619554782434e-15
6.644292456720393703e-15
-8.644371026281238990e-15
1.986007658241056850e-15
-8.396115833836370612e-15
-7.676341116577556356e-15
5.235398838629792828e-15
1.409462824231155764e-18
1.105181484523098945e-15
8.130106830817052099e-15
-4.396846385243402544e-15
-5.990853971758747232e-15
6.223564415555604690e-15
4.361352316621658343e-15
4.016291422700990488e-16
2.228902826195700015e-15
-6.941224938578072212e-15
1.082860472297053622e-15
-3.418462344792483343e-15
6.412147830932302117e-15
1.959343061061491476e-15
-2.306789199761627440e-15
3.497609103383925166e-15
1.444699394836934658e-15
-1.444590974619686108e-15
9.725835588281217525e-16
3.893478421612694973e-15
4.664996687553379928e-15
6.904199434387692236e-16
5.656716414725870834e-15
1.751149138889962487e-15
1.046249675437649351e-14
7.988943707959439422e-16
6.757290040015906385e-15
-4.291705879566620752e-15
7.492704373612824043e-15
4.279454395017534551e-15
-3.500346713869451065e-15
1.899467996085979493e-15
1.607112880275263223e-15
3.710898775766136026e-15
1.128329200905664464e-15
4.358492733391727825e-16
-9.363169961584816292e-16
-3.151233614329118637e-15
3.606381686338533399e-15
-5.532033164890037824e-15
3.559110471618165406e-15
8.829742492721948111e-16
8.260970033036052484e-15
-8.037732805721287122e-15
-7.717134223317323460e-15
1.005640883067204783e-14
1.282177489181357544e-15
2.202773553838799359e-15
-5.743669428959208290e-15
-1.118376224962247534e-14
-8.013555097274860373e-15
-5.884615711382323866e-15
-8.919080751734753676e-15
-1.106384948934557855e-14
-8.698337189416704973e-15
-1.263550895858056577e-14
-1.254898962521622252e-14
-1.312990514923395580e-14
-6.396142296360984858e-15
-5.317144294303410845e-15
-1.550148898132874820e-14
-6.589780804366895950e-15
-1.259821240384706442e-14
-5.602072625232601411e-15
2.296773882193292593e-14
2.024422296464933879e-14
1.816428951695314709e-14
2.097627627151155139e-14
2.455327607897572761e-14
2.370673102269904575e-14
1.834296603497875822e-14
2.761853246102674575e-14
2.007942423443154212e-14
2.305274027225578948e-14
2.241436203309632447e-14
2.072994553792284478e-14
1.926757364767439640e-14
2.192517001287086487e-14
1.542342642490979188e-14
1.889807754729133649e-14
2.949753869378480761e-02
2.949753427074803744e-02
2.949753603542314140e-02
2.949751807897130207e-02
2.949752823110647279e-02
2.949757120219525033e-02
2.949756273305557952e-02
2.949752730781312476e-02
2.949752243798874768e-02
2.949754892351685864e-02
2.949754491017382227e-02
2.949749820175741680e-02
2.949749642511021591e-02
2.949754938137934268e-02
2.949756066777157668e-02
2.949754310135653881e-02
