-6.236473899481877192e-02
-6.236438752676830288e-02
-6.236455293260627364e-02
-6.236473657192279085e-02
-6.236488540485266019e-02
-6.236534887774200508e-02
-6.236516234561877842e-02
-6.236487488004480856e-02
-6.236475727076719322e-02
-6.236439435277670723e-02
-6.236456460707250765e-02
-6.236477449788226102e-02
-6.236488114921697606e-02
-6.236532790217533956e-02
-6.236517388231882508e-02
-6.236487047875681478e-02
-2.704364510108803188e-13
-5.685070469940711746e-13
-5.896689386775122443e-13
-3.123699215956676767e-13
2.704763496508277854e-13
5.690725668472396137e-13
5.896481219958005227e-13
3.121669589489783903e-13
-2.703410412197015944e-13
-5.685087817175471514e-13
-5.892994425771291844e-13
-3.124341063642788185e-13
2.709013569024421031e-13
5.684879650358354297e-13
5.896134275262809865e-13
3.114626612177318066e-13
-6.416612033377511182e-14
-6.934426990956588099e-14
-8.054451203221013600e-14
7.636122636989206569e-14
6.363876439707816246e-14
6.912135794290286128e-14
8.057356865043274752e-14
-7.642367641502723075e-14
-6.461020954362517443e-14
-6.998568391480830542e-14
-8.071494861372485730e-14
7.570940402379378042e-14
6.362141716231839439e-14
6.919985418019081180e-14
8.110786348103360410e-14
-7.579353811237865557e-14
2.118207952789274984e-13
1.855197852979051376e-13
-1.710350611139332955e-13
-1.999474804476042422e-13
-2.125808210018398370e-13
-1.852081855935328036e-13
1.716224818509859418e-13
2.000503712337731166e-13
2.124211180218327222e-13
1.858784393765633425e-13
-1.706860564346102116e-13
-1.996573479462471212e-13
-2.131658564941130152e-13
-1.856161708710390990e-13
1.711168099577387025e-13
1.990952975400306357e-13
-1.073961882966378845e-14
1.519623185966545442e-14
-5.926335810979566077e-14
-5.867669631426375432e-14
1.010080690963532923e-14
-1.551655939152629671e-14
5.999438142459401213e-14
5.830752547453244006e-14
-1.078439637938743978e-14
1.518853402424080734e-14
-6.020189772040773768e-14
-5.802790973424842846e-14
1.121954092131449698e-14
-1.557516051894913822e-14
6.054553559897701831e-14
5.855732565507310028e-14
7.959187779335574753e-14
1.348128829707292975e-13
1.407040310002008465e-13
8.989032120650802815e-14
-7.945613568136056237e-14
-1.344543373122883412e-13
-1.394042081206622874e-13
-9.012126982177459666e-14
7.939287248459603319e-14
1.354978954558327953e-13
1.408917063962580873e-13
8.893614197955784784e-14
-7.873421966481108925e-14
-1.347094771885284925e-13
-1.392665822073924087e-13
-8.956382727479117456e-14
8.262791492685828132e-14
8.326469396781333021e-14
7.790995496317898450e-15
-1.696600217086785545e-15
-8.140417593477389246e-14
-8.219484392158610264e-14
-6.472334604032403682e-15
1.957770967911387494e-15
8.232238675465186617e-14
8.355444699841008127e-14
8.414384640442751362e-15
-2.578259871224841682e-15
-8.175175759874558912e-14
-8.246699221940712032e-14
-7.474625302386628256e-15
1.858701994400524526e-15
-9.832301531113862847e-14
-5.408495103598892628e-14
4.677596472050377097e-14
9.519602716789171692e-14
9.925187841736127226e-14
5.369337109260505225e-14
-4.702640864608434446e-14
-9.453725237536236836e-14
-9.818916377668171491e-14
-5.448946686654326799e-14
4.716183227369136199e-14
9.535527613823910342e-14
9.983423050925754882e-14
5.407442072238866082e-14
-4.790873237405304796e-14
-9.442801223022087576e-14
-5.747672167854753211e-14
4.696435840050028343e-14
1.660584850507983157e-13
1.696475804887492833e-13
5.826357462896530892e-14
-4.592267050570336684e-14
-1.665513769109373821e-13
-1.704264713294628697e-13
-5.680222595451714374e-14
4.713144750780745573e-14
1.665889716212683169e-13
1.676772802094821102e-13
5.797168029907789899e-14
-4.503523747499682539e-14
-1.672600656609825320e-13
-1.695508967600178885e-13
1.748580257367529645e-14
1.241597462049801731e-13
1.260830522493007304e-13
2.609871140816372170e-14
-1.866939898032340950e-14
-1.248212145622817904e-13
-1.258527990480838576e-13
-2.585331241081699483e-14
1.747198916037147332e-14
1.236361646470961889e-13
1.282418444643862974e-13
2.643399923593896944e-14
-1.805226009231634607e-14
-1.236042891032251151e-13
-1.248979820053243948e-13
-2.594391867815184008e-14
-1.780072332482722508e-13
-1.823801255417673017e-13
-3.401038538254283483e-14
2.273507581198111471e-14
1.779278289916648437e-13
1.799058677639381321e-13
3.365896157712239267e-14
-2.153638866634471905e-14
-1.785918011783585446e-13
-1.841673244028924072e-13
-3.415571590750093867e-14
2.213471918775800074e-14
1.767736212401546658e-13
1.771139319733071316e-13
3.470936374688066151e-14
-2.108680390673287053e-14
-1.275196413036677051e-13
-4.565716972245240091e-14
4.034810612246579609e-14
1.221315563059658521e-13
1.244683677415099610e-13
4.770727405787808517e-14
-3.796542277063018334e-14
-1.228762371800057318e-13
-1.259832319575656528e-13
-4.644909470615833647e-14
3.943010875489053046e-14
1.228809907289057229e-13
1.274632932838845600e-13
4.591818800734649708e-14
-3.920982936662757712e-14
-1.245252815793018719e-13
-2.037715631539142869e-14
2.323925015097760838e-14
-7.671332441353852227e-14
-7.440329785385248890e-14
1.952753822358210822e-14
-2.498789546047548715e-14
7.266116622771899569e-14
7.297326059933252618e-14
-2.080206531118386493e-14
2.451198152873118596e-14
-7.490222228264190041e-14
-7.538281014218915083e-14
2.022393483149670379e-14
-2.425936242254206343e-14
7.402838921293647401e-14
7.263198933081787406e-14
-4.263907105270681869e-14
-6.921414532007688636e-15
-9.777731602893593998e-15
-4.401998717254961002e-14
4.475104606273174607e-14
8.276592708715210800e-15
1.069373505491102300e-14
4.444225850774429637e-14
-4.237332462990114901e-14
-8.922648454508588789e-15
-1.125936671642849968e-14
-4.458169707152129929e-14
4.487341013635799680e-14
7.019617837846457709e-15
1.133329236393306599e-14
4.496536064498013463e-14
-1.043436170800049467e-15
-4.491686970281572044e-15
5.777510089267912097e-15
-8.259499583839619019e-15
6.628434305881898692e-15
3.920193840769095606e-15
-7.530377010974906304e-15
6.709203979600279755e-15
-2.908538346150027487e-15
-8.991220853786507927e-16
6.846596111776716287e-15
-8.053414773706753238e-15
6.966891730945772021e-15
4.466746932182616425e-15
-8.958918405310017929e-15
7.918086013789828181e-15
5.174974896304460059e-15
1.478848629248323207e-14
-1.270308270601367209e-14
-2.976243383689958222e-15
-3.019719043773679695e-15
-1.159893798981801241e-14
1.303509336331599294e-14
3.704264813723240346e-15
2.511738138712225205e-15
1.427162932916749977e-14
-1.276157287212042329e-14
-2.869294462670788498e-15
-3.009050663803011783e-15
-1.190262725349593848e-14
1.286819229732311110e-14
8.204877817202978207e-16
-1.766864310566960972e-14
1.629293285032064331e-14
-8.377354054054687860e-15
-8.123455928115211333e-15
1.391212313536435707e-14
-1.572184799068874345e-14
1.354357994704695825e-14
1.040498152319203201e-14
-1.496448533936257236e-14
1.567458778739668976e-14
-7.431619745588632919e-15
-7.422822461398449756e-15
1.238552073672561510e-14
-1.505194149116657887e-14
1.310300422986210647e-14
1.115965738600951246e-14
-1.425243895071450634e-14
1.342758132601932358e-14
1.313959520615054499e-14
-1.446799189513178069e-14
1.433435211891168071e-14
-1.402536974634636252e-14
-8.171608057100723799e-15
1.238826851160650805e-14
-1.169414025792465950e-14
8.426215996649999429e-15
1.017943528406305143e-14
-1.080536637406261449e-14
1.470728039679701504e-14
-1.117726042471935133e-14
-1.264550394735816652e-14
1.573107556761613179e-14
5.947629827520801082e-15
8.418281891972627601e-15
2.137616846684418708e-14
-1.864873619391029208e-14
-3.670226953556503897e-15
-1.080190767384117917e-14
-1.828579888139605903e-14
1.672017341017951542e-14
8.717671510531172429e-15
7.279407766148357538e-15
2.072531163242665331e-14
-2.232265652875417995e-14
-3.241250240853556491e-15
-5.195558379257890795e-15
-1.809190134012696573e-14
1.653800764580680861e-14
1.458810963738191302e-14
-8.977746253661586517e-15
6.779697449602571646e-15
-1.341098117431903380e-14
-9.648911444143370986e-15
6.737489797840889860e-15
-1.341098117431903380e-14
1.827890662724380999e-14
1.532369168350238703e-14
-1.043294546891268548e-14
1.270349182292719592e-14
-1.981497038390338250e-14
-1.307492254656178465e-14
9.160214091159107896e-15
-8.587197996407468226e-15
1.368353604795473355e-14
1.544126663284486195e-14
-1.303913201640850145e-14
-4.490358822620277301e-15
-8.096245841717614189e-15
-1.698027637009498492e-14
2.233248952248061830e-14
-9.576876374177076268e-16
1.596955261171789653e-15
1.706144414929857550e-14
-1.422481890037043811e-14
-1.013029382059514594e-15
-9.409431513032057159e-15
-1.915163855411780580e-14
1.884309155648737633e-14
1.395893356416141873e-15
2.091307406111922451e-16
1.013812998708799149e-14
-1.852626301185252315e-14
-1.797248674110217288e-14
9.958733596936332607e-15
-1.367860811614672644e-14
1.751430147364170021e-14
1.719087660699054497e-14
-8.641011799491546842e-15
7.591179735846339356e-15
-1.835674546108557277e-14
-1.667515180908793644e-14
1.217476162821288566e-14
-1.231639967185611199e-14
1.936890928135211187e-14
1.598420469351861982e-14
-9.172558114057681629e-15
3.315353024123217363e-15
3.849961256914558039e-15
-1.662831215765419451e-14
1.993508982021940934e-14
-7.411397681005883753e-15
-9.776865935221500103e-15
2.024044011550690109e-14
-1.751241634887802656e-14
3.113117131702675122e-15
1.158996875793953663e-15
-2.124462308546529177e-14
2.318229396153833471e-14
-1.048076217285108525e-14
-5.252295451861621611e-15
2.000914082860016929e-14
-1.995187293103630605e-14
-2.327487296860733523e-15
1.666882743758726221e-14
-1.835106536402040384e-14
9.924634221001801815e-16
4.626932720969666180e-15
-2.092995712182389723e-14
1.781894740809399080e-14
-3.047295895437437951e-15
-1.014860667291478391e-15
2.050587821831977020e-14
-2.426531537009536665e-14
3.986072675274746069e-15
3.609375100774130096e-15
-1.758268281405045430e-14
2.169976268714523399e-14
-5.307647360898795630e-15
-9.930080642852646966e-16
3.175599364089835841e-15
-6.399523651886424025e-15
-1.005727195724529996e-14
8.102963660022288045e-15
-6.735496729316000492e-15
8.714869578481214407e-15
8.828851414061436587e-15
-6.702387905473724400e-15
1.122567767501735439e-14
-7.341702116039905412e-15
-1.368266190995316711e-14
3.530525650747174532e-15
-7.580650110460343538e-15
9.598849255861800073e-15
7.320000284898302984e-15
1.918614837045484051e-14
-4.025605396988998774e-15
-1.107493884469103185e-15
1.509221621374262634e-14
-1.399403630356153144e-14
-7.711320189167369943e-16
-2.861533099775097344e-15
-1.417390713804277114e-14
1.009677503280639876e-14
1.125367973722063430e-16
1.018972165217450765e-15
1.480278844379762093e-14
-1.056187574194605155e-14
-1.992709382919732874e-15
-3.948884540758493267e-16
-1.687035859859568887e-14
5.105510740739671594e-14
4.859111566888826839e-14
-2.905729754303521678e-14
2.817684914601173429e-14
-4.283612649162195363e-14
-4.261224551926727500e-14
2.184675509074585076e-14
-2.475806154056750530e-14
4.751265299165335909e-14
4.968298518361231875e-14
-2.699021866734655634e-14
2.394877576957464560e-14
-4.297579036616292619e-14
-4.184412046731329077e-14
2.410672030918326048e-14
-3.114158982227797912e-14
4.932408207726762112e-14
7.671315331288317690e-14
-6.905550960158331197e-14
-4.341922566657770849e-14
-4.781789825485539130e-14
-7.194271965812147618e-14
7.065580725476496710e-14
4.451062931318076898e-14
4.621366698066668721e-14
7.879733378377690167e-14
-7.068094719263947473e-14
-4.382850012822972485e-14
-4.841106187529042176e-14
-7.505349559075794041e-14
7.306224649263927395e-14
4.143568965047673969e-14
-8.358568218537303085e-14
6.982091906590839891e-14
1.574558219268398784e-13
1.609567276824545173e-13
8.312809465847552370e-14
-7.455015812031333400e-14
-1.522845570348443922e-13
-1.541751887832246148e-13
-8.478982761132153323e-14
7.116453693695179439e-14
1.589225441783054249e-13
1.606089224017847455e-13
8.336176394356867303e-14
-7.316818320928647479e-14
-1.497620488722078286e-13
-1.584934440634899744e-13
9.745381042945699956e-14
1.665374245842302092e-13
1.725158712173775755e-13
1.062464393265620533e-13
-9.300713140186073202e-14
-1.678957808285558295e-13
-1.772463130585676117e-13
-1.068774246621578827e-13
9.926102637319161870e-14
1.657124415986588328e-13
1.737254274897931383e-13
1.070370395507384831e-13
-9.409891621329005695e-14
-1.665158083034162795e-13
-1.745482014134380755e-13
-1.074894906698438402e-13
-1.394419519087919390e-13
-1.419180968760275913e-13
-7.324604840702872086e-14
6.192070036510795294e-14
1.393251680882221996e-13
1.448874047539454313e-13
7.558503925834611503e-14
-6.989512762241734817e-14
-1.375502732276889101e-13
-1.428580933833089456e-13
-7.631073134777444783e-14
6.162573977595148245e-14
1.390883580049606313e-13
1.432832463245901911e-13
7.706282037197101364e-14
-6.663702047300136544e-14
-1.754738322419339969e-13
-9.648512999844982563e-14
8.602638729409556317e-14
1.700341121157675217e-13
1.784747480013115783e-13
9.304059259140906590e-14
-8.260484852563865221e-14
-1.709802140365326850e-13
-1.800645068705634955e-13
-9.160316412739136216e-14
8.559150702644804931e-14
1.679459658366147523e-13
1.779694555788247090e-13
9.013854929389858439e-14
-8.390279438016609581e-14
-1.712251556360878946e-13
-5.622311291661116761e-14
4.860071763437834313e-14
9.035867621623103196e-14
8.809999171160987075e-14
6.058246623547730580e-14
-5.234858092796265683e-14
-8.824597953413504392e-14
-9.007567234415800317e-14
-6.155246803788219645e-14
5.667704803744011421e-14
8.678120207031639333e-14
8.698290433198016536e-14
6.599491190074219249e-14
-5.645341101057424482e-14
-8.756353525292762119e-14
-9.685714686888391434e-14
-9.193089811534299605e-14
-7.366356873442225783e-14
-8.143830119815287372e-14
-1.022524621398235301e-13
9.700752571020765380e-14
6.216685152771184164e-14
7.116944295178229130e-14
1.039017775896627915e-13
-1.065022907104778982e-13
-6.881797106998710500e-14
-7.196435287959435101e-14
-1.083943319216823520e-13
1.018616750192782860e-13
6.102640636752865166e-14
7.982548270394490553e-14
9.773895560082068723e-14
-1.731450811719159599e-13
-1.649800901361991867e-13
-2.759286397459315143e-14
2.155818113001167768e-14
1.730524632013313857e-13
1.663202995466628309e-13
3.033993412407398615e-14
-1.245011038708554452e-14
-1.698317322277459462e-13
-1.709874375335068697e-13
-3.087025806421811458e-14
1.725561967619304582e-14
1.743327704417652058e-13
1.687683196319178514e-13
3.040319732083851534e-14
-2.022732296328572099e-14
8.338902485194310543e-14
9.518536132901989077e-14
-9.760730635202663485e-14
-7.430021225010574604e-14
-8.481811173549624883e-14
-9.627617713475755679e-14
9.234377585515263220e-14
7.960429190823070655e-14
8.730478362820037752e-14
9.876219850615819418e-14
-8.760884812747393724e-14
-8.550495381176581589e-14
-8.784352368770842467e-14
-9.661791765952498778e-14
9.131107328586018923e-14
7.808966147326845686e-14
2.701051188269687486e-14
-1.140255424803005013e-15
-3.706751702456378972e-13
-3.551429983428278092e-13
-2.964349685857792238e-14
1.240869386409659825e-15
3.634488543458047616e-13
3.666635137872242822e-13
2.123681005355981810e-14
-3.122502256758252770e-16
-3.559072524542128413e-13
-3.602764787891121756e-13
-2.652674087333384279e-14
2.005990859532680304e-15
3.650311389963301067e-13
3.710783850335852563e-13
-7.894726539170449087e-15
1.676809732731321390e-13
1.543205667420277649e-13
8.498410308810377956e-15
4.254409324833119399e-15
-1.553882890414914897e-13
-1.649054157115692476e-13
5.072765124625178146e-15
-1.225452031516915952e-14
1.551957347356580641e-13
1.622734065176434370e-13
5.714612810736596771e-15
7.588547845660542635e-15
-1.587744692665982171e-13
-1.644136216061298228e-13
-1.104151492459237716e-15
8.575189169857111438e-13
8.795880690470880836e-13
3.256717812094578335e-13
-2.684085592674634313e-13
-8.616041907716365245e-13
-8.743439999792101958e-13
-3.334138520827423235e-13
2.739596743905892140e-13
8.666609097041089171e-13
8.714036436874295077e-13
3.230749001659205533e-13
-2.692238793011725306e-13
-8.585718941356290657e-13
-8.771906812032881362e-13
-3.306677848202710379e-13
2.696905199162102917e-13
6.236681740148674463e-02
6.236547843406733266e-02
6.236360340018897580e-02
6.236260725400682992e-02
6.236286225409194001e-02
6.236425755233178381e-02
6.236610522647666188e-02
6.236705081441672877e-02
6.236681612821057263e-02
6.236546833614260016e-02
6.236359918399341645e-02
6.236256869710857242e-02
6.236279890347558308e-02
6.236421611806317045e-02
6.236611528092722567e-02
6.236706669033659223e-02
