5.465216558113002776e+00
5.308410787505033923e+00
3.784141105473221245e+00
2.831036836147879043e+00
-1.136314498190985484e-01
-1.304717443109533637e+00
-3.944843007525772105e+00
-4.676188161021336498e+00
-5.465217180892642190e+00
-5.308411119481982077e+00
-3.784142044860907550e+00
-2.831037732383266725e+00
1.136310392493019711e-01
1.304716713428340391e+00
3.944842773647852407e+00
4.676187912042319539e+00
5.378500322545864520e+00
4.679396344516889350e+00
2.178239419143684241e+00
8.276695914888643202e-01
-2.298004915490339251e+00
-3.508894809870715559e+00
-5.428108619123499956e+00
-5.789995865779705930e+00
-5.378500440758523737e+00
-4.679396474031965347e+00
-2.178239751528602053e+00
-8.276700500467742971e-01
2.298004563626597108e+00
3.508894630295012362e+00
5.428108982603889743e+00
5.789996306812130733e+00
3.949996503260834402e+00
2.814771621762585774e+00
-1.587118058854001396e-02
-1.434552557808067341e+00
-3.972441676241405428e+00
-4.843534586804370434e+00
-5.602009571189628723e+00
-5.415239887519364359e+00
-3.949996774481003836e+00
-2.814771687171202963e+00
1.587093924307232326e-02
1.434552282460370698e+00
3.972441996173285528e+00
4.843535435719633853e+00
5.602010186858502827e+00
5.415239872950090572e+00
2.018793161997397778e+00
7.073427028924907933e-01
-2.045304331891440786e+00
-3.221120926997851353e+00
-4.911289452710072112e+00
-5.262694672488896330e+00
-4.900308757674426197e+00
-4.221454439283605531e+00
-2.018793167959957113e+00
-7.073425016625906059e-01
2.045304187004770569e+00
3.221121248418879368e+00
4.911291117134068962e+00
5.262695848029703249e+00
4.900307625866472172e+00
4.221453098078112198e+00
-5.914713549173913204e-03
-1.325309854478644356e+00
-3.640664802850543502e+00
-4.450794143197382979e+00
-5.142762756134169777e+00
-4.969064560942785924e+00
-3.632300744060591224e+00
-2.576523906453603185e+00
5.914995415086666576e-03
1.325310004472484815e+00
3.640666021802552610e+00
4.450796160878847552e+00
5.142763280971570872e+00
4.969063308592205352e+00
3.632299149750850997e+00
2.576523399897927113e+00
-1.973242385475296068e+00
-3.123268221240929066e+00
-4.751017313686536347e+00
-5.094714955508814036e+00
-4.745712270478971817e+00
-4.081747883743399363e+00
-1.960431961171492432e+00
-6.777466699211333045e-01
1.973242973621165630e+00
3.123269362625680223e+00
4.751019534880584594e+00
5.094716230920039557e+00
4.745710841624662280e+00
4.081746279600581673e+00
1.960432136568308392e+00
6.777472741837436976e-01
-3.705207984238912289e+00
-4.520579709742433394e+00
-5.227258982678877786e+00
-5.052436360197066101e+00
-3.687252622107197730e+00
-2.624643588040358022e+00
1.269721583033201276e-02
1.340630195611880904e+00
3.705209775987875709e+00
4.520581860022013565e+00
5.227259960893445800e+00
5.052436368686223922e+00
3.687252379005780512e+00
2.624644019219001034e+00
-1.269618441120355136e-02
-1.340629216488152142e+00
-4.925748209979855297e+00
-5.278416439906531643e+00
-4.915056770098736649e+00
-4.233761100504661812e+00
-2.025191694484920202e+00
-7.090261513936904070e-01
2.051003782790715491e+00
3.231048039500413083e+00
4.925750339707340331e+00
5.278418334448172544e+00
4.915057725328868976e+00
4.233762000018172600e+00
2.025193091432139880e+00
7.090276520197065224e-01
-2.051002183058671768e+00
-3.231046221871949342e+00
-5.374472226180351697e+00
-5.195204121939466901e+00
-3.789783796884161671e+00
-2.700161907674737183e+00
1.490746849520886708e-02
1.376598710890624577e+00
3.810868938262833794e+00
4.646969050479063945e+00
5.374474448350446742e+00
5.195206288680035200e+00
3.789785855073481091e+00
2.700163970395630386e+00
-1.490539148492054169e-02
-1.376596631867910370e+00
-3.810866706196678777e+00
-4.646966779858243690e+00
-4.953689852775683633e+00
-4.268576706334847870e+00
-2.039853230074361701e+00
-7.163138968965262476e-01
2.068903675491774230e+00
3.255559612133931413e+00
4.965726972988948162e+00
5.320370348277559280e+00
4.953692798993037272e+00
4.268579682339018078e+00
2.039855926977295120e+00
7.163165342180499717e-01
-2.068901049498096612e+00
-3.255557050447936973e+00
-4.965724472699537984e+00
-5.320367696373717870e+00
-3.764100021907815563e+00
-2.679768944562118893e+00
1.327502697890736716e-02
1.368355306555307793e+00
3.782878768020369709e+00
4.614919040401250783e+00
5.336521399377667230e+00
5.158123025869846501e+00
3.764103557886663065e+00
2.679772295094217771e+00
-1.327187125961228585e-02
-1.368352168226479426e+00
-3.782875854275494998e+00
-4.614916237608863270e+00
-5.336518245491720158e+00
-5.158119559443526292e+00
-2.018394916880307033e+00
-7.044050905341695534e-01
2.040957368400794003e+00
3.219051571942654899e+00
4.904745800592521299e+00
5.256829525895290622e+00
4.895398751891306688e+00
4.215229112708565928e+00
2.018398670107928172e+00
7.044087522417866731e-01
-2.040953761998930194e+00
-3.219048121535140528e+00
-4.904742602672103047e+00
-5.256826149686946614e+00
-4.895394720731643723e+00
-4.215225015205231962e+00
1.302004231331338642e-02
1.355906828917502915e+00
3.748013174520549828e+00
4.572565571530195605e+00
5.287467748543607016e+00
5.110675103186259172e+00
3.729599382967172971e+00
2.655026004300907072e+00
-1.301591905425336128e-02
-1.355902720605279610e+00
-3.748009357136320219e+00
-4.572561894272841876e+00
-5.287463785318688103e+00
-5.110670828790015108e+00
-3.729594954409183760e+00
-2.655021737501527035e+00
2.036474021762681552e+00
3.211781679945163503e+00
4.893808456321031564e+00
5.245059769010811834e+00
4.884416948831927563e+00
4.205856901048854013e+00
2.013805135574750604e+00
7.029222448093536135e-01
-2.036469489924469745e+00
-3.211777260300256120e+00
-4.893804267320200019e+00
-5.245055483767390392e+00
-4.884412209732141186e+00
-4.205852096445902966e+00
-2.013800523153715716e+00
-7.029176850403467958e-01
3.760101442867255006e+00
4.587817897179625071e+00
5.304892254389959483e+00
5.127422556972579315e+00
3.742155053802428188e+00
2.663457792850620898e+00
-1.268681775190967295e-02
-1.360727302112578974e+00
-3.760096625449209196e+00
-4.587813142999179306e+00
-5.304887386076133637e+00
-5.127417550636381272e+00
-3.742149951422800047e+00
-2.663452739615116194e+00
1.269180238914595360e-02
1.360732281528426846e+00
4.916461286709415290e+00
5.268425134460747117e+00
4.905736764544652573e+00
4.225802888209737596e+00
2.021301022467712816e+00
7.077619767092367953e-01
-2.047188048425771623e+00
-3.224876158683334104e+00
-4.916456028426714475e+00
-5.268419853762581262e+00
-4.905731352995250205e+00
-4.225797461236868280e+00
-2.021295616597975631e+00
-7.077565906679300634e-01
2.047193408076289689e+00
3.224881479387972760e+00
5.321421649152807021e+00
5.143523139164043911e+00
3.753481123200458569e+00
2.672170366128478580e+00
-1.320038912808634175e-02
-1.364506397415808703e+00
-3.772146170769384188e+00
-4.601867926058108793e+00
-5.321415884388089879e+00
-5.143517376069787872e+00
-3.753475352188033742e+00
-2.672164608393946317e+00
1.320614055124801241e-02
1.364512138935051633e+00
3.772151897557797451e+00
4.601873669873732808e+00
4.908561007593630343e+00
4.227321421661134337e+00
2.023211734118940619e+00
7.071499548774912158e-01
-2.047309186702243711e+00
-3.227258753373518640e+00
-4.918537635940166020e+00
-5.271177970913159427e+00
-4.908554875386273331e+00
-4.227315312340675035e+00
-2.023205622270758397e+00
-7.071438670517095071e-01
2.047315253165217452e+00
3.227264845559927320e+00
4.918543807004997603e+00
5.271184144289721374e+00
3.745297661300170944e+00
2.667043397972952867e+00
-1.368351711343880790e-02
-1.361169658899224366e+00
-3.764646365500113223e+00
-4.592022908613435206e+00
-5.310326415533396016e+00
-5.132930293688417578e+00
-3.745291232383268554e+00
-2.667036983867660638e+00
1.368990577908633065e-02
1.361176042250788143e+00
3.764652789005258793e+00
4.592029386040184846e+00
5.310332949904022826e+00
5.132936791122036269e+00
2.018851211928443856e+00
7.051233141679661420e-01
-2.042189136013452977e+00
-3.220047093389453607e+00
-4.906938049884834285e+00
-5.258952327323342502e+00
-4.897267758489673106e+00
-4.217235266660132709e+00
-2.018844533018606224e+00
-7.051166599221287967e-01
2.042195782569662388e+00
3.220053770838372298e+00
4.906944843078933971e+00
5.258959163427967987e+00
4.897274554195740315e+00
4.217242002253760447e+00
-1.263129524246995108e-02
-1.361068500194553721e+00
-3.760843066113839672e+00
-4.588803635104904188e+00
-5.305998027168581821e+00
-5.128474911522293844e+00
-3.742972057444270195e+00
-2.663957108656833217e+00
1.263817850148364272e-02
1.361075364287649414e+00
3.760849964621011843e+00
4.588810600577865273e+00
5.306005096585360015e+00
5.128481969302692178e+00
3.742979020658997680e+00
2.663964019414337248e+00
-2.044821493312603433e+00
-3.221849726288652516e+00
-4.911344089563552728e+00
-5.263108741395462253e+00
-4.900862389667206109e+00
-4.221308369710344621e+00
-2.019525259977573928e+00
-7.067242732946924511e-01
2.044828540408202944e+00
3.221856781448429796e+00
4.911351217022022375e+00
5.263115942037988937e+00
4.900869594702442100e+00
4.221315512697401573e+00
2.019532336443458309e+00
7.067313362692542178e-01
-3.769896302715223690e+00
-4.599327427523355993e+00
-5.318385099107871383e+00
-5.140545049822641488e+00
-3.751436441350586737e+00
-2.670505223702633213e+00
1.305229598404018289e-02
1.363884921170604114e+00
3.769903489261288598e+00
4.599334635909150037e+00
5.318392407479264783e+00
5.140552343846684025e+00
3.751443667893941569e+00
2.670512420446516710e+00
-1.304506643305209171e-02
-1.363877705617272618e+00
-4.921406125484153016e+00
-5.274166994276388465e+00
-4.911291329476193290e+00
-4.229810606955871854e+00
-2.024214039013500610e+00
-7.076918012916806333e-01
2.048627775470022172e+00
3.228992989214364506e+00
4.921413431313387044e+00
5.274174326173834082e+00
4.911298634818854758e+00
4.229817893640433368e+00
2.024221348364213746e+00
7.076991169953598115e-01
-2.048620441058504493e+00
-3.228985675360923402e+00
-5.315729191429292122e+00
-5.138229841427131461e+00
-3.748874230969882149e+00
-2.670015177664064154e+00
1.402021288187942603e-02
1.362263745842152929e+00
3.768710743117056783e+00
4.596551624365623034e+00
5.315736499445840479e+00
5.138237114723696486e+00
3.748881568309222700e+00
2.670022534137660664e+00
-1.401281333081785818e-02
-1.362256339001600036e+00
-3.768703313816325284e+00
-4.596544226856815740e+00
-4.896216901536275756e+00
-4.216383821054341396e+00
-2.018364871134652461e+00
-7.050241330630464542e-01
2.041826062313136791e+00
3.219338189589128429e+00
4.905943542523250045e+00
5.257851921549959506e+00
4.896224109427844695e+00
4.216391100787189039e+00
2.018372301480418241e+00
7.050315641930514632e-01
-2.041818587255987971e+00
-3.219330683600110543e+00
-4.905936052911175516e+00
-5.257844663824761788e+00
-3.733282891862968800e+00
-2.656605025416289845e+00
1.227278644986483196e-02
1.357790230715943292e+00
3.750645527794601364e+00
4.576812332126658944e+00
5.291936749233538961e+00
5.114797611240016195e+00
3.733290216127590710e+00
2.656612436778350350e+00
-1.226537278494301865e-02
-1.357782806310575463e+00
-3.750637932052709012e+00
-4.576804752340241755e+00
-5.291929574966112604e+00
-5.114790498514242501e+00
-2.011395441508043724e+00
-7.030753736488823957e-01
2.035458128208763373e+00
3.208467687755359510e+00
4.889966787954362459e+00
5.240530965883913872e+00
4.880000744274568092e+00
4.202767638076608137e+00
2.011402820852992157e+00
7.030827413337046305e-01
-2.035450723919224991e+00
-3.208460185326293956e+00
-4.889959309376084917e+00
-5.240523701967112480e+00
-4.879993667821988623e+00
-4.202760444660488481e+00
1.221093743261920765e-02
1.360917396130988832e+00
3.758987391123610688e+00
4.587112901654650798e+00
5.303798183045910442e+00
5.126240470411207006e+00
3.741722246708335753e+00
2.662491775097254543e+00
-1.220371694819968530e-02
-1.360910167260662051e+00
-3.758979921503719179e+00
-4.587105435886594584e+00
-5.303791046192706027e+00
-5.126233457177555408e+00
-3.741715059808161215e+00
-2.662484492077732412e+00
2.054464312516710134e+00
3.238124996428610292e+00
4.935382528798770707e+00
5.289130822688422384e+00
4.925222545143920883e+00
4.241839549441210444e+00
2.029938467371865674e+00
7.097385230701320769e-01
-2.054457218491668069e+00
-3.238117821238490457e+00
-4.935375225483531914e+00
-5.289123654732763136e+00
-4.925215545770989856e+00
-4.241832514332748438e+00
-2.029931378258821528e+00
-7.097314490933979148e-01
3.807116106626517116e+00
4.641260514405076698e+00
5.368350336865105099e+00
5.189501220630444500e+00
3.784881712959454525e+00
2.697807776058256835e+00
-1.571681450500165417e-02
-1.374224813837402914e+00
-3.807109100992208006e+00
-4.641253465876689077e+00
-5.368343323238510045e+00
-5.189494283656799212e+00
-3.784874804850072660e+00
-2.697800853266479670e+00
1.572363178464615541e-02
1.374231631674168508e+00
4.971074405119124684e+00
5.326547395042037003e+00
4.959659618440499074e+00
4.272941332254768909e+00
2.042950701233986699e+00
7.163104210135583516e-01
-2.070492402413202093e+00
-3.259928820978682751e+00
-4.971067685216326915e+00
-5.326540614789054828e+00
-4.959652766479159425e+00
-4.272934547481195722e+00
-2.042944075576736296e+00
-7.163037782590463420e-01
2.070499043515292570e+00
3.259935430527512779e+00
5.325806918096931852e+00
5.147951894004202167e+00
3.756032617311975130e+00
2.675015944063006135e+00
-1.396797033942940962e-02
-1.364907428237333020e+00
-3.775792862576922815e+00
-4.605289749258955290e+00
-5.325800340156332524e+00
-5.147945167731943883e+00
-3.756026059772642256e+00
-2.675009498500569016e+00
1.397444823326880574e-02
1.364913893829883262e+00
3.775799063180897086e+00
4.605295874301816639e+00
4.824494427051786438e+00
4.154799792396807412e+00
1.988652627929793359e+00
6.949024500260657655e-01
-2.012118414042280090e+00
-3.172068294250679710e+00
-4.834218863866987625e+00
-5.180876673909180496e+00
-4.824487748241068630e+00
-4.154793338886650922e+00
-1.988646442308632967e+00
-6.948960377451597337e-01
2.012124778426987337e+00
3.172074160136415966e+00
4.834224410475779443e+00
5.180882665663331998e+00
3.629332621910422496e+00
2.575814932626751652e+00
-6.934792467516950019e-03
-1.323509392989620004e+00
-3.639149376247392986e+00
-4.447545285979665586e+00
-5.139588384299768720e+00
-4.966255784302083143e+00
-3.629326427240270547e+00
-2.575808982916943712e+00
6.941349445634979742e-03
1.323515898650177602e+00
3.639154539006811628e+00
4.447550207613594431e+00
5.139594496054630923e+00
4.966262443393900661e+00
1.962582131082380554e+00
6.771496044112665924e-01
-1.973518301548604859e+00
-3.126009740984320384e+00
-4.753558991397662581e+00
-5.097988906255556785e+00
-4.749019730944735507e+00
-4.083631356892555964e+00
-1.962576065927720048e+00
-6.771431597760196874e-01
1.973524582240494540e+00
3.126015151006301007e+00
4.753563897875563882e+00
5.097994611904042905e+00
4.749026556811731581e+00
4.083637759307901405e+00
-1.434972827429138210e-02
-1.360449216467674249e+00
-3.764884563553422048e+00
-4.591410058867638533e+00
-5.309994221235704970e+00
-5.132777453736109052e+00
-3.744581444466348330e+00
-2.667436293287645643e+00
1.435650750525720686e-02
1.360455938873280424e+00
3.764889641176592416e+00
4.591415008358538330e+00
5.310000682762536783e+00
5.132784420861416841e+00
3.744587730888837118e+00
2.667442320223994745e+00
-2.158462046949686908e+00
-3.397679111295458743e+00
-5.181656135171001765e+00
-5.552006434500241561e+00
-5.169500738145015539e+00
-4.454041002346790457e+00
-2.129124411178580978e+00
-7.469607306463947882e-01
2.158468240532458893e+00
3.397685119335735582e+00
5.181661725431079724e+00
5.552012777652551634e+00
5.169507563822400620e+00
4.454047692879723463e+00
2.129130901980977875e+00
7.469670686926704883e-01
-4.181348165198593314e+00
-5.032527845862697191e+00
-5.848490182309333818e+00
-5.665985625484101007e+00
-4.089665790323504524e+00
-2.980391118901792424e+00
6.482539864286464282e-02
1.451077910003103266e+00
4.181354168031942820e+00
5.032533765673681714e+00
5.848496846075892819e+00
5.665992326750513008e+00
4.089672522774476349e+00
2.980397747304861511e+00
-6.481973831498002991e-02
-1.451072223226634428e+00
-5.092692577978108481e+00
-5.403625563326002634e+00
-5.005703645900550391e+00
-4.405022389567183616e+00
-1.986451535889770748e+00
-8.260253789950415815e-01
2.196442950209640088e+00
3.236856786675115671e+00
5.092699166915111597e+00
5.403631606312890412e+00
5.005710069846153409e+00
4.405029133110600625e+00
1.986456847983567142e+00
8.260312896885850797e-01
-2.196437398672453689e+00
-3.236851608032239813e+00
