5.465216558113002776e+00
5.308410787505033923e+00
3.784141105473221245e+00
2.831036836147879043e+00
-1.136314498190985484e-01
-1.304717443109533637e+00
-3.944843007525772105e+00
-4.676188161021336498e+00
-5.465217180892642190e+00
-5.308411119481982077e+00
-3.784142044860907550e+00
-2.831037732383266725e+00
1.136310392493019711e-01
1.304716713428340391e+00
3.944842773647852407e+00
4.676187912042319539e+00
5.036405032848954910e+00
4.360886591535333423e+00
2.056743064431086232e+00
7.517370873379163321e-01
-2.127731437266309200e+00
-3.297769912047426644e+00
-5.065809763172587132e+00
-5.415488192723545424e+00
-5.036405671492637737e+00
-4.360887134762626793e+00
-2.056743600960166951e+00
-7.517376937381273772e-01
2.127731105868877481e+00
3.297769526090926995e+00
5.065809464580993016e+00
5.415487931206744321e+00
3.783353778021182112e+00
2.684867649011201340e+00
-7.036442938169856429e-03
-1.379805336439295482e+00
-3.793304997461719008e+00
-4.636206916166214498e+00
-5.357506724016389832e+00
-5.176781477708544799e+00
-3.783354065445628578e+00
-2.684867883261624844e+00
7.036092068221275718e-03
1.379804966265924859e+00
3.793304588259136523e+00
4.636206584097254613e+00
5.357506402631493359e+00
5.176781047987728535e+00
2.012163744618974626e+00
6.972261838746598439e-01
-2.027566479926059095e+00
-3.206509805574093264e+00
-4.879575562249510945e+00
-5.231915004180169859e+00
-4.873195480460855933e+00
-4.192535871203728171e+00
-2.012163723811603688e+00
-6.972261801716541640e-01
2.027566008288638866e+00
3.206509345830705460e+00
4.879575570003412466e+00
5.231914978833098750e+00
4.873195036332438335e+00
4.192535406394214625e+00
-5.149490557596238770e-03
-1.355597626984003545e+00
-3.720853408573506105e+00
-4.550049930089191896e+00
-5.256931152421040032e+00
-5.079144238930788369e+00
-3.713570382285500848e+00
-2.632945338681217606e+00
5.149452058946353550e-03
1.355597383124334865e+00
3.720853207900415516e+00
4.550050000465645006e+00
5.256931174097731585e+00
5.079143947254069147e+00
3.713570132768546195e+00
2.632945349536901070e+00
-2.017923203366458473e+00
-3.198436267086771423e+00
-4.862227257950625159e+00
-5.215035812914852187e+00
-4.858304661193338703e+00
-4.176738741389774745e+00
-2.008453497667539889e+00
-6.917646999103945760e-01
2.017923039497827808e+00
3.198436147599053481e+00
4.862227452193823574e+00
5.215035955197556916e+00
4.858304480946248560e+00
4.176738573124290532e+00
2.008453626913375256e+00
6.917648190259596541e-01
-3.730879995974572871e+00
-4.559117070703518237e+00
-5.268758682855966491e+00
-5.091177446786502081e+00
-3.720270790820950690e+00
-2.640895862293962448e+00
7.501736293598985569e-03
1.356387554145196406e+00
3.730880102064269010e+00
4.559117258856941746e+00
5.268758811335095160e+00
5.091177500228335262e+00
3.720270856581588959e+00
2.640896019631345126e+00
-7.501604940049948732e-03
-1.356387526216141781e+00
-4.879551559859858223e+00
-5.233097157501845231e+00
-4.874879351063387212e+00
-4.191889332731692619e+00
-2.014569671071154033e+00
-6.951296881828430418e-01
2.025848666003956744e+00
3.208828315511513818e+00
4.879551837008506254e+00
5.233097415981497136e+00
4.874879530208944267e+00
4.191889525784246118e+00
2.014569891311892125e+00
6.951298883337587720e-01
-2.025848456910722906e+00
-3.208828097596211126e+00
-5.282509289036096511e+00
-5.104085241541619133e+00
-3.731015682654727161e+00
-2.646519126445572745e+00
6.056469527158259841e-03
1.361342903039789221e+00
3.739581647014385002e+00
4.571748803314578780e+00
5.282509632657323984e+00
5.104085576435612559e+00
3.731015979825500928e+00
2.646519429129418732e+00
-6.056139744810722959e-03
-1.361342579943608300e+00
-3.739581281402306612e+00
-4.571748432982285060e+00
-4.876034229519660812e+00
-4.194041310261790834e+00
-2.014100431912474232e+00
-6.965868958982451842e-01
2.027667387901199714e+00
3.208919946170686099e+00
4.881654806613471287e+00
5.234684080770213299e+00
4.876034667696682590e+00
4.194041763149336965e+00
2.014100853656700441e+00
6.965873271053719673e-01
-2.027666912872667648e+00
-3.208919487612015953e+00
-4.881654362320041685e+00
-5.234683622240129175e+00
-3.730067980175476805e+00
-2.645974836771288974e+00
6.148910585360061257e-03
1.360931307215826669e+00
3.738765082523531014e+00
4.570622631527603730e+00
5.281262166678304837e+00
5.102904356044475342e+00
3.730068543427280670e+00
2.645975396021253534e+00
-6.148334982630720806e-03
-1.360930739078244578e+00
-3.738764517758856876e+00
-4.570622085516666822e+00
-5.281261604185618630e+00
-5.102903780785942978e+00
-2.015099154128590975e+00
-6.952477376561907452e-01
2.026291447526283651e+00
3.209640190028801410e+00
4.880707657687853640e+00
5.234363222103261215e+00
4.876071116360988000e+00
4.192867989997086653e+00
2.015099846536856809e+00
6.952484302642873981e-01
-2.026290747009123372e+00
-3.209639504590146686e+00
-4.880707011103203818e+00
-5.234362571954232379e+00
-4.876070394167168587e+00
-4.192867256679503107e+00
7.097722242581964817e-03
1.359266969302071137e+00
3.737391038578541824e+00
4.567643923984800125e+00
5.278369844032236635e+00
5.100355979372532822e+00
3.727352607825443087e+00
2.645350601381579736e+00
-7.096892387252784137e-03
-1.359266147884096831e+00
-3.737390250811029713e+00
-4.567643146160167866e+00
-5.278369052041653298e+00
-5.100355143926007528e+00
-3.727351761674772668e+00
-2.645349768319003925e+00
2.026082007179712541e+00
3.209084344908805342e+00
4.880019550628632352e+00
5.233571367934419349e+00
4.875307321722031517e+00
4.192304229661952597e+00
2.014708287832513101e+00
6.952432511530052262e-01
-2.026081048333500778e+00
-3.209083398785760100e+00
-4.880018641016795833e+00
-5.233570457269856924e+00
-4.875306344062918740e+00
-4.192303233456933675e+00
-2.014707327539082549e+00
-6.952422900467361000e-01
3.737607256869736716e+00
4.569250402483779006e+00
5.279657221797405597e+00
5.101345083814572412e+00
3.728957383715477469e+00
2.645143507164509078e+00
-6.114658297346016978e-03
-1.360548371517223076e+00
-3.737606190755076607e+00
-4.569249333271113933e+00
-5.279656141104433154e+00
-5.101343977416588515e+00
-3.728956268782420480e+00
-2.645142382282045013e+00
6.115761628658650251e-03
1.360549476157545845e+00
4.879396766838848265e+00
5.232428294338602015e+00
4.874012944599469321e+00
4.192014535471938252e+00
2.013501113010743637e+00
6.959769830757096543e-01
-2.026494207950698012e+00
-3.207756433768341520e+00
-4.879395547231688113e+00
-5.232427064356693691e+00
-4.874011699793583396e+00
-4.192013280038889178e+00
-2.013499854614603457e+00
-6.959757226075857783e-01
2.026495447530171301e+00
3.207757659087409507e+00
5.279755176854343368e+00
5.101455497680417395e+00
3.728982752088073838e+00
2.645245826484500906e+00
-6.176555579496181315e-03
-1.360514277716776466e+00
-3.737719389180025775e+00
-4.569303420078809630e+00
-5.279753772823051250e+00
-5.101454094230070346e+00
-3.728981349709013848e+00
-2.645244420681073905e+00
6.177954297635324631e-03
1.360515677498023823e+00
3.737720773800289997e+00
4.569304813728194858e+00
4.875548558302593705e+00
4.192510923279722412e+00
2.014808477437878942e+00
6.952767702189220911e-01
-2.026181253973226681e+00
-3.209243461347533355e+00
-4.880260158843976015e+00
-5.233829375336601863e+00
-4.875547002912565375e+00
-4.192509359106975531e+00
-2.014806910408380336e+00
-6.952752095497193308e-01
2.026182794639167728e+00
3.209245010340972204e+00
4.880261727927984516e+00
5.233830934452998740e+00
3.727614074656205645e+00
2.645404859938622177e+00
-7.001662093308715432e-03
-1.359430388809790946e+00
-3.737517962273978700e+00
-4.567929687784072712e+00
-5.278643250916272400e+00
-5.100594669241282020e+00
-3.727612355415990564e+00
-2.645403128209013577e+00
7.003377793264326488e-03
1.359432115865591539e+00
3.737519678172259940e+00
4.567931403205141017e+00
5.278644975672924566e+00
5.100596391810588770e+00
2.014782384001515769e+00
6.952908152199922531e-01
-2.026188348836429842e+00
-3.209214666922704406e+00
-4.880244038542853602e+00
-5.233802226092612031e+00
-4.875516558055424277e+00
-4.192499595779509924e+00
-2.014780493390612381e+00
-6.952889211923030111e-01
2.026190245667123246e+00
3.209216572738435413e+00
4.880245944754431520e+00
5.233804132278003785e+00
4.875518459484912803e+00
4.192501495188265537e+00
-6.172480362722435575e-03
-1.360525906280938058e+00
-3.737735264905632793e+00
-4.569328621683576230e+00
-5.279779095334111716e+00
-5.101476828409608366e+00
-3.729001413287230893e+00
-2.645252187817597633e+00
6.174557883925061406e-03
1.360527985132985229e+00
3.737737343503184650e+00
4.569330709964611437e+00
5.279781184053088161e+00
5.101478915194627817e+00
3.729003494551277331e+00
2.645254270275325226e+00
-2.026520202448740537e+00
-3.207865421607379197e+00
-4.879511955652692023e+00
-5.232567364366655482e+00
-4.874148676922665402e+00
-4.192102209267541291e+00
-2.013578654831064352e+00
-6.959622645005002495e-01
2.026522468005571120e+00
3.207867695001425989e+00
4.879514219482745219e+00
5.232569638777351706e+00
4.874150946599807632e+00
4.192104475956635490e+00
2.013580913924514881e+00
6.959645373700159565e-01
-3.737740882506994655e+00
-4.569359387217823532e+00
-5.279803646715810039e+00
-5.101495600736358327e+00
-3.729030501478111770e+00
-2.645248439031918419e+00
6.157628583623777838e-03
1.360552223504684521e+00
3.737743345569590758e+00
4.569361849302296719e+00
5.279806117268757149e+00
5.101498058621365850e+00
3.729032945699658708e+00
2.645250895346462183e+00
-6.155143671098337564e-03
-1.360549737515387658e+00
-4.880222240261852917e+00
-5.233775642156579089e+00
-4.875489135109007499e+00
-4.192479736466422580e+00
-2.014764690923428692e+00
-6.952885148264736914e-01
2.026186050277067441e+00
3.209198920380388120e+00
4.880224912840118279e+00
5.233778301837233471e+00
4.875491778617963234e+00
4.192482389941238452e+00
2.014767352644192044e+00
6.952912000998495712e-01
-2.026183360721809823e+00
-3.209196242478197458e+00
-5.278504178306247852e+00
-5.100466951271028115e+00
-3.727490447943094587e+00
-2.645357385961555785e+00
7.035608879646497622e-03
1.359369589450171611e+00
3.737445950955809337e+00
4.567799067026327542e+00
5.278507020066050437e+00
5.100469790045349505e+00
3.727493306043825338e+00
2.645360259517373969e+00
-7.032716157173951425e-03
-1.359366684800478620e+00
-3.737443056285158161e+00
-4.567796188254968470e+00
-4.875421211802491328e+00
-4.192363132536971904e+00
-2.014783145619038596e+00
-6.952135347431607215e-01
2.026092453484854339e+00
3.209189327595075358e+00
4.880111543734867219e+00
5.233689549907886374e+00
4.875424235638218029e+00
4.192366186283704721e+00
2.014786240805700679e+00
6.952166512779097696e-01
-2.026089328731710548e+00
-3.209186210912915893e+00
-4.880108467249721471e+00
-5.233686518988622360e+00
-3.728842695639798421e+00
-2.645115610298627296e+00
6.159816626171268732e-03
1.360485983267904597e+00
3.737560852364692821e+00
4.569137076503783312e+00
5.279544697852751156e+00
5.101244633337353562e+00
3.728845981276390997e+00
2.645118927698549616e+00
-6.156501035759326043e-03
-1.360482654312332729e+00
-3.737557496857354167e+00
-4.569133754811100623e+00
-5.279541489938401888e+00
-5.101241429398710281e+00
-2.013381660170925347e+00
-6.960183262999649623e-01
2.026508419132844185e+00
3.207627486118520554e+00
4.879299036633906184e+00
5.232285391983563017e+00
4.873858192980793369e+00
4.191941827422247968e+00
2.013385180636733107e+00
6.960218652334712042e-01
-2.026504868327831055e+00
-3.207623929736651558e+00
-4.879295522787975514e+00
-5.232281966954831276e+00
-4.873854766694843299e+00
-4.191938339309479566e+00
6.062597037712279778e-03
1.360785381520440707e+00
3.738048355243436482e+00
4.569867988497787969e+00
5.280330713254276276e+00
5.101977776361256822e+00
3.729470031358253834e+00
2.645425711322435536e+00
-6.058871782764930526e-03
-1.360781642725799268e+00
-3.738044554413454623e+00
-4.569864234005745374e+00
-5.280327077518943035e+00
-5.101974154500645398e+00
-3.729466293253669296e+00
-2.645421939901249964e+00
2.026740192804747043e+00
3.210142062119837103e+00
4.881609382025085431e+00
5.235277413102837230e+00
4.876892574489789745e+00
4.193657952571151704e+00
2.015367309626256542e+00
6.954582489465053197e-01
-2.026736247659449930e+00
-3.210138119146999980e+00
-4.881605417377154588e+00
-5.235273507587772990e+00
-4.876888646244383452e+00
-4.193653991391617097e+00
-2.015363370180263569e+00
-6.954543045354226738e-01
3.739307472561648193e+00
4.569653573038473304e+00
5.280824041121844559e+00
5.102786299802171577e+00
3.728908331848149071e+00
2.646784337890904393e+00
-7.345195253902259136e-03
-1.359668340342878201e+00
-3.739303297643158608e+00
-4.569649410760030506e+00
-5.280819859202813049e+00
-5.102782121351228106e+00
-3.728904142353383744e+00
-2.646780147224560675e+00
7.349289681275119820e-03
1.359672436936339324e+00
4.882728098539505623e+00
5.236527117733491998e+00
4.878079676329172720e+00
4.194590353035761332e+00
2.015928799484024481e+00
6.955288582791311347e-01
-2.027129510767502030e+00
-3.210971948103165996e+00
-4.882723694682999493e+00
-5.236522690452617645e+00
-4.878075224693532164e+00
-4.194585931056187711e+00
-2.015924468390468682e+00
-6.955245136125483008e-01
2.027133833447600342e+00
3.210976258625200863e+00
5.279061319073066194e+00
5.100762394790536725e+00
3.728535558384491910e+00
2.644829476204777041e+00
-6.108074399608792900e-03
-1.360408645752264167e+00
-3.737182691142783675e+00
-4.568742775723066529e+00
-5.279056605078173980e+00
-5.100757686742609209e+00
-3.728530986497374577e+00
-2.644824915563321444e+00
6.112642705361920510e-03
1.360413205244017654e+00
3.737187223642461475e+00
4.568747304760560013e+00
4.864821709225553015e+00
4.184559733076054222e+00
2.009330106357908985e+00
6.951662989943344639e-01
-2.023203830586945973e+00
-3.201455782140539164e+00
-4.870574053961858496e+00
-5.222701391954747585e+00
-4.864816787482850735e+00
-4.184554992144748908e+00
-2.009325423018660128e+00
-6.951613971603732844e-01
2.023208723082009719e+00
3.201460454844788917e+00
4.870578783869717654e+00
5.222706295913607022e+00
3.716253635951431544e+00
2.634807170541059396e+00
-5.129883212207165914e-03
-1.356606664189024647e+00
-3.723519312771356393e+00
-4.553345472096658852e+00
-5.260710472992164988e+00
-5.082782387718791206e+00
-3.716248922713142555e+00
-2.634802504372576681e+00
5.135195066984044564e-03
1.356611964375079804e+00
3.723523957261135831e+00
4.553350161341229274e+00
5.260715851938256193e+00
5.082787773494762185e+00
2.006975359837408490e+00
6.912898272961002233e-01
-2.016505395325949745e+00
-3.196122234329169753e+00
-4.858747592785378266e+00
-5.211282185903167274e+00
-4.854788380158283623e+00
-4.173738376637888159e+00
-2.006970394408437830e+00
-6.912843797018743963e-01
2.016510845421630282e+00
3.196127152652429970e+00
4.858752503565198388e+00
5.211287759247106521e+00
4.854793948972591089e+00
4.173743311943397316e+00
-8.341582373390284133e-03
-1.358020832772506958e+00
-3.738127659864397767e+00
-4.566850395375997351e+00
-5.278157887442939789e+00
-5.100466072686051788e+00
-3.726314533124853501e+00
-2.646306078911714987e+00
8.347544837413671537e-03
1.358026791251521814e+00
3.738132583981204071e+00
4.566855356865878512e+00
5.278163740401172532e+00
5.100471946684152158e+00
3.726319466129802471e+00
2.646310988846920509e+00
-2.056737347081615042e+00
-3.255851354414184495e+00
-4.952389330077830110e+00
-5.310750820910450365e+00
-4.946985465016848771e+00
-4.254678479174539341e+00
-2.043714940584501427e+00
-7.062829735727204072e-01
2.056743110473074676e+00
3.255857064554341207e+00
4.952394781706007443e+00
5.310756462254921040e+00
4.946991024855418750e+00
4.254683888759845267e+00
2.043720614456347562e+00
7.062886806130118655e-01
-3.893125764610818607e+00
-4.715589158939648584e+00
-5.467275307970236753e+00
-5.290925552602891102e+00
-3.838768327082174192e+00
-2.766917435433538852e+00
3.842975931954118601e-02
1.377915004445694258e+00
3.893131536880519938e+00
4.715594733642617165e+00
5.467281538072403357e+00
5.290931723283721411e+00
3.838774063222723409e+00
2.766923379702042052e+00
-3.842430300085967337e-02
-1.377909498721266557e+00
-5.092692577978108481e+00
-5.403625563326002634e+00
-5.005703645900550391e+00
-4.405022389567183616e+00
-1.986451535889770748e+00
-8.260253789950415815e-01
2.196442950209640088e+00
3.236856786675115671e+00
5.092699166915111597e+00
5.403631606312890412e+00
5.005710069846153409e+00
4.405029133110600625e+00
1.986456847983567142e+00
8.260312896885850797e-01
-2.196437398672453689e+00
-3.236851608032239813e+00
