5.465216558113002776e+00
5.308410787505033923e+00
3.784141105473221245e+00
2.831036836147879043e+00
-1.136314498190985484e-01
-1.304717443109533637e+00
-3.944843007525772105e+00
-4.676188161021336498e+00
-5.465217180892642190e+00
-5.308411119481982077e+00
-3.784142044860907550e+00
-2.831037732383266725e+00
1.136310392493019711e-01
1.304716713428340391e+00
3.944842773647852407e+00
4.676187912042319539e+00
5.025861100918300295e+00
4.348867152900137256e+00
2.054796612933249556e+00
7.469401987602816151e-01
-2.119940142942624561e+00
-3.292534267500729861e+00
-5.052844756841452956e+00
-5.403286974060923065e+00
-5.025861718730285865e+00
-4.348867679417720566e+00
-2.054797147395766022e+00
-7.469408001068501557e-01
2.119939818937304210e+00
3.292533895936421651e+00
5.052844448063759764e+00
5.403286702431804756e+00
3.778656711844373017e+00
2.680087441292005046e+00
-5.968498536350512647e-03
-1.378841258026963112e+00
-3.787097611595805269e+00
-4.630063299575461144e+00
-5.349796107836794157e+00
-5.169057204476170675e+00
-3.778656984450746492e+00
-2.680087667296243037e+00
5.968158266689701889e-03
1.378840898999867948e+00
3.787097224810519247e+00
4.630062966248406298e+00
5.349795793099180408e+00
5.169056794225127760e+00
2.012450419897299447e+00
6.958098031831991825e-01
-2.025711809206010017e+00
-3.206182063072651189e+00
-4.877239355622052130e+00
-5.230035147046120159e+00
-4.871746273734548716e+00
-4.190205084200642638e+00
-2.012450386910029643e+00
-6.958097868285537668e-01
2.025711356649689598e+00
3.206181621881697641e+00
4.877239374906749525e+00
5.230035132367496509e+00
4.871745858693775411e+00
4.190204647626291745e+00
-4.006758748647035011e-03
-1.356578467409413014e+00
-3.719709506835103596e+00
-4.550209945339751094e+00
-5.256456185227285971e+00
-5.078389706461559960e+00
-3.714042541553342236e+00
-2.631718201702064164e+00
4.006742463053437377e-03
1.356578246566662038e+00
3.719709325905796060e+00
4.550210033939787735e+00
5.256456227921531443e+00
5.078389446580221289e+00
3.714042323171534044e+00
2.631718235548906382e+00
-2.015968811913756653e+00
-3.198064569202802243e+00
-4.859743959753275000e+00
-5.213025523313533860e+00
-4.856747108371684440e+00
-4.174267413386111514e+00
-2.008734065505935806e+00
-6.902800147019511057e-01
2.015968678427933813e+00
3.198064476972135584e+00
4.859744178971493689e+00
5.213025693009349482e+00
4.856746964897177499e+00
4.174267282858121320e+00
2.008734223640908034e+00
6.902801616684182129e-01
-3.726625317002404181e+00
-4.555687476836748573e+00
-5.264045651106751045e+00
-5.086287496597390323e+00
-3.717860191609881237e+00
-2.637410008726325916e+00
6.197776739806399628e-03
1.356427325715397147e+00
3.726625456470340492e+00
4.555687699768997234e+00
5.264045817070885924e+00
5.086287586605946487e+00
3.717860292532056299e+00
2.637410205909220373e+00
-6.197608556620190327e-03
-1.356427261388388761e+00
-4.872923823166201984e+00
-5.226711623368025528e+00
-4.869279565902095541e+00
-4.185821623764853783e+00
-2.013278134099285133e+00
-6.929342108948770562e-01
2.022075404182279712e+00
3.205865513238496778e+00
4.872924144473867791e+00
5.226711926005667586e+00
4.869279785171279684e+00
4.185821857064557783e+00
2.013278400062794571e+00
6.929344555310555931e-01
-2.022075152990924440e+00
-3.205865253413257232e+00
-5.275230294777742301e+00
-5.096705527384806977e+00
-3.726821322218505816e+00
-2.641712718491681766e+00
4.709178387854806927e-03
1.360760491822187834e+00
3.733481988021257081e+00
4.566118787164186621e+00
5.275230687865781753e+00
5.096705908410117836e+00
3.726821669120478742e+00
2.641713071955045233e+00
-4.708798692250797634e-03
-1.360760119730064277e+00
-3.733481571332974980e+00
-4.566118365226388143e+00
-4.870024668625555719e+00
-4.187627305319359117e+00
-2.012634575462288744e+00
-6.943397378183461255e-01
2.023730906374061167e+00
3.205683974572794082e+00
4.874621961144470106e+00
5.227860556952996340e+00
4.870025158985423985e+00
4.187627813829104539e+00
2.012635053440979149e+00
6.943402250990403646e-01
-2.023730376892213023e+00
-3.205683457889892285e+00
-4.874621457225400967e+00
-5.227860040740019087e+00
-3.726285794042866417e+00
-2.641497310877146898e+00
4.829059958890540016e-03
1.360480431915287225e+00
3.733116443589476141e+00
4.565507543080477681e+00
5.274593594077044756e+00
5.096121340733975380e+00
3.726286417045456378e+00
2.641497930230881863e+00
-4.828423108164802725e-03
-1.360479802948343364e+00
-3.733115815585309694e+00
-4.565506931262516055e+00
-5.274592966934105398e+00
-5.096120703881782177e+00
-2.013893054753740142e+00
-6.931235044834986869e-01
2.022663375691467813e+00
3.206835320115402510e+00
4.874370756845466168e+00
5.228272294245125629e+00
4.870737379289240998e+00
4.187058953960653085e+00
2.013893812164095021e+00
6.931242626319232825e-01
-2.022662609131946621e+00
-3.206834567983642081e+00
-4.874370037537327782e+00
-5.228271570232821297e+00
-4.870736586807232982e+00
-4.187058160398038353e+00
5.787093541314486389e-03
1.358954759511370014e+00
3.732151933332596094e+00
4.563017852951289477e+00
5.272271211655620071e+00
5.094125838185788346e+00
3.723966934804415096e+00
2.641166008776148377e+00
-5.786193616383978819e-03
-1.358953868382976493e+00
-3.732151073565920019e+00
-4.563016999638503712e+00
-5.272270340551075130e+00
-5.094124926008579912e+00
-3.723966023038652207e+00
-2.641165108214442725e+00
2.022529901372961181e+00
3.206398880038023869e+00
4.873864847068318795e+00
5.227675604595417802e+00
4.870155232092344910e+00
4.186651750870303168e+00
2.013576978218088342e+00
6.931453748254378100e-01
-2.022528868735835150e+00
-3.206397860336028138e+00
-4.873863857720713177e+00
-5.227674611944539862e+00
-4.870154177635598991e+00
-4.186650683464523404e+00
-2.013575944997611611e+00
-6.931443404371796513e-01
3.732317458525564291e+00
4.564564074459107168e+00
5.273488199697426992e+00
5.095046575975321623e+00
3.725522826923355346e+00
2.640922497257762291e+00
-4.802646802731042053e-03
-1.360219191909987968e+00
-3.732316314855133488e+00
-4.564562925172330310e+00
-5.273487036877011036e+00
-5.095045389020913085e+00
-3.725521637019739263e+00
-2.640921297109449561e+00
4.803826899760463807e-03
1.360220372975416980e+00
4.873183439146636431e+00
5.226472369367342274e+00
4.868806078044663366e+00
4.186310200673498905e+00
2.012350990276916107e+00
6.938659872886010493e-01
-2.022913837511749247e+00
-3.205037617605017264e+00
-4.873182137380594803e+00
-5.226471058145583548e+00
-4.868804757349883161e+00
-4.186308862701505262e+00
-2.012349652672070999e+00
-6.938646482172972085e-01
2.022915154032630891e+00
3.205038925451862752e+00
5.273504796367090464e+00
5.095077786299405886e+00
3.725492222897069272e+00
2.640982099208562861e+00
-4.862287261389809830e-03
-1.360166269233175962e+00
-3.732370391244540286e+00
-4.564547724336353696e+00
-5.273503313577531770e+00
-5.095076305600190203e+00
-3.725490737425354304e+00
-2.640980611925533683e+00
4.863765675597465921e-03
1.360167747847907282e+00
3.732371859234645317e+00
4.564549200297771669e+00
4.870265791215712348e+00
4.186742415598594391e+00
2.013626044434003948e+00
6.931561656445176522e-01
-2.022570660036790979e+00
-3.206474083648972684e+00
-4.873971744260295225e+00
-5.227792272778484239e+00
-4.870264156721921367e+00
-4.186740770289624436e+00
-2.013624396120705207e+00
-6.931545249034409828e-01
2.022572281031205677e+00
3.206475714223337103e+00
4.873973393636632956e+00
5.227793910779600317e+00
3.724143980723367164e+00
2.641153753112327696e+00
-5.686087229045370603e-03
-1.359090835185289281e+00
-3.732187585380391415e+00
-4.563198613165314832e+00
-5.272420429132107067e+00
-5.094243210296542479e+00
-3.724142181010249075e+00
-2.641151941083789811e+00
5.687882204490367355e-03
1.359092641301231641e+00
3.732189381474079859e+00
4.563200408376139272e+00
5.272422230980319036e+00
5.094245010447528088e+00
2.013601996026718410e+00
6.931713121615904472e-01
-2.022580435235701746e+00
-3.206448825917382894e+00
-4.873961492303984677e+00
-5.227771239040033713e+00
-4.870239298609298828e+00
-4.186736090261698351e+00
-2.013600027120642455e+00
-6.931693408622520147e-01
2.022582409325280217e+00
3.206450809194578699e+00
4.873963474765888648e+00
5.227773220299496870e+00
4.870241276149308796e+00
4.186738066962168325e+00
-4.858668746545775734e-03
-1.360176063642507760e+00
-3.732382617185744600e+00
-4.564567880407324196e+00
-5.273523017959260706e+00
-5.095093689577008256e+00
-3.725506462944317754e+00
-2.640985866464390153e+00
4.860820300699135801e-03
1.360178216455624867e+00
3.732384770139529628e+00
4.564570042258580429e+00
5.273525178294731219e+00
5.095095848415187589e+00
3.725508618994876731e+00
2.640988023838407805e+00
-2.022923417528880830e+00
-3.205121242136819593e+00
-4.873259510221441992e+00
-5.226569625632643934e+00
-4.868902851445915836e+00
-4.186364053244626682e+00
-2.012412543612344340e+00
-6.938452953611324858e-01
2.022925753065232701e+00
3.205123585840194522e+00
4.873261843176353914e+00
5.226571968053540296e+00
4.868905190035860642e+00
4.186366390090310752e+00
2.012414873494815737e+00
6.938476381507094892e-01
-3.732383645260482830e+00
-4.564593464270910061e+00
-5.273541413979095260e+00
-5.095106437232132635e+00
-3.725531431650169978e+00
-2.640978772020380561e+00
4.843560229222087718e-03
1.360201153989064160e+00
3.732386173200047619e+00
4.564595990787347901e+00
5.273543948052283881e+00
5.095108959335324705e+00
3.725533941719696429e+00
2.640981293972015198e+00
-4.841011112046004518e-03
-1.360198603861658695e+00
-4.873944797855899402e+00
-5.227750368253808233e+00
-4.870217329092590752e+00
-4.186720526581053647e+00
-2.013586816626272924e+00
-6.931692873981539771e-01
2.022579976500423538e+00
3.206436925959422979e+00
4.873947528780863792e+00
5.227753086904947999e+00
4.870220032772722085e+00
4.186723239984521783e+00
2.013589537341278657e+00
6.931720309498075050e-01
-2.022577229258148979e+00
-3.206434190134562989e+00
-5.272323655427163303e+00
-5.094156450998831964e+00
-3.724049974752081216e+00
-2.641127671199060778e+00
5.720409995814102269e-03
1.359040685361440071e+00
3.732145732912545366e+00
4.563104472756088548e+00
5.272326552951905221e+00
5.094159346035533886e+00
3.724052886092902970e+00
2.641130597318748219e+00
-5.717466281566117685e-03
-1.359037730073041850e+00
-3.732142788194674488e+00
-4.563101542637640229e+00
-4.870223780246913492e+00
-4.186669956617930843e+00
-2.013634369867653540e+00
-6.931072515307639126e-01
2.022519587650336348e+00
3.206475009846653457e+00
4.873910189489034650e+00
5.227744716453512019e+00
4.870226856363131240e+00
4.186673059603585934e+00
2.013637508813182375e+00
6.931104119119870788e-01
-2.022516420786883096e+00
-3.206471852011731904e+00
-4.873907066593755388e+00
-5.227741634635281187e+00
-3.725442110462846124e+00
-2.640921110355977763e+00
4.849669492392008271e-03
1.360167966749963542e+00
3.732307588698701828e+00
4.564493026239202500e+00
5.273425625827430352e+00
5.094994854860643407e+00
3.725445436409910549e+00
2.640924464834915941e+00
-4.846317779970122502e-03
-1.360164602514231991e+00
-3.732304200488607560e+00
-4.564489668157436064e+00
-5.273422368735265486e+00
-5.094991600833413514e+00
-2.012258686152756049e+00
-6.939226469476498238e-01
2.022963661065412477e+00
3.204954878058190904e+00
4.873163177737636076e+00
5.226410160642477543e+00
4.868725417747286066e+00
4.186305470565559794e+00
2.012262235095646279e+00
6.939262150706819732e-01
-2.022960083839892231e+00
-3.204951297061207960e+00
-4.873159630605170101e+00
-5.226406693898426603e+00
-4.868721947897277857e+00
-4.186301945387124412e+00
4.751732800047216675e-03
1.360416924126973459e+00
3.732655306681470275e+00
4.565053628309465594e+00
5.274014724965256917e+00
5.095537684568269832e+00
3.725930810075850363e+00
2.641132356028114359e+00
-4.747985242153482735e-03
-1.360413163912717271e+00
-3.732651487746503793e+00
-4.565049851197124475e+00
-5.274011051713586085e+00
-5.095534024022647657e+00
-3.725927045599405574e+00
-2.641128562065162555e+00
2.022968739747093458e+00
3.207129671381132585e+00
4.874943357571765112e+00
5.228838268977367143e+00
4.871236843946699757e+00
4.187563960788139639e+00
2.014034858511835058e+00
6.932791906200702625e-01
-2.022964780143700736e+00
-3.207125715210480621e+00
-4.874939373170593448e+00
-5.228834337248421171e+00
-4.871232888202436051e+00
-4.187559976818114649e+00
-2.014030903304179887e+00
-6.932752293789247178e-01
3.733370757286107899e+00
4.564209307401354998e+00
5.273765655004939212e+00
5.095622375151640071e+00
3.724862901350303623e+00
2.642097162251777931e+00
-6.007924641350302283e-03
-1.359133015871557104e+00
-3.733366573871190752e+00
-4.564205133908967760e+00
-5.273761454618322908e+00
-5.095618177313001596e+00
-3.724858698824550896e+00
-2.642092960691107884e+00
6.012031051892342999e-03
1.359137124232296046e+00
4.875487518491907757e+00
5.229486307953898461e+00
4.871870603558526192e+00
4.187995562007864159e+00
2.014388215497879830e+00
6.932430622367838913e-01
-2.023099013614442665e+00
-3.207609557816415435e+00
-4.875483108987973324e+00
-5.229481871776691548e+00
-4.871866141904818370e+00
-4.187991132562270735e+00
-2.014383878386000859e+00
-6.932387102464404594e-01
2.023103342916603875e+00
3.207613873807935612e+00
5.272443909505175164e+00
5.094022973371806096e+00
3.724806348840047576e+00
2.640357786373901838e+00
-4.764730058260216970e-03
-1.359993107277877478e+00
-3.731553406054927802e+00
-4.563683233472069389e+00
-5.272439193373433142e+00
-5.094018261101546763e+00
-3.724801777619641818e+00
-2.640353225356915967e+00
4.769301818957460103e-03
1.359997671173591272e+00
3.731557938796761675e+00
4.563687762911468049e+00
4.860966753320022704e+00
4.180027182913297779e+00
2.008731526347545149e+00
6.932585258271499740e-01
-2.020195192077836932e+00
-3.199620837606025336e+00
-4.865720504531596546e+00
-5.218198805852264144e+00
-4.860961834905536350e+00
-4.180022446479521037e+00
-2.008726845294588337e+00
-6.932536255066736874e-01
2.020200084169867516e+00
3.199625510371395087e+00
4.865725232302045455e+00
5.218203702877451278e+00
3.715562983783890161e+00
2.632666596137541948e+00
-3.920053019566344804e-03
-1.357208690149938501e+00
-3.721117208265549703e+00
-4.552055948421572573e+00
-5.258523594497273024e+00
-5.080357200919148219e+00
-3.715558274090134727e+00
-2.632661929892030628e+00
3.925355994290915390e-03
1.357213983561864845e+00
3.721121856009650397e+00
4.552060634742232992e+00
5.258528959052092056e+00
5.080362571731950716e+00
2.007849677799835142e+00
6.900951664711352240e-01
-2.015267527618666232e+00
-3.196739234886144754e+00
-4.857871122424334942e+00
-5.210960287582820705e+00
-4.854787188219182426e+00
-4.172666337099908418e+00
-2.007844718163209308e+00
-6.900897282027266266e-01
2.015272968881908433e+00
3.196744152149010976e+00
4.857876030609523887e+00
5.210965843272098219e+00
4.854792739513309030e+00
4.172671269296055030e+00
-7.182470409157508916e-03
-1.358609741353289824e+00
-3.735859196570560758e+00
-4.565655283654311170e+00
-5.276109211448566150e+00
-5.098187457996611549e+00
-3.725685737306525080e+00
-2.644278456855764681e+00
7.188413906029206789e-03
1.358615680242587498e+00
3.735864117611266355e+00
4.565660254528904893e+00
5.276115045939106629e+00
5.098193313561203865e+00
3.725690675095993054e+00
2.644283367567797249e+00
-2.052799777618378840e+00
-3.252004462918372862e+00
-4.944856740791315097e+00
-5.303245456462897245e+00
-4.940270635686299983e+00
-4.247911337961852496e+00
-2.041751056334543346e+00
-7.042178489237679306e-01
2.052805523981077407e+00
3.252010160634787539e+00
4.944862201273640068e+00
5.303251089361927129e+00
4.940276190320060934e+00
4.247916756883082456e+00
2.041756722352492837e+00
7.042235455760146312e-01
-3.881892395537954510e+00
-4.706152241581236240e+00
-5.454552352443660546e+00
-5.277817461219148854e+00
-3.832008693273183386e+00
-2.757816602619144408e+00
3.526652053625720790e-02
1.377677501952565109e+00
3.881898173887472936e+00
4.706157835963558966e+00
5.454558555851922286e+00
5.277823609578883080e+00
3.832014447023646131e+00
2.757822554053046549e+00
-3.526107091321183107e-02
-1.377672005313585135e+00
-5.092692577978108481e+00
-5.403625563326002634e+00
-5.005703645900550391e+00
-4.405022389567183616e+00
-1.986451535889770748e+00
-8.260253789950415815e-01
2.196442950209640088e+00
3.236856786675115671e+00
5.092699166915111597e+00
5.403631606312890412e+00
5.005710069846153409e+00
4.405029133110600625e+00
1.986456847983567142e+00
8.260312896885850797e-01
-2.196437398672453689e+00
-3.236851608032239813e+00
