5.465216558113002776e+00
5.308410787505033923e+00
3.784141105473221245e+00
2.831036836147879043e+00
-1.136314498190985484e-01
-1.304717443109533637e+00
-3.944843007525772105e+00
-4.676188161021336498e+00
-5.465217180892642190e+00
-5.308411119481982077e+00
-3.784142044860907550e+00
-2.831037732383266725e+00
1.136310392493019711e-01
1.304716713428340391e+00
3.944842773647852407e+00
4.676187912042319539e+00
5.024296191357948693e+00
4.347040138257383113e+00
2.054542926195137120e+00
7.461801672482356595e-01
-2.118733992184101300e+00
-3.291782095945476438e+00
-5.050885315138888387e+00
-5.401463209306221813e+00
-5.024296806053475173e+00
-4.347040662329836991e+00
-2.054543460319654180e+00
-7.461807677930701876e-01
2.118733669038566969e+00
3.291781725919456392e+00
5.050885005837896458e+00
5.401462936592901443e+00
3.777966708688629272e+00
2.679359665156423986e+00
-5.792906366957385061e-03
-1.378712865741999805e+00
-3.786159282192785192e+00
-4.629153950411989626e+00
-5.348644702030720843e+00
-5.167899586825428493e+00
-3.777966979190920949e+00
-2.679359889930582383e+00
5.792567725669058899e-03
1.378712508371958245e+00
3.786158897733630457e+00
4.629153618502254375e+00
5.348644388369989677e+00
5.167899179368673046e+00
2.012492660161605773e+00
6.955678950824284446e-01
-2.025391567962921524e+00
-3.206116584086032617e+00
-4.876828709205359047e+00
-5.229700639843531285e+00
-4.871485774611359787e+00
-4.189797496855703685e+00
-2.012492625291902204e+00
-6.955678767804798213e-01
2.025391118621860276e+00
3.206116146265639344e+00
4.876828729659311357e+00
5.229700626271234221e+00
4.871485363630046805e+00
4.189797064299508378e+00
-3.811543955148261401e-03
-1.356720482371808645e+00
-3.719444297119863574e+00
-4.550151801028662568e+00
-5.256276338605759157e+00
-5.078165463147215064e+00
-3.714053404561209248e+00
-2.631459211904926043e+00
3.811531143552672300e-03
1.356720265245416224e+00
3.719444119634194745e+00
4.550151891878241095e+00
5.256276383776434358e+00
5.078165207575604079e+00
3.714053190684395656e+00
2.631459249295115210e+00
-2.015607354816555841e+00
-3.197953323880994958e+00
-4.859249977661301401e+00
-5.212606319222684803e+00
-4.856409962992890073e+00
-4.173785806948209220e+00
-2.008751251207470556e+00
-6.900181277767186705e-01
2.015607226199815916e+00
3.197953236124821963e+00
4.859250200011600462e+00
5.212606492318463403e+00
4.856409824676077847e+00
4.173785681842019812e+00
2.008751413806468378e+00
6.900182790048811077e-01
-3.725894616404228366e+00
-4.555090955529413677e+00
-5.263230724639107017e+00
-5.085443797868361315e+00
-3.717438405134778190e+00
-2.636813358968702392e+00
5.979340267292162885e-03
1.356427413996590170e+00
3.725894760933319283e+00
4.555091183422146806e+00
5.263230895713236990e+00
5.085443893046330821e+00
3.717438511701096182e+00
2.636813561832840769e+00
-5.979166526544460111e-03
-1.356427344101805765e+00
-4.871834661784700593e+00
-5.225663882731802268e+00
-4.868361619687778585e+00
-4.184823653231624085e+00
-2.013069127650926049e+00
-6.925706138652544253e-01
2.021453039960772635e+00
3.205381753069967310e+00
4.871834989360866786e+00
5.225664191470949405e+00
4.868361844876279321e+00
4.184823892703861681e+00
2.013069400288412414e+00
6.925708650880701978e-01
-2.021452782374078438e+00
-3.205381486943100100e+00
-5.274048291131111732e+00
-5.095505742309605957e+00
-3.726144110565697609e+00
-2.640927456531088957e+00
4.484891630611440201e-03
1.360671235966041781e+00
3.732487597538587387e+00
4.565207306860965097e+00
5.274048690975200238e+00
5.095506129919460392e+00
3.726144464778793353e+00
2.640927817487032314e+00
-4.484504528352748105e-03
-1.360670856517862459e+00
-3.732487173246195944e+00
-4.565206877351996262e+00
-4.869042512797111755e+00
-4.186574761742840600e+00
-2.012398507500325451e+00
-6.939676969247673410e-01
2.023082606949428541e+00
3.205157587866377167e+00
4.873469066133806038e+00
5.226744091224060362e+00
4.869043010705802921e+00
4.186575278233950037e+00
2.012398993902661193e+00
6.939681924829125270e-01
-2.023082069265778493e+00
-3.205157062378000354e+00
-4.873468553742550391e+00
-5.226743567312142069e+00
-3.725658668657024108e+00
-2.640752225897737393e+00
4.608263719141672023e-03
1.360407050687840513e+00
3.732177080724210949e+00
4.564658693363854880e+00
5.273485924000905989e+00
5.094994256357692208e+00
3.725659301050897820e+00
2.640752854692413276e+00
-4.607617925491343767e-03
-1.360406413169688689e+00
-3.732176442337081124e+00
-4.564658071777409454e+00
-5.273485288692870476e+00
-5.094993611723610094e+00
-2.013689491340106219e+00
-6.927671095333770568e-01
2.022054043098211906e+00
3.206363016418769085e+00
4.873305478076006558e+00
5.227247960211854227e+00
4.869840166520061686e+00
4.186082626230628989e+00
2.013690258891398521e+00
6.927678775600191186e-01
-2.022053267832161438e+00
-3.206362253316169753e+00
-4.873304748825710853e+00
-5.227247226825083359e+00
-4.869839365667586684e+00
-4.186081822568131550e+00
5.567451021873833644e-03
1.358899995333151312e+00
3.731267269793390184e+00
4.562234426585136227e+00
5.271239745759931594e+00
5.093072655051646080e+00
3.723392883429403888e+00
2.640460023315500226e+00
-5.566540653042417047e-03
-1.358899093431886973e+00
-3.731266401599131477e+00
-4.562233563716129758e+00
-5.271238864659417267e+00
-5.093071733670639034e+00
-3.723391960767969078e+00
-2.640459112207289127e+00
2.021931571057234756e+00
3.205943766826416130e+00
4.872825873665347807e+00
5.226679424996383716e+00
4.869284216422769873e+00
4.185698035886711743e+00
2.013384164855746228e+00
6.927928278982840027e-01
-2.021930526783951798e+00
-3.205942738874011599e+00
-4.872824873614605146e+00
-5.226678420611259313e+00
-4.869283147802416778e+00
-4.185696960749941908e+00
-2.013383121251834496e+00
-6.927917830743843819e-01
3.731427662996848138e+00
4.563774380772081862e+00
5.272449485356892396e+00
5.093986385845304277e+00
3.724943647710925454e+00
2.640212864570929074e+00
-4.582983493260761772e-03
-1.360162556756712604e+00
-3.731426508233179451e+00
-4.563773220109163198e+00
-5.272448309410431300e+00
-5.093985184861550053e+00
-3.724942448681026974e+00
-2.640211654528315410e+00
4.584174251537209352e-03
1.360163748308658827e+00
4.872140117492331335e+00
5.225471883222261305e+00
4.867931214859440914e+00
4.185352555953843812e+00
2.012157090944267424e+00
6.935121933434539310e-01
-2.022313182914171836e+00
-3.204580329759151969e+00
-4.872138803605642998e+00
-5.225470559388342373e+00
-4.867929881703574324e+00
-4.185351207115637351e+00
-2.012155742764979660e+00
-6.935108435175136865e-01
2.022314510129877174e+00
3.204581648977606445e+00
5.272456820784952924e+00
5.094008572325742001e+00
3.724906691111973700e+00
2.640267582671336211e+00
-4.642342452243258290e-03
-1.360107514851536248e+00
-3.731473836857885917e+00
-4.563750144509975293e+00
-5.272455325535751136e+00
-5.094007079376171809e+00
-3.724905194586995538e+00
-2.640266084561929461e+00
4.643831829625462253e-03
1.360109004307895164e+00
3.731475316502651296e+00
4.563751632377594625e+00
4.869380122451367754e+00
4.185775679428664020e+00
2.013427511445346596e+00
6.928010527191913459e-01
-2.021965751482528439e+00
-3.206009571531759583e+00
-4.872917766394623484e+00
-5.226780240978169623e+00
-4.869378476365029407e+00
-4.185774022787874138e+00
-2.013425852064106625e+00
-6.927994009497181471e-01
2.021967383533044060e+00
3.206011213407265803e+00
4.872919427535560288e+00
5.226781890921788687e+00
3.723561546715532078e+00
2.640441080317030842e+00
-5.465892018858341944e-03
-1.359033396936909055e+00
-3.731293778005203343e+00
-4.562404743133662066e+00
-5.271376576778278533e+00
-5.093177911209264330e+00
-3.723559735870661136e+00
-2.640439257266636197e+00
5.467697972502986656e-03
1.359035213969904898e+00
3.731295585304798212e+00
4.562406549741527151e+00
5.271378390073595988e+00
5.093179722683129462e+00
2.013403550207115256e+00
6.928162555465148253e-01
-2.021975657672743676e+00
-3.205984473537264456e+00
-4.872907790671064276e+00
-5.226759491426854254e+00
-4.869353874719998920e+00
-4.185769581363505409e+00
-2.013401570458310808e+00
-6.928142735118700823e-01
2.021977642452948754e+00
3.205986467566753539e+00
4.872909784065190486e+00
5.226761483585588230e+00
4.869355863068339119e+00
4.185771568876418769e+00
-4.638757414593437135e-03
-1.360116906332181630e+00
-3.731485058019528456e+00
-4.563769029414473266e+00
-5.272473577027837699e+00
-5.094023064566155057e+00
-3.724919863853246138e+00
-2.640270631050731343e+00
4.640919274766588248e-03
1.360119069422896620e+00
3.731487221347585592e+00
4.563771201643601394e+00
5.272475747614707053e+00
5.094025233643051820e+00
3.724922030311476728e+00
2.640272798825939571e+00
-2.022320519212365664e+00
-3.204660519042691114e+00
-4.872210868845109566e+00
-5.225563461620868821e+00
-4.868022704516066668e+00
-4.185401810600563266e+00
-2.012216488970274053e+00
-6.934906784190745244e-01
2.022322864469878301e+00
3.204662872520912309e+00
4.872213211547826717e+00
5.225565813675493665e+00
4.868025052801225883e+00
4.185404157255724122e+00
2.012218828702406537e+00
6.934930309460431985e-01
-3.731485868964727892e+00
-4.563794377119679169e+00
-5.272491690292739897e+00
-5.094035534341887050e+00
-3.724944649352798010e+00
-2.640263378489844825e+00
4.623635844202914243e-03
1.360141951810540428e+00
3.731488405924693996e+00
4.563796912632567704e+00
5.272494233302593258e+00
5.094038065481521826e+00
3.724947168617095183e+00
2.640265909573958680e+00
-4.621077806093364278e-03
-1.360139392778017875e+00
-4.872892435623812801e+00
-5.226740075892404747e+00
-4.869333272985686634e+00
-4.185755165465220529e+00
-2.013388951734895738e+00
-6.928143857086930257e-01
2.021975736899802811e+00
3.205973493147329823e+00
4.872895174669070961e+00
5.226742802790202092e+00
4.869335985113443677e+00
4.185757887275411093e+00
2.013391680619156965e+00
6.928171373371184716e-01
-2.021972981679659220e+00
-3.205970749312077483e+00
-5.271285544940305989e+00
-5.093096716255582912e+00
-3.723471553146667112e+00
-2.640417915872376398e+00
5.500278879952449386e-03
1.358984678250313438e+00
3.731256027922438712e+00
4.562315546394480670e+00
5.271288450258825087e+00
5.093099619176199688e+00
3.723474471940675823e+00
2.640420849239389245e+00
-5.497328133787129055e-03
-1.358981715985757788e+00
-3.731253076327289531e+00
-4.562312609191261359e+00
-4.869348181993053082e+00
-4.185712128848916080e+00
-2.013439795765436191e+00
-6.927538490098243962e-01
2.021919150118391517e+00
3.206016983433455092e+00
4.872866498760106246e+00
5.226743578835303161e+00
4.869351265412460883e+00
4.185715238671340543e+00
2.013442940724424535e+00
6.927570154093782850e-01
-2.021915977518851548e+00
-3.206013820011122561e+00
-4.872863369471651218e+00
-5.226740489931763101e+00
-3.724866365984624839e+00
-2.640214164967516375e+00
4.630199118757388245e-03
1.360112453943900679e+00
3.731421485093191492e+00
4.563707599851877461e+00
5.272391961127657289e+00
5.093939592905108782e+00
3.724869697466292706e+00
2.640217524513219338e+00
-4.626842511461988147e-03
-1.360109084944525648e+00
-3.731418092522149177e+00
-4.563704236848150408e+00
-5.272388697154439363e+00
-5.093936331855959843e+00
-2.012066887581196450e+00
-6.935702162009755867e-01
2.022366002879460112e+00
3.204501245085271677e+00
4.872126185694455103e+00
5.225416209449873506e+00
4.867856532041303197e+00
4.185353425371276082e+00
2.012070440325278042e+00
6.935737882275815336e-01
-2.022362422192101494e+00
-3.204497660904451539e+00
-4.872122634042757916e+00
-5.225412736888130460e+00
-4.867853056083834673e+00
-4.185349895080661575e+00
4.532115402641965531e-03
1.360354178494486588e+00
3.731749004752927146e+00
4.564243653547490176e+00
5.272952649151151583e+00
5.094454951584481250e+00
3.725335092618795585e+00
2.640411106636251670e+00
-4.528364948282436082e-03
-1.360350415526030643e+00
-3.731745183588580428e+00
-4.564239873491757749e+00
-5.272948970608158703e+00
-5.094451285556861109e+00
-3.725331324599536309e+00
-2.640407309727669904e+00
2.022340845412140542e+00
3.206630545891990813e+00
4.873835511097981410e+00
5.227768910130889957e+00
4.870298005974430744e+00
4.186550775305792449e+00
2.013814977868932932e+00
6.929156896574727442e-01
-2.022336884092325260e+00
-3.206626588218214113e+00
-4.873831524088381606e+00
-5.227764974725919167e+00
-4.870294046341260952e+00
-4.186546788242821115e+00
-2.013811020716982370e+00
-6.929117263034387797e-01
3.732395934847019703e+00
4.563320186861684391e+00
5.272610190370262018e+00
5.094448540935247571e+00
3.724203636890363711e+00
2.641326212978038601e+00
-5.784800645397194553e-03
-1.359049457948303674e+00
-3.732391750648522244e+00
-4.563316012077009987e+00
-5.272605987260565286e+00
-5.094444340231506274e+00
-3.724199432741546634e+00
-2.641322010177607815e+00
5.788908469411910979e-03
1.359053567667370732e+00
4.874309648565415820e+00
5.228343701066114235e+00
4.870864440368373849e+00
4.186921302626972263e+00
2.014143127557978641e+00
6.928664167144041874e-01
-2.022439436982927941e+00
-3.207067928927735068e+00
-4.874305238478285673e+00
-5.228339263433416484e+00
-4.870859977183381595e+00
-4.186916872261997824e+00
-2.014138789916573469e+00
-6.928620639827643979e-01
2.022443766837198176e+00
3.207072245227734708e+00
5.271357683341821421e+00
5.092915874182077474e+00
3.724196493548867615e+00
2.639620954106996820e+00
-4.540988604873824781e-03
-1.359928038972586295e+00
-3.730627094365876140e+00
-4.562854357053574894e+00
-5.271352966250770322e+00
-5.092911160900690959e+00
-3.724191922657503540e+00
-2.639616393367511638e+00
4.545560546439700485e-03
1.359932603136165374e+00
3.730631626549504531e+00
4.562858886016290860e+00
4.860297493710326044e+00
4.179247726058659573e+00
2.008621518324208655e+00
6.929356117803855408e-01
-2.019681479246538292e+00
-3.199297999264076875e+00
-4.864883984101277647e+00
-5.217419354781298146e+00
-4.860292575518893265e+00
-4.179242990331328400e+00
-2.008616837919642073e+00
-6.929307119925022240e-01
2.019686370790704899e+00
3.199302671478157833e+00
4.864888711178257275e+00
5.217424251722606598e+00
3.715389882560598434e+00
2.632264274630866652e+00
-3.715095628447110613e-03
-1.357290174360816115e+00
-3.720654189949528678e+00
-4.551768819045432402e+00
-5.258073794955501867e+00
-5.079869719422509533e+00
-3.715385173478342296e+00
-2.632259608523338734e+00
3.720396922764349686e-03
1.357295466330187717e+00
3.720658837875308933e+00
4.551773505256707431e+00
5.258079157600239917e+00
5.079875088257790772e+00
2.007961252400136676e+00
6.898781829840191504e-01
-2.015018301202118334e+00
-3.196784569523897002e+00
-4.857630215123230677e+00
-5.210807441923843264e+00
-4.854695779301277270e+00
-4.172404871223680978e+00
-2.007956293790523539e+00
-6.898727463365567081e-01
2.015023740754334103e+00
3.196789486288694526e+00
4.857635123387384013e+00
5.210812995083313304e+00
4.854701328172641439e+00
4.172409802966912551e+00
-6.986266804771203327e-03
-1.358705189557671389e+00
-3.735463592653873732e+00
-4.565438764892509660e+00
-5.275745988301485667e+00
-5.097785862845405802e+00
-3.725567665165505193e+00
-2.643926997127060474e+00
6.992207174552378043e-03
1.358711125229912220e+00
3.735468513742585372e+00
4.565443736569684496e+00
5.275751819864318293e+00
5.097791715603664287e+00
3.725572603782617787e+00
2.643931907942633774e+00
-2.052196901889616676e+00
-3.251442809390353350e+00
-4.943725755361227492e+00
-5.302126807373297446e+00
-4.939274094699480422e+00
-4.246891002605480026e+00
-2.041472684112554337e+00
-7.038934852428282429e-01
2.052202645657391855e+00
3.251448505361403285e+00
4.943731216614780877e+00
5.302132438715998042e+00
4.939279648568600578e+00
4.246896422961613737e+00
2.041478348772331586e+00
7.038991801880868371e-01
-3.880179169437116382e+00
-4.704758132947604921e+00
-5.452644986973607111e+00
-5.275841678834958692e+00
-3.831024492244878399e+00
-2.756416517269514088e+00
3.475104642118392873e-02
1.377681749013718315e+00
3.880184948670610368e+00
4.704763730114956743e+00
5.452651186168314013e+00
5.275847823704992834e+00
3.831030248592316667e+00
2.756422469675127829e+00
-3.474559784620231961e-02
-1.377676253743310708e+00
-5.092692577978108481e+00
-5.403625563326002634e+00
-5.005703645900550391e+00
-4.405022389567183616e+00
-1.986451535889770748e+00
-8.260253789950415815e-01
2.196442950209640088e+00
3.236856786675115671e+00
5.092699166915111597e+00
5.403631606312890412e+00
5.005710069846153409e+00
4.405029133110600625e+00
1.986456847983567142e+00
8.260312896885850797e-01
-2.196437398672453689e+00
-3.236851608032239813e+00
