5.465216558113002776e+00
5.308410787505033923e+00
3.784141105473221245e+00
2.831036836147879043e+00
-1.136314498190985484e-01
-1.304717443109533637e+00
-3.944843007525772105e+00
-4.676188161021336498e+00
-5.465217180892642190e+00
-5.308411119481982077e+00
-3.784142044860907550e+00
-2.831037732383266725e+00
1.136310392493019711e-01
1.304716713428340391e+00
3.944842773647852407e+00
4.676187912042319539e+00
5.430937916800081311e+00
4.726622039971855038e+00
2.198170172316469273e+00
8.375319382306131155e-01
-2.322267105992508629e+00
-3.542180898969422564e+00
-5.482341202291426185e+00
-5.846933120166776909e+00
-5.430960473351727380e+00
-4.726643276481836686e+00
-2.198170497680089319e+00
-8.375297703703531438e-01
2.322267405115505667e+00
3.542190400036945519e+00
5.482362773129824340e+00
5.846941631728070021e+00
3.995244398129199404e+00
2.850489886099240699e+00
-1.859210439374157919e-02
-1.449196433383883154e+00
-4.021536052868182054e+00
-4.899944857038232904e+00
-5.668754367257099247e+00
-5.480433148828553591e+00
-3.995286399583014347e+00
-2.850507899270175116e+00
1.859286361883176475e-02
1.449199276325914720e+00
4.021583312030250212e+00
4.900003527790897984e+00
5.668747922573749598e+00
5.480389355464038381e+00
2.027566071577101336e+00
7.118176070199819794e-01
-2.056167409887939890e+00
-3.235824976786691121e+00
-4.935400796655712519e+00
-5.287987204752363724e+00
-4.923646260874006586e+00
-4.242561802096906476e+00
-2.027579156532123505e+00
-7.118160408762489455e-01
2.056187292632397412e+00
3.235883454906458123e+00
4.935492138168411813e+00
5.288022451481626973e+00
4.923547864293683851e+00
4.242466197316144161e+00
-5.057820508159636096e-03
-1.319783765721258550e+00
-3.622662413518949354e+00
-4.429913515523708156e+00
-5.118238003174934825e+00
-4.945201366482318228e+00
-3.615611243598849001e+00
-2.563537335033188036e+00
5.060654094868000108e-03
1.319794143429792399e+00
3.622769579890869895e+00
4.430048245195970402e+00
5.118229765993100422e+00
4.945096302357664619e+00
3.615509119718832043e+00
2.563496967944141058e+00
-1.955548311173884279e+00
-3.097953433131077627e+00
-4.710594777432576485e+00
-5.052061272953005222e+00
-4.706379132315296587e+00
-4.046796374400082996e+00
-1.945084911643759629e+00
-6.708602398245898657e-01
1.955571646002378650e+00
3.098030796853825652e+00
4.710718219662783035e+00
5.052106437517074333e+00
4.706248007031463843e+00
4.046670242503514814e+00
1.945069440781240777e+00
6.708639267954839003e-01
-3.685554242544002879e+00
-4.497074100328184443e+00
-5.199937921066903890e+00
-5.025973573449788567e+00
-3.668260400616345507e+00
-2.610634996891799897e+00
1.228372778648121298e-02
1.333962536753518835e+00
3.685634775210121283e+00
4.497175609641051786e+00
5.199930801527762547e+00
5.025895379523153572e+00
3.668185999562687538e+00
2.610606454658116249e+00
-1.228141356418699023e-02
-1.333956050428316331e+00
-4.927206682645311808e+00
-5.279682252901452877e+00
-4.916118552370986272e+00
-4.235221612444349581e+00
-2.025176336304813862e+00
-7.097804171263045747e-01
2.052069483252650706e+00
3.231431032984587226e+00
4.927257263394904108e+00
5.279702686092184294e+00
4.916065254659812034e+00
4.235170308961274444e+00
2.025171129074017529e+00
7.097825095715810662e-01
-2.052058716432044960e+00
-3.231399402361054385e+00
-5.396054356105469019e+00
-5.216353544430940126e+00
-3.804229669257562119e+00
-2.711954338249806362e+00
1.606472741841421387e-02
1.381069119898566511e+00
3.826953632925663484e+00
4.665088757731323810e+00
5.396053662590587940e+00
5.216343935229481588e+00
3.804220038767026413e+00
2.711950247174531814e+00
-1.606348073351397329e-02
-1.381066694971167186e+00
-3.826940131113005794e+00
-4.665073020465001719e+00
-4.975655204706489698e+00
-4.288499722099365918e+00
-2.048084679198860059e+00
-7.206019328155459647e-01
2.079232797676859867e+00
3.269422941947573769e+00
4.988563417440718517e+00
5.344266822159356778e+00
4.975670354317784927e+00
4.288513901521814553e+00
2.048087428684219446e+00
7.206031556088207113e-01
-2.079233451399137955e+00
-3.269429601739265667e+00
-4.988574801923498114e+00
-5.344269654182955520e+00
-3.772887134667652020e+00
-2.686924427848654595e+00
1.396352451004065701e-02
1.371091682329010242e+00
3.792643799724331632e+00
4.625938456324885983e+00
5.349657556231864675e+00
5.170998171417093836e+00
3.772912359619974954e+00
2.686935317724378880e+00
-1.396281664864626980e-02
-1.371092051451323179e+00
-3.792666406275631008e+00
-4.625967750290167047e+00
-5.349653721269739926e+00
-5.170972272193377961e+00
-2.017792879552616103e+00
-7.044784702956372602e-01
2.040752502281245384e+00
3.218237772087090054e+00
4.903847324707230726e+00
5.255759835068453789e+00
4.894365665809193189e+00
4.214541844342122090e+00
2.017799745783374288e+00
7.044801500449657805e-01
-2.040758020291832064e+00
-3.218258028232095391e+00
-4.903879257666534208e+00
-5.255770287454165413e+00
-4.894326834598519582e+00
-4.214504503208698516e+00
1.301950175563376319e-02
1.353568969010670253e+00
3.741612411979927444e+00
4.564726581744568357e+00
5.278434337784834618e+00
5.101959497328796722e+00
3.723220818828512080e+00
2.650509776233765713e+00
-1.301828648439612608e-02
-1.353569692156610715e+00
-3.741639014058672608e+00
-4.564760140630264473e+00
-5.278429125298998770e+00
-5.101929530075247854e+00
-3.723191310171936497e+00
-2.650496145959468475e+00
2.033517916106402534e+00
3.206859901550753289e+00
4.886490349144312795e+00
5.237162565853585861e+00
4.877049176821284249e+00
4.199620341348386354e+00
2.010675332769790824e+00
7.019776971219946482e-01
-2.033521491966842731e+00
-3.206874095937110702e+00
-4.886512720940342724e+00
-5.237169387254630770e+00
-4.877019244157797750e+00
-4.199591348593672890e+00
-2.010668957450346461e+00
-7.019753315755313805e-01
3.759405429129425880e+00
4.586496496123777078e+00
5.303576539431273495e+00
5.126246883519110398e+00
3.740988582930200756e+00
2.663100586828633265e+00
-1.303129201922339012e-02
-1.360056542676201685e+00
-3.759417221852207280e+00
-4.586511242266199773e+00
-5.303571868057526117e+00
-5.126230556942272365e+00
-3.740972356078616112e+00
-2.663091765781525844e+00
1.303359118712964226e-02
1.360057579868755973e+00
4.921530409580642917e+00
5.273568309326820192e+00
4.910392737943378272e+00
4.230322980946244371e+00
2.022804995100321079e+00
7.090001731284519826e-01
-2.049715840291144620e+00
-3.227641692072473756e+00
-4.921533969745707893e+00
-5.273567824771723700e+00
-4.910382068809142631e+00
-4.230312460476907788e+00
-2.022800579523944986e+00
-7.089969734842699323e-01
2.049716837821255577e+00
3.227639978041479729e+00
5.329280200824501712e+00
5.151275426926114953e+00
3.758607759743544996e+00
2.676636536842006642e+00
-1.381435557917503297e-02
-1.365945530216105652e+00
-3.778136476639815555e+00
-4.608364540852199376e+00
-5.329276758366279232e+00
-5.151272570252938721e+00
-3.758604544568076022e+00
-2.676632823158263896e+00
1.381787335098550243e-02
1.365948799989749052e+00
3.778139944531419658e+00
4.608368358618900373e+00
4.913766542834903994e+00
4.232288474056804084e+00
2.024966485894211132e+00
7.084396751581690799e-01
-2.050035577692332467e+00
-3.230399159776890183e+00
-4.924143440490087009e+00
-5.276911976208367605e+00
-4.913769258696916609e+00
-4.232290602701563209e+00
-2.024963236057779170e+00
-7.084356583854808376e-01
2.050040673291313897e+00
3.230406753094806405e+00
4.924152617683017041e+00
5.276917281479888366e+00
3.746102209774123892e+00
2.668127350980478596e+00
-1.405840907692807590e-02
-1.361197621969212568e+00
-3.765977413636225624e+00
-4.593140191674507378e+00
-5.311843243944367465e+00
-5.134498417006035709e+00
-3.746105705043596856e+00
-2.668126072521187719e+00
1.406310793760154679e-02
1.361202916010290087e+00
3.765990016869246393e+00
4.593154353442885807e+00
5.311845318327014454e+00
5.134493578708917205e+00
2.017925096492582782e+00
7.051503557534903877e-01
-2.041747059465003566e+00
-3.218748063724108821e+00
-4.905383541014338711e+00
-5.257146881022473295e+00
-4.895526285711335746e+00
-4.215986848823923161e+00
-2.017921730786488954e+00
-7.051454314664848955e-01
2.041754780461363605e+00
3.218760598103648896e+00
4.905398214736371720e+00
5.257153758108455754e+00
4.895517424676013363e+00
4.215979407136195789e+00
-1.289493691918395385e-02
-1.360354079609013889e+00
-3.759763190187503934e+00
-4.587122398145213609e+00
-5.304215606593538190e+00
-5.126824783622837778e+00
-3.741528943240155503e+00
-2.663293635428089168e+00
1.290052574566501881e-02
1.360360518012142306e+00
3.759778887100662548e+00
4.587139590893417385e+00
5.304216787379011144e+00
5.126817521206047168e+00
3.741524193371017049e+00
2.663295031851695693e+00
-2.045750948042473372e+00
-3.222475158386135519e+00
-4.912888254333576121e+00
-5.264564695964548235e+00
-4.902124550240232637e+00
-4.222743423602560497e+00
-2.019757343011824968e+00
-7.072937934354115441e-01
2.045758913065787610e+00
3.222487673829662391e+00
4.912902224111835636e+00
5.264571042971073034e+00
4.902116837709213470e+00
4.222737543593189535e+00
2.019761613120139909e+00
7.072993018292822454e-01
-3.774413247581579256e+00
-4.604136665020473806e+00
-5.324243919020431370e+00
-5.146340892262435851e+00
-3.755202991103848476e+00
-2.673888866890564486e+00
1.358211726201133049e-02
1.364892222085924312e+00
3.774424454195480561e+00
4.604148724740270815e+00
5.324246647717061798e+00
5.146338572346591533e+00
3.755202797568067741e+00
2.673892438344946054e+00
-1.357659154045371547e-02
-1.364886387119266686e+00
-4.928909363788101849e+00
-5.281884077020308155e+00
-4.918317547823990665e+00
-4.236419205218028061e+00
-2.026652094309469909e+00
-7.093266547680229239e-01
2.052206282109457547e+00
3.233293768013194569e+00
4.928914928997408573e+00
5.281888996197085184e+00
4.918322111083701209e+00
4.236424243436783144e+00
2.026657421311860663e+00
7.093316399301802244e-01
-2.052201844547712817e+00
-3.233288774284966749e+00
-5.320993837337065102e+00
-5.143454115298974116e+00
-3.752199557924045692e+00
-2.673125814716782678e+00
1.457499007880904036e-02
1.363089871831246525e+00
3.772823469093965265e+00
4.600830849552683510e+00
5.321002806320231926e+00
5.143468940488099328e+00
3.752211857136231732e+00
2.673133660743835627e+00
-1.457125285639265799e-02
-1.363087304721830817e+00
-3.772827876376501077e+00
-4.600835537977325806e+00
-4.894857485127296570e+00
-4.215538711114110271e+00
-2.017544443943079191e+00
-7.051950584142566703e-01
2.041635592690759893e+00
3.218256143635766175e+00
4.904850464703048196e+00
5.256501117153859148e+00
4.894889182257674776e+00
4.215566400361561605e+00
2.017550307177105928e+00
7.051978523920529041e-01
-2.041639092702661529e+00
-3.218268322619288302e+00
-4.904863324812685832e+00
-5.256498212108764889e+00
-3.727584819693570584e+00
-2.652712458513005078e+00
1.236412283896847104e-02
1.355635177267970892e+00
3.745073072654288904e+00
4.569860235445656116e+00
5.283994099770894515e+00
5.107163409640359752e+00
3.727616200568039773e+00
2.652725406268915176e+00
-1.236353944697379977e-02
-1.355637728895288774e+00
-3.745102428380016057e+00
-4.569891763210797819e+00
-5.283974991990457504e+00
-5.107120526090219492e+00
-2.007942216573618044e+00
-7.019008491822503748e-01
2.031987986347122188e+00
3.202945883120694504e+00
4.881595527459083428e+00
5.231568360883652957e+00
4.871682530551660228e+00
4.195624191906330402e+00
2.007947898206467130e+00
7.019009996099699888e-01
-2.031999423007297967e+00
-3.202976516595771983e+00
-4.881628389232798959e+00
-5.231566922669073527e+00
-4.871621797142168475e+00
-4.195573124473881421e+00
1.241750313094780803e-02
1.360431796976286689e+00
3.758369010080830463e+00
4.586069044322329979e+00
5.302759006491263527e+00
5.125311587294448579e+00
3.740852600259021443e+00
2.662160774718511647e+00
-1.241852407097442795e-02
-1.360436498089822921e+00
-3.758410510247300440e+00
-4.586114087858436328e+00
-5.302735079703777110e+00
-5.125254119899126160e+00
-3.740811778373258178e+00
-2.662146111450651720e+00
2.060114613112958626e+00
3.245554538641575171e+00
4.947758420681426017e+00
5.302058631813246770e+00
4.937120215987667038e+00
4.252700991538690189e+00
2.034332118940208822e+00
7.121341729692579614e-01
-2.060122816888772412e+00
-3.245580280362799552e+00
-4.947786609783898726e+00
-5.302056140029385745e+00
-4.937066299647398182e+00
-4.252656371321394069e+00
-2.034327197657507913e+00
-7.121332140632530283e-01
3.825053912093021147e+00
4.661683391996298553e+00
5.392604849881553086e+00
5.213231416122744655e+00
3.801238702354609256e+00
2.710919333366713868e+00
-1.684968612999928131e-02
-1.379406385807375957e+00
-3.825065099779001887e+00
-4.661696725708149636e+00
-5.392592892251218295e+00
-5.213206034750118789e+00
-3.801220069484860353e+00
-2.710911507269201604e+00
1.685282185136539879e-02
1.379408984410380956e+00
4.991459119104680653e+00
5.347791495474034207e+00
4.979143860478030703e+00
4.290757280169295917e+00
2.050142449185188731e+00
7.202761278845277726e-01
-2.079813112507108208e+00
-3.272139252210091165e+00
-4.991438146386207642e+00
-5.347783186003665534e+00
-4.979161057249696931e+00
-4.290771366702602840e+00
-2.050136974388883537e+00
-7.202678956371166841e-01
2.079826493854413094e+00
3.272159377901800781e+00
5.327153739218324802e+00
5.149380019555115595e+00
3.756559632893661682e+00
2.676196739555386728e+00
-1.454573353931045906e-02
-1.364688905184029633e+00
-3.777131803212318228e+00
-4.606139144651496764e+00
-5.327176956485708104e+00
-5.149450708201055882e+00
-3.756603408494803453e+00
-2.676203196384893790e+00
1.455984943021309229e-02
1.364708240336688805e+00
3.777207481598225058e+00
4.606219650022074674e+00
4.799328634918902381e+00
4.132804232509300846e+00
1.978581516938347162e+00
6.909336511576419371e-01
-2.001255516521430966e+00
-3.155712239481634818e+00
-4.808758346466780687e+00
-5.153833188674110666e+00
-4.799481087504483767e+00
-4.132927389357951675e+00
-1.978572355213445100e+00
-6.909102214406533937e-01
2.001304910544824622e+00
3.155817622290899127e+00
4.808875141677535936e+00
5.153850419146650097e+00
3.599639532843989631e+00
2.553127172805710998e+00
-5.663371258294736671e-03
-1.313537291370262539e+00
-3.607649534186223139e+00
-4.410701068751358811e+00
-5.096455411615716358e+00
-4.924329530977604286e+00
-3.599757858949662381e+00
-2.553148695989919226e+00
5.690198161422673449e-03
1.313577843013120416e+00
3.607824388219709633e+00
4.410888301927238686e+00
5.096395182358790521e+00
4.924146218048676360e+00
1.953987319318140292e+00
6.731109935044989889e-01
-1.963309167780558306e+00
-3.111687291475596417e+00
-4.730494298708842749e+00
-5.073774576729473296e+00
-4.726791634655839403e+00
-4.063737088342289638e+00
-1.953980582292760504e+00
-6.730819992007386343e-01
1.963376587200029944e+00
3.111829687899839492e+00
4.730647944922194981e+00
5.073793045534890744e+00
4.726587066475064880e+00
4.063570694317975018e+00
-1.547333913688974869e-02
-1.365986025728020969e+00
-3.783776372170521984e+00
-4.613011416918202379e+00
-5.335697312644497536e+00
-5.157943549824961949e+00
-3.761985219215136844e+00
-2.681269260818146094e+00
1.549680565287357356e-02
1.366020924567197481e+00
3.783910605470063970e+00
4.613153181390595492e+00
5.335651455623485973e+00
5.157809744645109440e+00
3.761897041177169498e+00
2.681250186999383001e+00
-2.186502895924102408e+00
-3.436120653385787982e+00
-5.244326663623049889e+00
-5.617816225510583905e+00
-5.230167209124193306e+00
-4.508686621804286254e+00
-2.152150482537747322e+00
-7.583660410684649467e-01
2.186535904786357509e+00
3.436183061330109645e+00
5.244394697522276161e+00
5.617832416846608723e+00
5.230081148447109030e+00
4.508615863880081953e+00
2.152159627622181493e+00
7.583823415357877629e-01
-4.223820733419249684e+00
-5.081345358224152342e+00
-5.906237412755466210e+00
-5.722382856736833112e+00
-4.128846367089496816e+00
-3.011292588707109363e+00
6.716949091861287857e-02
1.463758482810293415e+00
4.223854880882351281e+00
5.081382313996042122e+00
5.906231790570576123e+00
5.722356381814593718e+00
4.128835866238423691e+00
3.011298770734855079e+00
-6.716336987583534923e-02
-1.463750958287593384e+00
-5.092692577978108481e+00
-5.403625563326002634e+00
-5.005703645900550391e+00
-4.405022389567183616e+00
-1.986451535889770748e+00
-8.260253789950415815e-01
2.196442950209640088e+00
3.236856786675115671e+00
5.092699166915111597e+00
5.403631606312890412e+00
5.005710069846153409e+00
4.405029133110600625e+00
1.986456847983567142e+00
8.260312896885850797e-01
-2.196437398672453689e+00
-3.236851608032239813e+00
