5.465216558113002776e+00
5.308410787505033923e+00
3.784141105473221245e+00
2.831036836147879043e+00
-1.136314498190985484e-01
-1.304717443109533637e+00
-3.944843007525772105e+00
-4.676188161021336498e+00
-5.465217180892642190e+00
-5.308411119481982077e+00
-3.784142044860907550e+00
-2.831037732383266725e+00
1.136310392493019711e-01
1.304716713428340391e+00
3.944842773647852407e+00
4.676187912042319539e+00
5.005341547766994026e+00
4.323811197605744283e+00
2.052368019086079798e+00
7.357479914468817439e-01
-2.102855036405800515e+00
-3.283306445688729092e+00
-5.026254174650152784e+00
-5.379044627781636834e+00
-5.005342126058697438e+00
-4.323811695043771941e+00
-2.052368549330599645e+00
-7.357485821490030720e-01
2.102854723499396616e+00
3.283306095024633553e+00
5.026253860580563781e+00
5.379044342483738639e+00
3.769597582746932130e+00
2.669878874981643779e+00
-3.184735812455753452e-03
-1.377493878130588323e+00
-3.774101647832261985e+00
-4.617949280701939330e+00
-5.334200794149579927e+00
-5.153272808963293095e+00
-3.769597830295278396e+00
-2.669879089350655210e+00
3.184416635419025799e-03
1.377493540150386941e+00
3.774101294144503349e+00
4.617948970537280040e+00
5.334200496308168837e+00
5.153272434386829026e+00
2.012905351625402961e+00
6.917456198414770885e-01
-2.020199772937433469e+00
-3.204721785734870210e+00
-4.869899142792430524e+00
-5.223905844751209671e+00
-4.866877675316784391e+00
-4.182997185231025483e+00
-2.012905297858306852e+00
-6.917455807554249159e-01
2.020199362466244875e+00
3.204721390486041876e+00
4.869899183530532305e+00
5.223905850845098620e+00
4.866877310478781027e+00
4.182996797808318235e+00
-7.664987442566359270e-04
-1.358337185055293883e+00
-3.713672167118964307e+00
-4.547242071043170242e+00
-5.251158365121156635e+00
-5.072433755974242509e+00
-3.712587564169763432e+00
-2.626263025217762337e+00
7.665261188040969984e-04
1.358337011091989011e+00
3.713672031152370767e+00
4.547242193526923160e+00
5.251158446793915857e+00
5.072433550073886188e+00
3.712587400273056559e+00
2.626263102497071955e+00
-2.009359634161136832e+00
-3.195156838899443574e+00
-4.849998233700389072e+00
-5.204385991449938409e+00
-4.849573628086176313e+00
-4.164956880199887301e+00
-2.008334976039537256e+00
-6.857525393131975733e-01
2.009359561482434664e+00
3.195156800993328883e+00
4.849998498418960580e+00
5.204386211488590597e+00
4.849573550150431345e+00
4.164956817391050059e+00
2.008335190145366767e+00
6.857527391969305830e-01
-3.714384543798907146e+00
-4.545518420757487910e+00
-5.250265012446216240e+00
-5.072062600127038579e+00
-3.710612089883129627e+00
-2.627462022523495921e+00
2.667385119318993036e-03
1.356270954522878824e+00
3.714384745671228227e+00
4.545518703655345938e+00
5.250265242573132873e+00
5.072062765319257593e+00
3.710612266533502623e+00
2.627462290008105938e+00
-2.667147569194018228e-03
-1.356270821029498252e+00
-4.855699199208068251e+00
-5.210170419632669692e+00
-4.854802738434004006e+00
-4.170024440595570425e+00
-2.010029508622828143e+00
-6.871349379351434639e-01
2.012192855103112965e+00
3.198269848978511742e+00
4.855699590134284094e+00
5.210170793447071347e+00
4.854803046020360391e+00
4.170024761109581313e+00
2.010029856201622334e+00
6.871352638615433328e-01
-2.012192525176440316e+00
-3.198269511078665861e+00
-5.256841313523509918e+00
-5.078012110527821754e+00
-3.716361551739380875e+00
-2.629403008517357865e+00
1.112443664573184747e-03
1.359475621798147182e+00
3.717935831524005419e+00
4.551992150247015978e+00
5.256841799483847666e+00
5.078012582051808721e+00
3.716361990052561737e+00
2.629403454467773571e+00
-1.111973026178504067e-03
-1.359475159511867259e+00
-3.717935328280618013e+00
-4.551991640301693565e+00
-4.854590940726478898e+00
-4.171009545267769347e+00
-2.008988613480703567e+00
-6.884065053568193537e-01
2.013453405238714744e+00
3.197457232574020036e+00
4.856441552055923871e+00
5.210292957737611808e+00
4.854591533665407965e+00
4.171010149761022134e+00
2.008989192705988192e+00
6.884070936638888583e-01
-2.013452775910365755e+00
-3.197456616077590130e+00
-4.856440943558182788e+00
-5.210292337614685465e+00
-3.716235097551970235e+00
-2.629522081673219436e+00
1.265493717066817079e-03
1.359321953830248342e+00
3.718026329104786587e+00
4.551894178795353518e+00
5.256816442434603331e+00
5.078027449337390031e+00
3.716235825744316656e+00
2.629522808617044571e+00
-1.264747165017416491e-03
-1.359321216427090029e+00
-3.718025586661595661e+00
-4.551893449099324584e+00
-5.256815701419931486e+00
-5.078026702736229581e+00
-2.010545712262888696e+00
-6.873419190538723189e-01
2.012755071863019385e+00
3.199109565114691023e+00
4.857011143534802677e+00
5.211564853603300129e+00
4.856095271228789478e+00
4.171156705380264285e+00
2.010546586962728366e+00
6.873427944796124400e-01
-2.012754187265672456e+00
-3.199108691983795882e+00
-4.857010295127482280e+00
-5.211564003624989283e+00
-4.856094367419275137e+00
-4.171155799627878302e+00
2.234197583234114482e-03
1.357998058627468030e+00
3.717648569269779824e+00
4.550108589213697208e+00
5.255313174451121228e+00
5.076825861297699305e+00
3.714487955812705078e+00
2.629609571855372696e+00
-2.233173409187301853e-03
-1.357997044167842837e+00
-3.717647577840285322e+00
-4.550107599797542868e+00
-5.255312174579658269e+00
-5.076824829694925434e+00
-3.714486922864750351e+00
-2.629608548197298390e+00
2.012752530951313901e+00
3.198876577577661973e+00
4.856817366420349558e+00
5.211301952215051436e+00
4.855823548191342987e+00
4.171018029241758462e+00
2.010356655112766955e+00
6.874099497258284730e-01
-2.012751367836108418e+00
-3.198875426148577006e+00
-4.856816236751662075e+00
-5.211300821909778058e+00
-4.855822367859951250e+00
-4.171016837718613424e+00
-2.010355491887941159e+00
-6.874087859886638396e-01
3.717778495943510286e+00
4.551606964457342919e+00
5.256476675594827341e+00
5.077695708898422922e+00
3.716003745701158323e+00
2.629341925404239610e+00
-1.252767403046423393e-03
-1.359245541609662267e+00
-3.717777214253840334e+00
-4.551605674378402355e+00
-5.256475375655611515e+00
-5.077694389232566330e+00
-3.716002424262953685e+00
-2.629340593088027145e+00
1.254080997882720330e-03
1.359246855267169707e+00
4.856151293814199299e+00
5.210119241473369911e+00
4.854495436590195112e+00
4.170687441558185604e+00
2.009145105217580607e+00
6.881256078153090705e-01
-2.013136915307700558e+00
-3.197533177078549116e+00
-4.856149851699226083e+00
-5.210117790404217963e+00
-4.854493976023247725e+00
-4.170685970787156194e+00
-2.009143631913974826e+00
-6.881241336652095253e-01
2.013138369171002751e+00
3.197534620144619311e+00
5.256422469358748906e+00
5.077657782543305132e+00
3.715924970769130198e+00
2.629363649360298094e+00
-1.309659523389664635e-03
-1.359176992945363205e+00
-3.717779277516616077e+00
-4.551530569547714400e+00
-5.256420847981875255e+00
-5.077656161689771075e+00
-3.715923348284942751e+00
-2.629362025422091076e+00
1.311274577123680302e-03
1.359178608125866994e+00
3.717780881745571975e+00
4.551532182671483184e+00
4.855825581082744868e+00
4.171011903341020677e+00
2.010363571291303053e+00
6.874013859955354633e-01
-2.012744170009485245e+00
-3.198882265135767788e+00
-4.856812829681675048e+00
-5.211301065022843737e+00
-4.855823808130245389e+00
-4.171010120225641771e+00
-2.010361785926599865e+00
-6.873996096881862528e-01
2.012745927005329616e+00
3.198884031374657599e+00
4.856814613950723114e+00
5.211302839363207262e+00
3.714624645933267022e+00
2.629563274473835310e+00
-2.129162859365854935e-03
-1.358122178664988855e+00
-3.717638337562378492e+00
-4.550238634601033283e+00
-5.255401478640392199e+00
-5.076883280792668707e+00
-3.714622709868935058e+00
-2.629561327291425776e+00
2.131091216144822414e-03
1.358124117600835401e+00
3.717640266582179276e+00
4.550240562437393166e+00
5.255403414209077084e+00
5.076885215905488025e+00
2.010338953260698336e+00
6.874162751117457448e-01
-2.012753334999838550e+00
-3.198856126176454762e+00
-4.856801182471847333e+00
-5.211278552186612956e+00
-4.855797563401157646e+00
-4.171004198561863774e+00
-2.010336853136180046e+00
-6.874141744036382784e-01
2.012755437560113325e+00
3.198858237668858351e+00
4.856803292346554279e+00
5.211280661099482181e+00
4.855799671422571961e+00
4.171006306769397654e+00
-1.306154495699768468e-03
-1.359181444112315340e+00
-3.717777164234112863e+00
-4.551533055085442037e+00
-5.256420191199628000e+00
-5.077653876265403987e+00
-3.715924555517253758e+00
-2.629357115601644868e+00
1.308429233248719226e-03
1.359183719691878567e+00
3.717779439629472105e+00
4.551535338535761532e+00
5.256422473111598492e+00
5.077656157999439479e+00
3.715926837371829272e+00
2.629359398154228256e+00
-2.013124360140487568e+00
-3.197583119475519986e+00
-4.856175057706780152e+00
-5.210160733871209260e+00
-4.854540361798059145e+00
-4.170696085979158418e+00
-2.009185568753992790e+00
-6.880967335380625549e-01
2.013126810748637752e+00
3.197585578373487447e+00
4.856177505151245910e+00
5.210163190217887319e+00
4.854542817084856132e+00
4.170698540945437571e+00
2.009188015967141805e+00
6.880991920752961288e-01
-3.717779297281952555e+00
-4.551559946264681855e+00
-5.256440154043365176e+00
-5.077668160250961016e+00
-3.715950631158444484e+00
-2.629350867275073611e+00
1.291179921308875699e-03
1.359206987674568046e+00
3.717781930694595172e+00
4.551562578072265275e+00
5.256442794479734282e+00
5.077670790785703936e+00
3.715953251028099924e+00
2.629353497628953651e+00
-1.288525787126724911e-03
-1.359204332892794076e+00
-4.856803347092914613e+00
-5.211277992003206627e+00
-4.855794604401978631e+00
-4.171004899125960286e+00
-2.010331619130842018e+00
-6.874167697530622068e-01
2.012760686910431751e+00
3.198856804413493737e+00
4.856806173015457695e+00
5.211280808333617287e+00
4.855797409325822045e+00
4.171007712740272488e+00
2.010334435668279074e+00
6.874196078411237698e-01
-2.012757846961056085e+00
-3.198853975715363784e+00
-5.255361105658108656e+00
-5.076851217021675744e+00
-3.714569994007917320e+00
-2.629565935483779260e+00
2.164204386770629280e-03
1.358085990464377169e+00
3.717636828081140710e+00
4.550192992206208764e+00
5.255364096089842008e+00
5.076854206471428377e+00
3.714572993185819794e+00
2.629568946313479039e+00
-2.161179400042264557e-03
-1.358082954785420959e+00
-3.717633804571752965e+00
-4.550189980121268185e+00
-4.855865532727723810e+00
-4.171012338436784539e+00
-2.010403816763695506e+00
-6.873668202209717304e-01
2.012729899667955014e+00
3.198935726614537067e+00
4.856835292748811206e+00
5.211342296891950276e+00
4.855868696086224290e+00
4.171015522213444626e+00
2.010407024670505916e+00
6.873700495695772572e-01
-2.012726668001113328e+00
-3.198932506063203896e+00
-4.856832095698997875e+00
-5.211339131101086153e+00
-3.715943034705758929e+00
-2.629356211961471956e+00
1.300915016310573913e-03
1.359200807471792949e+00
3.717790012165310465e+00
4.551560654462604383e+00
5.256443518313820285e+00
5.077672741335807594e+00
3.715946424715656615e+00
2.629359624226156988e+00
-1.297508341788938249e-03
-1.359197390084872614e+00
-3.717786576235560414e+00
-4.551557241046862323e+00
-5.256440179165765336e+00
-5.077669403210131271e+00
-2.009051626227440046e+00
-6.881862408370721385e-01
2.013191475999768443e+00
3.197450518270596564e+00
4.856136444991406620e+00
5.210061170348398107e+00
4.854417991969447677e+00
4.170688634993034327e+00
2.009055217098410839e+00
6.881898522140592611e-01
-2.013187861641926535e+00
-3.197446903852804834e+00
-4.856132846881467735e+00
-5.210057635120277197e+00
-4.854414449623729588e+00
-4.170685050526427240e+00
1.200726347131914843e-03
1.359364503794064039e+00
3.717897847383503596e+00
4.551830412551261418e+00
5.256695695166854421e+00
5.077889656249515049e+00
3.716195228081026869e+00
2.629397362288727447e+00
-1.196947767555520299e-03
-1.359360714337846776e+00
-3.717894006496790471e+00
-4.551826604550946342e+00
-5.256691959754654420e+00
-5.077885930964684214e+00
-3.716191424518430431e+00
-2.629393536566815737e+00
2.012873143015738275e+00
3.199134942374075141e+00
4.857155671947797515e+00
5.211678493587205807e+00
4.856176843664697707e+00
4.171290982626776334e+00
2.010524349079653383e+00
6.874255059149343428e-01
-2.012869165990808451e+00
-3.199130971792925937e+00
-4.857151660888215261e+00
-5.211674520513325248e+00
-4.856172844236025021e+00
-4.171286965583566264e+00
-2.010520374030291268e+00
-6.874215222738925268e-01
3.717969131084605916e+00
4.550249292026173897e+00
5.255573998661763113e+00
5.077121689132759741e+00
3.714537461458516265e+00
2.629893030710563462e+00
-2.418624020702584906e-03
-1.357891427459511080e+00
-3.717964941464090511e+00
-4.550245107926273569e+00
-5.255569769496893251e+00
-5.077117461261524411e+00
-3.714533244463103845e+00
-2.629888817809709511e+00
2.422745256605744486e-03
1.357895550506076354e+00
4.857121779761777169e+00
5.211724225672313970e+00
4.856258221015075094e+00
4.171217273411373938e+00
2.010674371594435961e+00
6.872768397658988171e-01
-2.012738533138430430e+00
-3.199268477521871823e+00
-4.857117369790573846e+00
-5.211719776260053116e+00
-4.856253746978474339e+00
-4.171212840287614299e+00
-2.010670029561914429e+00
-6.872724805163484829e-01
2.012742868376308003e+00
3.199272796439728950e+00
5.255287365493943597e+00
5.076521910113352298e+00
3.715213965936158935e+00
2.628670384719171249e+00
-1.174066890686907994e-03
-1.359020466449571307e+00
-3.716882618698047924e+00
-4.550620037096099857e+00
-5.255282660236139769e+00
-5.076517206980263097e+00
-3.715209392440318670e+00
-2.628665824028780129e+00
1.178638310387737295e-03
1.359025030015007740e+00
3.716887151206945017e+00
4.550624571611477265e+00
4.849586574349404877e+00
4.166945534453538436e+00
2.006720026565520953e+00
6.879597859331625376e-01
-2.011659394734817141e+00
-3.194032168116744508e+00
-4.851637445612117183e+00
-5.204996813735292882e+00
-4.849581668391428124e+00
-4.166940801717644582e+00
-2.006715354242848637e+00
-6.879548952644701787e-01
2.011664274069012048e+00
3.194036833557647004e+00
4.851642171282553484e+00
5.205001698417096812e+00
3.711465401113969609e+00
2.625178126501618525e+00
-5.587507134856715876e-04
-1.358084805471199807e+00
-3.712265351882184206e+00
-4.545806041244607520e+00
-5.249367035037391993e+00
-5.070643084267585365e+00
-3.711460703066087774e+00
-2.625173464644730448e+00
5.640263310904299445e-04
1.358090074490420296e+00
3.712269993752813857e+00
4.545810719077705286e+00
5.249372382914653024e+00
5.070648438165519245e+00
2.008816379390934603e+00
6.861914755539894051e-01
-2.010246000449691373e+00
-3.196084222158302346e+00
-4.851736093761127577e+00
-5.206130543471721772e+00
-4.851133111060987879e+00
-4.166491327983449011e+00
-2.008811437542391332e+00
-6.861860635779513107e-01
2.010251411195723481e+00
3.196089122858705167e+00
4.851741002521807289e+00
5.206136071667118337e+00
4.851138639795922636e+00
4.166496256799635312e+00
-3.952830255769612146e-03
-1.360018574063363461e+00
-3.728903042507307752e+00
-4.561547296437549193e+00
-5.269501841426344591e+00
-5.090969685936661548e+00
-3.723297628722658459e+00
-2.638178562248761239e+00
3.958723714690076147e-03
1.360024460753947562e+00
3.728907954360047405e+00
4.561552271654106150e+00
5.269507651296895467e+00
5.090975519658643478e+00
3.723302580659722860e+00
2.638183470167026812e+00
-2.044259552827104809e+00
-3.244718836561008679e+00
-4.929382920994327399e+00
-5.288146776211878120e+00
-4.926928011835523868e+00
-4.233844430714547080e+00
-2.038355147781709231e+00
-6.994224538550348758e-01
2.044265257038104799e+00
3.244724500757637742e+00
4.929388389658409864e+00
5.288152396918469833e+00
4.926933567655000346e+00
4.233849872860281138e+00
2.038360788658564626e+00
6.994281224270914032e-01
-3.858255033400640688e+00
-4.688038035586294505e+00
-5.429056542999946444e+00
-5.251137480689890502e+00
-3.819589452390270257e+00
-2.738199416615161308e+00
2.733442465715234596e-02
1.378740540225151134e+00
3.858260817937427589e+00
4.688043663380005555e+00
5.429062694917453413e+00
5.251143587629603537e+00
3.819595239227528971e+00
2.738205377167964638e+00
-2.732899158844061260e-02
-1.378735064394609022e+00
-5.092692577978108481e+00
-5.403625563326002634e+00
-5.005703645900550391e+00
-4.405022389567183616e+00
-1.986451535889770748e+00
-8.260253789950415815e-01
2.196442950209640088e+00
3.236856786675115671e+00
5.092699166915111597e+00
5.403631606312890412e+00
5.005710069846153409e+00
4.405029133110600625e+00
1.986456847983567142e+00
8.260312896885850797e-01
-2.196437398672453689e+00
-3.236851608032239813e+00
