5.465216558113002776e+00
5.308410787505033923e+00
3.784141105473221245e+00
2.831036836147879043e+00
-1.136314498190985484e-01
-1.304717443109533637e+00
-3.944843007525772105e+00
-4.676188161021336498e+00
-5.465217180892642190e+00
-5.308411119481982077e+00
-3.784142044860907550e+00
-2.831037732383266725e+00
1.136310392493019711e-01
1.304716713428340391e+00
3.944842773647852407e+00
4.676187912042319539e+00
5.038387418129377515e+00
4.363095277902532487e+00
2.057150752870169352e+00
7.525819516412280974e-01
-2.129137276087179398e+00
-3.298783786760675074e+00
-5.068205608219622071e+00
-5.417766893875120005e+00
-5.038388060772753363e+00
-4.363095824413234958e+00
-2.057151289874505018e+00
-7.525825590327015480e-01
2.129136943603522347e+00
3.298783398934946653e+00
5.068205310323404156e+00
5.417766633596367676e+00
3.784249297291301328e+00
2.685748603513394617e+00
-7.217787017607535036e-03
-1.380004889100700627e+00
-3.794456981416650443e+00
-4.637370081201347638e+00
-5.358954528055884126e+00
-5.178226880615425465e+00
-3.784249587738531595e+00
-2.685748839586874936e+00
7.217434104687318712e-03
1.380004516821113469e+00
3.794456569539356394e+00
4.637369747736583392e+00
5.358954205334648613e+00
5.178226447227904039e+00
2.012111304427887326e+00
6.974564995327369177e-01
-2.027865056292201373e+00
-3.206554868800783886e+00
-4.879945370079198597e+00
-5.232209043630314582e+00
-4.873419885917814831e+00
-4.192906643927111432e+00
-2.012111286276526911e+00
-6.974564984788977906e-01
2.027864580774326519e+00
3.206554405180622958e+00
4.879945376601353857e+00
5.232209016955811087e+00
4.873419436479372813e+00
4.192906173761834054e+00
-5.334420533805879147e-03
-1.355409097640568827e+00
-3.720957103390037268e+00
-4.549924312522032999e+00
-5.256892862687354118e+00
-5.079155113078475559e+00
-3.713412544936773863e+00
-2.633086346623974450e+00
5.334377565039381125e-03
1.355408849089107415e+00
3.720956898746122565e+00
4.549924380331117568e+00
5.256892881115131644e+00
5.079154815751969032e+00
3.713412289404770306e+00
2.633086352714465672e+00
-2.018206273042357779e+00
-3.198439158238969071e+00
-4.862545332112635954e+00
-5.215270150414144545e+00
-4.858471418705780032e+00
-4.177067260746271771e+00
-2.008371260759113319e+00
-6.919949603236729141e-01
2.018206103107094584e+00
3.198439033322381775e+00
4.862545522493904926e+00
5.215270288270644095e+00
4.858471231507568433e+00
4.177067085197631258e+00
2.008371384119497893e+00
6.919950738545734836e-01
-3.731563326199085928e+00
-4.559658750707528796e+00
-5.269508935957047058e+00
-5.091958071340132008e+00
-3.720648485960100338e+00
-2.641458156441693461e+00
7.717849790259112205e-03
1.356372976987604950e+00
3.731563426011351492e+00
4.559658932691716515e+00
5.269509057508532379e+00
5.091958117584990617e+00
3.720648544123844825e+00
2.641458306277054024e+00
-7.717725618841111100e-03
-1.356372956198778290e+00
-4.880676171182552814e+00
-5.234182663871145280e+00
-4.875832352102734468e+00
-4.192917879557023220e+00
-2.014792806067071673e+00
-6.954987663534484277e-01
2.026486103336559097e+00
3.209334903542680362e+00
4.880676440134356753e+00
5.234182913938759896e+00
4.875832522926521584e+00
4.192918064192885375e+00
2.014793017630963412e+00
6.954989579528078059e-01
-2.026485902427574981e+00
-3.209334693598243859e+00
-5.283762534862701088e+00
-5.105354049713992204e+00
-3.731742688785825823e+00
-2.647340709569487860e+00
6.281572086334381508e-03
1.361449811470583748e+00
3.740626988984049106e+00
4.572721573770918368e+00
5.283762868555847980e+00
5.105354375009532042e+00
3.731742976340286067e+00
2.647341002553618150e+00
-6.281251963743930862e-03
-1.361449497925943941e+00
-3.740626632960782239e+00
-4.572721213259148598e+00
-4.877061635266833228e+00
-4.195132407223486126e+00
-2.014355486410370322e+00
-6.969649921792671066e-01
2.028334081841146830e+00
3.209476322744450272e+00
4.882852706074207738e+00
5.235849015621568014e+00
4.877062062670576736e+00
4.195132849645935025e+00
2.014355897370251558e+00
6.969654125590558635e-01
-2.028333617540925893e+00
-3.209475875166184711e+00
-4.882852273554820322e+00
-5.235848568693007188e+00
-3.730703488468235740e+00
-2.646723645736405395e+00
6.368093805596871347e-03
1.361008895993175205e+00
3.739710547412264496e+00
4.571481158717187299e+00
5.282380080679011769e+00
5.104040916731467092e+00
3.730704040392081033e+00
2.646724193480723297e+00
-6.367530083072016865e-03
-1.361008339631252451e+00
-3.739709995294036471e+00
-4.571480626018774807e+00
-5.282379531172141540e+00
-5.104040353635980409e+00
-2.015297455133902016e+00
-6.955992850586787402e-01
2.026891195594144879e+00
3.210102537612026463e+00
4.881754122184523759e+00
5.235368631964971264e+00
4.876951304501516482e+00
4.193827507909249519e+00
2.015298134986734713e+00
6.955999649115615080e-01
-2.026890507958915677e+00
-3.210101865584315650e+00
-4.881753490702478437e+00
-5.235367996827574366e+00
-4.876950594945459017e+00
-4.193826786615415081e+00
7.314883182674555492e-03
1.359315895825542908e+00
3.738251465321233979e+00
4.568401055236140706e+00
5.279369521130967691e+00
5.101377816147712352e+00
3.727905935225500844e+00
2.646038546426765503e+00
-7.314066942870310617e-03
-1.359315087950837775e+00
-3.738250692656485796e+00
-4.568400293569228054e+00
-5.279368745180324396e+00
-5.101376995229400357e+00
-3.727905101621566075e+00
-2.646037726211921015e+00
2.026667240019709215e+00
3.209523724609819606e+00
4.881031078562630299e+00
5.234539318847063250e+00
4.876152628863511751e+00
4.193233750186612596e+00
2.014892176300319360e+00
6.955898095558508132e-01
-2.026666295684765640e+00
-3.209522793946451014e+00
-4.881030186461245535e+00
-5.234538425737969902e+00
-4.876151666278380148e+00
-4.193232767099041247e+00
-2.014891229784655291e+00
-6.955888626368045280e-01
3.738480758278240224e+00
4.570022854509096177e+00
5.280674891512733282e+00
5.102384437761838143e+00
3.729523089223123034e+00
2.645840902438381104e+00
-6.332333512733432854e-03
-1.360601472302011894e+00
-3.738479709490907688e+00
-4.570021803422063655e+00
-5.280673829003131203e+00
-5.102383349631780973e+00
-3.729521986708022929e+00
-2.645839791179168898e+00
6.333421930482429490e-03
1.360602562232455792e+00
4.880425446657495669e+00
5.233414061487022373e+00
4.874874579170707101e+00
4.192959111504404035e+00
2.013690933639438185e+00
6.963270040576853281e-01
-2.027087397373086297e+00
-3.208205982141362433e+00
-4.880424245062986444e+00
-5.233412849036035652e+00
-4.874873353763214290e+00
-4.192957868347830797e+00
-2.013689690463670079e+00
-6.963257589890353705e-01
2.027088621668873714e+00
3.208207190196053826e+00
5.280792003269797696e+00
5.102513492526481009e+00
3.729561660637718656e+00
2.645953251969606068e+00
-6.394728592753739886e-03
-1.360571842921219243e+00
-3.738606804399596584e+00
-4.570092219445134774e+00
-5.280790614646233117e+00
-5.102512103924589759e+00
-3.729560275380938261e+00
-2.645951862760010265e+00
6.396111505077617214e-03
1.360573227264298302e+00
3.738608171632300525e+00
4.570093596242340794e+00
4.876424965112242660e+00
4.193468036116174247e+00
2.015004550897549596e+00
6.956287143613122392e-01
-2.026780378930248538e+00
-3.209702815740027582e+00
-4.881303485612733084e+00
-5.234830951964593027e+00
-4.876423424876154655e+00
-4.193466489405859754e+00
-2.015003000798735400e+00
-6.956271700159073479e-01
2.026781901401522479e+00
3.209704352336034017e+00
4.881305040310736310e+00
5.234832496692424009e+00
3.728189018927803744e+00
2.646109721029354045e+00
-7.220001757078162510e-03
-1.359486373440777385e+00
-3.738401634739714652e+00
-4.568713670939986926e+00
-5.279674640582094902e+00
-5.101647463584389364e+00
-3.728187317368594211e+00
-2.646108006496285192e+00
7.221700913141997080e-03
1.359488083453121332e+00
3.738403338178659663e+00
4.568715373258939394e+00
5.279676351290675917e+00
5.101649171281990469e+00
2.014977698397261374e+00
6.956423714894520716e-01
-2.026786513058351336e+00
-3.209672729459648544e+00
-4.881285242016160097e+00
-5.234801582189175129e+00
-4.876390946141381022e+00
-4.193454887143755805e+00
-2.014975824381932235e+00
-6.956404935165632075e-01
2.026788394241567648e+00
3.209674621028854702e+00
4.881287134898873781e+00
5.234803474538417767e+00
4.876392831763006086e+00
4.193456769769515979e+00
-6.390510144876977022e-03
-1.360583557049362069e+00
-3.738622476471117562e+00
-4.570117355408385151e+00
-5.280815797137082157e+00
-5.102534677940501417e+00
-3.729580353418640914e+00
-2.645959463184337945e+00
6.392572469298051820e-03
1.360585620804921403e+00
3.738624541153809488e+00
4.570119430461007326e+00
5.280817871872051761e+00
5.102536749832908392e+00
3.729582418417038081e+00
2.645961529636839504e+00
-2.027116610965074450e+00
-3.208320001419167067e+00
-4.880548358004825005e+00
-5.233561403192372730e+00
-4.875018032614157448e+00
-4.193053466498892767e+00
-2.013771668961092054e+00
-6.963134462675946157e-01
2.027118862372716546e+00
3.208322260879972632e+00
4.880550608822129099e+00
5.233563664427392403e+00
4.875020287633010874e+00
4.193055718074536031e+00
2.013773913301273755e+00
6.963157047769239494e-01
-3.738629751604280127e+00
-4.570150012186291910e+00
-5.280842588441236884e+00
-5.102555639612130989e+00
-3.729610952895321851e+00
-2.645956920951898272e+00
6.375746239139695737e-03
1.360610343641443620e+00
3.738632201777606134e+00
4.570152461713806957e+00
5.280845046207945259e+00
5.102558084123831605e+00
3.729613383138251859e+00
2.645959363546571019e+00
-6.373274487667448911e-03
-1.360607870762864602e+00
-4.881263605827559360e+00
-5.234775098354752743e+00
-4.876363578786643949e+00
-4.193435199420594728e+00
-2.014959941313767988e+00
-6.956402310090743502e-01
2.026784372728868799e+00
3.209656941009829456e+00
4.881266266794029640e+00
5.234777746218226113e+00
4.876366209706944232e+00
4.193437840252836502e+00
2.014962590864699532e+00
6.956429043090170961e-01
-2.026781695001951711e+00
-3.209654274891092118e+00
-5.279527197005554839e+00
-5.101511647579751063e+00
-3.728059514438062383e+00
-2.646058038815580549e+00
7.253898024046917178e-03
1.359423438156361241e+00
3.738323673803591429e+00
4.568575816863246430e+00
5.279530027435601625e+00
5.101514474797878229e+00
3.728062361402365354e+00
2.646060901534459386e+00
-7.251015834542135462e-03
-1.359420543966761930e+00
-3.738320789390964904e+00
-4.568572948525839728e+00
-4.876278131557463702e+00
-4.193303068361486474e+00
-2.014971515194980967e+00
-6.955622368319613891e-01
2.026682986043427448e+00
3.209636094755988989e+00
4.881135007307982221e+00
5.234670062938386437e+00
4.876281144716858584e+00
4.193306111997942232e+00
2.014974601275763444e+00
6.955653442591011038e-01
-2.026679870081250723e+00
-3.209632986675254429e+00
-4.881131940344046072e+00
-5.234667042371945911e+00
-3.729399702628177771e+00
-2.645806231209607784e+00
6.377021768454185779e-03
1.360536215106117108e+00
3.738424999815356919e+00
4.569898694386551163e+00
5.280549581452478769e+00
5.102271519235595854e+00
3.729402979965814602e+00
2.645809540876587818e+00
-6.373713761231826307e-03
-1.360532893577813596e+00
-3.738421651269638435e+00
-4.569895380343924174e+00
-5.280546383535233979e+00
-5.102268325433783502e+00
-2.013563590282389182e+00
-6.963641575703382047e-01
2.027091612408926657e+00
3.208063719855857698e+00
4.880305694120687932e+00
5.233248135109271892e+00
4.874698654453410107e+00
4.192867145335770651e+00
2.013567104712377986e+00
6.963676903228278592e-01
-2.027088067295962581e+00
-3.208060168846808224e+00
-4.880302187297294481e+00
-5.233244718647359406e+00
-4.874695236984795343e+00
-4.192863664804676205e+00
6.279874397898834067e-03
1.360845360788468517e+00
3.738939281081285593e+00
4.570662324139632027e+00
5.281373383262959464e+00
5.103041162147292198e+00
3.730053684927276070e+00
2.646135238410690427e+00
-6.276153955447845434e-03
-1.360841626645123981e+00
-3.738935484334800829e+00
-4.570658574609293368e+00
-5.281369755246198672e+00
-5.103037548166246218e+00
-3.730049952330995122e+00
-2.646131471796186130e+00
2.027370517907476799e+00
3.210648701964647245e+00
4.882726069665622504e+00
5.236357130718469755e+00
4.877841483849618243e+00
4.194678274489199055e+00
2.015592594669807003e+00
6.958214839695096021e-01
-2.027366576016809141e+00
-3.210644762021550136e+00
-4.882722109388661913e+00
-5.236353230784773771e+00
-4.877837561332984073e+00
-4.194674318089147924e+00
-2.015588658686893186e+00
-6.958175432346241918e-01
3.740316611763886634e+00
4.570585158419032012e+00
5.282028343281893079e+00
5.104007219366253345e+00
3.729602347387909411e+00
2.647579418171455590e+00
-7.568006246821822915e-03
-1.359764858792099185e+00
-3.740312438892509306e+00
-4.570580998761252012e+00
-5.282024165504110691e+00
-5.104003045171089603e+00
-3.729598160758312186e+00
-2.647575229965271060e+00
7.572097998136092731e-03
1.359768952756857718e+00
4.883972106005269431e+00
5.237740249256502167e+00
4.879151327109967795e+00
4.195721605006473176e+00
2.016200379761971639e+00
6.959155951881358382e-01
-2.027817116556828836e+00
-3.211556315138111017e+00
-4.883967703680824002e+00
-5.237735824354322389e+00
-4.879146877857596820e+00
-4.195717184804618860e+00
-2.016196050135581785e+00
-6.959112522429856673e-01
2.027821437671019744e+00
3.211560624330565883e+00
5.280185699100436558e+00
5.101906465193607687e+00
3.729172006124787053e+00
2.645585800306952340e+00
-6.332342534596887076e-03
-1.360483119030748922e+00
-3.738136368201478543e+00
-4.569604465253502390e+00
-5.280180986420791811e+00
-5.101901758471040438e+00
-3.729167434374151213e+00
-2.645581240014438507e+00
6.336909918342991006e-03
1.360487677442714372e+00
3.738140900456023541e+00
4.569608994105625044e+00
4.865432082359108179e+00
4.185286430585144934e+00
2.009417484689678179e+00
6.954784412606491717e-01
-2.023690673394358708e+00
-3.201741129085641901e+00
-4.871349960293114734e+00
-5.223417036779428813e+00
-4.865427160089619285e+00
-4.185281688881732798e+00
-2.009412801144125460e+00
-6.954735394012169225e-01
2.023695565716836509e+00
3.201745801562210669e+00
4.871354690655899766e+00
5.223421940943171471e+00
3.716299283470999804e+00
2.635109494675776709e+00
-5.327643950017359013e-03
-1.356483679435008805e+00
-3.723844743962830606e+00
-4.553473945872562823e+00
-5.260972861054919569e+00
-5.083086952135095871e+00
-3.716294569464298814e+00
-2.635104828563017865e+00
5.332957132984364121e-03
1.356488980551691981e+00
3.723849387540017819e+00
4.553478634939026826e+00
5.260978242782985426e+00
5.083092340953309751e+00
2.006789782702891767e+00
6.914681114092313674e-01
-2.016661671557199664e+00
-3.195952309639364941e+00
-4.858783064764187642e+00
-5.211220120007329371e+00
-4.854682168373090967e+00
-4.173820483251677871e+00
-2.006784816358091028e+00
-6.914626623560257146e-01
2.016667122888928354e+00
3.195957227816339952e+00
4.858787975524695213e+00
5.211225696805507290e+00
4.854687740911842297e+00
4.173825419485252652e+00
-8.531597859782044310e-03
-1.357920628916556183e+00
-3.738489467369940034e+00
-4.567033993507242151e+00
-5.278479480020844328e+00
-5.100825831352283402e+00
-3.726407524280715755e+00
-2.646631316618353491e+00
8.537563388977979784e-03
1.357926590472501749e+00
3.738494390899090192e+00
4.567038953832191162e+00
5.278485337046200598e+00
5.100831709380090118e+00
3.726412456598243050e+00
2.646636226365922440e+00
-2.057458978513862835e+00
-3.256588901412387660e+00
-4.953796371001842225e+00
-5.312162592353248947e+00
-4.948253629621091498e+00
-4.255937446392661805e+00
-2.044101411866979134e+00
-7.066517149523253716e-01
2.057464744476353413e+00
3.256594612935599375e+00
4.953801821536835348e+00
5.312168235873174105e+00
4.948259190849693567e+00
4.255942854380760920e+00
2.044107086874101586e+00
7.066574236405824827e-01
-3.895183249339768228e+00
-4.717371118769016825e+00
-5.469644792137168920e+00
-5.293354102673382577e+00
-3.840061803280110375e+00
-2.768569985626605057e+00
3.896996133817194619e-02
1.378006482409656952e+00
3.895189020163452032e+00
4.717376689845474758e+00
5.469651027320021619e+00
5.293360277564234551e+00
3.840067536054121877e+00
2.768575928358676386e+00
-3.896450390936648939e-02
-1.378000975175100340e+00
-5.092692577978108481e+00
-5.403625563326002634e+00
-5.005703645900550391e+00
-4.405022389567183616e+00
-1.986451535889770748e+00
-8.260253789950415815e-01
2.196442950209640088e+00
3.236856786675115671e+00
5.092699166915111597e+00
5.403631606312890412e+00
5.005710069846153409e+00
4.405029133110600625e+00
1.986456847983567142e+00
8.260312896885850797e-01
-2.196437398672453689e+00
-3.236851608032239813e+00
