5.465216558113002776e+00
5.308410787505033923e+00
3.784141105473221245e+00
2.831036836147879043e+00
-1.136314498190985484e-01
-1.304717443109533637e+00
-3.944843007525772105e+00
-4.676188161021336498e+00
-5.465217180892642190e+00
-5.308411119481982077e+00
-3.784142044860907550e+00
-2.831037732383266725e+00
1.136310392493019711e-01
1.304716713428340391e+00
3.944842773647852407e+00
4.676187912042319539e+00
5.034493484894600357e+00
4.358742446460551534e+00
2.056361687328768895e+00
7.509063711985787259e-01
-2.126359226670812674e+00
-3.296800570754923498e+00
-5.063487786902072685e+00
-5.413286619317177362e+00
-5.034494119750751118e+00
-4.358742986602084812e+00
-2.056362223409510470e+00
-7.509069766339614427e-01
2.126358896340391880e+00
3.296800186645064912e+00
5.063487487654471764e+00
5.413286356571911817e+00
3.782494476468178934e+00
2.684013879113626544e+00
-6.856251820817077340e-03
-1.379618225864305048e+00
-3.792190862572358157e+00
-4.635088531733770445e+00
-5.356111293046541988e+00
-5.175386961330641356e+00
-3.782494761108393000e+00
-2.684014111669164038e+00
6.855902938961657214e-03
1.379617857750665033e+00
3.792190456084105765e+00
4.635088201135086017e+00
5.356110972888243893e+00
5.175386535004590449e+00
2.012215052259842540e+00
6.969942575947016827e-01
-2.027265041361128173e+00
-3.206462308881883327e+00
-4.879200574025245984e+00
-5.231615912003472424e+00
-4.872966610395833342e+00
-4.192160386369784497e+00
-2.012215028926227500e+00
-6.969942513300984022e-01
2.027264573591752939e+00
3.206461853079016766e+00
4.879200583098580069e+00
5.231615887909940810e+00
4.872966171128989998e+00
4.192159926496203504e+00
-4.962826208256130266e-03
-1.355778270253727769e+00
-3.720722361006737255e+00
-4.550144417324820445e+00
-5.256932493094550018e+00
-5.079097225168379026e+00
-3.713703318841492962e+00
-2.632784352807405082e+00
4.962792089837101024e-03
1.355778031045533183e+00
3.720722164498680762e+00
4.550144490462547431e+00
5.256932517644871794e+00
5.079096938530353711e+00
3.713703074896713030e+00
2.632784368188952673e+00
-2.017626512856868892e+00
-3.198414489364310942e+00
-4.861878569485115875e+00
-5.214769287005118770e+00
-4.858108228778382554e+00
-4.176383587068539072e+00
-2.008524382962683763e+00
-6.915289612129358332e-01
2.017626355128107285e+00
3.198414375538783272e+00
4.861878767659509215e+00
5.214769433296308598e+00
4.858108054625571270e+00
4.176383425409671446e+00
2.008524517929357600e+00
6.915290858032988597e-01
-3.730188397802948863e+00
-4.558565771084451157e+00
-5.267997107260511847e+00
-5.090385788993009974e+00
-3.719885350494121390e+00
-2.640327584291180418e+00
7.285252605366782618e-03
1.356399560072086841e+00
3.730188510647793887e+00
4.558565965741123271e+00
5.267997241606882319e+00
5.090385848413609970e+00
3.719885423369548860e+00
2.640327748928087637e+00
-7.285114165640761176e-03
-1.356399525024679864e+00
-4.878433544643549169e+00
-5.232018648823421714e+00
-4.873932830739768463e+00
-4.190866490258416732e+00
-2.014349105211457491e+00
-6.947616807789104287e-01
2.025214075665681346e+00
3.208325918369351992e+00
4.878433829849539549e+00
5.232018914571124668e+00
4.873933016863140288e+00
4.190866691157583368e+00
2.014349334101821043e+00
6.947618893552449659e-01
-2.025213858363480224e+00
-3.208325691866007467e+00
-5.281269302100088048e+00
-5.102829295996018644e+00
-3.730297896575263117e+00
-2.645704358897127406e+00
5.831584816226787447e-03
1.361239217034738269e+00
3.738545834378194765e+00
4.570787407018298332e+00
5.281269653710269019e+00
5.102829638364458908e+00
3.730298203608914509e+00
2.645704671600109137e+00
-5.831245634981924338e-03
-1.361238884900614066e+00
-3.738545457901884195e+00
-4.570787026525113816e+00
-4.875015495527367904e+00
-4.192957673245571115e+00
-2.013848956404530544e+00
-6.962100397320722944e-01
2.027004302945493830e+00
3.208369276173279161e+00
4.880465591381607737e+00
5.233528456027448428e+00
4.875015942597781482e+00
4.192958137037343214e+00
2.013849389165145887e+00
6.962104816886255376e-01
-2.027003818328175555e+00
-3.208368805250156441e+00
-4.880465136074013444e+00
-5.233527987680371751e+00
-3.729434317562246193e+00
-2.645227029848068678e+00
5.929506584175881466e-03
1.360854551393192446e+00
3.737821152108300460e+00
4.569766286309756786e+00
5.280146643333939238e+00
5.101770046029130867e+00
3.729434892941080992e+00
2.645227600888263364e+00
-5.928919370619527632e-03
-1.360853971618529723e+00
-3.737820575973608506e+00
-4.569765728385875470e+00
-5.280146069599765291e+00
-5.101769460456157645e+00
-2.014900030229407779e+00
-6.948954441100126944e-01
2.025690220074507941e+00
3.209176294895951020e+00
4.879658280603941023e+00
5.233354879815180993e+00
4.875188290876403485e+00
4.191905866313422102e+00
2.014900734655107328e+00
6.948961489146189274e-01
-2.025689507112210741e+00
-3.209175597501586985e+00
-4.879657620679813235e+00
-5.233354215530047426e+00
-4.875187552355060738e+00
-4.191905124071095834e+00
6.880180507256501189e-03
1.359217069207816486e+00
3.736526677444560018e+00
4.566882495337294401e+00
5.277364986925972445e+00
5.099329041510389793e+00
3.726795882298085782e+00
2.644659732641764904e+00
-6.879337663435018853e-03
-1.359216234856544414e+00
-3.736525876695918402e+00
-4.566881703675541360e+00
-5.277364178735838074e+00
-5.099328189196194572e+00
-3.726795025217978896e+00
-2.644658887674078862e+00
2.025494726126385370e+00
3.208642469102959804e+00
4.879003702170260581e+00
5.232598963870259468e+00
4.874457953078794148e+00
4.191370904161305866e+00
2.014522972532977185e+00
6.948957659053787150e-01
-2.025493753805557517e+00
-3.208641509502828892e+00
-4.879002777550030423e+00
-5.232598037123779910e+00
-4.874456960050800980e+00
-4.191369894525184492e+00
-2.014521998971254391e+00
-6.948947913229266415e-01
3.736731422972400463e+00
4.568475482552110556e+00
5.278636540896601836e+00
5.100302748081231741e+00
3.728389748955785787e+00
2.644444359263601552e+00
-5.896699204009614795e-03
-1.360494764831614800e+00
-3.736730342573265862e+00
-4.568474398461272123e+00
-5.278635443921008807e+00
-5.100301625805333749e+00
-3.728388619825878880e+00
-2.644443220478538414e+00
5.897816678256858833e-03
1.360495883459864830e+00
4.878366292777344349e+00
5.231440740050474325e+00
4.873149712156396696e+00
4.191068350014288235e+00
2.013310824167495738e+00
6.956264718044999906e-01
-2.025900080791244395e+00
-3.207305969136946544e+00
-4.878365057759117995e+00
-5.231439494203413254e+00
-4.873148451755358046e+00
-4.191067079417998720e+00
-2.013309551132070663e+00
-6.956251967645671330e-01
2.025901334860200631e+00
3.207307208999153225e+00
5.278717210579078056e+00
5.100396340149800700e+00
3.728403210729451356e+00
2.644537622557491918e+00
-5.958138869029776068e-03
-1.360456649889586700e+00
-3.736830996073964961e+00
-4.568513754025480544e+00
-5.278715790929229712e+00
-5.100394921044675733e+00
-3.728401792980732044e+00
-2.644536201678949983e+00
5.959552499505832435e-03
1.360458064468941686e+00
3.736832395610215851e+00
4.568515162795125484e+00
4.874671211915986291e+00
4.191552771767345753e+00
2.014612206304161379e+00
6.949244352350095744e-01
-2.025581470390582339e+00
-3.208783615034406012e+00
-4.879215697355631320e+00
-5.232826716848698823e+00
-4.874669641038799739e+00
-4.191551192144921778e+00
-2.014610624069599343e+00
-6.949228595555833055e-01
2.025583026021785304e+00
3.208785178996389043e+00
4.879217281524190319e+00
5.232828291227956896e+00
3.727038279664848908e+00
2.644699042275275414e+00
-6.783060013609357175e-03
-1.359374274602635158e+00
-3.736633060842807108e+00
-4.567144557821336548e+00
-5.277610391408551038e+00
-5.099540390190349548e+00
-3.727036545143078694e+00
-2.644697295415096239e+00
6.784790627546738277e-03
1.359376016498801798e+00
3.736634791622762020e+00
4.567146288128276943e+00
5.277612131124170602e+00
5.099542127856715013e+00
2.014586715361528224e+00
6.949387925308916358e-01
-2.025589333009810034e+00
-3.208755850812223809e+00
-4.879201272158812053e+00
-5.232801339161199827e+00
-4.874640818684264687e+00
-4.191542897582549720e+00
-2.014584809952263189e+00
-6.949368839081387916e-01
2.025591244380417599e+00
3.208757771166276918e+00
4.879203192785950272e+00
5.232803259717060840e+00
4.874642734765449958e+00
4.191544811780354429e+00
-5.954181842060209985e-03
-1.360468101164010513e+00
-3.736846745425931982e+00
-4.568538649860196088e+00
-5.278740815881339365e+00
-5.100417389438477223e+00
-3.728421552523780491e+00
-2.644543900071672393e+00
5.956273398610844629e-03
1.360470194022519230e+00
3.736848838063478340e+00
4.568540752057150378e+00
5.278742918315825428e+00
5.100419490054476590e+00
3.728423648052284101e+00
2.644545996760601980e+00
-2.025922987422444699e+00
-3.207410149611336081e+00
-4.878474091401920454e+00
-5.231571900269732289e+00
-4.873278067520483425e+00
-4.191149633730454127e+00
-2.013385324901170392e+00
-6.956106372790435977e-01
2.025925266278954417e+00
3.207412436357933050e+00
4.878476368373417138e+00
5.231574187645735563e+00
4.873280350389088689e+00
4.191151913830740483e+00
2.013387597465794432e+00
6.956129234473201750e-01
-3.736851038512047030e+00
-4.568567908384181919e+00
-5.278763580577774839e+00
-5.100434414687388340e+00
-3.728449437564875790e+00
-2.644539186378968232e+00
5.939258320911368003e-03
1.360494048363469766e+00
3.736853513950472827e+00
4.568570382754501225e+00
5.278766063248353291e+00
5.100436884838514651e+00
3.728451894377128095e+00
2.644541655218295872e+00
-5.936761146912348207e-03
-1.360491550124491189e+00
-4.879179722243619288e+00
-5.232775082649877341e+00
-4.874613732459028625e+00
-4.191523225175438405e+00
-2.014569232771369123e+00
-6.949364135877991178e-01
2.025587062538083849e+00
3.208740391771259581e+00
4.879182405981906889e+00
5.232777753582202429e+00
4.874616387472932466e+00
4.191525890154200518e+00
2.014571905771301186e+00
6.949391100195517756e-01
-2.025584361910227393e+00
-3.208737702753477805e+00
-5.277479319858914941e+00
-5.099420415082438041e+00
-3.726920265679629640e+00
-2.644655599666503765e+00
6.817062793009660143e-03
1.359315505832753068e+00
3.736566743944267799e+00
4.567020846390642319e+00
5.277482172246457992e+00
5.099423264580637216e+00
3.726923134053627518e+00
2.644658483272759320e+00
-6.814160246243152266e-03
-1.359312591418165406e+00
-3.736563839610547166e+00
-4.567017957740473477e+00
-4.874561617163490901e+00
-4.191420635493002145e+00
-2.014593888542962397e+00
-6.948641609632892902e-01
2.025500501223128413e+00
3.208740945868115979e+00
4.879085181231889834e+00
5.232706081314459468e+00
4.874564650941872301e+00
4.191423698638662820e+00
2.014596992210594628e+00
6.948672859891328324e-01
-2.025497368280769983e+00
-3.208737821163328174e+00
-4.879082095810710840e+00
-5.232703040678654993e+00
-3.728282719530063183e+00
-2.644422431137045226e+00
5.942272379293269714e-03
1.360434898901449197e+00
3.736693252717877112e+00
4.568371690929415863e+00
5.278535272095604469e+00
5.100213274777435579e+00
3.728286012917161329e+00
2.644425755743707196e+00
-5.938949738172938364e-03
-1.360431563043956960e+00
-3.736689890764403277e+00
-4.568368362134629379e+00
-5.278532054819893737e+00
-5.100210061335689993e+00
-2.013198099887560044e+00
-6.956714422138730036e-01
2.025922887526898197e+00
3.207188395557125205e+00
4.878287439654894087e+00
5.231317555220801552e+00
4.873013086955849005e+00
4.191012165031707148e+00
2.013201625956039909e+00
6.956749868813789650e-01
-2.025919331473429619e+00
-3.207184834246980198e+00
-4.878283919315326678e+00
-5.231314122196999428e+00
-4.873009652380406287e+00
-4.191008669808291565e+00
5.844962891128537702e-03
1.360724966666848168e+00
3.737155048731036988e+00
4.569071223472039200e+00
5.279285033127768756e+00
5.100911391531077754e+00
3.728884502605527285e+00
2.644714372225833721e+00
-5.841233202358810626e-03
-1.360721223596433438e+00
-3.737151244210696444e+00
-4.569067464458769656e+00
-5.279281390177088085e+00
-5.100907762262016476e+00
-3.728880759356529850e+00
-2.644710596351562248e+00
2.026110577508067667e+00
3.209637052214454389e+00
4.880494815866017078e+00
5.234200091695830892e+00
4.875945955636533213e+00
4.192639390019293089e+00
2.015143142706548929e+00
6.950951055991675398e-01
-2.026106629417850247e+00
-3.209633106531299074e+00
-4.880490847241296670e+00
-5.234196181013710536e+00
-4.875942022015459010e+00
-4.192635424372245012e+00
-2.015139200090958038e+00
-6.950911578201353080e-01
3.738304986255875928e+00
4.568730114248761076e+00
5.279629129421946843e+00
5.101574453777590890e+00
3.728220943894783979e+00
2.645993964349848682e+00
-7.122401088367175982e-03
-1.359574239549040442e+00
-3.738300809564480520e+00
-4.568725949651563312e+00
-5.279624943672717841e+00
-5.101570271355233999e+00
-3.728216751765763615e+00
-2.645989771456349171e+00
7.126497940275737346e-03
1.359578338518065754e+00
4.881496424290844516e+00
5.235327102134613497e+00
4.877020187402232310e+00
4.193469746958290223e+00
2.015662088677988351e+00
6.951440641753620087e-01
-2.026447181865437042e+00
-3.210395482771586817e+00
-4.881492019130327265e+00
-5.235322672697801494e+00
-4.877015733558539345e+00
-4.193465323366334374e+00
-2.015657756301313164e+00
-6.951397179833105344e-01
2.026451505907263861e+00
3.210399794409390051e+00
5.277944015365291008e+00
5.099625195421518598e+00
3.727904003393976318e+00
2.644076814550701648e+00
-5.883959258152466655e-03
-1.360335863908378906e+00
-3.736234128799301946e+00
-4.567887144811928479e+00
-5.277939300163486891e+00
-5.099620486133824571e+00
-3.727899431462142754e+00
-2.644072253683253493e+00
5.888528336398162442e-03
1.360340424318208674e+00
3.736238661369911451e+00
4.567891673874770575e+00
4.864201012015901604e+00
4.183823819857862780e+00
2.009238731951479728e+00
6.948523061269249457e-01
-2.022712317610340094e+00
-3.201163843482513816e+00
-4.869787550105073137e+00
-5.221974571783460028e+00
-4.864196090761830682e+00
-4.183819079691203591e+00
-2.009234048906719305e+00
-6.948474044225972923e-01
2.022717210134587607e+00
3.201168516256209795e+00
4.869792279480345876e+00
5.221979475519093583e+00
3.716185778134972306e+00
2.634487460751060439e+00
-4.930898499157262797e-03
-1.356722397236879596e+00
-3.723169949137353107e+00
-4.553189363730643535e+00
-5.260415457301314213e+00
-5.082445984888101620e+00
-3.716181065626854352e+00
-2.634482794561364472e+00
4.936208949557630531e-03
1.356727696387527438e+00
3.723174594390780356e+00
4.553194053074577141e+00
5.260420833597302170e+00
5.082451367789086127e+00
2.007148394109939282e+00
6.911049948798202447e-01
-2.016333382750440606e+00
-3.196271050523933344e+00
-4.858677327184300232e+00
-5.211307848614002758e+00
-4.854861114401165523e+00
-4.173625892867496745e+00
-2.007143429624258069e+00
-6.910995487850856156e-01
2.016338831509957963e+00
3.196275968862592798e+00
4.858682237978643847e+00
5.211313418657630869e+00
4.854866679703747856e+00
4.173630827353255413e+00
-8.150634133724720884e-03
-1.358120595233799133e+00
-3.737761505922468253e+00
-4.566662751771652928e+00
-5.277831076187123216e+00
-5.100101027193169045e+00
-3.726218507502127242e+00
-2.645977414571037301e+00
8.156593508124785480e-03
1.358126550595190718e+00
3.737766430513030702e+00
4.566667714359485153e+00
5.277836925287691550e+00
5.100106897390302763e+00
3.726223441214488563e+00
2.645982324668624042e+00
-2.056036826214022728e+00
-3.255144779738892158e+00
-4.951031120545990483e+00
-5.309390826265262042e+00
-4.945765243432384217e+00
-4.253461760657403445e+00
-2.043347443744774061e+00
-7.059222087737260232e-01
2.056042587016095435e+00
3.255150488416174603e+00
4.951036573215926495e+00
5.309396465547945532e+00
4.945770801997413813e+00
4.253467171806696534e+00
2.043353116428411553e+00
7.059279141444989580e-01
-3.891126458615643102e+00
-4.713873043474112734e+00
-5.464984138791439072e+00
-5.288573673043005741e+00
-3.837527426152176346e+00
-2.765307470555546487e+00
3.789351773971621345e-02
1.377839971602045521e+00
3.891132232230950283e+00
4.713878621661736545e+00
5.464990363954199459e+00
5.288579839630404678e+00
3.837533165521194611e+00
2.765313416253431633e+00
-3.788806252324852797e-02
-1.377834467367799576e+00
-5.092692577978108481e+00
-5.403625563326002634e+00
-5.005703645900550391e+00
-4.405022389567183616e+00
-1.986451535889770748e+00
-8.260253789950415815e-01
2.196442950209640088e+00
3.236856786675115671e+00
5.092699166915111597e+00
5.403631606312890412e+00
5.005710069846153409e+00
4.405029133110600625e+00
1.986456847983567142e+00
8.260312896885850797e-01
-2.196437398672453689e+00
-3.236851608032239813e+00
