1.136309198086369321e-01
1.304716825976337535e+00
3.944842697627258588e+00
4.676187714710033916e+00
5.465215996126847386e+00
5.308409819816898079e+00
3.784140240724181758e+00
2.831036069000047117e+00
-1.136322573468638159e-01
-1.304718127535387184e+00
-3.944843190681385892e+00
-4.676188508745402928e+00
-5.465216606731536864e+00
-5.308410463315362371e+00
-3.784140997215095226e+00
-2.831036516960021121e+00
2.114126031592067356e+00
3.289051720792406819e+00
5.043517084865206890e+00
5.394656066142701434e+00
5.018483506096891311e+00
4.340143159069638656e+00
2.053690340079109777e+00
7.432335596429494595e-01
-2.114126625482349198e+00
-3.289052496689243821e+00
-5.043517541301596907e+00
-5.394656460499741790e+00
-5.018483863291431035e+00
-4.340143608283255183e+00
-2.053691098927004077e+00
-7.432341153146894142e-01
3.782616028331739155e+00
4.625768711894719942e+00
5.344332863113870680e+00
5.163553713029731540e+00
3.775411257026731970e+00
2.676598470784198103e+00
-5.094478486142826022e-03
-1.378271225144830581e+00
-3.782616475058483640e+00
-4.625769106243131645e+00
-5.344333009992594974e+00
-5.163553870574445703e+00
-3.775411665018756580e+00
-2.676598925404984453e+00
5.094427449886385420e-03
1.378271159811458313e+00
4.875122354943201231e+00
5.228298864812138902e+00
4.870386318110731416e+00
4.188109937886189016e+00
2.012643839499907550e+00
6.945837872613447317e-01
-2.024077382854275964e+00
-3.205820513220175361e+00
-4.875122360325248927e+00
-5.228298765603906162e+00
-4.870386293647191778e+00
-4.188110007648414346e+00
-2.012643817843049021e+00
-6.945836855755849193e-01
2.024077412061929593e+00
3.205820483066137871e+00
5.255322212496271739e+00
5.077038842216865078e+00
3.713938533645802398e+00
2.630295944981649203e+00
-3.018836356351783587e-03
-1.357237583760755983e+00
-3.718208169286894904e+00
-4.549720501795796679e+00
-5.255321722557778408e+00
-5.077038393318667353e+00
-3.713938361446005310e+00
-2.630295782817858807e+00
3.019287140562074839e-03
1.357237984578711920e+00
3.718208293046317170e+00
4.549720716177139579e+00
4.854886851122268254e+00
4.171701994831018112e+00
2.008753880562499816e+00
6.889383070359885730e-01
-2.014078850517344588e+00
-3.197395501904488402e+00
-4.857091929217994597e+00
-5.210738858610777235e+00
-4.854886191090898251e+00
-4.171701485905917828e+00
-2.008753341305252071e+00
-6.889376420239456955e-01
2.014079464830370814e+00
3.197395990147472222e+00
4.857092481924956573e+00
5.210739571718003837e+00
3.715706988899628360e+00
2.634391602394305920e+00
-5.101360984538698060e-03
-1.356411546883586228e+00
-3.722920526649159623e+00
-4.552646997945582363e+00
-5.259903989028743787e+00
-5.082003853514753366e+00
-3.715706219359334206e+00
-2.634390802958989752e+00
5.102325733157575885e-03
1.356412500062648796e+00
3.722921315908780837e+00
4.552647778431328618e+00
5.259904985675803779e+00
5.082004829871321405e+00
2.012247416083868590e+00
6.911217050628010172e-01
-2.018973667165135488e+00
-3.203464678650826514e+00
-4.867507346938304558e+00
-5.221505520181042748e+00
-4.864721309523930337e+00
-4.180858553705968816e+00
-2.012246300117262354e+00
-6.911205274209448746e-01
2.018974833438180738e+00
3.203465782934523887e+00
4.867508521879970296e+00
5.221506750864542745e+00
4.864722529889944802e+00
4.180859707364867894e+00
-3.585558410188001161e-03
-1.360328158881475735e+00
-3.728551588982405907e+00
-4.561613696499657422e+00
-5.269383437607518594e+00
-5.090768254860988051e+00
-3.723480690705871510e+00
-2.637818244506529020e+00
3.586987455594397960e-03
1.360329578286776364e+00
3.728553043099793296e+00
4.561615157691374378e+00
5.269384935400243997e+00
5.090769752217023658e+00
3.723482149284856213e+00
2.637819696243928647e+00
-2.020500307593233291e+00
-3.203073911570435417e+00
-4.868891755231204321e+00
-5.222317077684833109e+00
-4.865152513373082854e+00
-4.182396745730842191e+00
-2.011471212964551114e+00
-6.924840760258785810e-01
2.020502042498197870e+00
3.203075650185145840e+00
4.868893537085116741e+00
5.222318850663519640e+00
4.865154286845859488e+00
4.182398515610874945e+00
2.011472949468428251e+00
6.924858096016665021e-01
-3.728416427043212522e+00
-4.561264391148089459e+00
-5.269058274625823657e+00
-5.090489191638451594e+00
-3.723155640454685500e+00
-2.637772321036280232e+00
3.721745247563715015e-03
1.360115373553547391e+00
3.728418520328294683e+00
4.561266460006393686e+00
5.269060300874795821e+00
5.090491218117779937e+00
3.723157700172009310e+00
2.637774393416688845e+00
-3.719726502802963783e-03
-1.360113355052676942e+00
-4.869017686546248669e+00
-5.223125487113533971e+00
-4.866230824763022156e+00
-4.182156936941550107e+00
-2.012869600295369210e+00
-6.913360543996347474e-01
2.019602535140151645e+00
3.204459177403597980e+00
4.869020026341170038e+00
5.223127800687757727e+00
4.866233150710590039e+00
4.182159278569397287e+00
2.012871949326098253e+00
6.913384011916130500e-01
-2.019600168483050684e+00
-3.204456817543889002e+00
-5.267076352888579116e+00
-5.088824095147439053e+00
-3.721073702891350976e+00
-2.637615045782498946e+00
4.684421806580288915e-03
1.358672682112666896e+00
3.727697805423863198e+00
4.559068916695048657e+00
5.267078963128523306e+00
5.088826706768222685e+00
3.721076344992266804e+00
2.637617710986666975e+00
-4.681776290727968949e-03
-1.358670027024315052e+00
-3.727695121875750583e+00
-4.559066267583920862e+00
-4.865770280200636400e+00
-4.181854868302739447e+00
-2.012602510648926923e+00
-6.913750725904155292e-01
2.019519532037361564e+00
3.204101657476434717e+00
4.868635772830621988e+00
5.222661764494690217e+00
4.865773195668680273e+00
4.181857806076871853e+00
2.012605465450799436e+00
6.913780267283083925e-01
-2.019516547330597156e+00
-3.204098696152522852e+00
-4.868632838141503605e+00
-5.222658843503822368e+00
-3.722609902003239490e+00
-2.637357992262730821e+00
3.701121689960711319e-03
1.359930242803347733e+00
3.727843150669078121e+00
4.560590354303856842e+00
5.268268494089427989e+00
5.089721393018669104e+00
3.722613153351352899e+00
2.637361256294997958e+00
-3.697846223309203019e-03
-1.359926968098849942e+00
-3.727839871707060659e+00
-4.560587098219449409e+00
-5.268265270364215880e+00
-5.089718167249611014e+00
-2.011375182473422285e+00
-6.920913618648267818e-01
2.019897153992740169e+00
3.202736646585259805e+00
4.867942763918305715e+00
5.221448201013831003e+00
4.864415989792522765e+00
4.181506714163135463e+00
2.011378759801313976e+00
6.920949389173874922e-01
-2.019893568634371750e+00
-3.202733064774133886e+00
-4.867939195941886510e+00
-5.221444643435785515e+00
-4.864412428516526887e+00
-4.181503150265421631e+00
3.759381981543170534e-03
1.359868533641369170e+00
3.727869463482390788e+00
4.560543193364003933e+00
5.268248176123905502e+00
5.089717071394020742e+00
3.722558052492580760e+00
2.637402000582579564e+00
-3.755480797486026277e-03
-1.359864634625549185e+00
-3.727865579490461823e+00
-4.560539311165110909e+00
-5.268244291969802262e+00
-5.089713185212593416e+00
-3.722554162520365306e+00
-2.637398109504601518e+00
2.019534232085046455e+00
3.204139436395967433e+00
4.868683695756142349e+00
5.222717132661473194e+00
4.865827348269598396e+00
4.181898664032678958e+00
2.012633427465660318e+00
6.913800779038281608e-01
-2.019530009035578111e+00
-3.204135226610783427e+00
-4.868679487804115524e+00
-5.222712923323299172e+00
-4.865823134330878652e+00
-4.181894448114306329e+00
-2.012629199702876903e+00
-6.913758508237410894e-01
3.727699588771706374e+00
4.559212040267495603e+00
5.267186396061910969e+00
5.088904557682260688e+00
3.721226373202966009e+00
2.637583794741310772e+00
-4.577075753149881764e-03
-1.358794711886364137e+00
-3.727695042716898666e+00
-4.559207505302874885e+00
-5.267181857234607634e+00
-5.088900006890763272e+00
-3.721221829216579735e+00
-2.637579259841035917e+00
4.581629695332411698e-03
1.358799253052358269e+00
4.868673805217177630e+00
5.222697071121728207e+00
4.865804510020000251e+00
4.181896150610403318e+00
2.012610635970129902e+00
6.913963170198761388e-01
-2.019538907251285043e+00
-3.204108988266451519e+00
-4.868668930925047711e+00
-5.222692185642905827e+00
-4.865799619204159931e+00
-4.181891276891319897e+00
-2.012605751915516272e+00
-6.913914338062244758e-01
2.019543775847263412e+00
3.204113863595529743e+00
5.268262124472988361e+00
5.089730107490321842e+00
3.722571961688915909e+00
2.637406780072841350e+00
-3.750039717247743553e-03
-1.359870328503759884e+00
-3.727870187635333288e+00
-4.560551020217486595e+00
-5.268256907409768708e+00
-5.089724886836139994e+00
-3.722566737756159760e+00
-2.637401565994431873e+00
3.755261875870746779e-03
1.359875538591281741e+00
3.727875402904116786e+00
4.560556233493347378e+00
4.864495817201750505e+00
4.181547118937662511e+00
2.011436650224297296e+00
6.920759696726554999e-01
-2.019889891344505806e+00
-3.202797904920034799e+00
-4.867990975031613488e+00
-5.221517843030077266e+00
-4.864490235216957892e+00
-4.181541553737654127e+00
-2.011431106274647274e+00
-6.920704166177193972e-01
2.019895451955273202e+00
3.202803472743550373e+00
4.867996531008851768e+00
5.221523399945531274e+00
3.722598644922221922e+00
2.637401249913823964e+00
-3.731170350955740397e-03
-1.359891525871320006e+00
-3.727869261258336397e+00
-4.560574862731278323e+00
-5.268274834491186276e+00
-5.089737905394586370e+00
-3.722592740127225408e+00
-2.637395365148230475e+00
3.737074759268498286e-03
1.359897429285209736e+00
3.727875182123866704e+00
4.560580782312467107e+00
5.268280745910546514e+00
5.089743818907692230e+00
2.012603844125400165e+00
6.914002784158772563e-01
-2.019535727737171715e+00
-3.204095856061000003e+00
-4.868656856766564012e+00
-5.222677863728865333e+00
-4.865786625003360122e+00
-4.181884219878483577e+00
-2.012597608361509582e+00
-6.913940326383585244e-01
2.019541994017497011e+00
3.204102131243081519e+00
4.868663141859032706e+00
5.222684148623670808e+00
4.865792889664869669e+00
4.181890465474552343e+00
-4.605242905702243948e-03
-1.358744052126197976e+00
-3.727663545278748103e+00
-4.559128022234234301e+00
-5.267110226996997824e+00
-5.088839857126920663e+00
-3.721151280831329622e+00
-2.637571403806302506e+00
4.611841245981340535e-03
1.358750661168641294e+00
3.727670185993182006e+00
4.559134664256459857e+00
5.267116857227091664e+00
5.088846474283624133e+00
3.721157865314406177e+00
2.637577979637962589e+00
-2.019488831930176254e+00
-3.204153591444938609e+00
-4.868652866664945122e+00
-5.222705578179155594e+00
-4.865828532481224045e+00
-4.181865888027831879e+00
-2.012659818459644256e+00
-6.913392875260936377e-01
2.019495815038950592e+00
3.204160586945713263e+00
4.868659895415901495e+00
5.222712594752954018e+00
4.865835487985989971e+00
4.181872802273237433e+00
2.012666755527009688e+00
6.913462265942825757e-01
-3.727833017140279814e+00
-4.560522528033511769e+00
-5.268219964576222658e+00
-5.089687467808412080e+00
-3.722551099052068047e+00
-2.637374747944067011e+00
3.742907982105715507e-03
1.359876700973638552e+00
3.727840388220855061e+00
4.560529914052287026e+00
5.268227323675882090e+00
5.089694778459503688e+00
3.722558372229083812e+00
2.637382025578194789e+00
-3.735594938843320861e-03
-1.359869387247890193e+00
-4.867929602488159979e+00
-5.221397729759819306e+00
-4.864354110528853248e+00
-4.181521863768444369e+00
-2.011296820671597096e+00
-6.921593706606851137e-01
2.019948851985887472e+00
3.202656069162077568e+00
4.867937375539625577e+00
5.221405478731692362e+00
4.864361767300390937e+00
4.181529476879680907e+00
2.011304502735431043e+00
6.921670662256680373e-01
-2.019941195034104631e+00
-3.202648367271689445e+00
-5.268676906915512603e+00
-5.090103617190471219e+00
-3.722945655819533073e+00
-2.637517781832718899e+00
3.642913137333668970e-03
1.360090894130601802e+00
3.728092677055593107e+00
4.560975244099743087e+00
5.268684994965511237e+00
5.090111651841084495e+00
3.722953670309804064e+00
2.637525804318622491e+00
-3.634873229367068578e-03
-1.360082836958215635e+00
-3.728084599266299204e+00
-4.560967127106649421e+00
-4.866553864701806731e+00
-4.182508854788165920e+00
-2.012945126239743754e+00
-6.914641008296574798e-01
2.019817372763091701e+00
3.204625483559635057e+00
4.869399436499342926e+00
5.223495946158646319e+00
4.866562254842555113e+00
4.182517229252004753e+00
2.012953606272370077e+00
6.914725846584345303e-01
-2.019809025683191095e+00
-3.204617110263861424e+00
-4.869390965214567046e+00
-5.223487489232742753e+00
-3.721606055142139713e+00
-2.638269579160000600e+00
4.886120245802209189e-03
1.358720417693925819e+00
3.728510281706470142e+00
4.559788046509649639e+00
5.268033347690505686e+00
5.089804726213565722e+00
3.721614892109674777e+00
2.638278425847319753e+00
-4.877327071303124741e-03
-1.358711609261288311e+00
-3.728501543302416010e+00
-4.559779294119478799e+00
-5.268024564077233407e+00
-5.089795950313225958e+00
-2.013194675011172219e+00
-6.913735284280245752e-01
2.019816749270742839e+00
3.204929417068618669e+00
4.869647427206841073e+00
5.223835589708950344e+00
4.866915263790104085e+00
4.182694657519554049e+00
2.013203893572899528e+00
6.913827413220232643e-01
-2.019807612014751896e+00
-3.204920292551187266e+00
-4.869638343485560128e+00
-5.223826500270787321e+00
-4.866906064930927478e+00
-4.182685454134199787e+00
3.639612337203046704e-03
1.359669040033034015e+00
3.726933400436660992e+00
4.559558950589719828e+00
5.267050630535478284e+00
5.088533797671956016e+00
3.721802634362441520e+00
2.636709561885847819e+00
-3.630137655318761789e-03
-1.359659428957943783e+00
-3.726923887237716837e+00
-4.559549560039134697e+00
-5.267041193201341898e+00
-5.088524225305516957e+00
-3.721792975736487374e+00
-2.636700040248152632e+00
2.017588460488942914e+00
3.197955705241346980e+00
4.861468432982046117e+00
5.214238970985333843e+00
4.857578605544743411e+00
4.176098029286730906e+00
2.008177683394512414e+00
6.916489549492329525e-01
-2.017578402020804962e+00
-3.197945622275980337e+00
-4.861458761395314632e+00
-5.214229310971704834e+00
-4.857568488499700798e+00
-4.176087935969030163e+00
-2.008167984953075358e+00
-6.916392438781651109e-01
3.718646042472617097e+00
4.550446006026220402e+00
5.256090929260620825e+00
5.077752013232215589e+00
3.714591170277632859e+00
2.630573842774309057e+00
-2.870061604534468198e-03
-1.357554513266610252e+00
-3.718635673986673051e+00
-4.550435948253193530e+00
-5.256080858559196045e+00
-5.077741598106007892e+00
-3.714580738981635655e+00
-2.630563707892513925e+00
2.880180725828763392e-03
1.357564908472746135e+00
4.856436947314533903e+00
5.209967431283748951e+00
4.854143236246343029e+00
4.171196112983635018e+00
2.008349378291707676e+00
6.889868909641917449e-01
-2.013898968550397406e+00
-3.196806562024926190e+00
-4.856426699212094356e+00
-5.209957127747224526e+00
-4.854132353034278147e+00
-4.171185155292517877e+00
-2.008339021482825615e+00
-6.889765808964609661e-01
2.013909901612412678e+00
3.196817411230130190e+00
5.274237582491887011e+00
5.096136239568438420e+00
3.725086532786395122e+00
2.642510776853353782e+00
-6.174421153281411251e-03
-1.359057066404237624e+00
-3.733802951866648456e+00
-4.564497093052271914e+00
-5.274226704688472545e+00
-5.096125152463184982e+00
-3.725075550220469101e+00
-2.642499954470034051e+00
6.185305566533010058e-03
1.359068091670469158e+00
3.733814048032084276e+00
4.564508003816833082e+00
4.935585448532876285e+00
4.243077961938277909e+00
2.040496432524586901e+00
7.026637573383386348e-01
-2.049878324446603006e+00
-3.249345635907657570e+00
-4.939455527953438896e+00
-5.297935159310616982e+00
-4.935573891407527114e+00
-4.243066334304646858e+00
-2.040485570219522149e+00
-7.026529283887492650e-01
2.049890090011785571e+00
3.249357332157937872e+00
4.939466579749627329e+00
5.297946247617869808e+00
3.827452135790509136e+00
2.751121404232025114e+00
-3.269340062444870548e-02
-1.377771733310684699e+00
-3.873670830824597733e+00
-4.699572788374110743e+00
-5.445511091846352514e+00
-5.268437266447939749e+00
-3.827439967788419217e+00
-2.751109560751685112e+00
3.270490695497122596e-02
1.377783712469553778e+00
3.873682241220013811e+00
4.699583981047342540e+00
5.445522608649899787e+00
5.268448860007278967e+00
1.986481126602958946e+00
8.260527785288084290e-01
-2.196413808412720936e+00
-3.236824847221142942e+00
-5.092673583401918336e+00
-5.403616367352420014e+00
-5.005720735648474751e+00
-4.405044566578465215e+00
-1.986468317372701131e+00
-8.260396336531743433e-01
2.196424721761315091e+00
3.236836332272929884e+00
5.092685540990585125e+00
5.403627990194405761e+00
5.005732936759248020e+00
4.405056185114148981e+00
