1.136309198086369321e-01
1.304716825976337535e+00
3.944842697627258588e+00
4.676187714710033916e+00
5.465215996126847386e+00
5.308409819816898079e+00
3.784140240724181758e+00
2.831036069000047117e+00
-1.136322573468638159e-01
-1.304718127535387184e+00
-3.944843190681385892e+00
-4.676188508745402928e+00
-5.465216606731536864e+00
-5.308410463315362371e+00
-3.784140997215095226e+00
-2.831036516960021121e+00
2.156277699863718311e+00
3.322200700598794132e+00
5.117598281941175387e+00
5.466046940524111442e+00
5.081098334993384924e+00
4.407955668473166888e+00
2.068159695302458800e+00
7.677439904190126452e-01
-2.156278383476582405e+00
-3.322201577525178973e+00
-5.117598754842091147e+00
-5.466047363880625731e+00
-5.081098709516290945e+00
-4.407956110861841026e+00
-2.068160520101054889e+00
-7.677445925200355736e-01
3.819455655996448318e+00
4.663881992743393212e+00
5.391304510954605611e+00
5.210252497578123254e+00
3.804998818927327164e+00
2.704526573031191816e+00
-1.022300504509679117e-02
-1.385473355733081391e+00
-3.819456240572242756e+00
-4.663882474381698451e+00
-5.391304724012940142e+00
-5.210252718244738901e+00
-3.804999293294743179e+00
-2.704527133919637727e+00
1.022287079240414252e-02
1.385473190456814496e+00
4.885431891086147616e+00
5.236619530722407490e+00
4.876817381719620315e+00
4.198384338178890118e+00
2.011428220736251493e+00
7.007927845192906124e-01
-2.032226796487522691e+00
-3.207313029240095759e+00
-4.885432007054976822e+00
-5.236619523685599020e+00
-4.876817457772253839e+00
-4.198384525905775710e+00
-2.011428344492084630e+00
-7.007928230148710025e-01
2.032226659825334458e+00
3.207312825836989401e+00
5.249466728535407078e+00
5.072617479149900355e+00
3.706427532481098908e+00
2.631498159013631710e+00
-7.785990351701649152e-03
-1.351115489617062293e+00
-3.717437727831383931e+00
-4.542264347399549429e+00
-5.249466339913766433e+00
-5.072617137631483253e+00
-3.706427532431331606e+00
-2.631498205158088410e+00
7.786259724171830376e-03
1.351115699478209198e+00
3.717437636418370772e+00
4.542264382505972975e+00
4.854874838373772761e+00
4.176529525695982237e+00
2.004799661748769335e+00
6.943328798806013280e-01
-2.019658003685577352e+00
-3.194592436613395758e+00
-4.861027692805208744e+00
-5.212170293189666737e+00
-4.854874342673350718e+00
-4.176529222629363325e+00
-2.004799360798549479e+00
-6.943324402325130595e-01
2.019658384258899986e+00
3.194592680406775909e+00
4.861028034798041908e+00
5.212170859416489499e+00
3.724486484270524311e+00
2.648496168581980559e+00
-1.088081922063518885e-02
-1.355535917609221208e+00
-3.739871807372733947e+00
-4.565512222673106635e+00
-5.278098583632162111e+00
-5.101075423080333238e+00
-3.724485981770921939e+00
-2.648495639456598827e+00
1.088153044220277824e-02
1.355536614994208522e+00
3.739872319893010388e+00
4.565512750300183775e+00
5.278099385488273398e+00
5.101076194694056376e+00
2.018585540409055135e+00
7.012416560166212509e-01
-2.036562780902416492e+00
-3.217662668412514471e+00
-4.898719549976253695e+00
-5.251705038194920405e+00
-4.891274673919887128e+00
-4.209370056115339764e+00
-2.018584720076726846e+00
-7.012407660169449608e-01
2.036563652177248329e+00
3.217663472554129989e+00
4.898720455886938829e+00
5.251706020852600965e+00
4.891275624378603304e+00
4.209370924437670247e+00
-9.716472108779298372e-03
-1.363738970122245098e+00
-3.758389598141687937e+00
-4.589781571551796446e+00
-5.305450839237381366e+00
-5.127194648213960093e+00
-3.744650131413664429e+00
-2.661164164348238437e+00
9.717579903943765821e-03
1.363740066864475686e+00
3.758390731694186471e+00
4.589782742391983028e+00
5.305452020731249441e+00
5.127195826598439865e+00
3.744651279275420297e+00
2.661165303969118767e+00
-2.039364617064603369e+00
-3.219357448712306891e+00
-4.903228675560379557e+00
-5.255883372442657908e+00
-4.894849693298945148e+00
-4.213584270280849253e+00
-2.019131268836983573e+00
-7.030220824246081746e-01
2.039366011290225433e+00
3.219358845964449323e+00
4.903230115218089047e+00
5.255884782342599593e+00
4.894851107952890246e+00
4.213585698612090980e+00
2.019132665718468722e+00
7.030234717173287073e-01
-3.754610254199078234e+00
-4.585251148237790453e+00
-5.300177990322991306e+00
-5.122082878905022341e+00
-3.740972421231971268e+00
-2.658465297849086362e+00
9.645968864268047310e-03
1.362445193547135336e+00
3.754611991173154806e+00
4.585252829038942934e+00
5.300179606583030001e+00
5.122084503425494262e+00
3.740974112835265597e+00
2.658467008929974895e+00
-9.644317047090483763e-03
-1.362443540376145457e+00
-4.896840816366182736e+00
-5.249833365793391771e+00
-4.889600087256295247e+00
-4.207681732577468914e+00
-2.018094989239676895e+00
-7.007246637189116223e-01
2.035582027170682373e+00
3.216705646565281018e+00
4.896842732476973659e+00
5.249835240547909621e+00
4.889601987384546433e+00
4.207683671447211893e+00
2.018096957894358834e+00
7.007266246258009312e-01
-2.035580043927664118e+00
-3.216703667099969799e+00
-5.293149530757110810e+00
-5.115514864499203895e+00
-3.735397306116263305e+00
-2.655690741254704168e+00
1.050156503337806857e-02
1.359800953690500469e+00
3.750247422686972421e+00
4.578739311687961333e+00
5.293151679766170403e+00
5.115517021537558939e+00
3.735399535420099060e+00
2.655693005907550752e+00
-1.049932235044303587e-02
-1.359798704072659792e+00
-3.750245144811775511e+00
-4.578737089129530702e+00
-4.887932517648246211e+00
-4.206351664224522224e+00
-2.017320023038197352e+00
-7.006023850831037958e-01
2.035010452706834894e+00
3.215549105079680281e+00
4.895260265554726153e+00
5.248077683086393996e+00
4.887934976416191901e+00
4.206354164218081948e+00
2.017322565830147685e+00
7.006049230449717946e-01
-2.035007885621554546e+00
-3.215546560102623186e+00
-4.895257777025710411e+00
-5.248075229092677318e+00
-3.737683923687967535e+00
-2.656018748535925678e+00
9.559248315500134055e-03
1.361306235930416886e+00
3.751202403421393328e+00
4.581197272075161919e+00
5.295444530868150146e+00
5.117487134212756139e+00
3.737686741337769458e+00
2.656021588660026467e+00
-9.556395224478165737e-03
-1.361303387966445344e+00
-3.751199551070499183e+00
-4.581194455695940526e+00
-5.295441775024145592e+00
-5.117484375300447752e+00
-2.016522071667851801e+00
-7.015337845649537440e-01
2.035917879216286419e+00
3.214906423033438987e+00
4.895746824045921208e+00
5.248100588429999824e+00
4.887714633634889339e+00
4.207028446365462138e+00
2.016525226802134085e+00
7.015369377869882239e-01
-2.035914717871777135e+00
-3.214903270494129384e+00
-4.895743698778116659e+00
-5.248097487399322247e+00
-4.887711526404376450e+00
-4.207025320292210324e+00
9.642916764627701073e-03
1.361478987631938420e+00
3.751949107864522404e+00
4.581998825478227566e+00
5.296416826728148841e+00
5.118447063149393905e+00
3.738314553926615158e+00
2.656578038137314302e+00
-9.639432070508123507e-03
-1.361475509221994118e+00
-3.751945646259209788e+00
-4.581995370141362933e+00
-5.296413394391468188e+00
-5.118443622296540596e+00
-3.738311085178282145e+00
-2.656574564418987539e+00
2.035753134096422112e+00
3.216636111978989021e+00
4.896974513072529511e+00
5.249894045956561506e+00
4.889614530035483853e+00
4.207834243915838712e+00
2.017985316538870144e+00
7.008844658304781428e-01
-2.035749318985024203e+00
-3.216632316473546638e+00
-4.896970721069869192e+00
-5.249890269840024715e+00
-4.889610733601512216e+00
-4.207830433430197914e+00
-2.017981488164387827e+00
-7.008806431897034450e-01
3.751562122429272339e+00
4.580404848025334097e+00
5.295048718283434930e+00
5.117337180856006640e+00
3.736766279521597678e+00
2.656602857147978280e+00
-1.045955962619996883e-02
-1.360329702775796124e+00
-3.751557980723561503e+00
-4.580400721544060971e+00
-5.295044574923045033e+00
-5.117333019264431293e+00
-3.736762111735097758e+00
-2.656598701371569060e+00
1.046372953576903131e-02
1.360333852413772693e+00
4.896727485036723948e+00
5.249624049232269662e+00
4.889359746403249218e+00
4.207623204071250456e+00
2.017872721303926919e+00
7.008572774579397979e-01
-2.035653347957078640e+00
-3.216460079945576034e+00
-4.896723043478823811e+00
-5.249619485894905679e+00
-4.889355199809082286e+00
-4.207618668720632726e+00
-2.017868189732014095e+00
-7.008527518982891058e-01
2.035657845383687103e+00
3.216464567933733143e+00
5.296193228360482230e+00
5.118225752710055865e+00
3.738166653531832306e+00
2.656449822347829226e+00
-9.622640446863704039e-03
-1.361433993806726805e+00
-3.751775067158208632e+00
-4.581809858418599113e+00
-5.296188322012895355e+00
-5.118220836638279536e+00
-3.738161738584578231e+00
-2.656444926602060441e+00
9.627534761387930226e-03
1.361438868624881504e+00
3.751779917923695251e+00
4.581814692673248146e+00
4.887983961004977118e+00
4.207226148033117674e+00
2.016662339305525187e+00
7.015380646134338205e-01
-2.035988651664235594e+00
-3.215099919309339693e+00
-4.895987080292833582e+00
-5.248376935137167187e+00
-4.887978653032255316e+00
-4.207220852651554210e+00
-2.016657081001365093e+00
-7.015328031274160603e-01
2.035993911612337559e+00
3.215105172819685997e+00
4.895992316044043946e+00
5.248382186670133009e+00
3.738366480400595826e+00
2.656579440920044721e+00
-9.613305185333259964e-03
-1.361512176125968754e+00
-3.751961044070130313e+00
-4.582049787849005185e+00
-5.296460978390288510e+00
-5.118482211236226931e+00
-3.738360814907760066e+00
-2.656573802475452606e+00
9.618957215926038362e-03
1.361517822486010720e+00
3.751966694643763756e+00
4.582055435595473902e+00
5.296466631079056242e+00
5.118487878578331873e+00
2.017944898701778733e+00
7.009051030221395973e-01
-2.035754130084982183e+00
-3.216582614791415828e+00
-4.896937546271646902e+00
-5.249841090170966673e+00
-4.889557977699195312e+00
-4.207808865553603894e+00
-2.017938872361244140e+00
-7.008990689691723119e-01
2.035760182246415084e+00
3.216588671391092724e+00
4.896943617266918736e+00
5.249847162327157868e+00
4.889564034473615095e+00
4.207814903366303483e+00
-1.049224942193579743e-02
-1.360222551161117011e+00
-3.751385638794134003e+00
-4.580143076465532204e+00
-5.294769102006908312e+00
-5.117076572320728545e+00
-3.736543366716927661e+00
-2.656491407857477505e+00
1.049867894836258898e-02
1.360228989962707358e+00
3.751392114431393310e+00
4.580149559861018460e+00
5.294775568877073013e+00
5.117083019669308896e+00
3.736549774010705871e+00
2.656497810295523454e+00
-2.035304187691497013e+00
-3.216054619986178587e+00
-4.896006823965575627e+00
-5.248887978895237616e+00
-4.888693358751318385e+00
-4.206989681843679385e+00
-2.017644803382258711e+00
-7.006914890267020857e-01
2.035311047027248854e+00
3.216061498663735030e+00
4.896013754454421552e+00
5.248894891597110757e+00
4.888700175363050349e+00
4.206996449123433734e+00
2.017651607300573691e+00
7.006982985981395906e-01
-3.750629803665279205e+00
-4.580477209192342691e+00
-5.294625314999294119e+00
-5.116700431119882708e+00
-3.737095930275668110e+00
-2.655623557027852133e+00
9.575666186166054833e-03
1.361080764521735764e+00
3.750637114677543238e+00
4.580484551608908106e+00
5.294632611389920029e+00
5.116707650243572658e+00
3.737103090052682042e+00
2.655630733662583509e+00
-9.568437980654031019e-03
-1.361073536687591679e+00
-4.894247452178835722e+00
-5.246490842409546218e+00
-4.886216300651403444e+00
-4.205747817073842931e+00
-2.015898332690542638e+00
-7.013292260156139823e-01
2.035303371054382637e+00
3.213915442983046322e+00
4.894255236774037954e+00
5.246498593508431618e+00
4.886223893136481422e+00
4.205755352322135820e+00
2.015905961864594254e+00
7.013368783727897959e-01
-2.035295756520588473e+00
-3.213907765702594510e+00
-5.296383581730315093e+00
-5.118372277310226259e+00
-3.738419802915904366e+00
-2.656411305433620473e+00
9.464605436752667952e-03
1.361639348944086558e+00
3.751800908894959097e+00
4.582059812622329531e+00
5.296391700987411078e+00
5.118380304038548267e+00
3.738427783499328694e+00
2.656419306239853118e+00
-9.456567751786409959e-03
-1.361631295340265169e+00
-3.751792802638022284e+00
-4.582051645358080627e+00
-4.893038663860036053e+00
-4.210806186255385164e+00
-2.019380524556705581e+00
-7.014012356345992183e-01
2.037200471303993510e+00
3.218869079471611716e+00
4.900418698203394818e+00
5.253577146713989343e+00
4.893047074645307859e+00
4.210814567698061950e+00
2.019389031920825861e+00
7.014097575748710067e-01
-2.037192091543994721e+00
-3.218860654173826941e+00
-4.900410142662607882e+00
-5.253568612636625446e+00
-3.741824404798017145e+00
-2.660851636582347357e+00
1.094984273499004061e-02
1.361829881160424582e+00
3.757302340723195133e+00
4.586766513141348867e+00
5.302689180892091514e+00
5.124850318598983989e+00
3.741833291349744961e+00
2.660860535919112646e+00
-1.094098149638880225e-02
-1.361821004593086526e+00
-3.757293506698282215e+00
-4.586757658586765984e+00
-5.302680301841848909e+00
-5.124841472791734631e+00
-2.021334814378494826e+00
-7.021632431704523114e-01
2.039281631721970189e+00
3.222017984525115786e+00
4.905313959220826803e+00
5.258793484078305269e+00
4.897893427799075994e+00
4.215045278251999150e+00
2.021344124667978637e+00
7.021725581995409415e-01
-2.039272404579606235e+00
-3.222008751452453801e+00
-4.905304737043454821e+00
-5.258784258641743037e+00
-4.897884142869084023e+00
-4.215036004682437110e+00
9.726744242263917969e-03
1.361873903986654977e+00
3.753341115855457044e+00
4.583583505270945935e+00
5.298313034560385937e+00
5.120309689837022837e+00
3.739606822188706658e+00
2.657619658001338259e+00
-9.717155121779025989e-03
-1.361864174241319558e+00
-3.753331449262296893e+00
-4.583573959779834617e+00
-5.298303447599596261e+00
-5.120299986771920331e+00
-3.739597067163018096e+00
-2.657610041410430224e+00
2.029886711620531692e+00
3.204439882342255075e+00
4.880485211456659478e+00
5.231521049923651745e+00
4.872180231925504756e+00
4.194057340766171649e+00
2.009804899275655199e+00
6.997590240498664516e-01
-2.029876504641927593e+00
-3.204429624885353878e+00
-4.880475366693139527e+00
-5.231511225053548486e+00
-4.872169959227456992e+00
-4.194047124119672176e+00
-2.009795096325721619e+00
-6.997491933541148956e-01
3.723789553677030462e+00
4.549697938843763723e+00
5.258213622078120153e+00
5.081141785294096103e+00
3.712450125591188144e+00
2.636110791290122268e+00
-8.026286023763198538e-03
-1.353114215661958442e+00
-3.723779007206741376e+00
-4.549687707447604090e+00
-5.258203384126051816e+00
-5.081131192848819644e+00
-3.712439567897045212e+00
-2.636100542208706710e+00
8.036545273749225518e-03
1.353124766830475112e+00
4.852845820255362597e+00
5.203536727598482514e+00
4.846913089746416325e+00
4.169459248151786035e+00
2.001708746975916497e+00
6.929541443474047657e-01
-2.016057497254706288e+00
-3.189452220246052683e+00
-4.852835427281530833e+00
-5.203526270346300997e+00
-4.846902043396102755e+00
-4.169448144669931189e+00
-2.001698266591757758e+00
-6.929436996099350710e-01
2.016068610431302588e+00
3.189463237376494398e+00
5.283296812044976143e+00
5.106201685140272062e+00
3.727913676616579686e+00
2.651435630686536982e+00
-1.124000755787521108e-02
-1.356501312522250480e+00
-3.743787512788042005e+00
-4.569802646057074647e+00
-5.283285831743757655e+00
-5.106190499639736480e+00
-3.727902517925298920e+00
-2.651424634559374383e+00
1.125102525916365365e-02
1.356512495083758596e+00
3.743798723907207027e+00
4.569813657524652406e+00
4.977021125607420160e+00
4.283468672742710481e+00
2.053735904711604388e+00
7.138823257894134633e-01
-2.072588922416529478e+00
-3.273866848077497949e+00
-4.984810726806515824e+00
-5.343833432703027242e+00
-4.977009537728187993e+00
-4.283456852467028675e+00
-2.053724875090352064e+00
-7.138714262742308359e-01
2.072600858488486963e+00
3.273878576180709210e+00
4.984821774129849281e+00
5.343844577613189983e+00
3.869171286908759555e+00
2.801087599786511895e+00
-4.767460179937386966e-02
-1.382446380275340836e+00
-3.936573701157796368e+00
-4.756147387633318679e+00
-5.519490479483756928e+00
-5.343774181713336624e+00
-3.869158872963756490e+00
-2.801075525859250792e+00
4.768615299417439807e-02
1.382458473953114053e+00
3.936585009189490059e+00
4.756158481845173647e+00
5.519501947391750818e+00
5.343785773882754775e+00
1.986481126602958946e+00
8.260527785288084290e-01
-2.196413808412720936e+00
-3.236824847221142942e+00
-5.092673583401918336e+00
-5.403616367352420014e+00
-5.005720735648474751e+00
-4.405044566578465215e+00
-1.986468317372701131e+00
-8.260396336531743433e-01
2.196424721761315091e+00
3.236836332272929884e+00
5.092685540990585125e+00
5.403627990194405761e+00
5.005732936759248020e+00
4.405056185114148981e+00
