1.136309198086369321e-01
1.304716825976337535e+00
3.944842697627258588e+00
4.676187714710033916e+00
5.465215996126847386e+00
5.308409819816898079e+00
3.784140240724181758e+00
2.831036069000047117e+00
-1.136322573468638159e-01
-1.304718127535387184e+00
-3.944843190681385892e+00
-4.676188508745402928e+00
-5.465216606731536864e+00
-5.308410463315362371e+00
-3.784140997215095226e+00
-2.831036516960021121e+00
2.113023239182468593e+00
3.288431803971941125e+00
5.041780903762831834e+00
5.393064197145833738e+00
5.017130980292050957e+00
4.338511846825825025e+00
2.053513751824730615e+00
7.425183955507844713e-01
-2.113023831380688389e+00
-3.288432577879024876e+00
-5.041781360183365202e+00
-5.393064590732870478e+00
-5.017131336751597281e+00
-4.338512296012531522e+00
-2.053514509153858469e+00
-7.425189501577983409e-01
3.781776016865960433e+00
4.624977468094876976e+00
5.343318806297570944e+00
5.162529203881791595e+00
3.774817185932597408e+00
2.675940837905898206e+00
-4.920573436990706775e-03
-1.378176751916810439e+00
-3.781776461137857925e+00
-4.624977860648556316e+00
-5.343318951005495698e+00
-5.162529359254503625e+00
-3.774817592177301062e+00
-2.675941290314436838e+00
4.920523770132584004e-03
1.378176688079248757e+00
4.874679415517438663e+00
5.227931843899805919e+00
4.870096559795424440e+00
4.187673519558585689e+00
2.012676994094745098e+00
6.943336107176957261e-01
-2.023740738435629627e+00
-3.205737895368089951e+00
-4.874679418424560318e+00
-5.227931741990687442e+00
-4.870096532445184145e+00
-4.187673586727989061e+00
-2.012676969678034222e+00
-6.943335064751224861e-01
2.023740770292819846e+00
3.205737868226188336e+00
5.255029731537374182e+00
5.076704411811635786e+00
3.713873574214442641e+00
2.629975984202910233e+00
-2.818230608917053626e-03
-1.357355651957571130e+00
-3.717859504497581735e+00
-4.549567504708634580e+00
-5.255029238705691164e+00
-5.076703959927729493e+00
-3.713873398367160128e+00
-2.629975817971244023e+00
2.818684950299339340e-03
1.357356056092528629e+00
3.717859632555174709e+00
4.549567722693770300e+00
4.854466075544420001e+00
4.171145037328471972e+00
2.008739328108634314e+00
6.886606636218862709e-01
-2.013678657549870632e+00
-3.197231188341056907e+00
-4.856511410580947263e+00
-5.210228836437768685e+00
-4.854465411767496796e+00
-4.171144523990037101e+00
-2.008738784060142279e+00
-6.886599940291002753e-01
2.013679276836820353e+00
3.197231681726101282e+00
4.856511967610394720e+00
5.210229553105802935e+00
3.715263107484692018e+00
2.633777347622333398e+00
-4.881458024143399063e-03
-1.356404559270208310e+00
-3.722165649629665563e+00
-4.552022854413306341e+00
-5.259056334674724553e+00
-5.081128171408366256e+00
-3.715262332441232829e+00
-2.633776542562122014e+00
4.882427946395112399e-03
1.356405517779397218e+00
3.722166444576855859e+00
4.552023640368498825e+00
5.259057335454642157e+00
5.081129151947997968e+00
2.012044054265507143e+00
6.907597283568724933e-01
-2.018356467188988645e+00
-3.202989687085208814e+00
-4.866431126420353692e+00
-5.220471803449561854e+00
-4.863816508110821779e+00
-4.179871650082165324e+00
-2.012042932192458000e+00
-6.907585447292460268e-01
2.018357639523487013e+00
3.202990797497591746e+00
4.866432306906713023e+00
5.220473039237694124e+00
4.863817733558835066e+00
4.179872809502018782e+00
-3.361085149632553944e-03
-1.360246258646459205e+00
-3.727576764591993719e+00
-4.560726415340977447e+00
-5.268229304334652419e+00
-5.089595356663953574e+00
-3.722823323022387942e+00
-2.637046790084524250e+00
3.362520674568306514e-03
1.360247684577919447e+00
3.727578224983971733e+00
4.560727882679143974e+00
5.268230807682071415e+00
5.089596859261617645e+00
3.722824788301549948e+00
2.637048248310198684e+00
-2.019857837624561281e+00
-3.202558364695820448e+00
-4.867754239625379675e+00
-5.221217499458940203e+00
-4.864186302814863083e+00
-4.181357257044694187e+00
-2.011242288376274612e+00
-6.921135842103887104e-01
2.019859579265563809e+00
3.202560109995229443e+00
4.867756027934547980e+00
5.221219278938569630e+00
4.864188081979372136e+00
4.181359034279509501e+00
2.011244031567631652e+00
6.921153245192528392e-01
-3.727476066862859927e+00
-4.560416032979873080e+00
-5.267950478431312256e+00
-5.089361676461650497e+00
-3.722529342137453234e+00
-2.637026124247108694e+00
3.499682652391566604e-03
1.360043145804267661e+00
3.727478166901106782e+00
4.560418108766833178e+00
5.267952512324464820e+00
5.089363710693910470e+00
3.722531408492600224e+00
2.637028203265094017e+00
-3.497656953232437457e-03
-1.360041120314001262e+00
-4.867939564598324331e+00
-5.222088227280440975e+00
-4.865322003898916670e+00
-4.181169194164739089e+00
-2.012662442321950351e+00
-6.909764176825535786e-01
2.018986681161183405e+00
3.203980028110964273e+00
4.867941911968471480e+00
5.222090548998215453e+00
4.865324337919719078e+00
4.181171542942670349e+00
2.012664798214260475e+00
6.909787715070747627e-01
-2.018984307503367770e+00
-3.203977661281138811e+00
-5.266025644936987327e+00
-5.087751925872630920e+00
-3.720487230031553239e+00
-2.636898069034090852e+00
4.463130648954823088e-03
1.358614479813776477e+00
3.726798364923108675e+00
4.558269616263306290e+00
5.266028263737199566e+00
5.087754545987596799e+00
3.720489879343335193e+00
2.636900741252433011e+00
-4.460477957097361452e-03
-1.358611817539180366e+00
-3.726795674208451814e+00
-4.558266959546689812e+00
-4.864882815719833609e+00
-4.180885602765423315e+00
-2.012404090878963103e+00
-6.910186079999403042e-01
2.018912678321706178e+00
3.203636497446095799e+00
4.867579120509957669e+00
5.221647467058578407e+00
4.864885739435213630e+00
4.180888548201402877e+00
2.012407052843898647e+00
6.910215694104594464e-01
-2.018909686406656245e+00
-3.203633528847368961e+00
-4.867576177835591267e+00
-5.221644537649168250e+00
-3.722020665734488087e+00
-2.636639284510596148e+00
3.479990132996416911e-03
1.359870910677315470e+00
3.726941169017058630e+00
4.559787719972609565e+00
5.267214040937092001e+00
5.088645650793472974e+00
3.722023924505001968e+00
2.636642555800069676e+00
-3.476707400621289069e-03
-1.359867628665210493e+00
-3.726937882651552680e+00
-4.559784456180667966e+00
-5.267210808879163153e+00
-5.088642416801228308e+00
-2.011177386080109653e+00
-6.917344487484885507e-01
2.019289980263760054e+00
3.202272126122172491e+00
4.866886277241599501e+00
5.220434356935054865e+00
4.863529092497418382e+00
4.180537462916678493e+00
2.011180970541297519e+00
6.917380330074163197e-01
-2.019286387668895344e+00
-3.202268536975771962e+00
-4.866882701566325409e+00
-5.220430791468823273e+00
-4.863525523572016063e+00
-4.180533891638225086e+00
3.538052295223521274e-03
1.359808008379052469e+00
3.726963569743505289e+00
4.559736034895499834e+00
5.267188387573543018e+00
5.088636126898366641e+00
3.721965194334165172e+00
2.636680467760580182e+00
-3.534144142531766685e-03
-1.359804102313439067e+00
-3.726959678493273920e+00
-4.559732145289877359e+00
-5.267184495974694514e+00
-5.088632233408096006e+00
-3.721961297397860413e+00
-2.636676569737413711e+00
2.018923673593313151e+00
3.203669018969901305e+00
4.867618619243796907e+00
5.221693948628314708e+00
4.864931691247928569e+00
4.180922104886303003e+00
2.012431838941174611e+00
6.910221733907495612e-01
-2.018919443798462776e+00
-3.203664802277044643e+00
-4.867614404221137114e+00
-5.221689732256779237e+00
-4.864927470614305527e+00
-4.180917882386141926e+00
-2.012427604629104749e+00
-6.910179397067117701e-01
3.726796282612157452e+00
4.558408420993679044e+00
5.266130538805319894e+00
5.087827341708650586e+00
3.720636489730631435e+00
2.636863995974915387e+00
-4.355467112760233461e-03
-1.358735458563804954e+00
-3.726791730042183559e+00
-4.558403879402777470e+00
-5.266125993556600271e+00
-5.087822784711771185e+00
-3.720631939720837167e+00
-2.636859455021212995e+00
4.360027186219379153e-03
1.358740005988608113e+00
4.867608614583528670e+00
5.221673765214069007e+00
4.864908741021453764e+00
4.180919495717033918e+00
2.012409002578383621e+00
6.910383967660589377e-01
-2.018928295157778052e+00
-3.203638490260375615e+00
-4.867603734248304725e+00
-5.221668873851423420e+00
-4.864903844736520711e+00
-4.180914616563637942e+00
-2.012404113065632938e+00
-6.910335080226690518e-01
2.018933169479227629e+00
3.203643371496993630e+00
5.267200855696906103e+00
5.088647736368044683e+00
3.721978057066239742e+00
2.636684515767728332e+00
-3.528707961515760525e-03
-1.359809408495691763e+00
-3.726963245487232790e+00
-4.559742571000309219e+00
-5.267195633505812324e+00
-5.088642510825716059e+00
-3.721972828458234961e+00
-2.636679296920980242e+00
3.533935013734888428e-03
1.359814623564357117e+00
3.726968466040084582e+00
4.559747789677905061e+00
4.863605148556048974e+00
4.180574584565997398e+00
2.011237340820417163e+00
6.917184800754316853e-01
-2.019281094769098228e+00
-3.202330919892349748e+00
-4.866930669410365340e+00
-5.220499929208036960e+00
-4.863599562565044110e+00
-4.180569015409621336e+00
-2.011231792788088502e+00
-6.917129228577117983e-01
2.019286659656513550e+00
3.202336492146904856e+00
4.866936229995488361e+00
5.220505490618493560e+00
3.722004821555259912e+00
2.636679043189280591e+00
-3.509841185357967346e-03
-1.359830638447067974e+00
-3.726962406126525629e+00
-4.559766518474857477e+00
-5.267213679732221543e+00
-5.088655643805490847e+00
-3.721998913469691583e+00
-2.636673155072975394e+00
3.515748990658065527e-03
1.359836545321985835e+00
3.726968330605867852e+00
4.559772441684910582e+00
5.267219594654817705e+00
5.088661560701591036e+00
2.012402775040520009e+00
6.910425406615319233e-01
-2.018925678863655371e+00
-3.203626264121698597e+00
-4.867593021927580033e+00
-5.221656014440426041e+00
-4.864892210922330484e+00
-4.180908721733489486e+00
-2.012396536643396239e+00
-6.910362922695477694e-01
2.018931947784720293e+00
3.203632541952816659e+00
4.867599309518475081e+00
5.221662301795528371e+00
4.864898478233794954e+00
4.180914970018293708e+00
-4.383690936656344482e-03
-1.358685817004196439e+00
-3.726763171757411452e+00
-4.558327924547773691e+00
-5.266058458933500219e+00
-5.087766601405345313e+00
-3.720564247196514795e+00
-2.636853686608755076e+00
4.390291081860760516e-03
1.358692427860137997e+00
3.726769814042641293e+00
4.558334567965099282e+00
5.266065090715819963e+00
5.087773220407238561e+00
3.720570833810608491e+00
2.636860264465748394e+00
-2.018881009483707967e+00
-3.203687095899657500e+00
-4.867594037368179194e+00
-5.221688991798776769e+00
-4.864938965108705382e+00
-4.180894733092084259e+00
-2.012460601468901711e+00
-6.909824333213890890e-01
2.018887993507132883e+00
3.203694092085596079e+00
4.867601066237546625e+00
5.221696008649192144e+00
4.864945922010490698e+00
4.180901648998062825e+00
2.012467539778497905e+00
6.909893734792548203e-01
-3.726932730880970546e+00
-4.559721842150431748e+00
-5.267167802749195715e+00
-5.088613959137942899e+00
-3.721963420078648443e+00
-2.636657265788985960e+00
3.521869633861134108e-03
1.359817879920811601e+00
3.726940101477306477e+00
4.559729227198224599e+00
5.267175161442629872e+00
5.088621270232101423e+00
3.721970694356317999e+00
2.636664544154304846e+00
-3.514556369995514105e-03
-1.359810565952673356e+00
-4.866874183944217336e+00
-5.220384887518949135e+00
-4.863468065071602453e+00
-4.180553577619732231e+00
-2.011099181480782150e+00
-6.918028391019606094e-01
2.019342321987582789e+00
3.202191993297017980e+00
4.866881954872505744e+00
5.220392634678487020e+00
4.863475721959237497e+00
4.180561191268902910e+00
2.011106863262422717e+00
6.918105340800463354e-01
-2.019334665603671919e+00
-3.202184292468669646e+00
-5.267601572703994428e+00
-5.089007682767767271e+00
-3.722341682910631722e+00
-2.636788577109934639e+00
3.421736236262908418e-03
1.360026222314476563e+00
3.727175909638730023e+00
4.560154568536704645e+00
5.267609658556521524e+00
5.089015716343491924e+00
3.722349697096102972e+00
2.636796598763286870e+00
-3.413697717708257667e-03
-1.360018166448101251e+00
-3.727167833958406451e+00
-4.560146454425784590e+00
-4.865615364663842257e+00
-4.181494794650471469e+00
-2.012726345165984476e+00
-6.910993415017244734e-01
2.019188288812610477e+00
3.204127278231840847e+00
4.868290984101089514e+00
5.222426606133339533e+00
4.865623753417462005e+00
4.181503168026420525e+00
2.012734823190839517e+00
6.911078230731867444e-01
-2.019179943645713404e+00
-3.204118907255209425e+00
-4.868282516345532329e+00
-5.222418152503002453e+00
-3.720959233956919743e+00
-2.637506487657518495e+00
4.662327713006005764e-03
1.358641931852860418e+00
3.727546979343654421e+00
4.558913959615784606e+00
5.266894809357356877e+00
5.088647056157457271e+00
3.720968068794228589e+00
2.637515331795149631e+00
-4.653537303505301745e-03
-1.358633126135578628e+00
-3.727538243992631006e+00
-4.558905210879927949e+00
-5.266886029070465547e+00
-5.088638282748553010e+00
-2.012960372550254728e+00
-6.910003245523405058e-01
2.019167720442544223e+00
3.204404926269027509e+00
4.868495256137724603e+00
5.222720629857903418e+00
4.865934863651196984e+00
4.181642354892483482e+00
2.012969587823624007e+00
6.910095339268743642e-01
-2.019158586189206961e+00
-3.204395805125655361e+00
-4.868486176375030894e+00
-5.222711544216029012e+00
-4.865925667734215310e+00
-4.181633154115946382e+00
3.415671454679376513e-03
1.359607905552815854e+00
3.726016960186317117e+00
4.558742470261703872e+00
5.265978504474394306e+00
5.087440226940466381e+00
3.721202864493961204e+00
2.635979520023733702e+00
-3.406200333807218265e-03
-1.359598298132152827e+00
-3.726007450959557321e+00
-4.558733083813535814e+00
-5.265969070925854645e+00
-5.087430658243555115e+00
-3.721193209129550983e+00
-2.635970001693462184e+00
2.017060948718093272e+00
3.197614178707829602e+00
4.860601176603565499e+00
5.213427282260418849e+00
4.856879598268828424e+00
4.175291639793260678e+00
2.008056429478396243e+00
6.913202704390898345e-01
-2.017050894370193248e+00
-3.197604100338779176e+00
-4.860591508829807950e+00
-5.213417625882853734e+00
-4.856869485543388265e+00
-4.175281550430442579e+00
-2.008046734192733940e+00
-6.913105627790323560e-01
3.718115331588267125e+00
4.550081100059797379e+00
5.255549030748073669e+00
5.077174542926533363e+00
3.714355524028300160e+00
2.630122115726384990e+00
-2.661388825741373490e-03
-1.357615885195919914e+00
-3.718104967285527085e+00
-4.550071046069360747e+00
-5.255538963709996736e+00
-5.077164132056263490e+00
-3.714345096769350096e+00
-2.630111984428409322e+00
2.671504348871664089e-03
1.357626276365347495e+00
4.856089996687096288e+00
5.209703651217783005e+00
4.853949754125325811e+00
4.170841912280588204e+00
2.008422750780293864e+00
6.887497985693743496e-01
-2.013601747351964733e+00
-3.196787708286019214e+00
-4.856079752015427076e+00
-5.209693351568311037e+00
-4.853938874467138120e+00
-4.170830958724969229e+00
-2.008412397109300418e+00
-6.887394912982044426e-01
2.013612675997216606e+00
3.196798553602919757e+00
5.273841046435908453e+00
5.095701400208866083e+00
3.724947619716018288e+00
2.642139157305934294e+00
-5.974314018562701389e-03
-1.359147778835706699e+00
-3.733381088703696893e+00
-4.564253793085272903e+00
-5.273830172542518291e+00
-5.095690315738105269e+00
-3.724936639623071422e+00
-2.642128337488258705e+00
5.985195787608668834e-03
1.359158800801945066e+00
3.733392181597513737e+00
4.564264699915618451e+00
4.934715114141750014e+00
4.242167565600741597e+00
2.040269018600341600e+00
7.023589612187771669e-01
-2.049329618251780172e+00
-3.248866319843697337e+00
-4.938452139642671490e+00
-5.296952491606194968e+00
-4.934703558189671213e+00
-4.242155940122739111e+00
-2.040258157476005252e+00
-7.023481330357509433e-01
2.049341380337379892e+00
3.248878013494256756e+00
4.938463188801065940e+00
5.296963576729898371e+00
3.826624569532320663e+00
2.749851486057760308e+00
-3.219214318632949295e-02
-1.377823282702131724e+00
-3.872134410372443991e+00
-4.698375801192487877e+00
-5.443839490777263812e+00
-5.266692884121635387e+00
-3.826612404205766094e+00
-2.749839645321375148e+00
3.220364857001734721e-02
1.377835259524230027e+00
3.872145822088841616e+00
4.698386994224855506e+00
5.443851006350573840e+00
5.266704478410166423e+00
1.986481126602958946e+00
8.260527785288084290e-01
-2.196413808412720936e+00
-3.236824847221142942e+00
-5.092673583401918336e+00
-5.403616367352420014e+00
-5.005720735648474751e+00
-4.405044566578465215e+00
-1.986468317372701131e+00
-8.260396336531743433e-01
2.196424721761315091e+00
3.236836332272929884e+00
5.092685540990585125e+00
5.403627990194405761e+00
5.005732936759248020e+00
4.405056185114148981e+00
