1.136309198086369321e-01
1.304716825976337535e+00
3.944842697627258588e+00
4.676187714710033916e+00
5.465215996126847386e+00
5.308409819816898079e+00
3.784140240724181758e+00
2.831036069000047117e+00
-1.136322573468638159e-01
-1.304718127535387184e+00
-3.944843190681385892e+00
-4.676188508745402928e+00
-5.465216606731536864e+00
-5.308410463315362371e+00
-3.784140997215095226e+00
-2.831036516960021121e+00
2.132057913679522354e+00
3.300956626079989853e+00
5.073238112624008700e+00
5.422575883211873560e+00
5.042583296851006480e+00
4.367722599656183924e+00
2.058051696318443202e+00
7.543171079904521514e-01
-2.132058540503387611e+00
-3.300957439285656658e+00
-5.073238569194069569e+00
-5.422576287176307908e+00
-5.042583660922062450e+00
-4.367723042637739361e+00
-2.058052485259150632e+00
-7.543176841434304780e-01
3.796886832623954877e+00
4.639845473248217722e+00
5.362024994345627071e+00
5.181287396555711133e+00
3.786160701009254392e+00
2.687600928754059648e+00
-7.584463905611637385e-03
-1.380445024682960042e+00
-3.796887328071591128e+00
-4.639845894198194820e+00
-5.362025171599190898e+00
-5.181287585087520853e+00
-3.786161130515552475e+00
-2.687601429019132127e+00
7.584383152692285128e-03
1.380444925247577670e+00
4.880671523872967654e+00
5.232784605506568099e+00
4.873857578622633469e+00
4.193635580327239154e+00
2.012003809043041436e+00
6.979126038463814297e-01
-2.028453728910957654e+00
-3.206638497693539147e+00
-4.880671567362325547e+00
-5.232784546349527055e+00
-4.873857603510358238e+00
-4.193635699686487861e+00
-2.012003839727160237e+00
-6.979125525851663792e-01
2.028453698482664880e+00
3.206638405064194952e+00
5.256697229564892382e+00
5.079060382149124031e+00
3.713016253463343297e+00
2.633303607536006119e+00
-5.698039113595799662e-03
-1.355005546330575017e+00
-3.721074899802905289e+00
-4.549571712356561548e+00
-5.256696788729463776e+00
-5.079059988079649202e+00
-3.713016152086967558e+00
-2.633303519529803793e+00
5.698424235840908979e-03
1.355005877362484457e+00
3.721074944088013758e+00
4.549571864925850306e+00
4.858708471837879017e+00
4.177637484931417511e+00
2.008169946517261106e+00
6.924381484366572970e-01
-2.018726216391614425e+00
-3.198381465558756354e+00
-4.863080475074584186e+00
-5.215633164086070472e+00
-4.858707885357851808e+00
-4.177637061531965124e+00
-2.008169491510618077e+00
-6.924375644980336197e-01
2.018726744664364414e+00
3.198381863911480938e+00
4.863080952009588565e+00
5.215633812029211391e+00
3.721379739377319584e+00
2.642564144524193193e+00
-8.147720027415383121e-03
-1.356333911444560503e+00
-3.732901515389796643e+00
-4.560709810093578120e+00
-5.270972923191571624e+00
-5.093484054514238579e+00
-3.721379071497994850e+00
-2.642563442112284999e+00
8.148593097681702119e-03
1.356334772790056542e+00
3.732902209672074090e+00
4.560710488958682696e+00
5.270973835587303924e+00
5.093484945204526326e+00
2.015249289574473135e+00
6.962420468973038457e-01
-2.027769017516162009e+00
-3.210360670867930644e+00
-4.882947778587935161e+00
-5.236378282923886296e+00
-4.877762030485696343e+00
-4.194995849946168143e+00
-2.015248279738649728e+00
-6.962409746964911550e-01
2.027770079828369099e+00
3.210361671029622332e+00
4.882948845417263151e+00
5.236379408391331758e+00
4.877763146521786553e+00
4.194996898100258775e+00
-6.730810404960790860e-03
-1.361672618364984100e+00
-3.742748505919360369e+00
-4.574704872546750067e+00
-5.286315624953244807e+00
-5.107937477259556047e+00
-3.733229547433988049e+00
-2.649008103258419844e+00
6.732122979648020797e-03
1.361673921577420066e+00
3.742749846416410175e+00
4.574706216690016092e+00
5.286317003215783572e+00
5.107938855372011311e+00
3.733230893056336708e+00
2.649009442011239113e+00
-2.029677685587271352e+00
-3.210606488188502361e+00
-4.885277961198473129e+00
-5.238211650288478793e+00
-4.879148657726497973e+00
-4.197342492691305438e+00
-2.014878703011416139e+00
-6.977261256871513107e-01
2.029679297236880675e+00
3.210608103557107462e+00
4.885279616445346029e+00
5.238213291892632739e+00
4.879150299638371102e+00
4.197344140800342238e+00
2.014880317516439590e+00
6.977277355251477742e-01
-3.741604901118410265e+00
-4.573204791483010290e+00
-5.284625923516065527e+00
-5.106324341362948438e+00
-3.731983190093658198e+00
-2.648226365311969310e+00
6.805195840158618885e-03
1.361166241327177673e+00
3.741606865258650050e+00
4.573206727019516471e+00
5.284627804889551861e+00
5.106326224590676865e+00
3.731985118330437334e+00
2.648228309451561291e+00
-6.803308144315843228e-03
-1.361164354037641022e+00
-4.883837046629783352e+00
-5.237370873377915181e+00
-4.878705647730074979e+00
-4.195740329669730428e+00
-2.015692544661688235e+00
-6.963007261630190792e-01
2.028085143985720595e+00
3.211021618661718868e+00
4.883839241962375510e+00
5.237373034675072425e+00
4.878707824209536525e+00
4.195742528304617913e+00
2.015694759295433069e+00
6.963029370389782757e-01
-2.028082912325875675e+00
-3.211019392343594792e+00
-5.281353705502972673e+00
-5.103407495963195650e+00
-3.729003396988250341e+00
-2.647405879952389629e+00
7.747226329438593011e-03
1.359409664533359985e+00
3.739959191674335770e+00
4.569902174502350256e+00
5.281356156271894697e+00
5.103409949462548667e+00
3.729005893824160367e+00
2.647408405008375709e+00
-7.744721044561660335e-03
-1.359407149936168624e+00
-3.739956646527634376e+00
-4.569899670490030097e+00
-4.877833312145334332e+00
-4.195083260122258295e+00
-2.015255890722463583e+00
-6.962800012412834194e-01
2.027830119709990164e+00
3.210393650870140281e+00
4.883042254189595255e+00
5.236464811746204262e+00
4.877836068748223397e+00
4.195086045683352971e+00
2.015258703140013985e+00
6.962828118233957975e-01
-2.027827278749487760e+00
-3.210390828841900746e+00
-4.883039471050914848e+00
-5.236462050269236279e+00
-3.730650999101559062e+00
-2.647231510700188473e+00
6.766891382397543023e-03
1.360706067150407206e+00
3.740220237252299906e+00
4.571561361256768485e+00
5.282706338231066390e+00
5.104460493162117807e+00
3.730654104144287331e+00
2.647234630619458517e+00
-6.763760663847845356e-03
-1.360702939145499890e+00
-3.740217099621604202e+00
-4.571558252596330085e+00
-5.282703275802846932e+00
-5.104457429851237293e+00
-2.014070011187196751e+00
-6.970256528297491538e-01
2.028270976391411740e+00
3.209102751703328593e+00
4.882480252415063227e+00
5.235385473718342730e+00
4.876600768035459055e+00
4.194850532738157334e+00
2.014073445876782387e+00
6.970290860344515727e-01
-2.028267536838087359e+00
-3.209099313527203012e+00
-4.882476834479955841e+00
-5.235382070499409402e+00
-4.876597364426002557e+00
-4.194847111210200374e+00
6.830406126243558813e-03
1.360686838481881100e+00
3.740379849837765835e+00
4.571670381005361605e+00
5.282869287222736965e+00
5.104634475476403033e+00
3.730724773154463936e+00
2.647371343233094532e+00
-6.826644907710000681e-03
-1.360683080929517841e+00
-3.740376112187075996e+00
-4.571666646488976582e+00
-5.282865549976482278e+00
-5.104630734016207150e+00
-3.730721024091615323e+00
-2.647367592539044523e+00
2.027976562017419493e+00
3.210620463561257854e+00
4.883391397197176076e+00
5.236838460400496942e+00
4.878184229432671160e+00
4.195387733269994257e+00
2.015401327174588975e+00
6.963357171577757576e-01
-2.027972475304317346e+00
-3.210616395366162834e+00
-4.883387331878357607e+00
-5.236834391319423965e+00
-4.878180150069529653e+00
-4.195383650494235006e+00
-2.015397232745521627e+00
-6.963316242412870283e-01
3.740166073606287611e+00
4.570281231371149389e+00
5.281742267034387872e+00
5.103759697624856706e+00
3.729344660993779037e+00
2.647523083323501059e+00
-7.651379054977927412e-03
-1.359593318117294114e+00
-3.740161662352585292e+00
-4.570276832719923910e+00
-5.281737857631307875e+00
-5.103755272080807259e+00
-3.729340240233352866e+00
-2.647518672793711669e+00
7.655807318576248431e-03
1.359597731225865580e+00
4.883367427660879834e+00
5.236803670198065142e+00
4.878147787455771933e+00
4.195372819330531300e+00
2.015373423829653898e+00
6.963492208948389717e-01
-2.027974976453645883e+00
-3.210581646913111431e+00
-4.883362678647948485e+00
-5.236798905852982244e+00
-4.878143008733692554e+00
-4.195368057420232333e+00
-2.015368653285523948e+00
-6.963444527151225749e-01
2.027979726204867106e+00
3.210586399125044288e+00
5.282894490899392892e+00
5.104658052706888327e+00
3.730747180285686859e+00
2.647380732827806948e+00
-6.820273484969697174e-03
-1.360692682606356563e+00
-3.740388004934768418e+00
-4.571688636119839444e+00
-5.282889380925674061e+00
-5.104652933805572168e+00
-3.730742054581468015e+00
-2.647375619271343350e+00
6.825392341410367429e-03
1.360697787492120447e+00
3.740393108475076112e+00
4.571693735274228843e+00
4.876766957811050851e+00
4.194965665576543934e+00
2.014166422799969158e+00
6.970229538680268178e-01
-2.028300485661214569e+00
-3.209220801749232965e+00
-4.882615703797669404e+00
-5.235548284595920698e+00
-4.876761461529982356e+00
-4.194960185008036468e+00
-2.014160966838524747e+00
-6.970174906274553273e-01
2.028305954070150907e+00
3.209226273934650653e+00
4.882621160490882239e+00
5.235553745012806459e+00
3.730784025879049004e+00
2.647383410801082082e+00
-6.802116516588294255e-03
-1.360717027868665108e+00
-3.740398221357323028e+00
-4.571725125779559029e+00
-5.282922372858070759e+00
-5.104680704312833939e+00
-3.730778193478768934e+00
-2.647377600122009955e+00
6.807945339862417865e-03
1.360722854403523696e+00
3.740404061751987808e+00
4.571730963825741512e+00
5.282928206332790033e+00
5.104686543263802889e+00
2.015361540596154466e+00
6.963527875868349426e-01
-2.027968412311026647e+00
-3.210560915348517508e+00
-4.883340723736764311e+00
-5.236773468560389055e+00
-4.878119442472189426e+00
-4.195352862137944783e+00
-2.015355365768618956e+00
-6.963466028684220932e-01
2.027974617117464629e+00
3.210567128489721700e+00
4.883346947999735121e+00
5.236779693804780145e+00
4.878125646471971777e+00
4.195359046732130892e+00
-7.678739402885660127e-03
-1.359519002145363809e+00
-3.740063330790610152e+00
-4.570116513751254494e+00
-5.281572587316658129e+00
-5.103604519035352283e+00
-3.729204032010377645e+00
-2.647463418905423360e+00
7.685291846592605391e-03
1.359525565066585173e+00
3.740069929524141301e+00
4.570123115499892918e+00
5.281579175549147465e+00
5.103611089968622672e+00
3.729210565909399921e+00
2.647469945531673918e+00
-2.027846518321711589e+00
-3.210511118336992986e+00
-4.883165416946373405e+00
-5.236620203949858166e+00
-4.877994201965363708e+00
-4.195186194346107733e+00
-2.015352377432546582e+00
-6.962629063199715640e-01
2.027853471937448582e+00
3.210518088069197251e+00
4.883172429721815533e+00
5.236627201816922650e+00
4.878001120316355355e+00
4.195193067091661732e+00
2.015359279808887738e+00
6.962698130618946157e-01
-3.740127614811572077e+00
-4.571398210793962136e+00
-5.282545490540238475e+00
-5.104317025493426030e+00
-3.730515555692971219e+00
-2.647188399708286344e+00
6.804555091620707874e-03
1.360627375615658607e+00
3.740134981791200630e+00
4.571405601159182375e+00
5.282552844435363326e+00
5.104324316560040486e+00
3.730522798084249025e+00
2.647195652642230002e+00
-6.797258282898714470e-03
-1.360620078530593302e+00
-4.882292502473253748e+00
-5.235153420781079703e+00
-4.876372658216626021e+00
-4.194713209921668629e+00
-2.013930781616650734e+00
-6.970593171242481789e-01
2.028242231264329121e+00
3.208917925901721535e+00
4.882300301061974324e+00
5.235161189957450389e+00
4.876380302400106004e+00
4.194720803279680332e+00
2.013938457530952686e+00
6.970670114934092165e-01
-2.028234575610053270e+00
-3.208910216915077829e+00
-5.283448641911579813e+00
-5.105164680452300097e+00
-3.731224903721300556e+00
-2.647556032792624414e+00
6.705811205801169399e-03
1.360955517263889858e+00
3.740703600245087745e+00
4.572236474367159076e+00
5.283456757943447712e+00
5.105172724354327229e+00
3.731232914503819664e+00
2.647564060074540482e+00
-6.697757467354629318e-03
-1.360947447496042795e+00
-3.740695496038324741e+00
-4.572228318094592403e+00
-4.879756752442323098e+00
-4.196736745866759932e+00
-2.016053982245190390e+00
-6.965532192178257587e-01
2.028623450552824004e+00
3.211656136853038745e+00
4.884962163427758242e+00
5.238528117756670710e+00
4.879765159050043266e+00
4.196745132046888926e+00
2.016062488206531000e+00
6.965617327997489783e-01
-2.028615078699654184e+00
-3.211647732233014363e+00
-4.884953641252139711e+00
-5.238519613641562600e+00
-3.731025205723669469e+00
-2.649195452191233535e+00
8.008459271794117484e-03
1.359959733232547041e+00
3.742344858412878672e+00
4.572466513298559576e+00
5.284476358113513683e+00
5.106495715881516517e+00
3.731034073992427036e+00
2.649204336211927302e+00
-7.999626015779175842e-03
-1.359950885278034871e+00
-3.742336075591000455e+00
-4.572457707373891900e+00
-5.284467525692608803e+00
-5.106486903603186356e+00
-2.016768974168343220e+00
-6.967022170862879893e-01
2.029201755523387884e+00
3.212741403362831871e+00
4.886494109840618272e+00
5.240212368124481657e+00
4.881355421958597063e+00
4.198043036028992425e+00
2.016778243733787335e+00
6.967114837850522102e-01
-2.029192571991663030e+00
-3.212732227420812325e+00
-4.886484967563990978e+00
-5.240203222123430038e+00
-4.881346176276978532e+00
-4.198033790227501783e+00
6.774478195964668548e-03
1.360629430819705554e+00
3.740049015807666688e+00
4.571339523886096323e+00
5.282464596888455155e+00
5.104234338545349914e+00
3.730485599496631277e+00
2.647132419703651429e+00
-6.764947190981994429e-03
-1.360619761391037574e+00
-3.740039440681152794e+00
-4.571330071519207117e+00
-5.282455101062557112e+00
-5.104224705769726533e+00
-3.730475885002165093e+00
-2.647122842972326584e+00
2.024638054785667052e+00
3.202276384341787185e+00
4.872859924581694813e+00
5.224815305843552693e+00
4.866639860367409476e+00
4.186734931055695164e+00
2.009599879680034729e+00
6.961146163897041772e-01
-2.024627928677173117e+00
-3.202266227097678275e+00
-4.872850196068656103e+00
-5.224805590323864379e+00
-4.866629667876647858e+00
-4.186724766856378288e+00
-2.009590127364704326e+00
-6.961048502199305155e-01
3.724401107214309725e+00
4.553627420557886829e+00
5.261400155664452072e+00
5.083613602998648950e+00
3.716344465755244020e+00
2.635681173085357987e+00
-5.700500172617267540e-03
-1.356193202181201096e+00
-3.724390670374123857e+00
-4.553617305286710604e+00
-5.261390025720094954e+00
-5.083603113192987522e+00
-3.716333961383300188e+00
-2.635670977564614770e+00
5.710678822287815377e-03
1.356203664733664827e+00
4.858731739693378238e+00
5.210980612647619026e+00
4.854389043982984653e+00
4.173918926756578607e+00
2.006401115368400934e+00
6.918233039436727516e-01
-2.016899507356191723e+00
-3.195516974585832948e+00
-4.858721439045011969e+00
-5.210970247494312702e+00
-4.854378095781632929e+00
-4.173907894037427901e+00
-2.006390705476408076e+00
-6.918129465935493050e-01
2.016910513716491771e+00
3.195527888258354210e+00
5.279119405127564058e+00
5.101554797378407002e+00
3.726619646708502653e+00
2.647303572669845728e+00
-8.888696498700532009e-03
-1.357697565593940725e+00
-3.739173627412324841e+00
-4.567366506466080445e+00
-5.279108464586507843e+00
-5.101543665330972033e+00
-3.726608621553882728e+00
-2.647292700955037326e+00
8.899625832004572426e-03
1.357708645222328592e+00
3.739184770760344279e+00
4.567377479389135075e+00
4.950978354887220156e+00
4.258630415457147933e+00
2.044966870758746058e+00
7.074421359815530330e-01
-2.058948750925094995e+00
-3.258139739220784037e+00
-4.956753182724474627e+00
-5.315150597356441686e+00
-4.950966780086980989e+00
-4.258618752245891592e+00
-2.044955982422924201e+00
-7.074312903545947329e-01
2.058960569296599097e+00
3.258151469541008982e+00
4.956764272083349354e+00
5.315161733092478968e+00
3.842855490528403362e+00
2.772045932358989440e+00
-4.003769012689229606e-02
-1.378216197035101009e+00
-3.899460001721953617e+00
-4.721125346700791425e+00
-5.474638772829728772e+00
-5.298473415302392020e+00
-3.842843277198918717e+00
-2.772034040957792378e+00
4.004921207790722304e-02
1.378228213116249323e+00
3.899471383658586365e+00
4.721136525878423917e+00
5.474650304720418248e+00
5.298484994212377508e+00
1.986481126602958946e+00
8.260527785288084290e-01
-2.196413808412720936e+00
-3.236824847221142942e+00
-5.092673583401918336e+00
-5.403616367352420014e+00
-5.005720735648474751e+00
-4.405044566578465215e+00
-1.986468317372701131e+00
-8.260396336531743433e-01
2.196424721761315091e+00
3.236836332272929884e+00
5.092685540990585125e+00
5.403627990194405761e+00
5.005732936759248020e+00
4.405056185114148981e+00
