-4.719250199999999729e-01
-4.719232300000000269e-01
-4.719233999999999374e-01
-4.719252500000000738e-01
-4.719257399999999825e-01
-4.719244200000000111e-01
-4.719238900000000125e-01
-4.719245699999999877e-01
-4.719238700000000786e-01
-4.719227999999999756e-01
-4.719226300000000096e-01
-4.719236800000000120e-01
-4.719239100000000020e-01
-4.719228100000000259e-01
-4.719233600000000139e-01
-4.719250500000000126e-01
6.051238404956140737e-01
6.051237969837729436e-01
6.051238543600818698e-01
6.051235678014194042e-01
6.051231430919059573e-01
6.051234411792499879e-01
6.051245193937717648e-01
6.051248117212054689e-01
6.051250754503334495e-01
6.051251350627495640e-01
6.051251829207989763e-01
6.051251285956351644e-01
6.051242926783958476e-01
6.051239782936355116e-01
6.051244557039726635e-01
6.051245041378411349e-01
1.775415364481094382e+00
1.775415136512049408e+00
1.775414810626159356e+00
1.775414859642799881e+00
1.775415261939240263e+00
1.775415506425274126e+00
1.775416216237985623e+00
1.775416591100702934e+00
1.775416748709309323e+00
1.775416570411525452e+00
1.775416198150440383e+00
1.775416046922646096e+00
1.775415724715862398e+00
1.775415639346287655e+00
1.775415625609699122e+00
1.775415609996309652e+00
2.958867540295233134e+00
2.958867373475133622e+00
2.958867578958241484e+00
2.958867769928537506e+00
2.958868168135264209e+00
2.958868504708782154e+00
2.958869269056486395e+00
2.958869368393842958e+00
2.958868980164409468e+00
2.958868812771604961e+00
2.958868608275512013e+00
2.958868419236192260e+00
2.958868098724811269e+00
2.958868095417852118e+00
2.958868178312645369e+00
2.958868077791795947e+00
4.144822862214825321e+00
4.144823394960322815e+00
4.144823725253199420e+00
4.144823492930203024e+00
4.144824143727550592e+00
4.144824948867164238e+00
4.144825177779128289e+00
4.144824581620965454e+00
4.144824249179964504e+00
4.144824581681683107e+00
4.144824205242620963e+00
4.144823563947360512e+00
4.144823504548337922e+00
4.144824039480115907e+00
4.144823857436628955e+00
4.144823131820059459e+00
5.325209703447098875e+00
5.325209832081250205e+00
5.325209767687362650e+00
5.325210142053190765e+00
5.325211279157533006e+00
5.325211409265234508e+00
5.325210709889776517e+00
5.325210464118096176e+00
5.325210689696414867e+00
5.325210572069098092e+00
5.325209649587677951e+00
5.325209612876263598e+00
5.325210289577775313e+00
5.325210158746575217e+00
5.325209160447673007e+00
5.325209068075412056e+00
6.509844584140341617e+00
6.509844559025252941e+00
6.509845276538308134e+00
6.509845871056198163e+00
6.509846120438873562e+00
6.509845745395415939e+00
6.509845325686461237e+00
6.509845430433459867e+00
6.509845135373428349e+00
6.509844701655405963e+00
6.509844627386880411e+00
6.509844951183808348e+00
6.509844728630500121e+00
6.509844234627498061e+00
6.509844010788179425e+00
6.509844325375420127e+00
7.693874992536888335e+00
7.693875375299191077e+00
7.693876108549554615e+00
7.693876258417957636e+00
7.693875962910550648e+00
7.693875718958315346e+00
7.693875484430038547e+00
7.693875337065550823e+00
7.693874915263055669e+00
7.693874876804175145e+00
7.693875067228605147e+00
7.693874956114788333e+00
7.693874423238646898e+00
7.693874322775015706e+00
7.693874497939430235e+00
7.693874606672734373e+00
8.874902296792015477e+00
8.874902661255411829e+00
8.874902909431590103e+00
8.874902783657455885e+00
8.874902398795772029e+00
8.874902236378909848e+00
8.874901869382073372e+00
8.874901693031695515e+00
8.874901656331690702e+00
8.874901710727447934e+00
8.874901528361812453e+00
8.874901303428085697e+00
8.874901030448482331e+00
8.874901067993933523e+00
8.874901359136595502e+00
8.874901592465864297e+00
1.005869284619060622e+01
1.005869297471124213e+01
1.005869273494396232e+01
1.005869253382186201e+01
1.005869221786463719e+01
1.005869202891077485e+01
1.005869164776992974e+01
1.005869162906838277e+01
1.005869180543313846e+01
1.005869171445788446e+01
1.005869121460429305e+01
1.005869106355072162e+01
1.005869116761717130e+01
1.005869130913162479e+01
1.005869178926048946e+01
1.005869216040135683e+01
1.124243877655136004e+01
1.124243868146350067e+01
1.124243825970140342e+01
1.124243807791696170e+01
1.124243772035458022e+01
1.124243750397995356e+01
1.124243748596789771e+01
1.124243759942325838e+01
1.124243740631859900e+01
1.124243717043163926e+01
1.124243686786133445e+01
1.124243689649842537e+01
1.124243720106406741e+01
1.124243743651282124e+01
1.124243817871282936e+01
1.124243853038034935e+01
1.242393629829433799e+01
1.242393607783493614e+01
1.242393566412261308e+01
1.242393546605738663e+01
1.242393519436267724e+01
1.242393518467843272e+01
1.242393527980321011e+01
1.242393520751441116e+01
1.242393476613880665e+01
1.242393461527296239e+01
1.242393462278526250e+01
1.242393475641714140e+01
1.242393532760110730e+01
1.242393570811110237e+01
1.242393636159395420e+01
1.242393651885070582e+01
1.360756100139449210e+01
1.360756080030353488e+01
1.360756042488286077e+01
1.360756025902938049e+01
1.360756023971094919e+01
1.360756033137254661e+01
1.360756016568385007e+01
1.360755991949796773e+01
1.360755960842538848e+01
1.360755962830843302e+01
1.360755990588065067e+01
1.360756017193786427e+01
1.360756093373486486e+01
1.360756130443430933e+01
1.360756159831783663e+01
1.360756145309733256e+01
1.479119923154568816e+01
1.479119902441516210e+01
1.479119879357283196e+01
1.479119880306374668e+01
1.479119886545177387e+01
1.479119880159841571e+01
1.479119840935344321e+01
1.479119824968022634e+01
1.479119821009582836e+01
1.479119832467734952e+01
1.479119890685367089e+01
1.479119930733506827e+01
1.479120000969207105e+01
1.479120016610267996e+01
1.479119996371751888e+01
1.479119972357396584e+01
1.597290776990942618e+01
1.597290765411029057e+01
1.597290766375081184e+01
1.597290772381443702e+01
1.597290756570559722e+01
1.597290737935232308e+01
1.597290706008769590e+01
1.597290702157794762e+01
1.597290726080013101e+01
1.597290754690711623e+01
1.597290835873962500e+01
1.597290873959166468e+01
1.597290904178525750e+01
1.597290893540299805e+01
1.597290845401434467e+01
1.597290818403964963e+01
1.715645017390564675e+01
1.715645019308535879e+01
1.715645026256982320e+01
1.715645019764450652e+01
1.715644985518783017e+01
1.715644969654947261e+01
1.715644958930892727e+01
1.715644968433337425e+01
1.715645027750565177e+01
1.715645069812907764e+01
1.715645144980480552e+01
1.715645162543877333e+01
1.715645143213201962e+01
1.715645117218423366e+01
1.715645062104708884e+01
1.715645038432980840e+01
1.834001422695962802e+01
1.834001428594655536e+01
1.834001418576298548e+01
1.834001399979170444e+01
1.834001367154874629e+01
1.834001361400994057e+01
1.834001380552331284e+01
1.834001409203754562e+01
1.834001493374434588e+01
1.834001533429046660e+01
1.834001570521749613e+01
1.834001559852678298e+01
1.834001508703321193e+01
1.834001478755280701e+01
1.834001430466928539e+01
1.834001419903783869e+01
1.952182003011291656e+01
1.952182000482913082e+01
1.952181971219597401e+01
1.952181951370056723e+01
1.952181933811294812e+01
1.952181943471059355e+01
1.952182003959192258e+01
1.952182047959045974e+01
1.952182126020276698e+01
1.952182145573278405e+01
1.952182131153188394e+01
1.952182102096297456e+01
1.952182038066259651e+01
1.952182013526411097e+01
1.952181993491470990e+01
1.952181994303554902e+01
2.070533669002440291e+01
2.070533655375415094e+01
2.070533615555136464e+01
2.070533603861502669e+01
2.070533623301771087e+01
2.070533654072753649e+01
2.070533739263074580e+01
2.070533782183049354e+01
2.070533824195420536e+01
2.070533816474496547e+01
2.070533758264074820e+01
2.070533723342819599e+01
2.070533674216823528e+01
2.070533663729010598e+01
2.070533666336557843e+01
2.070533672098967060e+01
2.188886213647978352e+01
2.188886191775853618e+01
2.188886166306340897e+01
2.188886176106238324e+01
2.188886237854110206e+01
2.188886282899454372e+01
2.188886364809702201e+01
2.188886388221139967e+01
2.188886375762704972e+01
2.188886344683363561e+01
2.188886272696651858e+01
2.188886246235221478e+01
2.188886225280280584e+01
2.188886228012492907e+01
2.188886239498146580e+01
2.188886239900477548e+01
2.307069715874457927e+01
2.307069698187950735e+01
2.307069711806366286e+01
2.307069746748716810e+01
2.307069838045194032e+01
2.307069880870406919e+01
2.307069925673547317e+01
2.307069919912847311e+01
2.307069860766234370e+01
2.307069821837241719e+01
2.307069763747634283e+01
2.307069754335623202e+01
2.307069760893971022e+01
2.307069767510597558e+01
2.307069768248323527e+01
2.307069756641316260e+01
2.425422259696995297e+01
2.425422264547637852e+01
2.425422329508309005e+01
2.425422378659654044e+01
2.425422466468847915e+01
2.425422489747275279e+01
2.425422479221061067e+01
2.425422448215991622e+01
2.425422368246954008e+01
2.425422337729938604e+01
2.425422315808181040e+01
2.425422320578091373e+01
2.425422335906244342e+01
2.425422338172921144e+01
2.425422315913595384e+01
2.425422293120637462e+01
2.543773943456374198e+01
2.543773975450970326e+01
2.543774072823594068e+01
2.543774120664021865e+01
2.543774170356381958e+01
2.543774164585197184e+01
2.543774103466935443e+01
2.543774060572382112e+01
2.543773994409116668e+01
2.543773982936181710e+01
2.543773993489682894e+01
2.543774005075498934e+01
2.543774008697097244e+01
2.543773998088582289e+01
2.543773955443266743e+01
2.543773935791825380e+01
2.661954567149921758e+01
2.661954620309398933e+01
2.661954719180777928e+01
2.661954743477063445e+01
2.661954733909043114e+01
2.661954702950237106e+01
2.661954618000695305e+01
2.661954580421723193e+01
2.661954551351091780e+01
2.661954560088232924e+01
2.661954586437814285e+01
2.661954588704646696e+01
2.661954567404531957e+01
2.661954545677678752e+01
2.661954508419755427e+01
2.661954508249231210e+01
2.780311048741653224e+01
2.780311101658526240e+01
2.780311156393042538e+01
2.780311150644988771e+01
2.780311088571930256e+01
2.780311044649295837e+01
2.780310967374920850e+01
2.780310951800498387e+01
2.780310967315284287e+01
2.780310983960938387e+01
2.780310992553135563e+01
2.780310981908860057e+01
2.780310939361305600e+01
2.780310917831516093e+01
2.780310915507220315e+01
2.780310945365770081e+01
2.898665379527162500e+01
2.898665409879241395e+01
2.898665402368193611e+01
2.898665370397428731e+01
2.898665276405550273e+01
2.898665233739312086e+01
2.898665202616421510e+01
2.898665214395346368e+01
2.898665246720930000e+01
2.898665251925619302e+01
2.898665230616558475e+01
2.898665208937830329e+01
2.898665166791164793e+01
2.898665162638337023e+01
2.898665219510028024e+01
2.898665273609983473e+01
3.016836305376223493e+01
3.016836301673530585e+01
3.016836235552955614e+01
3.016836185560323003e+01
3.016836098195235749e+01
3.016836082657617979e+01
3.016836108253176363e+01
3.016836126886116531e+01
3.016836136326749696e+01
3.016836126655781669e+01
3.016836083172160698e+01
3.016836057716347241e+01
3.016836050484784693e+01
3.016836080341441573e+01
3.016836185671938608e+01
3.016836242542338198e+01
3.135200151843902461e+01
3.135200119804681407e+01
3.135200016664110834e+01
3.135199965003387845e+01
3.135199933940909034e+01
3.135199954801396061e+01
3.135199994061718698e+01
3.135199994179395944e+01
3.135199974800230649e+01
3.135199955162032026e+01
3.135199906098704759e+01
3.135199898066007762e+01
3.135199955013287365e+01
3.135200011976084866e+01
3.135200123848447973e+01
3.135200156313913666e+01
3.253562602281132143e+01
3.253562547221385870e+01
3.253562447827298598e+01
3.253562432359338175e+01
3.253562470013734753e+01
3.253562491595525330e+01
3.253562498888975796e+01
3.253562489184859174e+01
3.253562446762441596e+01
3.253562418397228129e+01
3.253562406323930389e+01
3.253562436193724494e+01
3.253562543388058970e+01
3.253562602215697552e+01
3.253562674105668862e+01
3.253562672452916615e+01
3.371712288955563963e+01
3.371712230289010392e+01
3.371712199244930019e+01
3.371712228096291852e+01
3.371712273285660189e+01
3.371712271340084044e+01
3.371712250912175080e+01
3.371712232316446034e+01
3.371712179423033007e+01
3.371712169472799303e+01
3.371712225375892302e+01
3.371712279320662731e+01
3.371712399090579737e+01
3.371712438533739231e+01
3.371712436097688226e+01
3.371712401086518440e+01
3.490086787577063632e+01
3.490086771057260506e+01
3.490086823459856902e+01
3.490086849953072345e+01
3.490086851338719498e+01
3.490086840684155334e+01
3.490086802241875574e+01
3.490086771907670027e+01
3.490086750936450244e+01
3.490086778865092754e+01
3.490086893002381885e+01
3.490086955769757537e+01
3.490087030534429857e+01
3.490087028836101979e+01
3.490086960705141195e+01
3.490086902774660871e+01
3.608465782459192184e+01
3.608465806013474264e+01
3.608465857999220816e+01
3.608465865161718966e+01
3.608465844967923175e+01
3.608465820414242131e+01
3.608465762420490108e+01
3.608465748406860740e+01
3.608465803495963797e+01
3.608465865586902055e+01
3.608465991204599277e+01
3.608466028354825283e+01
3.608466027642531770e+01
3.608465990791458466e+01
3.608465871211361531e+01
3.608465814703101415e+01
3.726568494607319337e+01
3.726568522877244050e+01
3.726568528165570626e+01
3.726568524821053785e+01
3.726568485699620936e+01
3.726568444139156355e+01
3.726568410939759701e+01
3.726568444110469613e+01
3.726568572650489841e+01
3.726568640280314781e+01
3.726568710277860674e+01
3.726568701268219996e+01
3.726568634646202582e+01
3.726568582290781961e+01
3.726568460269329819e+01
3.726568438491295154e+01
3.844971560729303661e+01
3.844971544128989649e+01
3.844971532176293039e+01
3.844971530410430205e+01
3.844971456414575073e+01
3.844971417872078234e+01
3.844971480169711953e+01
3.844971566770905724e+01
3.844971699117181174e+01
3.844971715438397553e+01
3.844971705432933362e+01
3.844971690397131425e+01
3.844971576454621953e+01
3.844971493465667578e+01
3.844971454078469719e+01
3.844971506082193002e+01
3.963435011180175138e+01
3.963435007713731295e+01
3.963435008638421664e+01
3.963434963581670445e+01
3.963434890883698358e+01
3.963434925883645832e+01
3.963435090880724943e+01
3.963435161165873666e+01
3.963435201316680434e+01
3.963435190509220973e+01
3.963435159792689433e+01
3.963435104580345580e+01
3.963434932775513175e+01
3.963434911070261535e+01
3.963435022186728673e+01
3.963435053161892796e+01
4.081473618218642230e+01
4.081473634154509966e+01
4.081473570234521731e+01
4.081473512373536039e+01
4.081473565226161782e+01
4.081473673098150101e+01
4.081473810070945518e+01
4.081473808765721145e+01
4.081473811362243254e+01
4.081473813009738905e+01
4.081473674556701070e+01
4.081473570191917588e+01
4.081473542295904622e+01
4.081473617671210974e+01
4.081473682132052261e+01
4.081473645812661033e+01
4.200069162504609466e+01
4.200069134740419230e+01
4.200069091865738358e+01
4.200069116219189880e+01
4.200069266529623491e+01
4.200069335311415131e+01
4.200069401900733368e+01
4.200069405874955919e+01
4.200069329705481636e+01
4.200069256013395602e+01
4.200069137004454944e+01
4.200069125739047138e+01
4.200069178926454327e+01
4.200069211613504905e+01
4.200069235112008670e+01
4.200069218034381890e+01
4.318414366233390211e+01
4.318414348704256156e+01
4.318414402811053776e+01
4.318414476547788183e+01
4.318414620236586643e+01
4.318414654946832343e+01
4.318414656519826877e+01
4.318414615924172040e+01
4.318414468921783111e+01
4.318414416195067673e+01
4.318414391329577029e+01
4.318414406934834204e+01
4.318414477130544071e+01
4.318414498353653386e+01
4.318414466476698976e+01
4.318414434009253711e+01
4.435443519877268415e+01
4.435443525778759977e+01
4.435443647740874695e+01
4.435443713930471432e+01
4.435443825766417802e+01
4.435443853317974572e+01
4.435443715712723645e+01
4.435443611898193694e+01
4.435443559718449791e+01
4.435443565746517436e+01
4.435443537154627336e+01
4.435443575347857603e+01
4.435443686461854895e+01
4.435443646964304776e+01
4.435443517496475607e+01
4.435443515926827018e+01
4.543148364087666380e+01
4.543148426583897503e+01
4.543148590054348546e+01
4.543148602805814562e+01
4.543148633708606354e+01
4.543148688100290400e+01
4.543148477872266255e+01
4.543148265754184933e+01
4.543148263359345407e+01
4.543148491749357731e+01
4.543148583009384822e+01
4.543148389093244077e+01
4.543148322026534203e+01
4.543148444604730685e+01
4.543148398148687050e+01
4.543148326522512548e+01
