-4.719250199999999729e-01
-4.719232300000000269e-01
-4.719233999999999374e-01
-4.719252500000000738e-01
-4.719257399999999825e-01
-4.719244200000000111e-01
-4.719238900000000125e-01
-4.719245699999999877e-01
-4.719238700000000786e-01
-4.719227999999999756e-01
-4.719226300000000096e-01
-4.719236800000000120e-01
-4.719239100000000020e-01
-4.719228100000000259e-01
-4.719233600000000139e-01
-4.719250500000000126e-01
5.592596731503255425e-01
5.592596259832028904e-01
5.592597265264916961e-01
5.592594431437377667e-01
5.592589744753194703e-01
5.592592715792439328e-01
5.592604092087489764e-01
5.592607021401132528e-01
5.592609329984575828e-01
5.592609905238022927e-01
5.592610563488439324e-01
5.592610002277830228e-01
5.592601197359358123e-01
5.592598106559321103e-01
5.592603684391806995e-01
5.592604161998196988e-01
1.688561151208469502e+00
1.688560946528592233e+00
1.688560627327966968e+00
1.688560656387184000e+00
1.688561066443354575e+00
1.688561336119203560e+00
1.688562055484700064e+00
1.688562408745502008e+00
1.688562555288410927e+00
1.688562392163265757e+00
1.688562009464822378e+00
1.688561838580279417e+00
1.688561541820434275e+00
1.688561489212388356e+00
1.688561471588894580e+00
1.688561420547819214e+00
2.834221261425492688e+00
2.834221099230795460e+00
2.834221301654963554e+00
2.834221497152079383e+00
2.834221920485128887e+00
2.834222256189598887e+00
2.834222999314699010e+00
2.834223093314228059e+00
2.834222709082688585e+00
2.834222542916773335e+00
2.834222336260669550e+00
2.834222155707862179e+00
2.834221862746320042e+00
2.834221855480465013e+00
2.834221902455539510e+00
2.834221793518959309e+00
3.982540022733819018e+00
3.982540555104263635e+00
3.982540903365961338e+00
3.982540682995437731e+00
3.982541331658205674e+00
3.982542122123800876e+00
3.982542337763797402e+00
3.982541746175031872e+00
3.982541421973313511e+00
3.982541754521977229e+00
3.982541392153702731e+00
3.982540763850297427e+00
3.982540696171796846e+00
3.982541211602224074e+00
3.982541009954668976e+00
3.982540289290372293e+00
5.125309823441120294e+00
5.125309962618668003e+00
5.125309922278260544e+00
5.125310293939210560e+00
5.125311404455606734e+00
5.125311526031269160e+00
5.125310835889574257e+00
5.125310595410662806e+00
5.125310826035575751e+00
5.125310716637232034e+00
5.125309810489844686e+00
5.125309768990168102e+00
5.125310411113665587e+00
5.125310269576346833e+00
5.125309272896236834e+00
5.125309183105706268e+00
6.272122010869103370e+00
6.272121994501475228e+00
6.272122708304470606e+00
6.272123290698663922e+00
6.272123525156267476e+00
6.272123150510916290e+00
6.272122743448199422e+00
6.272122855863293545e+00
6.272122574440528453e+00
6.272122146017588662e+00
6.272122059374519054e+00
6.272122368103530299e+00
6.272122122217597351e+00
6.272121625262790268e+00
6.272121405330542743e+00
6.272121727891715182e+00
7.418193149850662138e+00
7.418193530199654440e+00
7.418194248537472113e+00
7.418194389016851353e+00
7.418194089470354413e+00
7.418193851229703206e+00
7.418193638571566773e+00
7.418193500808834884e+00
7.418193078305714394e+00
7.418193033284896210e+00
7.418193199535382476e+00
7.418193075182609952e+00
7.418192526369079332e+00
7.418192429445036318e+00
7.418192629035075036e+00
7.418192750753068054e+00
8.561255764877737207e+00
8.561256120426937954e+00
8.561256352046449081e+00
8.561256221931426325e+00
8.561255847940680397e+00
8.561255697466092940e+00
8.561255348765126172e+00
8.561255174725840078e+00
8.561255121241980959e+00
8.561255162299223898e+00
8.561254950020684262e+00
8.561254716668514675e+00
8.561254451148215594e+00
8.561254501966057973e+00
8.561254820989546488e+00
8.561255062058789278e+00
9.707066307739774302e+00
9.707066425776076812e+00
9.707066175472530034e+00
9.707065979113407295e+00
9.707065685794052712e+00
9.707065507974194318e+00
9.707065131014729786e+00
9.707065104782461873e+00
9.707065250277521429e+00
9.707065143441962363e+00
9.707064624078006077e+00
9.707064477005637571e+00
9.707064608494594182e+00
9.707064765358161651e+00
9.707065264682061212e+00
9.707065634850737368e+00
1.085284733226460574e+01
1.085284723021862874e+01
1.085284681454425026e+01
1.085284664409660493e+01
1.085284630889039725e+01
1.085284609647792564e+01
1.085284606209385494e+01
1.085284616051218975e+01
1.085284593126323216e+01
1.085284568496810742e+01
1.085284538819140465e+01
1.085284543072630647e+01
1.085284576928163425e+01
1.085284601541567362e+01
1.085284676187118968e+01
1.085284710615204418e+01
1.199641308044205168e+01
1.199641286179636523e+01
1.199641246780489823e+01
1.199641228154157702e+01
1.199641201842953109e+01
1.199641200240704464e+01
1.199641206409206617e+01
1.199641197387570379e+01
1.199641150850308868e+01
1.199641135951901560e+01
1.199641139454827865e+01
1.199641154581478553e+01
1.199641214495731845e+01
1.199641252805578162e+01
1.199641317084196857e+01
1.199641331659347721e+01
1.314209781171684988e+01
1.314209761960717948e+01
1.314209726601053418e+01
1.314209710566164979e+01
1.314209707476923938e+01
1.314209715127878653e+01
1.314209694599935219e+01
1.314209668784778984e+01
1.314209637612292525e+01
1.314209640887306385e+01
1.314209672542300744e+01
1.314209700590269847e+01
1.314209778143553820e+01
1.314209814656124387e+01
1.314209841848846771e+01
1.314209826469956965e+01
1.428779543584142431e+01
1.428779523919211414e+01
1.428779501976261201e+01
1.428779502529366141e+01
1.428779505719317022e+01
1.428779497533805731e+01
1.428779455385430985e+01
1.428779439282273955e+01
1.428779437707055777e+01
1.428779451012933244e+01
1.428779512971749277e+01
1.428779553740279518e+01
1.428779623461324100e+01
1.428779638020239595e+01
1.428779615756888610e+01
1.428779591547564110e+01
1.543157641131035263e+01
1.543157630160678906e+01
1.543157630469102770e+01
1.543157635244984149e+01
1.543157615670673621e+01
1.543157595678981231e+01
1.543157562951954453e+01
1.543157560048640775e+01
1.543157587979454348e+01
1.543157618375858320e+01
1.543157701956812566e+01
1.543157739883244162e+01
1.543157768243411176e+01
1.543157756605828368e+01
1.543157707427255687e+01
1.543157680848352520e+01
1.657717749065374946e+01
1.657717750900214781e+01
1.657717755580596375e+01
1.657717747545672538e+01
1.657717710198297212e+01
1.657717693819910565e+01
1.657717684682735637e+01
1.657717695856274176e+01
1.657717759508370037e+01
1.657717802809763796e+01
1.657717878506601750e+01
1.657717895323662916e+01
1.657717873799488473e+01
1.657717847154417612e+01
1.657717792052801897e+01
1.657717769030874067e+01
1.772279801856702264e+01
1.772279807079955916e+01
1.772279794051073409e+01
1.772279774080145387e+01
1.772279739723293801e+01
1.772279734383160843e+01
1.772279756971936848e+01
1.772279787561111064e+01
1.772279875231319934e+01
1.772279915779864012e+01
1.772279951923259844e+01
1.772279940234686535e+01
1.772279887105685958e+01
1.772279856856068037e+01
1.772279809121597438e+01
1.772279799101626452e+01
1.886667250602856782e+01
1.886667247028102778e+01
1.886667214858319852e+01
1.886667194094170341e+01
1.886667176889246633e+01
1.886667187787918820e+01
1.886667252700248554e+01
1.886667298497234313e+01
1.886667378679427642e+01
1.886667398037957355e+01
1.886667381574897817e+01
1.886667351370907042e+01
1.886667285680016093e+01
1.886667261119357875e+01
1.886667241760490654e+01
1.886667242902577257e+01
2.001224599353054501e+01
2.001224584461114375e+01
2.001224542387298300e+01
2.001224530395428758e+01
2.001224552064421758e+01
2.001224584757134650e+01
2.001224674608564769e+01
2.001224718887750598e+01
2.001224761374627903e+01
2.001224752717628874e+01
2.001224691531918154e+01
2.001224655427875732e+01
2.001224605102462917e+01
2.001224594966191361e+01
2.001224598347804218e+01
2.001224604186877798e+01
2.115782790791418577e+01
2.115782767523287689e+01
2.115782740849025245e+01
2.115782751220155689e+01
2.115782817156854989e+01
2.115782864570727995e+01
2.115782950586399025e+01
2.115782974588894305e+01
2.115782960444788330e+01
2.115782927619128628e+01
2.115782851967956546e+01
2.115782824642974802e+01
2.115782803690605363e+01
2.115782807238200292e+01
2.115782819432500972e+01
2.115782819508940804e+01
2.230173127585824133e+01
2.230173108725029962e+01
2.230173123134843749e+01
2.230173159837993069e+01
2.230173256934266490e+01
2.230173302175006356e+01
2.230173349296783059e+01
2.230173342763235311e+01
2.230173279311987855e+01
2.230173238135433067e+01
2.230173177017154984e+01
2.230173167690499980e+01
2.230173175934075758e+01
2.230173183604561871e+01
2.230173184287971822e+01
2.230173171591388126e+01
2.344731317802650494e+01
2.344731322440348009e+01
2.344731391162817857e+01
2.344731443293179041e+01
2.344731537472461369e+01
2.344731562226744614e+01
2.344731550396762287e+01
2.344731516987205566e+01
2.344731431059785365e+01
2.344731398779089204e+01
2.344731376254823374e+01
2.344731382384563290e+01
2.344731400522085707e+01
2.344731403314815310e+01
2.344731378999329507e+01
2.344731354272410684e+01
2.459288685039762967e+01
2.459288718607648860e+01
2.459288823097304544e+01
2.459288874439182848e+01
2.459288928336733093e+01
2.459288921984523668e+01
2.459288855163136844e+01
2.459288808882120492e+01
2.459288737728595819e+01
2.459288726119999069e+01
2.459288739518959588e+01
2.459288753220691603e+01
2.459288758631766925e+01
2.459288747162128530e+01
2.459288700132477601e+01
2.459288678276064743e+01
2.573676180748167042e+01
2.573676237505251763e+01
2.573676344931405424e+01
2.573676371641875704e+01
2.573676361122230460e+01
2.573676327077590287e+01
2.573676233764748034e+01
2.573676193484563868e+01
2.573676163444245901e+01
2.573676174157528962e+01
2.573676205458194133e+01
2.573676209192160158e+01
2.573676186342068561e+01
2.573676162082124108e+01
2.573676119588136046e+01
2.573676118316870642e+01
2.688238316345439216e+01
2.688238373796640346e+01
2.688238434522615705e+01
2.688238428364041255e+01
2.688238359184640913e+01
2.688238310787503238e+01
2.688238226646966211e+01
2.688238210750454371e+01
2.688238230448826016e+01
2.688238250266699580e+01
2.688238262496997422e+01
2.688238251240277776e+01
2.688238203084680578e+01
2.688238178294039216e+01
2.688238173302897493e+01
2.688238204544196108e+01
2.802798521802050402e+01
2.802798555333478703e+01
2.802798547135540375e+01
2.802798511489461575e+01
2.802798406965083444e+01
2.802798360766058394e+01
2.802798328314153053e+01
2.802798342670165255e+01
2.802798382156214885e+01
2.802798389729809614e+01
2.802798367327584828e+01
2.802798342551571764e+01
2.802798293006408770e+01
2.802798286882527634e+01
2.802798346938614316e+01
2.802798405213011890e+01
2.917176695094712002e+01
2.917176691089665042e+01
2.917176616706907666e+01
2.917176561381816313e+01
2.917176465520799056e+01
2.917176449511064007e+01
2.917176480465596811e+01
2.917176503250060549e+01
2.917176518179920208e+01
2.917176508117728773e+01
2.917176457868762895e+01
2.917176428219431372e+01
2.917176416544094764e+01
2.917176447555500474e+01
2.917176562560091924e+01
2.917176624830036502e+01
3.031746478542439860e+01
3.031746442490925730e+01
3.031746327238173322e+01
3.031746271473086551e+01
3.031746238748382183e+01
3.031746262620363552e+01
3.031746310967825764e+01
3.031746314175805068e+01
3.031746294155057697e+01
3.031746271052091757e+01
3.031746212741708391e+01
3.031746201995915868e+01
3.031746261681477606e+01
3.031746323175920210e+01
3.031746447408530898e+01
3.031746483547368598e+01
3.146314924138830449e+01
3.146314863378101379e+01
3.146314754363086763e+01
3.146314738322710980e+01
3.146314782244370889e+01
3.146314808540867247e+01
3.146314822736703576e+01
3.146314812871579036e+01
3.146314762944146892e+01
3.146314729856824144e+01
3.146314711835196931e+01
3.146314742581273904e+01
3.146314860167940708e+01
3.146314924762515375e+01
3.146315005030993106e+01
3.146315003219837791e+01
3.260671424827054210e+01
3.260671361776679333e+01
3.260671328931284307e+01
3.260671361044663996e+01
3.260671416233579123e+01
3.260671417696780594e+01
3.260671397093266677e+01
3.260671375026087304e+01
3.260671311975219311e+01
3.260671298844819432e+01
3.260671356952529720e+01
3.260671415372496540e+01
3.260671547934440895e+01
3.260671591261778701e+01
3.260671588556262179e+01
3.260671549573513062e+01
3.375249427925513857e+01
3.375249410794246074e+01
3.375249469744410646e+01
3.375249500816566695e+01
3.375249509309745122e+01
3.375249498744938137e+01
3.375249453124681054e+01
3.375249418281563152e+01
3.375249390757887369e+01
3.375249419154295083e+01
3.375249543120084894e+01
3.375249611216269585e+01
3.375249694443819948e+01
3.375249692838966098e+01
3.375249616228713023e+01
3.375249552895486715e+01
3.489830423780842494e+01
3.489830450200739165e+01
3.489830511539356905e+01
3.489830521784398343e+01
3.489830501782510197e+01
3.489830474436739394e+01
3.489830407187237427e+01
3.489830390203473343e+01
3.489830446529349217e+01
3.489830512115134553e+01
3.489830649228365900e+01
3.489830689933417318e+01
3.489830689562543142e+01
3.489830649464887102e+01
3.489830518191185860e+01
3.489830457729241431e+01
3.604136673011310421e+01
3.604136704977946692e+01
3.604136716009970343e+01
3.604136712978061752e+01
3.604136668767576879e+01
3.604136623654400040e+01
3.604136584999886850e+01
3.604136618104923429e+01
3.604136753480706545e+01
3.604136825198341398e+01
3.604136902576406243e+01
3.604136893971180200e+01
3.604136820968798105e+01
3.604136764312686125e+01
3.604136633960249014e+01
3.604136611573107984e+01
3.718743815957454046e+01
3.718743802063205095e+01
3.718743790735625510e+01
3.718743787091512587e+01
3.718743707547811539e+01
3.718743667176089218e+01
3.718743729152141952e+01
3.718743817273721675e+01
3.718743957007592371e+01
3.718743976015839081e+01
3.718743967365279701e+01
3.718743950213736582e+01
3.718743828119728789e+01
3.718743742929236618e+01
3.718743701909183841e+01
3.718743755050272171e+01
3.833424997152459213e+01
3.833424994397770291e+01
3.833424992310198576e+01
3.833424945528324201e+01
3.833424870919157712e+01
3.833424905324633869e+01
3.833425071564197850e+01
3.833425143626119080e+01
3.833425189044569237e+01
3.833425178819447154e+01
3.833425144471433299e+01
3.833425087364727091e+01
3.833424912525462247e+01
3.833424890146351771e+01
3.833425001107331553e+01
3.833425033918325653e+01
3.947701899594757435e+01
3.947701914181733684e+01
3.947701848990749340e+01
3.947701790835485980e+01
3.947701842414333839e+01
3.947701949673030697e+01
3.947702088174620627e+01
3.947702088252065522e+01
3.947702092252242778e+01
3.947702092924929218e+01
3.947701952957545757e+01
3.947701849232591087e+01
3.947701819244259980e+01
3.947701892843812743e+01
3.947701958566696590e+01
3.947701925216222918e+01
4.062533786420469539e+01
4.062533758235354497e+01
4.062533716028985253e+01
4.062533739782207931e+01
4.062533887691608214e+01
4.062533955675685604e+01
4.062534023471762623e+01
4.062534027540240800e+01
4.062533951274198785e+01
4.062533879194852204e+01
4.062533762786399905e+01
4.062533750393946264e+01
4.062533797560439552e+01
4.062533829790556439e+01
4.062533858303495293e+01
4.062533842890677249e+01
4.177099782168421171e+01
4.177099766746909637e+01
4.177099820084046655e+01
4.177099890996164078e+01
4.177100030421610910e+01
4.177100065915334426e+01
4.177100067258005112e+01
4.177100025295980856e+01
4.177099885761406739e+01
4.177099838491326977e+01
4.177099809666000851e+01
4.177099818131114262e+01
4.177099884115853712e+01
4.177099911287293565e+01
4.177099884463733304e+01
4.177099849039951351e+01
4.290029935375898873e+01
4.290029940786272533e+01
4.290030055831832101e+01
4.290030120136275826e+01
4.290030230689225021e+01
4.290030257647326550e+01
4.290030119820068677e+01
4.290030019105902426e+01
4.290029981288117966e+01
4.290029986802129258e+01
4.290029938074951588e+01
4.290029975357786896e+01
4.290030098905056377e+01
4.290030061059296429e+01
4.290029927215144312e+01
4.290029925291619151e+01
4.393148362847390587e+01
4.393148423280199211e+01
4.393148581353386106e+01
4.393148593683834235e+01
4.393148623566318633e+01
4.393148676162167732e+01
4.393148472875189725e+01
4.393148267760555825e+01
4.393148265444789757e+01
4.393148486294106192e+01
4.393148574541017837e+01
4.393148387027366653e+01
4.393148322174972975e+01
4.393148440706041669e+01
4.393148395783819637e+01
4.393148326522516101e+01
