-4.719250199999999729e-01
-4.719232300000000269e-01
-4.719233999999999374e-01
-4.719252500000000738e-01
-4.719257399999999825e-01
-4.719244200000000111e-01
-4.719238900000000125e-01
-4.719245699999999877e-01
-4.719238700000000786e-01
-4.719227999999999756e-01
-4.719226300000000096e-01
-4.719236800000000120e-01
-4.719239100000000020e-01
-4.719228100000000259e-01
-4.719233600000000139e-01
-4.719250500000000126e-01
4.246411548224784394e-01
4.246450087492879555e-01
4.246402430631742719e-01
4.246352126750189138e-01
4.245814277498055067e-01
4.245777906863003603e-01
4.245839344960669615e-01
4.245889884696145145e-01
4.246423159144304127e-01
4.246462913475079204e-01
4.246414850356927118e-01
4.246366666336878759e-01
4.245825378502989245e-01
4.245783325605331227e-01
4.245840571564432064e-01
4.245888633963267877e-01
1.440704643920073025e+00
1.440703218581100620e+00
1.440674921290324262e+00
1.440661530626866194e+00
1.440638664528941959e+00
1.440640224870258335e+00
1.440668889333269975e+00
1.440682542014522172e+00
1.440705874097162331e+00
1.440704500814399491e+00
1.440676167624258541e+00
1.440662617446107019e+00
1.440639232631023559e+00
1.440640527450378183e+00
1.440668520019645626e+00
1.440681762446530234e+00
2.479765699689525427e+00
2.479760238406454764e+00
2.479736489472183170e+00
2.479732314079597266e+00
2.479734929071938154e+00
2.479740534392400608e+00
2.479765062836062128e+00
2.479769485225270742e+00
2.479766896535269716e+00
2.479761469017826236e+00
2.479737485995423096e+00
2.479733009764865326e+00
2.479735086790367138e+00
2.479740388301469256e+00
2.479764269427977119e+00
2.479768484506617465e+00
3.531453002991049583e+00
3.531446796319352543e+00
3.531437428822509883e+00
3.531437869987448241e+00
3.531450143020504751e+00
3.531457587085037986e+00
3.531467397955184495e+00
3.531466149746360195e+00
3.531454214662501201e+00
3.531447890793482536e+00
3.531438023154620964e+00
3.531438134289982766e+00
3.531449839565472537e+00
3.531457031964331250e+00
3.531466438165844046e+00
3.531465036996286777e+00
4.580628389679327839e+00
4.580624878642303166e+00
4.580625850000156873e+00
4.580630676832329939e+00
4.580641975126969356e+00
4.580645697307610398e+00
4.580643991958568861e+00
4.580639304896071629e+00
4.580629361347150486e+00
4.580625689961096647e+00
4.580625997478173339e+00
4.580630472356399530e+00
4.580641396318754666e+00
4.580644860141555696e+00
4.580642762234991672e+00
4.580638153692015990e+00
5.631430527988645629e+00
5.631430998995494264e+00
5.631435329904086018e+00
5.631440278035851676e+00
5.631443293519533100e+00
5.631442420345930344e+00
5.631438417808305452e+00
5.631434186207787462e+00
5.631431237374747489e+00
5.631431374799883649e+00
5.631435073336571229e+00
5.631439782199570310e+00
5.631442326585959890e+00
5.631441293606746612e+00
5.631437270721267652e+00
5.631433152635849204e+00
6.679645166671503986e+00
6.679647799028850308e+00
6.679649844384887736e+00
6.679651685472347999e+00
6.679650990098473962e+00
6.679648512506502378e+00
6.679647075809374002e+00
6.679645285339651295e+00
6.679645407963119119e+00
6.679647674582136929e+00
6.679649263609639398e+00
6.679650838956595393e+00
6.679649776211791234e+00
6.679647359396492234e+00
6.679646071137097962e+00
6.679644441396733967e+00
7.724806129734242077e+00
7.724808706616885345e+00
7.724810270403734691e+00
7.724809777437694258e+00
7.724807274395579348e+00
7.724804947682705425e+00
7.724803409479895855e+00
7.724803653125919212e+00
7.724805915287869418e+00
7.724808207299817653e+00
7.724809309594032669e+00
7.724808667640706616e+00
7.724806063867104555e+00
7.724803837493141145e+00
7.724802694573932982e+00
7.724803271319707676e+00
8.772866421733294118e+00
8.772867603171057738e+00
8.772866413847541622e+00
8.772864698670391093e+00
8.772858779444042909e+00
8.772857592719773834e+00
8.772858312559893790e+00
8.772859871220836325e+00
8.772865819304682233e+00
8.772866765181319693e+00
8.772865185880808880e+00
8.772863443633356795e+00
8.772857690531349562e+00
8.772856739427634665e+00
8.772858108180230374e+00
8.772860009440544005e+00
9.821366391985050015e+00
9.821366066430561759e+00
9.821359402415614781e+00
9.821358495894740415e+00
9.821353596620307158e+00
9.821353663062900807e+00
9.821360041136525609e+00
9.821360936881202264e+00
9.821365379144459951e+00
9.821364862694823117e+00
9.821358128094157536e+00
9.821357342450367511e+00
9.821352862231833569e+00
9.821353309711808421e+00
9.821360330651453197e+00
9.821361455629014969e+00
1.086826455227030941e+01
1.086826539375712208e+01
1.086825860734308868e+01
1.086825949793215607e+01
1.086826031026093986e+01
1.086825928913912165e+01
1.086826587597185956e+01
1.086826474220220362e+01
1.086826323312033260e+01
1.086826407565510166e+01
1.086825749798788188e+01
1.086825863969306560e+01
1.086826012315577117e+01
1.086825945932986492e+01
1.086826659353159918e+01
1.086826571553611842e+01
1.191753699622944573e+01
1.191754181580885330e+01
1.191754129684830410e+01
1.191754080210193578e+01
1.191754155318747621e+01
1.191753665922218275e+01
1.191753668729156068e+01
1.191753676885893931e+01
1.191753564179113312e+01
1.191754061183460855e+01
1.191754056836985320e+01
1.191754045601132184e+01
1.191754192014218283e+01
1.191753731111034575e+01
1.191753787042383905e+01
1.191753810111621625e+01
1.296677386737791693e+01
1.296678003471456364e+01
1.296677908688804060e+01
1.296677154998430481e+01
1.296676172398591298e+01
1.296675529617043843e+01
1.296675560649412873e+01
1.296676296935955186e+01
1.296677272963540695e+01
1.296677916725871960e+01
1.296677894056384162e+01
1.296677178449950141e+01
1.296676262518371914e+01
1.296675645082065031e+01
1.296675706972425068e+01
1.296676440832349186e+01
1.401395072655956575e+01
1.401394914491826427e+01
1.401392972953543570e+01
1.401391381403085212e+01
1.401389749440718369e+01
1.401389875955453590e+01
1.401391779642442792e+01
1.401393370007532901e+01
1.401395001982932342e+01
1.401394882569709033e+01
1.401393021627147206e+01
1.401391464345739202e+01
1.401389887153602132e+01
1.401390026116196985e+01
1.401391925816941963e+01
1.401393497453991976e+01
1.506273570389078031e+01
1.506271792431824430e+01
1.506267447761564249e+01
1.506265968294441215e+01
1.506266347142031670e+01
1.506268107760083730e+01
1.506272441194789558e+01
1.506273921672064375e+01
1.506273563324339371e+01
1.506271827532065188e+01
1.506267558308933374e+01
1.506266106769778546e+01
1.506266511027187605e+01
1.506268265242875692e+01
1.506272561489170592e+01
1.506274010032850441e+01
1.611143672816439221e+01
1.611140659876493331e+01
1.611136654425514436e+01
1.611136921972924085e+01
1.611141732646303382e+01
1.611144743166543947e+01
1.611148754853132203e+01
1.611148496913272865e+01
1.611143737325509306e+01
1.611140762539415405e+01
1.611136814393509553e+01
1.611137093546164678e+01
1.611141892714571711e+01
1.611144879995308443e+01
1.611148822276280512e+01
1.611148522580346665e+01
1.715844182811754237e+01
1.715841848576278394e+01
1.715842584400989423e+01
1.715845385465879502e+01
1.715853318229304492e+01
1.715855659616898521e+01
1.715854956830188982e+01
1.715852181264223475e+01
1.715844316067755315e+01
1.715842008267013696e+01
1.715842766887454829e+01
1.715845560085951149e+01
1.715853444395972005e+01
1.715855748497465783e+01
1.715854953952610273e+01
1.715852130010285492e+01
1.820720500575790268e+01
1.820720875791076665e+01
1.820727971292047798e+01
1.820732060711634759e+01
1.820737971194377636e+01
1.820737615189508318e+01
1.820730573046124334e+01
1.820726519244002617e+01
1.820720682941147928e+01
1.820721066629189266e+01
1.820728143818294242e+01
1.820732207195051799e+01
1.820738036181806763e+01
1.820737632356976121e+01
1.820730490607775565e+01
1.820726393613739091e+01
1.925608603281868625e+01
1.925611956965611071e+01
1.925621834516945086e+01
1.925624639692852824e+01
1.925623770111645783e+01
1.925620444264907860e+01
1.925610638012834386e+01
1.925607872296162881e+01
1.925608804340192393e+01
1.925612147381983874e+01
1.925621966502257010e+01
1.925624728125548302e+01
1.925623754426536394e+01
1.925620378135754152e+01
1.925610483588383914e+01
1.925607689922421173e+01
2.030338393954972886e+01
2.030342741634653692e+01
2.030349107897665206e+01
2.030348738801344055e+01
2.030341184892557038e+01
2.030336869759726426e+01
2.030330579903673893e+01
2.030330983992639915e+01
2.030338578856605025e+01
2.030342898530928863e+01
2.030349169586336799e+01
2.030348745961233803e+01
2.030341082811523989e+01
2.030336723576594338e+01
2.030330376554210758e+01
2.030330773339060357e+01
2.135231934196347225e+01
2.135234577282924562e+01
2.135233803412014453e+01
2.135230686392517541e+01
2.135221573954664720e+01
2.135218966779092398e+01
2.135219810903096160e+01
2.135222949865078590e+01
2.135232070627475665e+01
2.135234667181471835e+01
2.135233776231528324e+01
2.135230604025158740e+01
2.135221396797706461e+01
2.135218763263761232e+01
2.135219593638974089e+01
2.135222745015963142e+01
2.240114758216798663e+01
2.240114461826742343e+01
2.240108434162884521e+01
2.240104835145960394e+01
2.240099775067569610e+01
2.240100104545211934e+01
2.240106177784116781e+01
2.240109781268707323e+01
2.240114814361665196e+01
2.240114461176685623e+01
2.240108315677051820e+01
2.240104671071338416e+01
2.240099551134157707e+01
2.240099875545104169e+01
2.240105981349693209e+01
2.240109618244952472e+01
2.344818251564898759e+01
2.344815974904167888e+01
2.344809817503341520e+01
2.344807895794914643e+01
2.344808443551905341e+01
2.344810746120538525e+01
2.344816914871803348e+01
2.344818818378136172e+01
2.344818212677490266e+01
2.344815878546385335e+01
2.344809623161979673e+01
2.344807674030800371e+01
2.344808211341200987e+01
2.344810529760827578e+01
2.344816776042014794e+01
2.344818731352101793e+01
2.449686893619401928e+01
2.449684634920512849e+01
2.449681867380623146e+01
2.449682068101631316e+01
2.449685359781123850e+01
2.449687626084624270e+01
2.449690357179963129e+01
2.449690126710568805e+01
2.449686761236454657e+01
2.449684456016151302e+01
2.449681629025551644e+01
2.449681826064679413e+01
2.449685156782739526e+01
2.449687458209214341e+01
2.449690304480654390e+01
2.449690135385230505e+01
2.554562279647644729e+01
2.554561267084836729e+01
2.554561468253173118e+01
2.554562679609031406e+01
2.554565125671562953e+01
2.554566119873741670e+01
2.554565856133388024e+01
2.554564613122030536e+01
2.554562074230089408e+01
2.554561031946094118e+01
2.554561224152652699e+01
2.554562454222130796e+01
2.554564986909903723e+01
2.554566036069805079e+01
2.554565903813688266e+01
2.554564717932304418e+01
2.659278174328214206e+01
2.659278258179154619e+01
2.659278977067708283e+01
2.659279933080918212e+01
2.659280508956559075e+01
2.659280395701058097e+01
2.659279604878600267e+01
2.659278605225459557e+01
2.659277924369982671e+01
2.659278005089352348e+01
2.659278769568389933e+01
2.659279764161432169e+01
2.659280463854141630e+01
2.659280413446027325e+01
2.659279742098548383e+01
2.659278791278126164e+01
2.764201932677397622e+01
2.764202307681164683e+01
2.764202192304065164e+01
2.764202475457181052e+01
2.764202427323689548e+01
2.764202028622143104e+01
2.764202048493197950e+01
2.764201703430338242e+01
2.764201682207463762e+01
2.764202079298184955e+01
2.764202054400015385e+01
2.764202398186645127e+01
2.764202484182733244e+01
2.764202137236439327e+01
2.764202257022345322e+01
2.764201947779578461e+01
2.869129833839522803e+01
2.869129958400192493e+01
2.869129471163541822e+01
2.869129426247555159e+01
2.869129873184714441e+01
2.869129702776979585e+01
2.869130071277780658e+01
2.869130084295672845e+01
2.869129625383174798e+01
2.869129791072429470e+01
2.869129435237567094e+01
2.869129453090003068e+01
2.869130010388548868e+01
2.869129887752724883e+01
2.869130329018963721e+01
2.869130346020733668e+01
2.973819749327519091e+01
2.973819653806102181e+01
2.973819643034894966e+01
2.973819686010910246e+01
2.973820401519354917e+01
2.973820425620984409e+01
2.973820367904094653e+01
2.973820334028772905e+01
2.973819615966413110e+01
2.973819585755170181e+01
2.973819707163346138e+01
2.973819789980160877e+01
2.973820606803109001e+01
2.973820675735690244e+01
2.973820624642911170e+01
2.973820563582798826e+01
3.078669343460359542e+01
3.078669319903200829e+01
3.078669701205367915e+01
3.078669863836755738e+01
3.078670188810971808e+01
3.078670179861705591e+01
3.078669809753017361e+01
3.078669645736497884e+01
3.078669315848072330e+01
3.078669352010652815e+01
3.078669832386076877e+01
3.078670041198151708e+01
3.078670448437625140e+01
3.078670444005204843e+01
3.078670016395150455e+01
3.078669809948400626e+01
3.183475079123810403e+01
3.183475227797000073e+01
3.183475425655181112e+01
3.183475558230329128e+01
3.183475567998231170e+01
3.183475419334860490e+01
3.183475221968374314e+01
3.183475086892611472e+01
3.183475136346755363e+01
3.183475335053653055e+01
3.183475631421802987e+01
3.183475798230366749e+01
3.183475816923381885e+01
3.183475644536151350e+01
3.183475347302530167e+01
3.183475154860864720e+01
3.287991033887724512e+01
3.287991305601545378e+01
3.287991370107561551e+01
3.287991361767541321e+01
3.287991321513359821e+01
3.287991039442143659e+01
3.287990957821754989e+01
3.287991003497747755e+01
3.287991162251296373e+01
3.287991481477639866e+01
3.287991622426296345e+01
3.287991604610738960e+01
3.287991508579976596e+01
3.287991201412303610e+01
3.287990993670641160e+01
3.287990973353922897e+01
3.392812566658174234e+01
3.392812825751930461e+01
3.392812816283417021e+01
3.392812508480992051e+01
3.392812049367308447e+01
3.392811741397738956e+01
3.392811816379995093e+01
3.392812215972281109e+01
3.392812759727265615e+01
3.392813054379125504e+01
3.392813040532047353e+01
3.392812709446163666e+01
3.392812174833848360e+01
3.392811811667439059e+01
3.392811761123935099e+01
3.392812117898130708e+01
3.497893499181436994e+01
3.497893458074815243e+01
3.497892713974220413e+01
3.497892116784019834e+01
3.497891400653781346e+01
3.497891479028319850e+01
3.497892398708241757e+01
3.497893028516693192e+01
3.497893735693752859e+01
3.497893683363724904e+01
3.497892886573566784e+01
3.497892269076984917e+01
3.497891430155171832e+01
3.497891444311024145e+01
3.497892292150122984e+01
3.497892877990973659e+01
3.602811945041078445e+01
3.602811454760362153e+01
3.602809894367969434e+01
3.602809411436094678e+01
3.602809592668344152e+01
3.602810206493094114e+01
3.602811854068220043e+01
3.602812286355265314e+01
3.602812164199527700e+01
3.602811653723951224e+01
3.602809999673570474e+01
3.602809465042277992e+01
3.602809548344703217e+01
3.602810120379322001e+01
3.602811686526334256e+01
3.602812087542024955e+01
3.707981058695121135e+01
3.707980354045990623e+01
3.707978765276910593e+01
3.707978848173154773e+01
3.707980860047692317e+01
3.707981607057153184e+01
3.707983234219347679e+01
3.707983180257740941e+01
3.707981231802240529e+01
3.707980481074465473e+01
3.707978807609921290e+01
3.707978846120281702e+01
3.707980738999182790e+01
3.707981447491167160e+01
3.707983043590000705e+01
3.707982976240518980e+01
3.811886611138537262e+01
3.811885734017949545e+01
3.811886137774121863e+01
3.811887248036484976e+01
3.811891071767259831e+01
3.811891980579650863e+01
3.811891633034496607e+01
3.811890540727936383e+01
3.811886723103222607e+01
3.811885815489545593e+01
3.811886113537419618e+01
3.811887147981173740e+01
3.811890895990320161e+01
3.811891807668648369e+01
3.811891452661038215e+01
3.811890365951357751e+01
3.913490538969001875e+01
3.913490602559329545e+01
3.913494938578921278e+01
3.913495621956343484e+01
3.913499217645065897e+01
3.913499185680638703e+01
3.913494814774965391e+01
3.913494098712011748e+01
3.913490596932928867e+01
3.913490654567039684e+01
3.913494786880554699e+01
3.913495443946576557e+01
3.913499094374493126e+01
3.913499005107124873e+01
3.913494626709350399e+01
3.913494001389506138e+01
4.003148359622672814e+01
4.003148414690584644e+01
4.003148558730884332e+01
4.003148569966685244e+01
4.003148597196371838e+01
4.003148645123047800e+01
4.003148459882790178e+01
4.003148272977121280e+01
4.003148270866945779e+01
4.003148472110452616e+01
4.003148552523263959e+01
4.003148381656085775e+01
4.003148322560912931e+01
4.003148430569450511e+01
4.003148389635164506e+01
4.003148326522526190e+01
