-4.719250199999999729e-01
-4.719232300000000269e-01
-4.719233999999999374e-01
-4.719252500000000738e-01
-4.719257399999999825e-01
-4.719244200000000111e-01
-4.719238900000000125e-01
-4.719245699999999877e-01
-4.719238700000000786e-01
-4.719227999999999756e-01
-4.719226300000000096e-01
-4.719236800000000120e-01
-4.719239100000000020e-01
-4.719228100000000259e-01
-4.719233600000000139e-01
-4.719250500000000126e-01
5.561527504201707606e-01
5.561527030118563752e-01
5.561528059507009347e-01
5.561525228836756707e-01
5.561520513781532671e-01
5.561523484182815391e-01
5.561534901976759038e-01
5.561537831735733350e-01
5.561540117938502670e-01
5.561540691547258719e-01
5.561541359390289596e-01
5.561540796842099343e-01
5.561531963139391133e-01
5.561528876328054594e-01
5.561534510598931114e-01
5.561534987174000522e-01
1.682692729137317933e+00
1.682692526176861048e+00
1.682692207377933347e+00
1.682692235126006075e+00
1.682692645720305968e+00
1.682692917106099140e+00
1.682693637065878933e+00
1.682693988779137895e+00
1.682694134456634627e+00
1.682693972384864622e+00
1.682693589005046730e+00
1.682693416842674594e+00
1.682693122017858700e+00
1.682693071641817362e+00
1.682693053778368641e+00
1.682693000281165308e+00
2.825825231118135772e+00
2.825825069296175052e+00
2.825825271548711548e+00
2.825825467330319807e+00
2.825825892291143671e+00
2.825826227820317449e+00
2.825826969249002563e+00
2.825827062859004091e+00
2.825826679024420862e+00
2.825826513054793931e+00
2.825826306418172340e+00
2.825826126501800317e+00
2.825825835572659095e+00
2.825825827927831657e+00
2.825825872280461226e+00
2.825825762688570997e+00
3.971642769991271305e+00
3.971643302377909190e+00
3.971643651776850081e+00
3.971643432157537568e+00
3.971644080313071257e+00
3.971644869627305674e+00
3.971645084295392980e+00
3.971644493118474006e+00
3.971644169815223169e+00
3.971644502481786354e+00
3.971644141272035800e+00
3.971643513886030430e+00
3.971643445449924315e+00
3.971643959355505960e+00
3.971643756273600001e+00
3.971643036157975981e+00
5.111913564287704936e+00
5.111913704186727969e+00
5.111913665249976368e+00
5.111914036506837178e+00
5.111915144811965739e+00
5.111915265747285275e+00
5.111914576541287225e+00
5.111914336649037160e+00
5.111914567914531915e+00
5.111914459187068438e+00
5.111913554244178037e+00
5.111913512231607726e+00
5.111914151508473836e+00
5.111914009156905969e+00
5.111913013093754898e+00
5.111912923638776363e+00
6.256209892924267102e+00
6.256209877061997382e+00
6.256210590056932475e+00
6.256211171402007665e+00
6.256211404742515469e+00
6.256211030237128767e+00
6.256210624601811432e+00
6.256210737744067885e+00
6.256210457510001710e+00
6.256210029479449375e+00
6.256209941543194653e+00
6.256210248933803619e+00
6.256210001385327679e+00
6.256209504449020464e+00
6.256209285218940153e+00
6.256209608400634892e+00
7.399753892987811277e+00
7.399754272911161834e+00
7.399754989729064647e+00
7.399755129451136781e+00
7.399754829901809217e+00
7.399754592323207092e+00
7.399754381788336666e+00
7.399754244867565056e+00
7.399753822208937848e+00
7.399753776484010892e+00
7.399753940526303531e+00
7.399753815149784586e+00
7.399753265617551534e+00
7.399753169179255075e+00
7.399753370741704472e+00
7.399753493385298420e+00
8.540288865310079913e+00
8.540289219950452093e+00
8.540289450161703044e+00
8.540289319829344805e+00
8.540288947213388937e+00
8.540288797949969535e+00
8.540288450956833088e+00
8.540288277004588480e+00
8.540288221827754711e+00
8.540288261647424051e+00
8.540288047056730392e+00
8.540287813235176273e+00
8.540287548764032621e+00
8.540287600762059839e+00
8.540287921768198842e+00
8.540288163213377359e+00
9.683571376715317314e+00
9.683571493818613263e+00
9.683571242963642689e+00
9.683571047227626849e+00
9.683570756394066947e+00
9.683570579617663654e+00
9.683570202817708861e+00
9.683570175787320267e+00
9.683570318475210215e+00
9.683570210334714545e+00
9.683569689770381572e+00
9.683569543243878641e+00
9.683569677263484721e+00
9.683569835325760877e+00
9.683570335623704395e+00
9.683570705437169579e+00
1.082682600731756395e+01
1.082682590483431184e+01
1.082682549026799812e+01
1.082682532108401396e+01
1.082682498810401484e+01
1.082682477594565817e+01
1.082682473985211047e+01
1.082682483681332997e+01
1.082682460453185591e+01
1.082682435755252826e+01
1.082682406174139444e+01
1.082682410561828590e+01
1.082682444690965973e+01
1.082682469369771283e+01
1.082682543976799927e+01
1.082682578311945321e+01
1.196786796203211267e+01
1.196786774385165586e+01
1.196786735226313958e+01
1.196786716718633059e+01
1.196786690479205006e+01
1.196786688801967813e+01
1.196786694646211835e+01
1.196786685467768052e+01
1.196786638760063504e+01
1.196786623904288049e+01
1.196786627680278592e+01
1.196786642956011804e+01
1.196786703058368850e+01
1.196786741353102812e+01
1.196786805460948599e+01
1.196786819925607936e+01
1.311102865608292589e+01
1.311102846511065323e+01
1.311102811391646306e+01
1.311102795401991372e+01
1.311102792171757869e+01
1.311102799669412633e+01
1.311102778786909973e+01
1.311102752883158296e+01
1.311102721764250312e+01
1.311102725173011940e+01
1.311102757168141153e+01
1.311102785318824360e+01
1.311102862898155941e+01
1.311102899323475945e+01
1.311102926286376302e+01
1.311102910844494041e+01
1.425420220900719315e+01
1.425420201351422200e+01
1.425420179512564189e+01
1.425420180008249815e+01
1.425420182881482312e+01
1.425420174530231598e+01
1.425420132155629105e+01
1.425420116071155796e+01
1.425420114759831591e+01
1.425420128231174743e+01
1.425420190464837411e+01
1.425420231252214442e+01
1.425420300829840592e+01
1.425420315275809102e+01
1.425420292855669224e+01
1.425420268665431323e+01
1.539545985374425463e+01
1.539545974457931976e+01
1.539545974664350858e+01
1.539545979304951473e+01
1.539545959375015372e+01
1.539545939276810493e+01
1.539545906546664256e+01
1.539545903756429368e+01
1.539545932053583499e+01
1.539545962584240435e+01
1.539546046272182700e+01
1.539546084138259907e+01
1.539546112279755086e+01
1.539546100563481446e+01
1.539546051375816305e+01
1.539546024877368424e+01
1.653853662463438567e+01
1.653853664267447598e+01
1.653853668687661838e+01
1.653853660502490897e+01
1.653853622906744292e+01
1.653853606515372832e+01
1.653853597586067536e+01
1.653853608917471263e+01
1.653853672899317218e+01
1.653853716262699436e+01
1.653853791896081660e+01
1.653853808620209875e+01
1.653853786918897484e+01
1.653853760254957095e+01
1.653853705259069784e+01
1.653853682324856678e+01
1.768163264167040438e+01
1.768163269299903817e+01
1.768163255971602865e+01
1.768163235889662133e+01
1.768163201466347090e+01
1.768163196196618969e+01
1.768163219112685525e+01
1.768163249851589214e+01
1.768163337723836293e+01
1.768163378265534291e+01
1.768163414258011912e+01
1.768163402486072044e+01
1.768163349266830764e+01
1.768163319039089032e+01
1.768163271429950711e+01
1.768163261460668423e+01
1.882298338785926717e+01
1.882298335101576470e+01
1.882298302695187076e+01
1.882298281881198321e+01
1.882298264779873875e+01
1.882298275801615262e+01
1.882298341057425972e+01
1.882298386966531822e+01
1.882298467221140825e+01
1.882298486531796300e+01
1.882298469898371707e+01
1.882298439630254450e+01
1.882298373902433042e+01
1.882298349374470092e+01
1.882298330089851035e+01
1.882298331238212086e+01
1.996603237609807024e+01
1.996603222614056605e+01
1.996603180403879563e+01
1.996603168418356233e+01
1.996603190311871501e+01
1.996603223155680595e+01
1.996603313316564510e+01
1.996603357666147005e+01
1.996603400125135153e+01
1.996603391389346527e+01
1.996603330018383105e+01
1.996603293857221217e+01
1.996603243507871639e+01
1.996603233408171363e+01
1.996603236816501692e+01
1.996603242632632202e+01
2.110908977666477782e+01
2.110908954301804741e+01
2.110908927585545314e+01
2.110908938020283543e+01
2.110909004285834811e+01
2.110909051867300334e+01
2.110909138137254359e+01
2.110909162161693686e+01
2.110909147873049818e+01
2.110909114925794583e+01
2.110909039052949154e+01
2.110909011685827608e+01
2.110908990754755266e+01
2.110908994355648716e+01
2.110909006555371903e+01
2.110909006586500070e+01
2.225046939847612748e+01
2.225046920909434434e+01
2.225046935410265547e+01
2.225046972253920430e+01
2.225047069774576514e+01
2.225047115184493052e+01
2.225047162445445537e+01
2.225047155844773172e+01
2.225047092079600475e+01
2.225047050745733301e+01
2.225046989434759226e+01
2.225046980124207963e+01
2.225046988487803290e+01
2.225046996226789986e+01
2.225046996874754868e+01
2.225046984087674318e+01
2.339352678655508555e+01
2.339352683282927003e+01
2.339352752303747707e+01
2.339352804664047980e+01
2.339352899314434708e+01
2.339352924173454440e+01
2.339352912228184067e+01
2.339352878630887744e+01
2.339352792260714153e+01
2.339352759853141350e+01
2.339352737301593166e+01
2.339352743540663226e+01
2.339352761885042398e+01
2.339352764711969002e+01
2.339352740226987137e+01
2.339352715348355360e+01
2.453657596040279643e+01
2.453657629735111101e+01
2.453657734785093680e+01
2.453657786403493546e+01
2.453657840619842290e+01
2.453657834214732603e+01
2.453657766936518314e+01
2.453657720386324215e+01
2.453657648852841433e+01
2.453657637242847755e+01
2.453657650883385344e+01
2.453657664757880852e+01
2.453657670308257011e+01
2.453657658765577310e+01
2.453657611382118375e+01
2.453657589347334067e+01
2.567792717942517200e+01
2.567792774995885097e+01
2.567792883114642422e+01
2.567792910019647934e+01
2.567792899411163887e+01
2.567792865107507438e+01
2.567792771112938510e+01
2.567792730615290253e+01
2.567792700517462023e+01
2.567792711405097350e+01
2.567792743128693189e+01
2.567792746986186003e+01
2.567792724005511928e+01
2.567792699530648193e+01
2.567792656596700951e+01
2.567792655230251242e+01
2.682102403022274117e+01
2.682102460856061299e+01
2.682102522077332196e+01
2.682102515878032989e+01
2.682102446092757475e+01
2.682102397316079490e+01
2.682102312611043615e+01
2.682102296698652921e+01
2.682102316779623763e+01
2.682102336877041537e+01
2.682102349427054833e+01
2.682102338115901219e+01
2.682102289474780932e+01
2.682102264399863145e+01
2.682102259165306890e+01
2.682102290519813437e+01
2.796410178243147016e+01
2.796410212046896859e+01
2.796410203778219028e+01
2.796410167807188785e+01
2.796410062377355743e+01
2.796410015878029398e+01
2.796409983341295558e+01
2.796409997936816794e+01
2.796410038070193593e+01
2.796410045854984006e+01
2.796410023356522245e+01
2.796409998303166944e+01
2.796409948098443010e+01
2.796409941794704324e+01
2.796410002107157666e+01
2.796410060742444159e+01
2.910536018758112320e+01
2.910536014718998032e+01
2.910535939598321420e+01
2.910535883801953005e+01
2.910535787213164483e+01
2.910535771176374098e+01
2.910535802643983772e+01
2.910535825807849974e+01
2.910535841237668464e+01
2.910535831137459795e+01
2.910535780273766449e+01
2.910535750243620257e+01
2.910535738151659046e+01
2.910535769260491534e+01
2.910535885104024345e+01
2.910535947849145444e+01
3.024853394820531349e+01
3.024853358400181591e+01
3.024853242068280679e+01
3.024853185943280209e+01
3.024853153110705151e+01
3.024853177271839044e+01
3.024853226465906886e+01
3.024853229955964196e+01
3.024853209871818294e+01
3.024853186446434705e+01
3.024853127282275267e+01
3.024853116284732479e+01
3.024853176196848281e+01
3.024853238097568919e+01
3.024853363424657360e+01
3.024853399889624939e+01
3.139169435958837795e+01
3.139169374676692570e+01
3.139169264819788907e+01
3.139169248744630636e+01
3.139169293281012330e+01
3.139169320022114817e+01
3.139169334855963100e+01
3.139169324970169939e+01
3.139169274337467641e+01
3.139169240805521355e+01
3.139169222224084521e+01
3.139169253048642361e+01
3.139169371564196709e+01
3.139169436686127668e+01
3.139169517700377554e+01
3.139169515863085635e+01
3.253273556491501495e+01
3.253273493051507614e+01
3.253273460090033353e+01
3.253273492518446375e+01
3.253273548671921844e+01
3.253273550447693907e+01
3.253273529814029530e+01
3.253273507418062138e+01
3.253273443392721020e+01
3.253273429967602226e+01
3.253273488267782199e+01
3.253273547098113738e+01
3.253273680839142656e+01
3.253273724515346998e+01
3.253273721756549008e+01
3.253273682401446365e+01
3.367598919768164478e+01
3.367598902596292731e+01
3.367598962204537116e+01
3.367598993719005307e+01
3.367599002876966097e+01
3.367598992312517936e+01
3.367598945998558690e+01
3.367598910716409222e+01
3.367598882567327934e+01
3.367598911012827756e+01
3.367599035887796788e+01
3.367599104488349582e+01
3.367599188479840677e+01
3.367599186865158600e+01
3.367599109449857053e+01
3.367599045612556807e+01
3.481927112679656489e+01
3.481927139382576541e+01
3.481927201630285396e+01
3.481927212164751495e+01
3.481927192166452301e+01
3.481927164544906361e+01
3.481927096390912624e+01
3.481927079125901514e+01
3.481927135571741871e+01
3.481927201495555835e+01
3.481927339685754674e+01
3.481927380713929665e+01
3.481927380331386956e+01
3.481927339919438680e+01
3.481927207566035065e+01
3.481927146744413903e+01
3.595980598251491500e+01
3.595980630570058167e+01
3.595980642162968621e+01
3.595980639152519132e+01
3.595980594421633469e+01
3.595980548965840740e+01
3.595980509783562695e+01
3.595980542894610466e+01
3.595980678932817654e+01
3.595980751037293288e+01
3.595980829079429952e+01
3.595980820492290775e+01
3.595980746868488609e+01
3.595980689814665965e+01
3.595980558719377029e+01
3.595980536286131724e+01
3.710335027705650646e+01
3.710335014063581127e+01
3.710335002785254943e+01
3.710334998951995544e+01
3.710334918870434251e+01
3.710334878320896479e+01
3.710334940284401739e+01
3.710335028574866811e+01
3.710335168984837395e+01
3.710335188233537451e+01
3.710335179673529638e+01
3.710335162313288038e+01
3.710335039487375042e+01
3.710334954087997517e+01
3.710334912942799690e+01
3.710334966207629037e+01
3.824764623049924239e+01
3.824764620349937161e+01
3.824764617990533822e+01
3.824764571047167294e+01
3.824764496243341227e+01
3.824764530610025304e+01
3.824764696997397806e+01
3.824764769229313544e+01
3.824764815081956471e+01
3.824764804906642013e+01
3.824764770237162281e+01
3.824764712948161360e+01
3.824764537826753497e+01
3.824764515393288633e+01
3.824764626379486998e+01
3.824764659361896690e+01
3.938791624758259502e+01
3.938791639238006326e+01
3.938791573944846647e+01
3.938791515753395345e+01
3.938791567230714463e+01
3.938791674466885695e+01
3.938791813084164772e+01
3.938791813273989106e+01
3.938791817405500240e+01
3.938791817987946331e+01
3.938791677887250842e+01
3.938791574184099886e+01
3.938791544024480373e+01
3.938791617506681320e+01
3.938791683334363114e+01
3.938791650216715823e+01
4.053373389219894563e+01
4.053373360994840624e+01
4.053373318855967256e+01
4.053373342566311521e+01
4.053373490255215472e+01
4.053373558194913784e+01
4.053373626036308508e+01
4.053373630180347220e+01
4.053373553929022677e+01
4.053373481936140621e+01
4.053373365717882848e+01
4.053373353236163723e+01
4.053373399922942610e+01
4.053373432133923870e+01
4.053373460990211186e+01
4.053373445701166133e+01
4.167686624083670921e+01
4.167686608816615035e+01
4.167686662066115844e+01
4.167686732759795376e+01
4.167686871778733604e+01
4.167686907319012590e+01
4.167686908734903994e+01
4.167686866697472681e+01
4.167686727750076159e+01
4.167686680849427461e+01
4.167686651701618672e+01
4.167686659654469139e+01
4.167686725251802926e+01
4.167686752820488039e+01
4.167686726391119123e+01
4.167686690795566307e+01
4.280340627718347690e+01
4.280340633099000769e+01
4.280340747501306709e+01
4.280340811692363445e+01
4.280340922069139253e+01
4.280340948993706718e+01
4.280340811336703410e+01
4.280340710810072835e+01
4.280340674046050964e+01
4.280340679514105062e+01
4.280340629247395867e+01
4.280340666481492207e+01
4.280340790774904036e+01
4.280340753048169233e+01
4.280340619091102639e+01
4.280340617127502156e+01
4.383148362764705297e+01
4.383148423059952847e+01
4.383148580773322323e+01
4.383148593075701882e+01
4.383148622890166024e+01
4.383148675366292935e+01
4.383148472542050911e+01
4.383148267894313932e+01
4.383148265583819381e+01
4.383148485930422567e+01
4.383148573976460227e+01
4.383148386889641301e+01
4.383148322184868562e+01
4.383148440446129257e+01
4.383148395626162142e+01
4.383148326522516669e+01
