-4.719250199999999729e-01
-4.719232300000000269e-01
-4.719233999999999374e-01
-4.719252500000000738e-01
-4.719257399999999825e-01
-4.719244200000000111e-01
-4.719238900000000125e-01
-4.719245699999999877e-01
-4.719238700000000786e-01
-4.719227999999999756e-01
-4.719226300000000096e-01
-4.719236800000000120e-01
-4.719239100000000020e-01
-4.719228100000000259e-01
-4.719233600000000139e-01
-4.719250500000000126e-01
5.246565647998098214e-01
5.246565139584680182e-01
5.246566392528687617e-01
5.246563591152355599e-01
5.246558572266799558e-01
5.246561539136299634e-01
5.246573381693712124e-01
5.246576317551605584e-01
5.246578406227165869e-01
5.246578963471127954e-01
5.246579694998410037e-01
5.246579119663700164e-01
5.246569990181251253e-01
5.246566945371125001e-01
5.246573174319637545e-01
5.246573636081933723e-01
1.623315170582555922e+00
1.623314983617504925e+00
1.623314668478090361e+00
1.623314682833423950e+00
1.623315097123738893e+00
1.623315385405000422e+00
1.623316111838553288e+00
1.623316447973889298e+00
1.623316585726514383e+00
1.623316434739995762e+00
1.623316043925773666e+00
1.623315859040076026e+00
1.623315582726949202e+00
1.623315557074636040e+00
1.623315536761327671e+00
1.623315458611708006e+00
2.741043734382795805e+00
2.741043577874311410e+00
2.741043776160451806e+00
2.741043974163503982e+00
2.741044413114949840e+00
2.741044745592281284e+00
2.741045469245669164e+00
2.741045559442484070e+00
2.741045182037775696e+00
2.741045019528681514e+00
2.741044813202507591e+00
2.741044639491063251e+00
2.741044368702339806e+00
2.741044356145354133e+00
2.741044373749011331e+00
2.741044258501236897e+00
3.861925518668313906e+00
3.861926051717265107e+00
3.861926409304523578e+00
3.861926195629421521e+00
3.861926834639314521e+00
3.861927610965387725e+00
3.861927817369241289e+00
3.861927232158453016e+00
3.861926921552211400e+00
3.861927256704604350e+00
3.861926906573316831e+00
3.861926287377629663e+00
3.861926209088500261e+00
3.861926706581251256e+00
3.861926491679739559e+00
3.861925777995133480e+00
4.977301676432145605e+00
4.977301823094298250e+00
4.977301793145850084e+00
4.977302157507550895e+00
4.977303239858566819e+00
4.977303354367558441e+00
4.977302679705239541e+00
4.977302448511370159e+00
4.977302689334112351e+00
4.977302587722356009e+00
4.977301692113884179e+00
4.977301642752665956e+00
4.977302251956547963e+00
4.977302101754705888e+00
4.977301115143613508e+00
4.977301031514736351e+00
6.096495967842081143e+00
6.096495954965950759e+00
6.096496652157992635e+00
6.096497219893072028e+00
6.096497442224638519e+00
6.096497071341086205e+00
6.096496687469779019e+00
6.096496810810627665e+00
6.096496543458580497e+00
6.096496117767202350e+00
6.096496011850518038e+00
6.096496303495413827e+00
6.096496039736020833e+00
6.096495544692385415e+00
6.096495337748578436e+00
6.096495669409709883e+00
7.214798352263549042e+00
7.214798723657289692e+00
7.214799417647344448e+00
7.214799548470312018e+00
7.214799254275257034e+00
7.214799027583420177e+00
7.214798846287703071e+00
7.214798719485077783e+00
7.214798291532714458e+00
7.214798235409704219e+00
7.214798371767716212e+00
7.214798234841280689e+00
7.214797681885157132e+00
7.214797593787156238e+00
7.214797820734585088e+00
7.214797953560558419e+00
8.330084015652838403e+00
8.330084356155254000e+00
8.330084568401565193e+00
8.330084437631759542e+00
8.330084089327947083e+00
8.330083957461091870e+00
8.330083632316423348e+00
8.330083457994597040e+00
8.330083377901480901e+00
8.330083401009465760e+00
8.330083159511939783e+00
8.330082921891621694e+00
8.330082676170768252e+00
8.330082744551342344e+00
8.330083088031319249e+00
8.330083331293558047e+00
9.448118889662193709e+00
9.448118993809989874e+00
9.448118740708121521e+00
9.448118556501965415e+00
9.448118303690446140e+00
9.448118141086260025e+00
9.448117764265470342e+00
9.448117724819645957e+00
9.448117828741739999e+00
9.448117703826124369e+00
9.448117172712915846e+00
9.448117036133796276e+00
9.448117206454460515e+00
9.448117379871938226e+00
9.448117885826116336e+00
9.448118246773789863e+00
1.056615167517987786e+01
1.056615156895773744e+01
1.056615117720983044e+01
1.056615102805618456e+01
1.056615072780227393e+01
1.056615051807848360e+01
1.056615045525705376e+01
1.056615053107469038e+01
1.056615025869818147e+01
1.056615000477528454e+01
1.056614972835603972e+01
1.056614979243931884e+01
1.056615016968247289e+01
1.056615042215506683e+01
1.056615115251632098e+01
1.056615147948120992e+01
1.168200418526484974e+01
1.168200397739329155e+01
1.168200362707004913e+01
1.168200346013539992e+01
1.168200320665619429e+01
1.168200317736623717e+01
1.168200318773714841e+01
1.168200307391598081e+01
1.168200258817517145e+01
1.168200244889498762e+01
1.168200252955162988e+01
1.168200270302827093e+01
1.168200332256609641e+01
1.168200369830774754e+01
1.168200430565919490e+01
1.168200443338129801e+01
1.279997599121226415e+01
1.279997582034437009e+01
1.279997550870375989e+01
1.279997535447343715e+01
1.279997529791440591e+01
1.279997534926197567e+01
1.279997508977517917e+01
1.279997482058959690e+01
1.279997452494023946e+01
1.279997458070084626e+01
1.279997494869179420e+01
1.279997524114529917e+01
1.279997600797079826e+01
1.279997635495699093e+01
1.279997658725244136e+01
1.279997642579930783e+01
1.391796000988067483e+01
1.391795983387146940e+01
1.391795963023137261e+01
1.391795962444957091e+01
1.391795960281281097e+01
1.391795949480589911e+01
1.391795904390931327e+01
1.391795888986952257e+01
1.391795892141471391e+01
1.391795908019572536e+01
1.391795973340614445e+01
1.391796013788982300e+01
1.391796080036345629e+01
1.391796092628700343e+01
1.391796068294503996e+01
1.391796044830234536e+01
1.503403350694754792e+01
1.503403340516665487e+01
1.503403338715403592e+01
1.503403341118083070e+01
1.503403315881271318e+01
1.503403294491998921e+01
1.503403262673945306e+01
1.503403261881968866e+01
1.503403295523641070e+01
1.503403327593905914e+01
1.503403411349754748e+01
1.503403447740033094e+01
1.503403472036705324e+01
1.503403459353478944e+01
1.503403411107571586e+01
1.503403386302127842e+01
1.615191520267554282e+01
1.615191521322614676e+01
1.615191521293926158e+01
1.615191510801078323e+01
1.615191470135300733e+01
1.615191454026565765e+01
1.615191448960719001e+01
1.615191462668808953e+01
1.615191530500392147e+01
1.615191574070459879e+01
1.615191647297140420e+01
1.615191662308480502e+01
1.615191638347162950e+01
1.615191611932495519e+01
1.615191559817526823e+01
1.615191538572876695e+01
1.726981334002188717e+01
1.726981337450600407e+01
1.726981319500613665e+01
1.726981298038384693e+01
1.726981263692310975e+01
1.726981259884784592e+01
1.726981287696709444e+01
1.726981320208132686e+01
1.726981409388676170e+01
1.726981449126570567e+01
1.726981482045546201e+01
1.726981469201840369e+01
1.726981415876340975e+01
1.726981386622658476e+01
1.726981341855687191e+01
1.726981332625622301e+01
1.838597355183389936e+01
1.838597349762291344e+01
1.838597314405783933e+01
1.838597293354376916e+01
1.838597278720391515e+01
1.838597291621401197e+01
1.838597360950948101e+01
1.838597407752251911e+01
1.838597487381431250e+01
1.838597505604101201e+01
1.838597486735824660e+01
1.838597456095903837e+01
1.838597391397932768e+01
1.838597367799681592e+01
1.838597349739614373e+01
1.838597350647495432e+01
1.950382488911316869e+01
1.950382472620839991e+01
1.950382429450218069e+01
1.950382418010746832e+01
1.950382443329450410e+01
1.950382477978204676e+01
1.950382570949247452e+01
1.950382615570098110e+01
1.950382656699262185e+01
1.950382646934183484e+01
1.950382584102017347e+01
1.950382547818109558e+01
1.950382498239487106e+01
1.950382488712816809e+01
1.950382491889237002e+01
1.950382496975416302e+01
2.062168474299787491e+01
2.062168449999302666e+01
2.062168423574929932e+01
2.062168435027949798e+01
2.062168505167560184e+01
2.062168554456973979e+01
2.062168642725900725e+01
2.062168666654899241e+01
2.062168650485889643e+01
2.062168616332987980e+01
2.062168538814155383e+01
2.062168511315582364e+01
2.062168490916761598e+01
2.062168494981888500e+01
2.062168506493053854e+01
2.062168505710249633e+01
2.173787433032072514e+01
2.173787413374122934e+01
2.173787429304407937e+01
2.173787467822058517e+01
2.173787569904050088e+01
2.173787617034058783e+01
2.173787665372575972e+01
2.173787657899518067e+01
2.173787590777228473e+01
2.173787547845756762e+01
2.173787484846554463e+01
2.173787475842802763e+01
2.173787485437930656e+01
2.173787493801946624e+01
2.173787493647453317e+01
2.173787479744143880e+01
2.285573416781729605e+01
2.285573421323228160e+01
2.285573493841812365e+01
2.285573548871095895e+01
2.285573648759178766e+01
2.285573674744060568e+01
2.285573661312667681e+01
2.285573625505382367e+01
2.285573534177964561e+01
2.285573500385844170e+01
2.285573477730084946e+01
2.285573485311148190e+01
2.285573506003973421e+01
2.285573509191743469e+01
2.285573482661372324e+01
2.285573455980914304e+01
2.397358570073076933e+01
2.397358605276856025e+01
2.397358717012201978e+01
2.397358771985619796e+01
2.397358829963551230e+01
2.397358822868764250e+01
2.397358750025841800e+01
2.397358700183656666e+01
2.397358624168571950e+01
2.397358612636031339e+01
2.397358629443608535e+01
2.397358645534265165e+01
2.397358652890656927e+01
2.397358640448063483e+01
2.397358588688305048e+01
2.397358564391720748e+01
2.508974642944264488e+01
2.508974703721280974e+01
2.508974820517257598e+01
2.508974849883840008e+01
2.508974838124682094e+01
2.508974800500461910e+01
2.508974697898162276e+01
2.508974654659747827e+01
2.508974624053588443e+01
2.508974637313179556e+01
2.508974674748875699e+01
2.508974680289443171e+01
2.508974655729194225e+01
2.508974628446145161e+01
2.508974579670563188e+01
2.508974576954110702e+01
2.620764547774581388e+01
2.620764610606854816e+01
2.620764678274164083e+01
2.620764671530836054e+01
2.620764593827770383e+01
2.620764540058927494e+01
2.620764448076294073e+01
2.620764432062228977e+01
2.620764457548731485e+01
2.620764481509484867e+01
2.620764498584150815e+01
2.620764486580961616e+01
2.620764431434123054e+01
2.620764402471085930e+01
2.620764393619466048e+01
2.620764426330405783e+01
2.732552823548205723e+01
2.732552860999840760e+01
2.732552851785728620e+01
2.732552811439018114e+01
2.732552693917569897e+01
2.732552643427835193e+01
2.732552610061150844e+01
2.732552628066796885e+01
2.732552677375436545e+01
2.732552688132622265e+01
2.732552664439521806e+01
2.732552635569773969e+01
2.732552576128861688e+01
2.732552567230076335e+01
2.732552630564240914e+01
2.732552693961943291e+01
2.844160252824528357e+01
2.844160248310290839e+01
2.844160163136261943e+01
2.844160100905425992e+01
2.844159994575949924e+01
2.844159978316592330e+01
2.844160017296947274e+01
2.844160045842108886e+01
2.844160068425710719e+01
2.844160057810175957e+01
2.844159998345166684e+01
2.844159962946551445e+01
2.844159944707464405e+01
2.844159977020642671e+01
2.844160103998030920e+01
2.844160173179953688e+01
2.955958671237534929e+01
2.955958629697967055e+01
2.955958498525853884e+01
2.955958437509593040e+01
2.955958403630333109e+01
2.955958432004133840e+01
2.955958493387333874e+01
2.955958500865763128e+01
2.955958479909525494e+01
2.955958451910224838e+01
2.955958380551214759e+01
2.955958365941704002e+01
2.955958428615285172e+01
2.955958496041593975e+01
2.955958636274382201e+01
2.955958677216088404e+01
3.067755812888234956e+01
3.067755744346839109e+01
3.067755623063337111e+01
3.067755606696833226e+01
3.067755660373435234e+01
3.067755693475321976e+01
3.067755717412323335e+01
3.067755707183922453e+01
3.067755646429982619e+01
3.067755606560973192e+01
3.067755579848916980e+01
3.067755611705349494e+01
3.067755742866595270e+01
3.067755815256795771e+01
3.067755906539295907e+01
3.067755904300200598e+01
3.179340977499677834e+01
3.179340908752131867e+01
3.179340874729211563e+01
3.179340911759804555e+01
3.179340981846694802e+01
3.179340988042486416e+01
3.179340966827317061e+01
3.179340939665155830e+01
3.179340861661511397e+01
3.179340844067724348e+01
3.179340904858067063e+01
3.179340969385115656e+01
3.179341119392092097e+01
3.179341167881540642e+01
3.179341164268687336e+01
3.179341119635683555e+01
3.291144150698653448e+01
3.291144133179255959e+01
3.291144202523179985e+01
3.291144240360491580e+01
3.291144258981891824e+01
3.291144248298485309e+01
3.291144191831289589e+01
3.291144150274966762e+01
3.291144113233157498e+01
3.291144142412975526e+01
3.291144279877230616e+01
3.291144355481299755e+01
3.291144449973094765e+01
3.291144448132779843e+01
3.291144359261104313e+01
3.291144288360636949e+01
3.402947583468050397e+01
3.402947614275088029e+01
3.402947689567497491e+01
3.402947704151749519e+01
3.402947683921988897e+01
3.402947652239404874e+01
3.402947571127270976e+01
3.402947549959908713e+01
3.402947608153829862e+01
3.402947678870737747e+01
3.402947831918463351e+01
3.402947877348907468e+01
3.402947876543149164e+01
3.402947831608802431e+01
3.402947684231163805e+01
3.402947618563636212e+01
3.514476147345880008e+01
3.514476184623277533e+01
3.514476203999529957e+01
3.514476201135828859e+01
3.514476148753289664e+01
3.514476098430103690e+01
3.514476051952377134e+01
3.514476085300915997e+01
3.514476230637750831e+01
3.514476308120986658e+01
3.514476394997440423e+01
3.514476386502818173e+01
3.514476304027198950e+01
3.514476241453292005e+01
3.514476100577056172e+01
3.514476077696295420e+01
3.626306421210350095e+01
3.626306410830143534e+01
3.626306399987660001e+01
3.626306393492453850e+01
3.626306305853415068e+01
3.626306262870453878e+01
3.626306324951666227e+01
3.626306415768464575e+01
3.626306565299093876e+01
3.626306587696120687e+01
3.626306579863912560e+01
3.626306559588533673e+01
3.626306427048691461e+01
3.626306338809276042e+01
3.626306296370432136e+01
3.626306351604428357e+01
3.738225813089039207e+01
3.738225810955734829e+01
3.738225805176526251e+01
3.738225755986300669e+01
3.738225678570745458e+01
3.738225712576641513e+01
3.738225881238249571e+01
3.738225955887554619e+01
3.738226006945589575e+01
3.738225997181611149e+01
3.738225958467444343e+01
3.738225898666701852e+01
3.738225719926064272e+01
3.738225696871933224e+01
3.738225808671818129e+01
3.738225843992899655e+01
3.849763349446175908e+01
3.849763362676849709e+01
3.849763296340177732e+01
3.849763237605121446e+01
3.849763287908077558e+01
3.849763395124460885e+01
3.849763535110641044e+01
3.849763536736421088e+01
3.849763542137895200e+01
3.849763541653858567e+01
3.849763400156096793e+01
3.849763296417580705e+01
3.849763264264255014e+01
3.849763336652587498e+01
3.849763403568083220e+01
3.849763373044402215e+01
3.961851537038212712e+01
3.961851508319742976e+01
3.961851467340336796e+01
3.961851490488799499e+01
3.961851635225752233e+01
3.961851702955198107e+01
3.961851771182156767e+01
3.961851775523127372e+01
3.961851700404187682e+01
3.961851629191864532e+01
3.961851515278333835e+01
3.961851501765332983e+01
3.961851542661113967e+01
3.961851574760840577e+01
3.961851606799164216e+01
3.961851592830902291e+01
4.073624378394495693e+01
4.073624364888033256e+01
4.073624416768163314e+01
4.073624484884048513e+01
4.073624618466953251e+01
4.073624654427744929e+01
4.073624656504983932e+01
4.073624614142699585e+01
4.073624482930144097e+01
4.073624439862017255e+01
4.073624406873093307e+01
4.073624409243082312e+01
4.073624469273581639e+01
4.073624500648775637e+01
4.073624478760557821e+01
4.073624441863117340e+01
4.183490249227699564e+01
4.183490254314189372e+01
4.183490359821156090e+01
4.183490423078799836e+01
4.183490530067714275e+01
4.183490556633655899e+01
4.183490423209411802e+01
4.183490324532618132e+01
4.183490299803447954e+01
4.183490304691579098e+01
4.183490236428819742e+01
4.183490273228482437e+01
4.183490403464015372e+01
4.183490367011926025e+01
4.183490234557237386e+01
4.183490232081805260e+01
4.283148361937854531e+01
4.283148420857487793e+01
4.283148574972680933e+01
4.283148586994381901e+01
4.283148616128641351e+01
4.283148667407544252e+01
4.283148469210667031e+01
4.283148269231895000e+01
4.283148266974115614e+01
4.283148482293588444e+01
4.283148568330882711e+01
4.283148385512389922e+01
4.283148322283827980e+01
4.283148437847003009e+01
4.283148394049583629e+01
4.283148326522518801e+01
