-4.719250199999999729e-01
-4.719232300000000269e-01
-4.719233999999999374e-01
-4.719252500000000738e-01
-4.719257399999999825e-01
-4.719244200000000111e-01
-4.719238900000000125e-01
-4.719245699999999877e-01
-4.719238700000000786e-01
-4.719227999999999756e-01
-4.719226300000000096e-01
-4.719236800000000120e-01
-4.719239100000000020e-01
-4.719228100000000259e-01
-4.719233600000000139e-01
-4.719250500000000126e-01
4.147351008802762085e-01
4.147350420060090248e-01
4.147350716807797211e-01
4.147347714860241674e-01
4.147338932791123089e-01
4.147341637803843017e-01
4.147353726895563475e-01
4.147356787076678653e-01
4.147361182986687433e-01
4.147361775526454686e-01
4.147362018612175127e-01
4.147361312631789865e-01
4.147350133404979489e-01
4.147347438556667765e-01
4.147355634215905140e-01
4.147356327982932855e-01
1.424595387506829347e+00
1.424595215786757629e+00
1.424594787316771916e+00
1.424594703561084197e+00
1.424594907252009435e+00
1.424595190140830470e+00
1.424595893036048277e+00
1.424596211977822380e+00
1.424596419454187801e+00
1.424596314452422297e+00
1.424595937330333850e+00
1.424595737071309820e+00
1.424595540662844106e+00
1.424595587220594650e+00
1.424595690781171653e+00
1.424595623121259091e+00
2.456113323511122104e+00
2.456113178840247269e+00
2.456113240888565752e+00
2.456113381803639140e+00
2.456113625319004790e+00
2.456113866509876065e+00
2.456114448766329783e+00
2.456114527825490335e+00
2.456114302764666135e+00
2.456114231597724462e+00
2.456114192581309918e+00
2.456114101870594091e+00
2.456113966777442759e+00
2.456113948611421627e+00
2.456113933889636947e+00
2.456113803950501051e+00
3.502506658363012004e+00
3.502507143938923040e+00
3.502507330968699151e+00
3.502507047786141303e+00
3.502507394821343656e+00
3.502508087263863423e+00
3.502508258207298386e+00
3.502507723292758168e+00
3.502507697525613750e+00
3.502508130887319382e+00
3.502508006352302861e+00
3.502507480839671672e+00
3.502507391906279466e+00
3.502507855418972138e+00
3.502507612267640624e+00
3.502506895157958766e+00
4.547759500096025143e+00
4.547759591079343799e+00
4.547759319183219517e+00
4.547759603028391773e+00
4.547760403423094289e+00
4.547760484760713595e+00
4.547759989276474180e+00
4.547759837347563838e+00
4.547760407644486413e+00
4.547760425761286029e+00
4.547759707545243835e+00
4.547759699856794846e+00
4.547760190807143665e+00
4.547760006233029451e+00
4.547759043934029854e+00
4.547758921820891587e+00
5.594121990203188233e+00
5.594121928988260883e+00
5.594122303851965405e+00
5.594122798301293109e+00
5.594122907208710416e+00
5.594122551312142200e+00
5.594122485616429330e+00
5.594122714017018438e+00
5.594122801979181325e+00
5.594122508169458108e+00
5.594122423539777067e+00
5.594122702476018283e+00
5.594122320983039742e+00
5.594121772626326816e+00
5.594121551212699828e+00
5.594121820183135085e+00
6.637382974785590584e+00
6.637383316578428172e+00
6.637383776852529671e+00
6.637383858338657738e+00
6.637383596579095268e+00
6.637383398852382044e+00
6.637383596508772854e+00
6.637383624668954596e+00
6.637383513979570715e+00
6.637383562642563462e+00
6.637383642751416346e+00
6.637383446542792775e+00
6.637382725767719371e+00
6.637382534837689363e+00
6.637382667151095816e+00
6.637382751508543954e+00
7.677637925313530509e+00
7.677638270936672171e+00
7.677638341802462740e+00
7.677638138716842420e+00
7.677637816287214534e+00
7.677637742315170044e+00
7.677637849263008185e+00
7.677637882321534768e+00
7.677638140929297528e+00
7.677638230158732036e+00
7.677637819210147541e+00
7.677637430201277979e+00
7.677636846583222763e+00
7.677636787672695640e+00
7.677637008936362584e+00
7.677637267266900878e+00
8.720853143510904459e+00
8.720853212211945760e+00
8.720852687120306257e+00
8.720852389959143025e+00
8.720852190072731602e+00
8.720852174754369912e+00
8.720852416360289183e+00
8.720852622949106348e+00
8.720853012050559627e+00
8.720852836457748225e+00
8.720851823231337008e+00
8.720851439237344849e+00
8.720851169033840833e+00
8.720851281440015867e+00
8.720851905237909207e+00
8.720852379329377513e+00
9.764594042603375712e+00
9.764593787364207245e+00
9.764592955868169000e+00
9.764592749305835540e+00
9.764592779560681279e+00
9.764592845381876884e+00
9.764593568140707447e+00
9.764593824181021731e+00
9.764593467373922309e+00
9.764592983887853350e+00
9.764591912495163228e+00
9.764591737418571782e+00
9.764591920136725278e+00
9.764592267163717310e+00
9.764593445250131509e+00
9.764593896890636060e+00
1.080690772458823723e+01
1.080690731607304400e+01
1.080690666584711224e+01
1.080690660135208603e+01
1.080690709540412264e+01
1.080690739155225621e+01
1.080690800076573410e+01
1.080690786966937011e+01
1.080690674910285409e+01
1.080690627639039114e+01
1.080690561110810144e+01
1.080690569907890897e+01
1.080690663174861044e+01
1.080690721582623759e+01
1.080690828047896979e+01
1.080690840808781239e+01
1.185172897153927352e+01
1.185172869271717389e+01
1.185172854666908648e+01
1.185172864800410508e+01
1.185172950658472857e+01
1.185172976966910596e+01
1.185172954039014925e+01
1.185172905027159906e+01
1.185172781484918403e+01
1.185172760339599130e+01
1.185172770539152687e+01
1.185172810539068955e+01
1.185172951495642657e+01
1.185173002899276540e+01
1.185173032910399549e+01
1.185173002237249307e+01
1.289650593486730301e+01
1.289650582024670911e+01
1.289650620971560180e+01
1.289650647579496834e+01
1.289650705759405724e+01
1.289650695222896104e+01
1.289650597766058837e+01
1.289650553655292065e+01
1.289650483406483872e+01
1.289650490847658482e+01
1.289650583322347543e+01
1.289650642328305885e+01
1.289650758915217743e+01
1.289650773593554334e+01
1.289650714994562541e+01
1.289650674484455983e+01
1.393913728800787766e+01
1.393913734236146240e+01
1.393913790474042536e+01
1.393913805973999764e+01
1.393913787615851341e+01
1.393913752247630633e+01
1.393913657881966905e+01
1.393913639164435914e+01
1.393913648593619214e+01
1.393913686520724227e+01
1.393913811001871039e+01
1.393913857879885043e+01
1.393913893790361236e+01
1.393913873714730478e+01
1.393913788963050315e+01
1.393913758404704240e+01
1.498331921362529684e+01
1.498331930248811794e+01
1.498331950131333912e+01
1.498331937838434413e+01
1.498331880135108563e+01
1.498331853990650409e+01
1.498331818421814177e+01
1.498331828451335213e+01
1.498331897291086001e+01
1.498331944458786680e+01
1.498332033775242600e+01
1.498332049157903967e+01
1.498332022925553275e+01
1.498331995044285136e+01
1.498331936957549715e+01
1.498331920874518275e+01
1.602741633595568160e+01
1.602741630561138209e+01
1.602741608646686799e+01
1.602741586155312348e+01
1.602741557916583304e+01
1.602741556997137096e+01
1.602741578415609069e+01
1.602741607787375955e+01
1.602741679857989610e+01
1.602741713162262727e+01
1.602741748185054149e+01
1.602741739183105452e+01
1.602741708805018206e+01
1.602741689293177529e+01
1.602741652866887279e+01
1.602741644251277009e+01
1.706985295310980177e+01
1.706985281339076010e+01
1.706985266165418835e+01
1.706985259392843091e+01
1.706985280037119423e+01
1.706985298937119566e+01
1.706985342396980343e+01
1.706985373133915473e+01
1.706985414191003159e+01
1.706985426521989169e+01
1.706985437569395714e+01
1.706985425625839170e+01
1.706985406222526791e+01
1.706985390943874137e+01
1.706985349200718716e+01
1.706985333386569792e+01
1.811406056779353690e+01
1.811406048503934230e+01
1.811406072909984388e+01
1.811406086575517449e+01
1.811406135080948232e+01
1.811406161646979740e+01
1.811406188596577493e+01
1.811406209278962720e+01
1.811406231822066104e+01
1.811406232829396856e+01
1.811406242889747631e+01
1.811406232328088706e+01
1.811406203700623507e+01
1.811406183689789984e+01
1.811406113105204341e+01
1.811406091069627777e+01
1.915840158162472662e+01
1.915840163721281897e+01
1.915840222279494043e+01
1.915840251285568385e+01
1.915840293693596408e+01
1.915840316074287486e+01
1.915840328571947282e+01
1.915840338859829828e+01
1.915840359395560810e+01
1.915840354717600746e+01
1.915840355699205944e+01
1.915840341280543058e+01
1.915840279587385453e+01
1.915840251339750822e+01
1.915840174973900645e+01
1.915840157065781213e+01
2.020115673454833782e+01
2.020115691996465657e+01
2.020115760157884566e+01
2.020115794240448892e+01
2.020115824856545217e+01
2.020115839988444151e+01
2.020115850933095913e+01
2.020115852425877279e+01
2.020115862837196374e+01
2.020115852035110393e+01
2.020115821498822584e+01
2.020115799788377231e+01
2.020115718261834914e+01
2.020115688410416865e+01
2.020115641019901531e+01
2.020115635250226660e+01
2.124549815893201199e+01
2.124549847194542807e+01
2.124549919053564295e+01
2.124549950267436316e+01
2.124549977158246961e+01
2.124549984260750435e+01
2.124549985109832306e+01
2.124549975253837886e+01
2.124549955169739945e+01
2.124549936879043699e+01
2.124549885108702085e+01
2.124549859229644966e+01
2.124549787410832380e+01
2.124549767335623329e+01
2.124549755785634275e+01
2.124549760271672483e+01
2.228970660165045103e+01
2.228970700944677930e+01
2.228970778020386945e+01
2.228970804709668485e+01
2.228970818191399061e+01
2.228970811989787748e+01
2.228970779052475137e+01
2.228970755766484402e+01
2.228970711911135894e+01
2.228970692004201481e+01
2.228970643927392814e+01
2.228970622959907288e+01
2.228970574163398055e+01
2.228970563579693476e+01
2.228970570896624892e+01
2.228970585454371545e+01
2.333214418378333832e+01
2.333214466983134727e+01
2.333214542494409471e+01
2.333214552115190443e+01
2.333214523484915048e+01
2.333214499480869719e+01
2.333214431559192903e+01
2.333214401955515171e+01
2.333214364308590305e+01
2.333214352318284313e+01
2.333214323285674752e+01
2.333214304240212655e+01
2.333214268099655442e+01
2.333214264263406434e+01
2.333214288328994357e+01
2.333214316787925569e+01
2.437624214621126839e+01
2.437624258224375140e+01
2.437624288788917326e+01
2.437624275873066892e+01
2.437624194038621184e+01
2.437624155986553021e+01
2.437624081818347932e+01
2.437624061011762322e+01
2.437624056451836907e+01
2.437624050718706314e+01
2.437624018994517527e+01
2.437624003788306837e+01
2.437623973111229603e+01
2.437623977281809573e+01
2.437624037378400388e+01
2.437624084302271399e+01
2.542042459806512156e+01
2.542042480185324393e+01
2.542042441359315319e+01
2.542042406234458340e+01
2.542042290765149914e+01
2.542042248572308694e+01
2.542042212880033603e+01
2.542042210614417286e+01
2.542042219300532579e+01
2.542042208908827305e+01
2.542042166075211540e+01
2.542042154989742642e+01
2.542042146353151821e+01
2.542042167934017627e+01
2.542042282535175346e+01
2.542042342644039010e+01
2.646305620744030307e+01
2.646305609913200030e+01
2.646305510800924310e+01
2.646305459172020846e+01
2.646305352970029290e+01
2.646305328969605242e+01
2.646305340587186095e+01
2.646305342442214936e+01
2.646305331225621060e+01
2.646305319679759904e+01
2.646305280785406566e+01
2.646305276520948269e+01
2.646305318298005460e+01
2.646305365560365885e+01
2.646305512171812779e+01
2.646305566367702866e+01
2.750783328601242417e+01
2.750783294664672596e+01
2.750783165174280143e+01
2.750783107918022452e+01
2.750783050652902872e+01
2.750783053832104130e+01
2.750783071504723409e+01
2.750783061806152574e+01
2.750783041851472532e+01
2.750783036443973373e+01
2.750783020347051888e+01
2.750783033706044733e+01
2.750783133859217955e+01
2.750783196008991993e+01
2.750783323270860947e+01
2.750783349872758521e+01
2.855265460469329852e+01
2.855265405682855473e+01
2.855265275408409664e+01
2.855265243093052518e+01
2.855265238313110387e+01
2.855265240423996431e+01
2.855265238739593769e+01
2.855265236242485116e+01
2.855265227714684073e+01
2.855265223021410392e+01
2.855265250113504649e+01
2.855265290556500091e+01
2.855265415929873640e+01
2.855265470491304924e+01
2.855265542340876550e+01
2.855265539719704293e+01
2.959496791189948439e+01
2.959496723896702974e+01
2.959496637088527748e+01
2.959496637953790099e+01
2.959496638417437353e+01
2.959496629669659740e+01
2.959496640721441452e+01
2.959496648256840956e+01
2.959496649996918194e+01
2.959496657553327381e+01
2.959496729232773404e+01
2.959496779284324219e+01
2.959496894061282291e+01
2.959496929754561023e+01
2.959496935655807803e+01
2.959496908374416080e+01
3.063870770694363088e+01
3.063870728425414569e+01
3.063870699859959146e+01
3.063870699818057375e+01
3.063870690750485437e+01
3.063870698304950224e+01
3.063870736344677326e+01
3.063870735901327791e+01
3.063870751775023393e+01
3.063870779886524431e+01
3.063870875831783991e+01
3.063870927945550093e+01
3.063870999790312410e+01
3.063871005644590184e+01
3.063870965819428704e+01
3.063870915127096595e+01
3.168192173177558502e+01
3.168192160278682223e+01
3.168192139079119585e+01
3.168192140424651981e+01
3.168192174004448347e+01
3.168192186469849503e+01
3.168192210038944268e+01
3.168192210034303358e+01
3.168192257371782716e+01
3.168192305703973588e+01
3.168192398720720604e+01
3.168192432672275771e+01
3.168192458665059164e+01
3.168192439290901063e+01
3.168192343141236123e+01
3.168192278280859142e+01
3.272217593009718684e+01
3.272217593403902924e+01
3.272217582063823471e+01
3.272217600601752707e+01
3.272217657948554148e+01
3.272217647183558142e+01
3.272217652428285106e+01
3.272217679728323958e+01
3.272217764825074937e+01
3.272217818996680450e+01
3.272217880276537016e+01
3.272217882239479536e+01
3.272217864383233632e+01
3.272217822293303868e+01
3.272217681549380330e+01
3.272217632772982654e+01
3.376543702598165453e+01
3.376543686096709251e+01
3.376543723080433779e+01
3.376543750632968965e+01
3.376543753465867326e+01
3.376543725668520324e+01
3.376543772567831070e+01
3.376543845085917184e+01
3.376543941486793443e+01
3.376543958374629284e+01
3.376543976694986071e+01
3.376543974429088735e+01
3.376543885621758534e+01
3.376543795890219002e+01
3.376543694287492059e+01
3.376543714053463674e+01
3.481179959176431993e+01
3.481179972378751586e+01
3.481180029094593920e+01
3.481180001505045141e+01
3.481179954007252064e+01
3.481179984651303272e+01
3.481180120301650049e+01
3.481180185789816051e+01
3.481180231324808005e+01
3.481180228298856605e+01
3.481180218176999119e+01
3.481180164533428467e+01
3.481179977643444090e+01
3.481179935514749957e+01
3.481179979800563729e+01
3.481179996429452927e+01
3.585705228735479722e+01
3.585705254338986236e+01
3.585705211739697518e+01
3.585705158683624916e+01
3.585705208586618653e+01
3.585705312845757220e+01
3.585705453793489283e+01
3.585705459097227532e+01
3.585705472456697152e+01
3.585705472694696994e+01
3.585705322697146613e+01
3.585705211171634943e+01
3.585705145216473255e+01
3.585705199980205293e+01
3.585705250407026767e+01
3.585705227050059563e+01
3.690344587327265202e+01
3.690344566616835209e+01
3.690344515140660064e+01
3.690344537949339099e+01
3.690344708265364915e+01
3.690344775002198929e+01
3.690344872193148973e+01
3.690344880283519302e+01
3.690344774260719163e+01
3.690344702700015489e+01
3.690344550912791988e+01
3.690344522390072513e+01
3.690344561542631396e+01
3.690344586800287630e+01
3.690344655125429796e+01
3.690344652728100527e+01
3.793496331586297288e+01
3.793496310463548582e+01
3.793496377539342035e+01
3.793496457839408720e+01
3.793496666195873956e+01
3.793496722609499017e+01
3.793496716511005928e+01
3.793496653649599892e+01
3.793496446922677734e+01
3.793496389119528089e+01
3.793496338889773511e+01
3.793496341714172360e+01
3.793496472132881792e+01
3.793496530466972416e+01
3.793496519628853036e+01
3.793496464756573516e+01
3.894482304590685828e+01
3.894482312532043267e+01
3.894482550008811472e+01
3.894482625088456018e+01
3.894482830968600950e+01
3.894482856133520698e+01
3.894482582433310824e+01
3.894482473489004803e+01
3.894482355770415438e+01
3.894482355036291210e+01
3.894482388080040636e+01
3.894482436694823946e+01
3.894482694873600082e+01
3.894482662771445547e+01
3.894482385544660730e+01
3.894482369716954651e+01
3.983148359457302945e+01
3.983148414250091207e+01
3.983148557570756054e+01
3.983148568750420537e+01
3.983148595844066620e+01
3.983148643531298205e+01
3.983148459216513260e+01
3.983148273244636783e+01
3.983148271145005026e+01
3.983148471383085365e+01
3.983148551394148740e+01
3.983148381380635783e+01
3.983148322580704814e+01
3.983148430049624977e+01
3.983148389319849514e+01
3.983148326522526617e+01
