3.944247999999999916e-06 -8.063810000000000260e-07 3.000000000000000142e-12
6.735649999999999834e-07 1.265495000000000070e-06 -3.999999999999999920e-12
9.591210000000000028e-07 5.141500000000000081e-08 1.999999999999999960e-12
2.059039000000000125e-06 2.108158000000000103e-06 -7.000000000000000061e-12
-3.305830000000000162e-07 1.593958000000000012e-06 8.999999999999999617e-12
7.326119999999999959e-07 2.002589999999999935e-07 -3.000000000000000142e-12
1.767904999999999974e-06 3.878813999999999994e-06 -9.999999999999999799e-13
1.994066999999999826e-06 2.041620000000000199e-06 9.999999999999999799e-13
2.163601999999999974e-06 1.289292999999999897e-06 -1.999999999999999960e-12
1.311141999999999923e-06 -1.349838999999999995e-06 9.999999999999999799e-13
5.655000000000000279e-07 1.033681000000000056e-06 -1.999999999999999960e-12
-9.715060000000000968e-07 3.099700000000000155e-07 3.999999999999999920e-12
-1.996584999999999875e-06 1.816140000000000009e-07 -9.999999999999999799e-13
-6.669610000000000124e-07 3.359519999999999897e-07 -9.999999999999999799e-13
-1.372562000000000006e-06 3.349639999999999811e-07 1.999999999999999960e-12
8.971400000000000515e-08 9.525900000000000616e-08 -4.999999999999999697e-12
8.126879999999999514e-07 2.460489999999999820e-07 4.999999999999999697e-12
-2.634589999999999771e-07 9.999110000000000391e-07 -3.000000000000000142e-12
2.583910000000000008e-07 -1.350624000000000064e-06 0.000000000000000000e+00
4.880100000000000136e-08 1.478714000000000095e-06 3.000000000000000142e-12
-1.104400000000000016e-07 2.267126999999999969e-06 -3.000000000000000142e-12
-3.790030000000000223e-07 4.095902999999999907e-06 1.999999999999999960e-12
3.386599999999999898e-07 4.131330000000000241e-07 -3.000000000000000142e-12
-6.329149999999999999e-07 1.445133000000000001e-06 4.999999999999999697e-12
-3.389731999999999956e-06 1.941987999999999879e-06 -7.000000000000000061e-12
-2.095979999999999794e-06 -1.410450000000000034e-07 4.999999999999999697e-12
-4.118695999999999944e-06 6.850540000000000144e-07 -3.000000000000000142e-12
-3.957445000000000190e-06 -8.209579999999999586e-07 9.999999999999999799e-13
3.424669999999999921e-07 -6.561410000000000254e-07 -0.000000000000000000e+00
3.807099999999999726e-08 -9.353699999999999908e-08 -1.999999999999999960e-12
-2.458839999999999802e-07 1.134751000000000047e-06 9.999999999999999799e-13
1.444206000000000035e-06 -8.303700000000000432e-07 -0.000000000000000000e+00
1.170621000000000011e-06 1.182400999999999922e-06 0.000000000000000000e+00
3.069380000000000185e-07 -2.621246999999999808e-06 -0.000000000000000000e+00
1.016068000000000069e-06 6.040999999999999632e-08 -0.000000000000000000e+00
-3.859680000000000055e-07 -7.895100000000000333e-08 0.000000000000000000e+00
-1.092921000000000102e-06 6.566919999999999884e-07 -0.000000000000000000e+00
-2.295680000000000080e-07 2.517863999999999920e-06 0.000000000000000000e+00
-2.889500000000000033e-07 2.214490000000000131e-07 1.999999999999999960e-12
-9.585189999999999025e-07 1.824541999999999954e-06 -9.999999999999999799e-13
-3.239189999999999771e-07 -9.586490000000001028e-07 -9.999999999999999799e-13
-1.810479999999999944e-07 2.551660000000000232e-07 3.000000000000000142e-12
-8.676119999999999739e-07 2.470159999999999932e-07 -1.999999999999999960e-12
-2.660400000000000185e-07 -9.499069999999999839e-07 9.999999999999999799e-13
8.686200000000000052e-08 1.892037000000000017e-06 -9.999999999999999799e-13
-4.076999999999999880e-09 3.030870000000000193e-07 9.999999999999999799e-13
1.061425999999999991e-06 2.516060999999999914e-06 -9.999999999999999799e-13
1.846569000000000023e-06 6.098910000000000447e-07 0.000000000000000000e+00
1.078759999999999900e-06 -1.447370000000000076e-07 -9.999999999999999799e-13
1.893347999999999994e-06 -3.195020000000000243e-07 -3.000000000000000142e-12
4.065799999999999786e-07 -2.744146000000000120e-06 4.999999999999999697e-12
-4.365720000000000000e-07 1.024369000000000085e-06 -3.999999999999999920e-12
-1.821586000000000096e-06 -7.781299999999999936e-07 3.999999999999999920e-12
-1.753903999999999954e-06 1.436253999999999912e-06 -1.999999999999999960e-12
-2.820260000000000083e-06 3.742310000000000110e-07 -1.999999999999999960e-12
-2.015665000000000123e-06 -3.328230000000000150e-07 1.999999999999999960e-12
1.270836828100000045e-02 -2.273128629000000216e-03 -0.000000000000000000e+00
-1.270580120599999925e-02 -2.272680385000000209e-03 9.999999999999999799e-13
-1.265859213800000008e-02 2.257850181000000192e-03 -0.000000000000000000e+00
1.266159245500000051e-02 2.258386135000000142e-03 9.999999999999999799e-13
