-4.167547999999999964e-06 -2.421688999999999948e-06 4.999999999999999697e-12
-4.298478999999999642e-06 3.218675000000000146e-06 1.999999999999999960e-12
-1.087000000000000072e-08 6.910439999999999773e-07 -6.000000000000000283e-12
-3.378193999999999949e-06 -3.133753000000000149e-06 0.000000000000000000e+00
1.581656000000000091e-06 1.135729999999999966e-06 7.000000000000000061e-12
1.156903999999999994e-06 -1.180842000000000086e-06 -3.000000000000000142e-12
1.831158000000000044e-06 -2.629362999999999799e-06 -3.000000000000000142e-12
-8.991609999999999873e-07 3.475759999999999884e-07 -0.000000000000000000e+00
-1.761877000000000021e-06 1.493072000000000017e-06 7.999999999999999839e-12
-1.212412999999999966e-06 -1.233368999999999905e-06 -3.999999999999999920e-12
-4.345959999999999828e-07 1.843451999999999956e-06 -9.999999999999999395e-12
-2.249876999999999838e-06 1.124604999999999925e-06 7.999999999999999839e-12
-3.215540000000000218e-07 2.968580000000000235e-07 3.999999999999999920e-12
6.664869999999999514e-07 -6.425400000000000083e-08 -9.999999999999999799e-13
-1.453974000000000100e-06 -7.814500000000000525e-07 9.999999999999999799e-13
8.752670000000000514e-07 8.334739999999999630e-07 -4.999999999999999697e-12
-7.216339999999999885e-07 1.197480000000000053e-06 -3.000000000000000142e-12
6.301989999999999907e-07 1.150538000000000029e-06 1.400000000000000012e-11
8.105989999999999914e-07 -6.273420000000000069e-07 -1.400000000000000012e-11
2.083845999999999852e-06 7.712279999999999494e-07 3.999999999999999920e-12
2.065467000000000108e-06 9.696310000000000089e-07 6.000000000000000283e-12
2.037184000000000145e-06 -2.414727999999999863e-06 -3.000000000000000142e-12
1.852506000000000005e-06 -1.402734000000000019e-06 -3.999999999999999920e-12
2.057489999999999983e-07 2.339416999999999831e-06 0.000000000000000000e+00
6.009950000000000158e-07 -4.312608000000000232e-06 9.999999999999999799e-13
-5.338710000000000297e-07 1.205184999999999922e-06 3.000000000000000142e-12
3.435059999999999791e-07 2.519698999999999963e-06 3.999999999999999920e-12
-4.786030000000000406e-07 -3.372678000000000152e-06 -9.999999999999999395e-12
3.308659999999999930e-06 4.560390000000000246e-07 -7.999999999999999839e-12
1.038270999999999914e-06 1.176092000000000047e-06 1.799999999999999923e-11
1.934800999999999909e-06 6.277140000000000052e-07 -7.000000000000000061e-12
-1.549019999999999930e-07 -1.764759999999999982e-06 -9.999999999999999799e-13
-3.975524000000000123e-06 -3.020873000000000054e-06 -6.000000000000000283e-12
2.358260000000000101e-07 -8.581170000000000335e-07 6.000000000000000283e-12
-7.516369999999999959e-07 -5.551759999999999680e-07 -9.999999999999999799e-13
-1.716476999999999998e-06 2.598539999999999921e-07 3.999999999999999920e-12
2.843179999999999920e-07 5.584390000000000416e-07 -9.999999999999999799e-13
3.231317000000000135e-06 -2.852926000000000118e-06 -7.000000000000000061e-12
-8.214919999999999818e-07 -1.423076999999999978e-06 -9.999999999999999799e-13
2.157203999999999972e-06 -2.662226999999999795e-06 4.999999999999999697e-12
1.602629000000000076e-06 -6.068370000000000228e-07 9.999999999999999799e-13
-2.295575000000000040e-06 5.504729999999999556e-07 9.999999999999999799e-13
-9.624619999999999001e-07 5.717779999999999998e-07 -7.999999999999999839e-12
-1.554409999999999954e-07 -6.814460000000000525e-07 7.000000000000000061e-12
3.718410000000000009e-07 -2.686040000000000036e-06 -3.000000000000000142e-12
-1.065411000000000090e-06 -1.379907999999999918e-06 7.000000000000000061e-12
1.889010000000000052e-07 -2.768315000000000023e-06 -3.000000000000000142e-12
7.850620000000000189e-07 5.248979999999999929e-07 -7.999999999999999839e-12
-8.800610000000000346e-07 2.480319999999999806e-07 1.999999999999999960e-12
8.010900000000000616e-08 -6.097499999999999642e-07 4.999999999999999697e-12
2.003927999999999917e-06 -1.010310999999999973e-06 -1.999999999999999960e-12
-1.891832000000000075e-06 -2.509980999999999796e-06 3.000000000000000142e-12
-1.167489999999999981e-06 -1.377558000000000059e-06 -1.100000000000000079e-11
1.132356000000000005e-06 2.486819999999999765e-07 1.100000000000000079e-11
1.730851999999999967e-06 7.047839999999999932e-07 0.000000000000000000e+00
-2.113291999999999942e-06 1.863469999999999944e-07 -7.000000000000000061e-12
7.320478568999999949e-03 -1.526272638000000011e-03 -3.000000000000000142e-12
-7.315296998000000127e-03 -1.525251084999999915e-03 3.999999999999999920e-12
-7.363179594999999869e-03 1.537515373999999956e-03 3.999999999999999920e-12
7.361044671999999664e-03 1.537099662000000061e-03 -9.999999999999999799e-13
