-4.572089999999999749e-07 1.054911999999999964e-06 -2.230000000000000054e-10
-6.185330000000000502e-07 -2.729560000000000256e-07 2.300000000000000135e-11
4.229969999999999859e-07 1.940640000000000098e-07 -2.189999999999999934e-10
-1.598886000000000094e-06 -2.804852999999999791e-06 3.430000000000000046e-10
1.405478999999999982e-06 -1.321726000000000066e-06 -1.699999999999999946e-11
-1.303644000000000050e-06 1.357629999999999909e-06 1.799999999999999923e-11
5.676130000000000151e-07 1.910091999999999923e-06 5.999999999999999960e-11
5.448079999999999641e-07 2.310116999999999959e-06 -4.660000000000000452e-10
2.803819000000000048e-06 -6.214799999999999508e-08 4.049999999999999973e-10
-2.172930000000000122e-07 1.281559999999999996e-07 -3.189999999999999841e-10
3.176249999999999871e-07 -1.033608999999999975e-06 3.319999999999999909e-10
3.429805999999999921e-06 -1.952950000000000080e-06 8.999999999999999940e-11
2.227887999999999971e-06 -1.523276000000000067e-06 -4.199999999999999972e-10
7.864839999999999902e-07 -1.315324999999999981e-06 4.690000000000000348e-10
2.056670000000000112e-07 -1.338954000000000013e-06 -4.970000000000000415e-10
6.265370000000000205e-07 -1.544413999999999949e-06 4.209999999999999938e-10
-9.416730000000000175e-07 -1.987139999999999833e-06 -5.000000000000000182e-11
-2.713766999999999898e-06 -1.013870999999999987e-06 -2.859999999999999947e-10
-2.447002000000000090e-06 1.662249999999999946e-07 2.660000000000000120e-10
-3.072078000000000015e-06 -6.723799999999999632e-08 -4.649999999999999969e-10
-3.103214000000000169e-06 2.300919000000000170e-06 4.849999999999999795e-10
-1.772175999999999920e-06 1.830752000000000061e-06 4.999999999999999697e-12
-2.873663000000000154e-06 1.053508999999999987e-06 -1.999999999999999960e-12
2.556083999999999954e-06 -1.182984999999999949e-06 1.999999999999999960e-12
1.583469999999999977e-06 -2.885926999999999872e-06 -3.939999999999999836e-10
1.732894000000000006e-06 4.260420000000000241e-07 1.799999999999999988e-10
2.633234999999999955e-06 -1.888000000000000098e-09 2.900000000000000002e-11
2.527943000000000099e-06 1.391573000000000043e-06 2.749999999999999809e-10
-1.000404999999999911e-06 1.296757999999999918e-06 -1.070000000000000053e-10
1.924062000000000146e-06 1.661881000000000030e-06 1.490000000000000025e-10
-1.770686999999999900e-06 1.416447999999999953e-06 -2.569999999999999914e-10
2.133472000000000061e-06 8.912969999999999640e-07 5.529999999999999515e-10
-1.249621000000000017e-06 -8.025690000000000446e-07 -4.379999999999999867e-10
1.293355000000000003e-06 2.389625999999999828e-06 2.469999999999999742e-10
-1.246661000000000048e-06 2.295299000000000045e-06 -1.429999999999999973e-10
5.385540000000000194e-07 1.863680999999999945e-06 -3.890000000000000009e-10
-3.051943000000000080e-06 7.461199999999999340e-08 6.160000000000000442e-10
1.740827000000000028e-06 -1.938730000000000156e-06 -5.060000000000000104e-10
4.727589999999999785e-07 -1.098454999999999972e-06 5.189999999999999655e-10
-1.456161999999999934e-06 -3.237639999999999867e-07 -9.200000000000000542e-11
7.415240000000000429e-07 1.406374999999999939e-06 -4.499999999999999970e-10
-3.273099999999999709e-08 2.247185000000000068e-06 5.250000000000000482e-10
7.855910000000000099e-07 2.250384000000000069e-06 -5.529999999999999515e-10
3.635830000000000073e-07 1.413385999999999922e-06 5.189999999999999655e-10
1.466399999999999949e-07 -3.312580000000000139e-07 2.600000000000000069e-11
5.091239999999999471e-07 -1.099386000000000048e-06 -4.259999999999999765e-10
5.454080000000000092e-07 -1.931987999999999975e-06 4.170000000000000076e-10
-1.052769999999999917e-06 6.196299999999999706e-08 -6.059999999999999753e-10
-1.897599999999999998e-07 1.883002000000000068e-06 4.099999999999999800e-10
-1.125015000000000019e-06 2.361602000000000026e-06 8.999999999999999940e-11
1.003560999999999996e-06 2.331201999999999860e-06 -1.829999999999999884e-10
-2.485077000000000144e-06 -5.203960000000000232e-07 3.909999999999999940e-10
1.010543000000000025e-06 6.397189999999999859e-07 -5.040000000000000173e-10
1.842869999999999878e-07 1.670966000000000088e-06 2.660000000000000120e-10
4.078398000000000148e-06 7.720670000000000273e-07 -1.840000000000000108e-10
-1.340498000000000070e-06 1.668284999999999986e-06 9.200000000000000542e-11
5.459747263000000288e-03 -1.251386686000000026e-03 1.710000000000000040e-10
-5.463001591000000122e-03 -1.251905299000000095e-03 -2.150000000000000072e-10
-5.436452304000000124e-03 1.243573856000000036e-03 1.300000000000000034e-11
5.434983065000000176e-03 1.243354209999999928e-03 7.000000000000000061e-12
