-3.486899999999999810e-07 2.030846999999999921e-06 3.000000000000000142e-12
3.397228000000000197e-06 -9.873969999999999841e-07 -3.000000000000000142e-12
-1.871859999999999928e-07 2.083510000000000106e-07 0.000000000000000000e+00
3.915834000000000361e-06 -1.398395000000000102e-06 9.999999999999999799e-13
1.789908000000000016e-06 2.029090000000000073e-07 3.000000000000000142e-12
-7.452240000000000032e-07 2.414009999999999949e-06 -3.000000000000000142e-12
-4.820440000000000514e-07 -4.437760000000000160e-07 -1.999999999999999960e-12
-2.985836999999999819e-06 1.765083000000000004e-06 -0.000000000000000000e+00
-2.788465000000000161e-06 -3.534162000000000197e-06 0.000000000000000000e+00
-7.576919999999999531e-07 1.174191000000000088e-06 3.999999999999999920e-12
6.401599999999999831e-07 2.915780000000000186e-07 9.999999999999999799e-13
5.482430000000000210e-07 -1.971525000000000152e-06 -3.000000000000000142e-12
1.293091999999999943e-06 2.988411000000000143e-06 -9.999999999999999799e-13
7.546100000000000318e-08 -3.204097999999999896e-06 -1.999999999999999960e-12
-1.804403999999999936e-06 -4.102571000000000162e-06 3.999999999999999920e-12
-1.479879000000000066e-06 3.887764000000000137e-06 1.999999999999999960e-12
-1.113894999999999904e-06 -1.440842999999999954e-06 -0.000000000000000000e+00
3.615330000000000121e-07 -6.880679999999999909e-07 0.000000000000000000e+00
1.750332000000000033e-06 1.328639000000000096e-06 -3.000000000000000142e-12
4.035761999999999766e-06 -4.280137000000000285e-06 -9.999999999999999799e-13
3.510065999999999980e-06 2.480439999999999836e-06 9.999999999999999799e-13
1.122761000000000057e-06 2.883909999999999782e-07 -1.999999999999999960e-12
-2.956559999999999841e-07 1.964853000000000210e-06 3.999999999999999920e-12
-2.109865000000000000e-06 5.616950000000000279e-07 3.000000000000000142e-12
-2.818126000000000045e-06 -2.094415999999999820e-06 -1.999999999999999960e-12
-2.593793999999999886e-06 -6.405640000000000176e-07 -4.999999999999999697e-12
-5.963120000000000261e-07 3.385170000000000130e-07 4.999999999999999697e-12
-2.151663000000000121e-06 2.120572999999999966e-06 -1.999999999999999960e-12
1.891050000000000089e-06 1.958989999999999994e-07 -1.999999999999999960e-12
2.217547999999999999e-06 1.203877000000000027e-06 -9.999999999999999799e-13
8.698559999999999773e-07 5.477790000000000242e-07 -9.999999999999999799e-13
2.174760000000000079e-07 -5.104380000000000077e-07 3.999999999999999920e-12
-1.349340000000000090e-07 -9.862509999999999022e-07 0.000000000000000000e+00
-1.634725000000000048e-06 -1.547917000000000083e-06 -1.999999999999999960e-12
-1.335343000000000074e-06 -1.714850000000000033e-07 -1.999999999999999960e-12
-2.727560000000000106e-07 6.604509999999999892e-07 -9.999999999999999799e-13
4.084369999999999932e-07 1.852295999999999926e-06 6.000000000000000283e-12
-2.499380000000000243e-07 2.209300000000000070e-07 -1.999999999999999960e-12
2.519579999999999854e-07 3.513599999999999910e-07 -9.999999999999999799e-13
8.701310000000000509e-07 -1.654207999999999985e-06 1.999999999999999960e-12
-6.371099999999999657e-07 -8.946410000000000501e-07 -0.000000000000000000e+00
6.325909999999999502e-07 -4.845729999999999809e-07 -1.999999999999999960e-12
4.268050000000000158e-07 -5.389410000000000082e-07 3.000000000000000142e-12
-5.625280000000000460e-07 -9.385480000000000474e-07 -1.999999999999999960e-12
-6.067359999999999876e-07 -1.683657999999999974e-06 3.000000000000000142e-12
-3.099819999999999761e-07 3.199810000000000116e-07 -1.999999999999999960e-12
-3.715800000000000093e-08 3.224099999999999866e-07 9.999999999999999799e-13
-7.322940000000000059e-07 1.937496999999999790e-06 -3.999999999999999920e-12
1.075157999999999998e-06 6.000849999999999898e-07 6.000000000000000283e-12
1.100185999999999896e-06 -1.752309999999999893e-07 -4.999999999999999697e-12
1.270116999999999964e-06 -1.593406000000000021e-06 -3.000000000000000142e-12
1.048144999999999940e-06 -1.100555999999999945e-06 7.000000000000000061e-12
-1.961489999999999917e-07 -4.430010000000000107e-07 -3.000000000000000142e-12
-8.195509999999999779e-07 5.383090000000000328e-07 1.999999999999999960e-12
-4.169261000000000027e-06 1.498039999999999933e-06 -6.000000000000000283e-12
-6.423619999999999918e-07 -1.559299999999999940e-08 3.999999999999999920e-12
8.053554035000000388e-03 -1.637521427000000101e-03 -9.999999999999999799e-13
-8.052735522000000618e-03 -1.637968652000000060e-03 0.000000000000000000e+00
-8.072208535000000018e-03 1.639352523000000032e-03 -0.000000000000000000e+00
8.072269739000000055e-03 1.639366793000000041e-03 1.999999999999999960e-12
