-6.909819999999999600e-07 -2.656483999999999874e-06 -7.000000000000000061e-12
-3.298142000000000126e-06 1.716743999999999957e-06 -1.499999999999999990e-11
-5.295180000000000436e-07 -2.541749000000000031e-06 9.999999999999999799e-13
4.643529999999999759e-07 -1.929752000000000087e-06 -6.000000000000000283e-12
1.035582000000000015e-06 4.337963999999999655e-06 1.799999999999999923e-11
3.622015999999999814e-06 -3.269445999999999986e-06 1.400000000000000012e-11
9.117290000000000506e-07 -2.299275999999999922e-06 -1.899999999999999901e-11
2.021900000000000073e-06 5.826669999999999857e-07 -3.100000000000000281e-11
-1.392813999999999994e-06 1.734601999999999931e-06 3.100000000000000281e-11
-1.669529999999999995e-07 8.324900000000000119e-07 2.400000000000000113e-11
-2.103050000000000134e-06 -8.183769999999999701e-07 -2.400000000000000113e-11
-1.362893999999999948e-06 1.086064999999999952e-06 1.200000000000000057e-11
-9.092259999999999917e-07 -7.860680000000000479e-07 -2.500000000000000091e-11
3.511500000000000176e-07 -1.320999999999999931e-06 4.999999999999999697e-12
1.018855999999999948e-06 -1.152725000000000047e-06 -8.999999999999999617e-12
-8.726699999999999653e-08 -9.344559999999999602e-07 3.500000000000000192e-11
5.615770000000000529e-07 1.231912999999999948e-06 -9.999999999999999395e-12
-2.437979999999999971e-07 -1.047721999999999911e-06 3.999999999999999920e-12
-1.412384000000000003e-06 8.129649999999999743e-07 -7.000000000000000061e-12
1.147456000000000081e-06 1.388574000000000057e-06 -2.600000000000000069e-11
2.892340000000000077e-07 8.627059999999999696e-07 2.200000000000000158e-11
2.583573000000000023e-06 -1.953465999999999924e-06 -4.999999999999999697e-12
-1.876690000000000111e-07 -2.607578999999999874e-06 1.799999999999999923e-11
2.188674999999999844e-06 4.820106999999999792e-06 -1.999999999999999879e-11
-2.120756999999999963e-06 -2.231854000000000180e-06 9.999999999999999799e-13
-8.335769999999999474e-07 -2.646817999999999872e-06 -1.999999999999999879e-11
-4.704500999999999835e-06 2.954659999999999804e-07 3.500000000000000192e-11
-1.856895000000000032e-06 -3.040067000000000060e-06 1.300000000000000034e-11
8.847999999999999820e-07 1.734403999999999971e-06 -1.599999999999999968e-11
4.305188999999999787e-06 2.420800000000000184e-06 -4.400000000000000315e-11
1.515728000000000085e-06 1.967294000000000040e-06 4.499999999999999970e-11
2.314272999999999907e-06 1.816154000000000078e-06 -3.100000000000000281e-11
-4.297050000000000219e-07 5.856299999999999970e-08 2.800000000000000024e-11
-1.125640999999999935e-06 5.067370000000000198e-07 3.300000000000000237e-11
-7.048339999999999969e-07 -5.747229999999999775e-07 -5.699999999999999704e-11
-3.829861000000000363e-06 2.287599999999999917e-08 3.999999999999999920e-12
-3.140570999999999886e-06 -1.620888999999999924e-06 2.300000000000000135e-11
1.234200000000000060e-08 -2.583899000000000127e-06 -4.199999999999999714e-11
1.080247000000000078e-06 -3.227930999999999842e-06 6.099999999999999615e-11
-8.794339999999999854e-07 -1.585138000000000069e-06 3.000000000000000142e-12
2.881782999999999832e-06 -4.634039999999999850e-07 -5.099999999999999837e-11
-1.724389999999999998e-07 6.857809999999999652e-07 -1.499999999999999990e-11
1.410461000000000072e-06 6.873349999999999803e-07 4.300000000000000014e-11
-8.487700000000000491e-07 -4.880390000000000465e-07 -3.000000000000000142e-12
-8.967230000000000286e-07 -1.575964000000000095e-06 7.000000000000000061e-12
5.264499999999999528e-07 -3.338529999999999865e-06 -7.999999999999999839e-12
-2.028068999999999894e-06 -2.502321000000000110e-06 -7.999999999999999839e-12
1.810856999999999974e-06 -1.561357000000000076e-06 -7.999999999999999839e-12
2.631050999999999807e-06 1.983090000000000058e-07 -1.999999999999999960e-12
-4.681900000000000122e-07 -4.374340000000000245e-07 3.500000000000000192e-11
1.196951000000000062e-06 5.815239999999999866e-07 -2.800000000000000024e-11
1.633939999999999873e-07 1.096370000000000043e-07 2.400000000000000113e-11
8.495339999999999625e-07 1.316509000000000053e-06 -4.699999999999999926e-11
-2.957640999999999928e-06 2.211538000000000119e-06 3.500000000000000192e-11
-2.832459999999999940e-07 1.725600000000000046e-06 -1.200000000000000057e-11
-2.185553999999999878e-06 1.978993999999999860e-06 1.699999999999999946e-11
1.204872687800000002e-02 -2.174653750999999951e-03 1.400000000000000012e-11
-1.204302160100000074e-02 -2.173692087000000158e-03 -2.200000000000000158e-11
-1.208330611999999978e-02 2.181044243999999931e-03 -9.999999999999999395e-12
1.208167278800000022e-02 2.180773746000000055e-03 2.500000000000000091e-11
