-1.251815000000000016e-06 -3.027570000000000157e-07 -5.989999999999999995e-10
-4.152956000000000358e-06 -1.466552000000000015e-06 -9.299999999999999938e-10
-6.599278999999999704e-06 4.006856000000000182e-06 -1.079000000000000100e-09
3.301905999999999841e-06 5.077650999999999812e-06 -7.829999999999999845e-10
-1.490439999999999944e-07 6.045799999999999781e-07 -4.399999999999999798e-10
-8.877649999999999824e-07 -1.436462999999999963e-06 1.040000000000000028e-10
-6.142215999999999842e-06 1.218939999999999929e-07 4.889999999999999657e-10
3.543307000000000006e-06 -4.631499000000000225e-06 6.770000000000000403e-10
-3.134609999999999771e-07 -6.597010000000000387e-07 6.740000000000000507e-10
-1.296600000000000003e-06 2.395919999999999924e-07 3.590000000000000011e-10
1.816256999999999956e-06 -8.922780000000000440e-07 8.299999999999999772e-11
4.310032999999999668e-06 9.560269999999999355e-07 -1.940000000000000022e-10
2.336235000000000088e-06 -2.015099000000000169e-06 -2.859999999999999947e-10
7.564099999999999553e-08 -4.207850000000000188e-07 -5.299999999999999792e-11
-2.257746999999999815e-06 -5.463649999999999561e-07 5.200000000000000138e-11
-4.955621000000000406e-06 -3.058879999999999926e-07 2.899999999999999808e-10
-4.549001000000000223e-06 2.920153000000000195e-06 1.930000000000000056e-10
-6.109846000000000354e-06 1.838908999999999913e-06 -8.399999999999999427e-11
8.174470000000000273e-07 3.583399999999999861e-06 -3.580000000000000045e-10
1.403618000000000069e-06 -1.181781999999999987e-06 -6.750000000000000472e-10
5.103065000000000412e-06 -3.586747999999999951e-06 -6.770000000000000403e-10
7.245080999999999997e-06 1.172849999999999944e-07 -4.919999999999999554e-10
8.075180999999999893e-06 -8.258829999999999581e-07 -1.059999999999999958e-10
1.143940000000000011e-06 -3.162602000000000065e-06 4.420000000000000246e-10
-4.793069999999999919e-07 3.845382999999999805e-06 7.889999999999999637e-10
-2.390699000000000012e-06 2.501733999999999788e-06 1.078000000000000000e-09
-4.750567999999999847e-06 -5.887564000000000031e-06 9.280000000000000007e-10
-4.198882999999999893e-06 -3.204079000000000007e-06 5.950000000000000133e-10
7.055309999999999667e-07 2.777480000000000066e-07 4.330000000000000040e-10
-2.143170000000000099e-06 -6.563699999999999409e-08 3.959999999999999767e-10
-2.711310999999999866e-06 -7.432650000000000318e-07 2.820000000000000085e-10
2.258040000000000015e-07 -1.469932999999999958e-06 -2.719999999999999913e-10
-2.104697000000000069e-06 -1.963529999999999901e-06 -4.450000000000000143e-10
8.866799999999999962e-07 -2.040696000000000104e-06 -3.059999999999999773e-10
1.361190000000000028e-07 -2.116042999999999859e-06 -1.999999999999999879e-11
4.656897000000000384e-06 -1.614392999999999969e-06 4.720000000000000244e-10
6.956079999999999645e-07 -1.711399000000000011e-06 5.580000000000000376e-10
4.604985999999999993e-06 -1.632146000000000009e-06 2.350000000000000157e-10
4.573499999999999892e-08 -1.962184999999999832e-06 -1.460000000000000128e-10
-3.147970000000000097e-07 -2.352377000000000127e-06 -6.460000000000000440e-10
-5.178937000000000048e-06 -2.561945000000000168e-06 -6.629999999999999853e-10
-2.920236999999999972e-06 -2.461070999999999870e-06 -2.170000000000000003e-10
-2.063703000000000119e-06 -2.179553999999999851e-06 2.189999999999999934e-10
-3.276193000000000093e-06 -1.698991999999999945e-06 6.580000000000000025e-10
-7.649600000000000418e-07 -1.547862000000000047e-06 6.480000000000000370e-10
3.431229999999999842e-06 -1.844971999999999985e-06 1.460000000000000128e-10
6.832457000000000100e-06 -2.104195000000000188e-06 -2.350000000000000157e-10
3.392239999999999941e-07 -1.893737999999999960e-06 -5.580000000000000376e-10
3.283916000000000036e-06 -1.828137999999999902e-06 -4.750000000000000141e-10
-1.727109999999999906e-07 -1.380667999999999933e-06 2.200000000000000158e-11
3.055094999999999842e-06 -1.512653999999999934e-06 3.100000000000000152e-10
-6.835051000000000130e-06 -1.328119999999999957e-06 4.470000000000000074e-10
-2.927690000000000191e-07 -2.040722999999999790e-06 2.650000000000000155e-10
-3.452582999999999941e-06 -2.069924000000000106e-06 -2.859999999999999947e-10
3.725249999999999824e-07 -1.570960000000000033e-06 -3.820000000000000250e-10
-2.149984000000000149e-06 -8.686929999999999556e-07 -4.389999999999999833e-10
1.734016904999999970e-03 -1.361844129999999990e-04 2.160999999999999879e-09
-1.722703269999999913e-03 -1.278198380000000029e-04 -2.158000000000000199e-09
-1.939383529000000090e-03 1.589301320000000126e-04 5.699999999999999962e-10
1.944492285000000084e-03 1.560727659999999945e-04 -5.709999999999999928e-10
