5.586920999999999766e-06 1.391155999999999967e-06 -7.279999999999999676e-10
2.223417000000000010e-06 1.548421000000000019e-06 -3.919999999999999905e-10
5.569280999999999880e-06 -9.537031999999999527e-06 -1.499999999999999990e-10
5.493172000000000267e-06 -7.994451000000000413e-06 5.910000000000000271e-10
3.170610000000000040e-06 6.881373000000000192e-06 6.540000000000000163e-10
3.377308999999999871e-06 4.916875000000000252e-06 1.170000000000000096e-10
-7.209324999999999792e-06 -2.502972999999999896e-06 -7.599999999999999605e-11
-1.934986000000000145e-06 1.076802000000000062e-06 -2.119999999999999917e-10
-6.241688000000000403e-06 1.438813000000000034e-06 -1.499999999999999990e-11
-5.248367000000000161e-06 1.387160000000000094e-07 6.099999999999999615e-11
-6.165920000000000251e-06 1.821153000000000002e-06 -3.300000000000000237e-11
4.127092999999999857e-06 2.861307000000000013e-06 -5.260000000000000448e-10
1.288035999999999927e-06 -2.471909999999999852e-06 -5.580000000000000376e-10
1.442559000000000100e-06 4.880822000000000108e-06 -2.029999999999999969e-10
-4.467010000000000240e-07 -2.600460000000000086e-06 2.119999999999999917e-10
2.469360000000000190e-06 -1.688762000000000044e-06 5.310000000000000275e-10
-8.701404000000000351e-06 -4.032409000000000172e-06 5.360000000000000102e-10
2.140811999999999807e-06 1.314828000000000026e-06 2.099999999999999857e-11
-3.661322000000000179e-06 6.451000000000000160e-09 -3.700000000000000148e-11
-4.222952999999999817e-06 7.419275999999999606e-06 1.100000000000000079e-11
-4.180819000000000162e-06 -2.956159999999999916e-07 2.090000000000000021e-10
-2.306329000000000005e-06 -1.382851000000000052e-06 1.070000000000000053e-10
-3.884471999999999898e-06 -2.101089999999999817e-06 -1.359999999999999956e-10
-4.742913999999999903e-06 2.539718999999999900e-06 -6.470000000000000405e-10
-1.579608000000000098e-06 -2.365237000000000204e-06 -6.109999999999999580e-10
2.407000000000000063e-09 -1.968260999999999839e-06 1.770000000000000092e-10
-5.612449999999999941e-06 3.029028000000000063e-06 3.420000000000000081e-10
6.865792000000000180e-06 -6.121687999999999858e-06 7.370000000000000399e-10
3.223399999999999919e-06 -2.212973999999999948e-06 -2.039000000000000093e-09
5.873947000000000022e-06 -2.311832999999999893e-06 -2.078000000000000062e-09
2.482352000000000098e-06 -6.715249999999999995e-07 -1.780000000000000057e-09
-5.586669999999999825e-07 1.970583999999999800e-06 8.360000000000000082e-10
-2.100730000000000045e-06 1.787108000000000017e-06 1.993000000000000045e-09
-3.694561999999999966e-06 8.964500000000000102e-07 2.047000000000000066e-09
-5.112031000000000150e-06 -3.414970000000000039e-07 9.540000000000000143e-10
-3.285699999999999835e-07 -2.215767000000000177e-06 -1.532999999999999979e-09
2.478213999999999800e-06 -2.146213999999999845e-06 -2.315999999999999861e-09
1.430082000000000007e-06 -2.076809999999999920e-07 -1.542999999999999945e-09
2.938349000000000181e-06 9.823319999999999318e-07 -1.240000000000000112e-10
4.736213000000000219e-06 1.856053999999999899e-06 2.136999999999999962e-09
-6.862109999999999763e-07 1.241247000000000103e-06 2.422000000000000115e-09
-8.141769999999999722e-07 -7.426970000000000230e-07 7.770000000000000052e-10
-2.566938999999999954e-06 -1.817985000000000010e-06 -7.640000000000000501e-10
-4.209738000000000317e-06 -2.026918000000000098e-06 -2.438000000000000060e-09
-3.575460999999999885e-06 -1.320643000000000029e-06 -2.125999999999999896e-09
1.242397000000000084e-06 2.092019999999999962e-07 1.019999999999999967e-10
-1.037670000000000053e-06 1.085853000000000029e-06 1.550000000000000024e-09
4.576850000000000064e-06 7.569799999999999928e-07 2.325000000000000140e-09
2.580893999999999976e-06 3.405630000000000036e-07 1.534000000000000079e-09
1.416624999999999968e-06 -4.220120000000000072e-07 -9.569999999999999006e-10
4.999809999999999823e-07 -1.039006999999999902e-06 -2.063999999999999904e-09
-1.195960000000000076e-07 -1.257961000000000050e-06 -1.936999999999999825e-09
-2.871414999999999934e-06 -1.727349999999999913e-07 -8.890000000000000320e-10
-9.517960000000000348e-07 1.381518999999999918e-06 1.753999999999999940e-09
2.417760000000000125e-06 8.223119999999999587e-07 2.124000000000000110e-09
-3.937157000000000055e-06 2.153572999999999904e-06 2.047999999999999959e-09
2.074943945999999789e-03 -1.657580820000000054e-04 5.010000000000000277e-10
-2.052561984000000027e-03 -1.625799639999999865e-04 -4.819999999999999899e-10
-2.062370644000000031e-03 1.651342049999999888e-04 -2.983000000000000142e-09
2.059038826000000183e-03 1.704255090000000080e-04 2.964999999999999998e-09
