2.292925999999999974e-06 1.348976999999999917e-06 1.499999999999999990e-10
2.156247999999999841e-06 -4.108081999999999609e-06 -1.118000000000000068e-09
-1.267028000000000035e-06 1.621579999999999887e-07 -1.180000000000000061e-10
-1.455490000000000019e-06 1.494119999999999882e-07 2.070999999999999983e-09
-3.020334000000000210e-06 -2.940847999999999918e-06 -1.283999999999999909e-09
-7.165540000000000516e-07 -7.889039999999999814e-07 -9.830000000000000176e-10
2.631541000000000204e-06 -1.655230000000000032e-06 3.489999999999999839e-10
2.228078999999999950e-06 7.114229999999999774e-07 4.022000000000000380e-09
1.967645000000000200e-06 7.370259999999999718e-07 -4.626000000000000362e-09
1.289608999999999938e-06 -1.101774999999999925e-06 1.205999999999999971e-09
-2.919921999999999959e-06 -2.525929999999999908e-07 8.109999999999999912e-10
8.151779999999999691e-07 -9.251920000000000435e-07 -2.714999999999999827e-09
1.307136000000000092e-06 3.288667000000000102e-06 2.772999999999999833e-09
2.255073000000000118e-06 1.207460000000000040e-06 -1.219000000000000030e-09
2.704082000000000007e-06 1.062209000000000006e-06 4.699999999999999926e-11
1.375777000000000025e-06 3.333812999999999890e-06 1.981999999999999980e-09
-5.231420000000000135e-07 -1.018846999999999912e-06 -1.546000000000000038e-09
-2.905249000000000024e-06 -1.925930000000000094e-07 -1.190000000000000027e-10
-1.885204000000000077e-06 -1.062658999999999934e-06 -7.730000000000000190e-10
-2.477433999999999869e-06 6.786070000000000361e-07 3.339999999999999840e-10
-6.983000000000000524e-07 8.453529999999999597e-07 4.030000000000000042e-10
-2.916169999999999834e-07 -1.641984999999999916e-06 2.636999999999999889e-09
1.582240000000000012e-07 -6.664449999999999567e-07 -3.389000000000000188e-09
-4.452350000000000028e-07 -3.142003000000000027e-06 -2.950000000000000153e-10
-5.564290000000000388e-07 4.968399999999999676e-08 3.684999999999999993e-09
-1.342593999999999906e-06 -3.279699999999999914e-07 -6.427999999999999723e-09
-2.248585000000000173e-06 -4.081849999999999721e-06 4.606000000000000018e-09
-6.020730000000000206e-07 1.587566999999999991e-06 1.194999999999999906e-09
-2.185663000000000134e-06 1.539790000000000052e-07 -1.860000000000000039e-10
1.556439999999999874e-07 -9.542309999999999107e-07 2.566000000000000031e-09
-7.251669999999999977e-07 1.077386000000000089e-06 -1.954999999999999970e-09
8.880709999999999588e-07 1.608991999999999959e-06 -1.323999999999999977e-09
-2.190691999999999828e-06 1.419888000000000042e-06 3.646999999999999917e-09
-1.678449999999999998e-06 -1.276351000000000098e-06 -5.839000000000000206e-09
-1.147641000000000105e-06 -9.296349999999999728e-07 3.472000000000000004e-09
1.904728000000000087e-06 -1.681668999999999916e-06 3.258000000000000123e-09
-3.029600000000000209e-08 -9.046660000000000091e-07 -5.637999999999999763e-09
1.379465999999999999e-06 2.945450000000000213e-07 4.725000000000000124e-09
-1.854318000000000048e-06 1.879781999999999911e-06 -1.955999999999999863e-09
-4.551700000000000187e-07 9.202379999999999847e-07 -2.581999999999999976e-09
-1.191473000000000044e-06 -4.751480000000000140e-07 3.403999999999999826e-09
1.384394000000000081e-06 1.008850000000000090e-06 -1.525999999999999900e-09
8.925150000000000216e-07 9.705010000000000954e-07 1.345999999999999901e-09
3.016549999999999837e-07 -4.962350000000000227e-07 -3.313000000000000037e-09
2.120989999999999989e-07 9.666350000000001056e-07 2.752000000000000009e-09
6.899110000000000426e-07 1.882274000000000090e-06 2.683999999999999831e-09
-8.286000000000000214e-08 2.774459999999999818e-07 -3.312000000000000143e-09
-9.474359999999999613e-07 -9.418239999999999505e-07 -3.738000000000000120e-09
1.194881000000000097e-06 -1.670493999999999976e-06 5.319000000000000347e-09
1.782772999999999999e-06 -1.019254999999999951e-06 9.200000000000000283e-10
1.400369999999999986e-06 -1.371284000000000092e-06 -3.687000000000000193e-09
7.261439999999999674e-07 1.503655999999999948e-06 1.298999999999999960e-09
-2.917909000000000086e-06 1.701535000000000049e-06 9.879999999999998969e-10
-1.088903999999999968e-06 1.176917999999999978e-06 -1.132000000000000020e-09
-2.696800000000000167e-06 -3.648800000000000221e-07 -4.899999999999999623e-10
3.316798999999999921e-06 -2.240000000000000123e-09 1.294000000000000081e-09
5.061684730000000007e-03 -1.188355302999999970e-03 2.350000000000000157e-10
-5.059513102000000317e-03 -1.188052934999999938e-03 -1.885000000000000005e-09
-5.063604446999999710e-03 1.189943373999999970e-03 -5.350000000000000137e-10
5.066569820000000127e-03 1.190454771000000033e-03 -4.660000000000000452e-10
