1.113302000000000052e-06 -6.226849999999999937e-07 -4.699999999999999926e-11
1.764780999999999926e-06 -1.433315000000000100e-06 -2.999999999999999980e-11
5.568100000000000076e-08 1.385223999999999911e-06 -4.800000000000000227e-11
-4.719590000000000243e-07 1.722904999999999982e-06 -9.999999999999999395e-12
-5.448619999999999724e-07 -2.261342999999999975e-06 3.500000000000000192e-11
-1.569987000000000068e-06 -4.406650000000000089e-07 1.999999999999999879e-11
1.126580000000000020e-07 2.598639999999999823e-06 1.999999999999999879e-11
1.135483999999999952e-06 -1.736446000000000010e-06 3.599999999999999847e-11
2.376437000000000198e-06 -6.112969999999999978e-07 1.899999999999999901e-11
1.212862000000000078e-06 1.771586999999999967e-06 -3.999999999999999920e-12
9.496670000000000294e-07 6.505140000000000240e-07 -3.399999999999999891e-11
-3.605700000000000318e-08 1.223004000000000090e-06 -4.800000000000000227e-11
-6.076329999999999724e-07 1.448736999999999958e-06 -5.099999999999999837e-11
-2.515761999999999919e-06 -1.046540000000000105e-06 -1.100000000000000079e-11
-4.467290000000000028e-07 -1.052705000000000029e-06 1.499999999999999990e-11
-1.119512999999999974e-06 9.999570000000000383e-07 4.499999999999999970e-11
-9.973999999999999712e-07 1.498592999999999951e-06 5.499999999999999748e-11
2.227892999999999897e-06 1.537733999999999997e-06 2.400000000000000113e-11
1.102725000000000102e-06 2.630100000000000026e-06 3.999999999999999920e-12
2.288584999999999790e-06 -9.338140000000000263e-07 -1.400000000000000012e-11
2.343535000000000001e-06 -2.783933999999999814e-06 -3.100000000000000281e-11
3.148341999999999883e-06 4.550329999999999957e-07 -2.999999999999999980e-11
1.016263999999999974e-06 -1.418770000000000097e-06 -2.099999999999999857e-11
2.471007000000000125e-06 2.659999999999999996e-08 -1.499999999999999990e-11
-5.277570000000000320e-07 4.723417000000000215e-06 -9.999999999999999395e-12
-1.048167999999999940e-06 1.885036999999999914e-06 3.700000000000000148e-11
-2.238947000000000097e-06 -2.043633000000000073e-06 5.099999999999999837e-11
-1.442637999999999951e-06 -3.631149999999999954e-06 4.600000000000000271e-11
-7.871399999999999929e-08 3.222210000000000105e-07 7.999999999999999839e-12
2.445634000000000021e-06 4.517969999999999791e-07 -3.700000000000000148e-11
1.597798999999999946e-06 7.391129999999999825e-07 -5.099999999999999837e-11
3.153469999999999981e-07 6.625899999999999530e-07 -7.800000000000000207e-11
-3.922050000000000104e-07 4.166699999999999849e-07 -2.800000000000000024e-11
6.859830000000000354e-07 2.653570000000000117e-07 5.800000000000000005e-11
-2.732737999999999889e-06 1.606429999999999913e-07 8.999999999999999940e-11
-3.093049999999999761e-07 3.427380000000000082e-07 8.299999999999999772e-11
-2.002241999999999964e-06 5.030839999999999804e-07 2.900000000000000002e-11
-5.535250000000000282e-07 8.465680000000000404e-07 -4.899999999999999881e-11
-9.948989999999999675e-07 9.665630000000000240e-07 -8.699999999999999684e-11
1.255625999999999970e-06 1.078222000000000084e-06 -4.100000000000000059e-11
2.408025000000000124e-06 1.136075999999999988e-06 -2.099999999999999857e-11
5.629549999999999743e-07 1.084644999999999930e-06 -7.000000000000000061e-12
2.174146000000000071e-06 9.434000000000000435e-07 7.999999999999999839e-12
9.277329999999999867e-07 6.889790000000000445e-07 1.899999999999999901e-11
-6.362859999999999842e-07 6.077580000000000348e-07 4.199999999999999714e-11
-4.915889999999999956e-07 6.949040000000000132e-07 8.500000000000000374e-11
-5.775579999999999893e-07 7.916180000000000413e-07 4.699999999999999926e-11
-2.605011999999999954e-06 9.528489999999999847e-07 -2.200000000000000158e-11
-4.470049999999999981e-07 8.756730000000000353e-07 -8.399999999999999427e-11
-6.363579999999999600e-07 7.702899999999999975e-07 -9.499999999999999506e-11
-4.190749999999999856e-07 6.344449999999999878e-07 -5.499999999999999748e-11
8.966150000000000120e-07 4.526500000000000199e-07 2.999999999999999980e-11
2.135022999999999887e-06 1.134819999999999967e-07 7.199999999999999694e-11
-7.155250000000000230e-07 -1.296869999999999886e-07 6.099999999999999615e-11
1.569624000000000000e-06 -1.947800000000000011e-07 2.999999999999999980e-11
-7.429200000000000112e-08 -1.140720000000000040e-07 -4.999999999999999697e-12
1.444250288999999934e-03 -1.058349900000000050e-04 7.000000000000000384e-11
-1.454002705000000031e-03 -1.050619020000000033e-04 -7.499999999999999950e-11
-1.318225781000000041e-03 9.580698099999999397e-05 -5.900000000000000305e-11
1.314918202000000050e-03 9.448532999999999682e-05 5.800000000000000005e-11
