1.280132000000000071e-06 -8.260989999999999912e-07 1.999999999999999879e-11
-1.372860000000000026e-07 -2.548331000000000030e-06 9.999999999999999799e-13
2.470429999999999973e-07 1.054864999999999937e-06 7.999999999999999839e-12
1.007170999999999907e-06 -1.524538999999999991e-06 -2.099999999999999857e-11
-7.971520000000000166e-07 -3.424040000000000001e-07 -6.000000000000000283e-12
-4.396169999999999852e-07 -3.076376000000000071e-06 4.999999999999999697e-12
-2.603860000000000130e-07 1.896558000000000087e-06 9.999999999999999395e-12
-1.790854999999999899e-06 -7.359690000000000173e-07 1.400000000000000012e-11
-2.631127000000000211e-06 -2.842503000000000184e-06 -9.999999999999999395e-12
-1.018200000000000052e-06 -8.415050000000000433e-07 -1.300000000000000034e-11
-1.479948000000000065e-06 7.346209999999999711e-07 -1.100000000000000079e-11
-1.908746000000000037e-06 4.340624000000000236e-06 1.200000000000000057e-11
-1.109369999999999961e-07 -8.013370000000000240e-07 1.200000000000000057e-11
7.446139999999999998e-07 6.147139999999999814e-07 -3.000000000000000142e-12
1.412694000000000090e-06 6.768700000000000517e-07 4.999999999999999697e-12
2.061925999999999984e-06 -1.298252000000000077e-06 -1.899999999999999901e-11
1.557867000000000089e-06 2.934454999999999842e-06 -8.999999999999999617e-12
8.097410000000000244e-07 8.170860000000000150e-07 2.099999999999999857e-11
1.171317999999999980e-06 1.160878000000000001e-06 3.000000000000000142e-12
-8.647309999999999629e-07 -1.947446000000000192e-06 9.999999999999999799e-13
-1.269959000000000050e-06 -1.961319999999999883e-06 -7.000000000000000061e-12
9.511489999999999629e-07 3.453850000000000186e-07 -9.999999999999999395e-12
5.077990000000000064e-07 -3.124823999999999950e-06 9.999999999999999799e-13
5.095210000000000002e-07 3.226669999999999868e-07 3.000000000000000142e-12
8.976780000000000262e-07 -3.849569999999999973e-07 1.899999999999999901e-11
5.794259999999999899e-07 1.488707000000000018e-06 -7.000000000000000061e-12
2.029864000000000103e-06 -3.179296000000000095e-06 -4.999999999999999697e-12
-5.742669999999999898e-07 -2.238933000000000134e-06 -1.200000000000000057e-11
1.795152999999999955e-06 4.336618999999999586e-06 1.999999999999999960e-12
6.544650000000000308e-07 -3.104367999999999836e-06 6.000000000000000283e-12
-1.075924999999999994e-06 -8.054690000000000507e-07 -3.000000000000000142e-12
6.730760000000000377e-07 -5.204469999999999486e-07 -3.999999999999999920e-12
-3.749370000000000175e-07 -1.980727000000000052e-06 -4.999999999999999697e-12
-4.057206999999999863e-06 2.590200000000000205e-06 1.300000000000000034e-11
-2.867300000000000138e-08 1.554147999999999922e-06 -7.000000000000000061e-12
-2.125489999999999957e-06 1.018605000000000008e-06 -3.999999999999999920e-12
4.386579999999999830e-07 -8.354050000000000085e-07 1.100000000000000079e-11
1.168033999999999962e-06 -1.339746000000000064e-06 -9.999999999999999395e-12
1.554229000000000040e-06 2.527202000000000186e-06 3.999999999999999920e-12
2.558107999999999920e-06 1.561307999999999994e-06 1.999999999999999960e-12
2.096397999999999897e-06 -1.788069999999999943e-07 -7.000000000000000061e-12
1.846027000000000096e-06 -7.844659999999999784e-07 1.400000000000000012e-11
3.761329999999999972e-07 -7.233570000000000100e-07 -4.999999999999999697e-12
3.942840000000000120e-07 -2.808499999999999771e-07 -1.100000000000000079e-11
-1.832180000000000092e-06 1.223400000000000010e-06 6.000000000000000283e-12
-1.954714999999999885e-06 2.511752000000000190e-06 4.999999999999999697e-12
-2.992100999999999934e-06 -8.210889999999999748e-07 -9.999999999999999799e-13
-2.849435999999999920e-06 -6.211459999999999691e-07 -4.999999999999999697e-12
-9.951400000000000555e-07 5.988120000000000022e-07 6.000000000000000283e-12
-9.170780000000000014e-07 1.238086999999999908e-06 -4.999999999999999697e-12
-3.559189999999999990e-07 2.947233000000000196e-06 -3.000000000000000142e-12
3.021638000000000207e-06 -1.561980999999999936e-06 1.100000000000000079e-11
2.175638999999999991e-06 -5.446509999999999714e-07 -7.000000000000000061e-12
2.054589000000000108e-06 -9.160749999999999494e-07 7.999999999999999839e-12
5.360910000000000059e-07 -3.374817999999999932e-06 -6.000000000000000283e-12
2.625705000000000045e-06 3.303547999999999850e-06 -6.000000000000000283e-12
4.306022403000000186e-03 -1.071824193999999959e-03 -1.400000000000000012e-11
-4.308508239999999864e-03 -1.070884373000000056e-03 1.100000000000000079e-11
-4.303759782999999790e-03 1.073982113000000000e-03 6.000000000000000283e-12
4.299351463999999748e-03 1.072995602999999958e-03 -3.999999999999999920e-12
