6.522199999999999997e-07 -4.550160000000000028e-07 1.099999999999999950e-10
2.178060000000000116e-07 -1.157770000000000050e-07 1.129999999999999975e-10
3.798999999999999806e-08 2.942999999999999867e-09 1.340000000000000026e-10
-9.259999999999999869e-09 2.140660000000000059e-07 2.510000000000000121e-10
-9.168600000000000454e-08 6.790729999999999822e-07 -7.100000000000000039e-11
3.860899999999999851e-07 1.992380000000000004e-07 -1.300000000000000034e-11
-2.113000000000000045e-09 1.021399999999999968e-08 1.139999999999999941e-10
3.119809999999999929e-07 -4.524549999999999841e-07 -1.480000000000000059e-10
1.075049999999999955e-07 -6.848369999999999536e-07 -7.800000000000000207e-11
3.212100000000000023e-07 2.203599999999999959e-08 -8.699999999999999684e-11
2.450800000000000015e-08 1.524170000000000075e-07 9.999999999999999395e-12
-8.463229999999999479e-07 -6.447299999999999770e-08 -1.579999999999999972e-10
-1.753870000000000074e-07 1.548999999999999841e-08 1.400000000000000077e-10
-9.858430000000000749e-07 1.322099999999999974e-08 -8.299999999999999772e-11
3.970000000000000249e-10 -1.657910000000000054e-07 -1.699999999999999946e-11
-3.500539999999999925e-07 3.201840000000000036e-07 1.799999999999999923e-11
1.040340000000000037e-07 2.136200000000000031e-07 8.399999999999999427e-11
-3.118599999999999881e-07 -8.048900000000000030e-08 8.699999999999999684e-11
-2.144019999999999898e-07 2.358769999999999886e-07 -5.499999999999999748e-11
-4.203420000000000194e-07 -4.592150000000000261e-07 1.560000000000000041e-10
8.156999999999999853e-09 -3.920719999999999919e-07 1.180000000000000061e-10
4.684299999999999799e-08 5.523409999999999562e-07 -1.579999999999999972e-10
3.374430000000000127e-07 7.319800000000000469e-08 2.010000000000000038e-10
7.299539999999999995e-07 -3.317999999999999916e-09 -1.420000000000000008e-10
2.900030000000000062e-07 2.012399999999999941e-07 -1.749999999999999902e-10
4.192410000000000150e-07 -2.854270000000000054e-07 -1.359999999999999956e-10
1.061490000000000064e-07 -4.484009999999999929e-07 -1.150000000000000035e-10
-3.436910000000000036e-07 -5.996290000000000022e-07 -7.300000000000000641e-11
-2.854120000000000149e-07 -1.701459999999999937e-07 -1.010000000000000002e-10
7.330200000000000350e-08 8.646999999999999608e-09 3.999999999999999758e-11
-2.390149999999999998e-07 3.325000000000000326e-08 1.100000000000000079e-11
-9.552500000000000338e-08 4.826699999999999803e-08 -9.300000000000000197e-11
-5.479299999999999969e-08 6.320400000000000136e-08 5.499999999999999748e-11
-1.391179999999999888e-07 1.426840000000000090e-07 7.000000000000000061e-12
-4.424720000000000197e-07 1.699260000000000090e-07 -2.700000000000000047e-11
6.630429999999999637e-07 2.065409999999999964e-07 -2.400000000000000113e-11
-6.552400000000000360e-07 1.291160000000000029e-07 2.099999999999999857e-11
7.280940000000000080e-07 1.061120000000000041e-07 5.699999999999999704e-11
7.818820000000000129e-07 7.883700000000000641e-08 3.900000000000000103e-11
-2.147450000000000082e-07 7.928399999999999712e-08 -2.200000000000000158e-11
3.517609999999999958e-07 7.644599999999999513e-08 1.250000000000000078e-10
-2.917939999999999988e-07 4.582500000000000171e-08 -1.260000000000000043e-10
-4.114180000000000117e-07 9.071600000000000313e-08 -8.399999999999999427e-11
-1.087830000000000021e-07 2.037310000000000129e-07 2.230000000000000054e-10
-1.589619999999999910e-07 2.138009999999999965e-07 -1.150000000000000035e-10
-1.815409999999999975e-07 1.184519999999999942e-07 -7.100000000000000039e-11
7.217799999999999953e-08 7.593000000000000560e-08 -8.999999999999999617e-12
3.375319999999999813e-07 8.633000000000000608e-08 -1.999999999999999960e-12
3.992799999999999860e-08 1.243370000000000102e-07 -2.999999999999999980e-11
-1.322060000000000127e-07 1.560719999999999962e-07 1.499999999999999990e-11
-4.380799999999999761e-08 9.984799999999999517e-08 1.200000000000000057e-11
4.215500000000000260e-08 -2.145400000000000139e-08 4.300000000000000014e-11
-4.632320000000000018e-07 1.843600000000000044e-08 -1.330000000000000060e-10
2.537759999999999823e-07 9.248399999999999620e-08 2.469999999999999742e-10
2.700920000000000074e-07 6.483800000000000130e-08 -1.640000000000000024e-10
3.058949999999999740e-07 -1.651799999999999941e-08 6.200000000000000562e-11
1.099922478999999960e-03 -7.663445199999999484e-05 -3.619999999999999907e-10
-1.100272983999999983e-03 -7.588138499999999380e-05 3.309999999999999944e-10
-1.087612614000000102e-03 7.568988500000000080e-05 -1.999999999999999879e-11
1.087610971999999942e-03 7.580269600000000090e-05 6.799999999999999782e-11
