3.020985000000000181e-06 1.305658999999999979e-06 -1.999999999999999960e-12
1.276130999999999954e-06 1.932447000000000152e-06 6.000000000000000283e-12
4.844429999999999923e-07 -1.254198999999999967e-06 -4.999999999999999697e-12
-1.781749999999999924e-07 1.418454000000000057e-06 -1.999999999999999960e-12
1.944530000000000009e-07 9.861209999999999137e-07 4.999999999999999697e-12
-1.101886000000000024e-06 7.050540000000000346e-07 1.999999999999999960e-12
-1.238515000000000076e-06 -7.575520000000000062e-07 -4.999999999999999697e-12
1.682866999999999951e-06 -1.523668000000000088e-06 9.999999999999999799e-13
1.745649999999999965e-06 4.649600000000000157e-08 -9.999999999999999799e-13
-6.440350000000000095e-07 -5.213599999999999516e-07 1.999999999999999960e-12
-2.084988000000000035e-06 2.089015999999999838e-06 -9.999999999999999799e-13
5.252600000000000328e-08 2.712549999999999762e-07 9.999999999999999799e-13
-1.322947000000000100e-06 -1.782178999999999907e-06 -9.999999999999999799e-13
-1.172698999999999985e-06 -1.180719999999999895e-06 -1.999999999999999960e-12
-8.585110000000000038e-07 -1.268419000000000103e-06 1.999999999999999960e-12
3.002291000000000000e-06 -1.889447999999999913e-06 1.999999999999999960e-12
1.820370000000000041e-07 1.870029999999999971e-07 -9.999999999999999799e-13
1.900548999999999928e-06 1.997771000000000002e-06 -9.999999999999999799e-13
-1.133786000000000091e-06 -3.332760000000000258e-07 -0.000000000000000000e+00
9.790959999999999682e-07 2.692509999999999802e-07 -0.000000000000000000e+00
-1.758542000000000078e-06 -1.608490000000000078e-06 9.999999999999999799e-13
1.305037999999999989e-06 -9.206700000000000511e-07 9.999999999999999799e-13
1.182800000000000010e-08 4.323740000000000043e-07 9.999999999999999799e-13
8.547159999999999622e-07 1.506107000000000054e-06 -0.000000000000000000e+00
-4.050419999999999817e-07 1.362185000000000071e-06 -3.000000000000000142e-12
-7.159459999999999974e-07 -1.529638999999999950e-06 -0.000000000000000000e+00
-8.958940000000000150e-07 2.257193000000000193e-06 1.999999999999999960e-12
-3.381510000000000003e-06 9.284109999999999614e-07 9.999999999999999799e-13
-4.469569999999999967e-06 -2.321404000000000026e-06 0.000000000000000000e+00
3.731008000000000159e-06 1.229029999999999988e-07 -0.000000000000000000e+00
-1.962230999999999831e-06 -9.791820000000000128e-07 -9.999999999999999799e-13
-1.713730000000000086e-07 3.935809999999999825e-07 9.999999999999999799e-13
6.512839999999999972e-07 1.227564999999999994e-06 0.000000000000000000e+00
-1.515113000000000049e-06 7.908139999999999767e-07 0.000000000000000000e+00
-1.245601000000000011e-06 4.357040000000000216e-07 -1.999999999999999960e-12
6.861679999999999541e-07 4.002969999999999746e-07 -0.000000000000000000e+00
-9.643349999999999328e-07 3.121450000000000201e-07 1.999999999999999960e-12
2.708493000000000006e-06 5.311300000000000053e-08 -9.999999999999999799e-13
5.856720000000000314e-07 -5.828870000000000234e-07 9.999999999999999799e-13
2.010624000000000098e-06 -5.309030000000000523e-07 0.000000000000000000e+00
3.296525999999999988e-06 -4.024449999999999750e-07 -0.000000000000000000e+00
-2.350595000000000065e-06 -6.646640000000000283e-07 -3.000000000000000142e-12
-2.470849999999999814e-06 -7.106279999999999494e-07 3.000000000000000142e-12
-1.516068999999999968e-06 -4.332450000000000126e-07 0.000000000000000000e+00
1.851437999999999959e-06 -4.856100000000000186e-07 0.000000000000000000e+00
-3.397396000000000176e-06 -4.640519999999999787e-07 0.000000000000000000e+00
-3.497179999999999820e-07 -1.439329999999999959e-07 -9.999999999999999799e-13
2.820087000000000178e-06 1.798660000000000040e-07 -9.999999999999999799e-13
1.948268000000000012e-06 5.868200000000000229e-08 9.999999999999999799e-13
-2.003630000000000161e-06 7.478260000000000420e-07 -1.999999999999999960e-12
-2.002474999999999831e-06 1.310014999999999942e-06 3.999999999999999920e-12
-4.020110000000000123e-07 1.182536000000000048e-06 -1.999999999999999960e-12
1.584979999999999943e-06 1.602509999999999968e-07 -9.999999999999999799e-13
-1.127627999999999938e-06 -4.245530000000000033e-07 -9.999999999999999799e-13
1.601961000000000060e-06 -8.015809999999999831e-07 3.000000000000000142e-12
3.548258000000000088e-06 -2.121955999999999814e-06 -9.999999999999999799e-13
1.119938850999999992e-02 -1.942338513999999948e-03 0.000000000000000000e+00
-1.119918916499999979e-02 -1.942161210000000002e-03 -9.999999999999999799e-13
-1.121451122999999987e-02 1.942610082000000103e-03 -0.000000000000000000e+00
1.121343557899999975e-02 1.942456209999999985e-03 -0.000000000000000000e+00
