2.599720000000000200e-07 1.412916000000000077e-06 -6.000000000000000283e-12
2.265868999999999972e-06 1.095266000000000035e-06 -3.999999999999999920e-12
-3.347026999999999998e-06 -1.176385999999999904e-06 1.999999999999999879e-11
2.230300000000000125e-08 -1.117579999999999979e-06 -4.999999999999999697e-12
-3.170601999999999819e-06 -1.672634999999999995e-06 -1.200000000000000057e-11
2.439799999999999917e-07 1.690439999999999882e-07 -3.999999999999999920e-12
-1.780964000000000038e-06 6.241020000000000387e-07 8.999999999999999617e-12
4.729139999999999584e-06 4.795960000000000284e-07 4.999999999999999697e-12
-6.927910000000000260e-07 -2.190525000000000089e-06 -0.000000000000000000e+00
1.630590000000000045e-06 -2.401347999999999832e-06 -9.999999999999999799e-13
-4.127413000000000220e-06 3.857616999999999966e-06 -6.000000000000000283e-12
-2.325283000000000163e-06 3.976250000000000152e-07 -6.000000000000000283e-12
-4.004423999999999965e-06 9.281739999999999838e-07 1.499999999999999990e-11
-2.998278999999999792e-06 1.706507000000000075e-06 -9.999999999999999799e-13
3.943676999999999613e-06 1.659506999999999932e-06 3.999999999999999920e-12
1.876410000000000058e-07 9.505520000000000006e-07 -1.899999999999999901e-11
3.913481999999999811e-06 4.415019999999999786e-07 7.000000000000000061e-12
3.437047000000000112e-06 3.821158000000000050e-06 6.000000000000000283e-12
2.661372000000000122e-06 -2.399640999999999934e-06 3.999999999999999920e-12
-1.578363000000000036e-06 -2.218614000000000202e-06 -4.999999999999999697e-12
-2.483430000000000209e-06 5.513099999999999782e-07 1.999999999999999960e-12
7.007350000000000341e-07 6.508970000000000083e-07 -1.100000000000000079e-11
1.001110000000000022e-07 2.478470000000000090e-07 7.999999999999999839e-12
1.133075999999999975e-06 -1.871456000000000052e-06 -9.999999999999999799e-13
9.683660000000000303e-07 -1.026541999999999929e-06 1.999999999999999960e-12
1.607998000000000050e-06 -1.412246000000000005e-06 0.000000000000000000e+00
-4.840650000000000402e-07 1.353891000000000036e-06 -3.999999999999999920e-12
-9.684900000000000650e-07 1.337308999999999921e-06 6.000000000000000283e-12
1.171698999999999910e-06 1.513895000000000097e-06 1.100000000000000079e-11
7.464659999999999822e-07 5.300029999999999847e-07 -2.099999999999999857e-11
2.446659999999999755e-07 -1.278899999999999891e-07 3.000000000000000142e-12
2.381265000000000061e-06 -4.164379999999999866e-07 4.999999999999999697e-12
1.054881999999999983e-06 1.483278000000000082e-06 1.999999999999999960e-12
-3.464030000000000083e-07 1.073333000000000020e-06 1.100000000000000079e-11
-2.548975000000000019e-06 -1.580299999999999930e-07 -1.799999999999999923e-11
8.580000000000000357e-10 -1.208938999999999997e-06 1.300000000000000034e-11
-1.513728999999999962e-06 -1.529136000000000042e-06 -1.100000000000000079e-11
-2.140079999999999930e-06 -1.324973999999999937e-06 7.000000000000000061e-12
-4.441949999999999882e-07 -3.108060000000000105e-07 -3.000000000000000142e-12
3.794119999999999831e-07 9.336429999999999648e-07 1.999999999999999960e-12
1.590439000000000071e-06 4.759300000000000007e-07 -3.000000000000000142e-12
9.462169999999999820e-07 -3.267399999999999863e-08 7.000000000000000061e-12
3.890859999999999942e-07 -3.845699999999999820e-08 -1.200000000000000057e-11
1.216879000000000000e-06 4.690010000000000053e-07 8.999999999999999617e-12
4.264839999999999959e-07 9.012039999999999481e-07 0.000000000000000000e+00
-1.305615000000000035e-06 -3.296030000000000167e-07 -7.000000000000000061e-12
-1.910299999999999907e-08 -1.255632999999999952e-06 9.999999999999999395e-12
-3.594449999999999738e-07 -1.492188999999999995e-06 -1.300000000000000034e-11
-4.341750000000000083e-07 -1.218670999999999915e-06 1.699999999999999946e-11
2.441739999999999999e-07 -4.285400000000000111e-08 -9.999999999999999395e-12
7.594269999999999882e-07 1.133785000000000064e-06 -1.999999999999999960e-12
-1.943620000000000036e-07 1.532963000000000014e-06 1.999999999999999960e-12
-1.106981000000000058e-06 -5.306899999999999961e-07 7.000000000000000061e-12
9.767740000000000352e-07 -3.211809999999999959e-07 -4.999999999999999697e-12
-1.937770000000000020e-07 4.377359999999999963e-07 -3.000000000000000142e-12
-6.233000000000000293e-09 1.272282000000000010e-06 3.999999999999999920e-12
7.408568031999999796e-03 -1.509035034000000015e-03 3.000000000000000142e-12
-7.408412833999999773e-03 -1.509029815000000052e-03 -3.000000000000000142e-12
-7.403731392000000369e-03 1.506405100999999970e-03 -9.999999999999999799e-13
7.401816311000000356e-03 1.506043013000000043e-03 9.999999999999999799e-13
