-3.695235999999999936e-06 1.413676000000000092e-06 -4.999999999999999697e-12
1.247368000000000082e-06 2.769094000000000139e-06 3.399999999999999891e-11
-2.041706999999999847e-06 1.932475000000000077e-06 -2.800000000000000024e-11
8.471259999999999849e-07 1.448174000000000087e-06 -1.300000000000000034e-11
-4.921270000000000233e-07 7.651829999999999505e-07 2.500000000000000091e-11
-8.823120000000000195e-07 -2.990630000000000198e-06 -9.999999999999999799e-13
-1.176063999999999909e-06 -2.115281000000000001e-06 -1.300000000000000034e-11
-2.099975000000000168e-06 2.270194000000000138e-06 3.000000000000000142e-12
-1.797147999999999967e-06 -3.406504000000000021e-06 3.999999999999999920e-12
-3.595330000000000206e-07 -1.701481000000000041e-06 -0.000000000000000000e+00
4.934500000000000147e-07 1.432563999999999910e-06 -3.999999999999999920e-12
2.531211000000000099e-06 -4.423430000000000058e-07 4.999999999999999697e-12
1.333343999999999952e-06 -1.657128999999999936e-06 -0.000000000000000000e+00
7.880810000000000276e-07 2.194025999999999956e-06 -6.000000000000000283e-12
6.159209999999999471e-07 2.041018000000000099e-06 7.000000000000000061e-12
-1.945230999999999825e-06 -1.567556999999999906e-06 -9.999999999999999799e-13
-3.218645000000000165e-06 -7.257350000000000065e-07 -3.999999999999999920e-12
1.132392999999999968e-06 1.734561000000000070e-06 3.000000000000000142e-12
-7.009999999999999574e-10 -1.836960999999999928e-06 -0.000000000000000000e+00
8.137610000000000299e-07 -3.385904000000000168e-06 9.999999999999999799e-13
2.508478000000000024e-06 2.672512000000000155e-06 -3.999999999999999920e-12
-1.067760999999999949e-06 -2.795038000000000123e-06 7.999999999999999839e-12
1.297936000000000036e-06 -2.899600999999999972e-06 -4.999999999999999697e-12
-2.932779999999999875e-07 8.492119999999999680e-07 3.000000000000000142e-12
-1.306361999999999902e-06 9.359460000000000086e-07 -7.000000000000000061e-12
3.019583999999999836e-06 1.712987000000000012e-06 1.999999999999999960e-12
3.861830999999999821e-06 4.546631999999999840e-06 7.000000000000000061e-12
9.054690000000000462e-07 9.150720000000000032e-07 -3.999999999999999920e-12
-4.145878999999999613e-06 -1.706644000000000045e-06 6.000000000000000283e-12
9.591029999999999294e-07 3.310599999999999879e-08 -1.799999999999999923e-11
-9.337469999999999768e-07 -5.994239999999999550e-07 8.999999999999999617e-12
-6.106639999999999948e-07 1.102494000000000078e-06 1.400000000000000012e-11
1.802185000000000093e-06 1.861417999999999946e-06 -1.599999999999999968e-11
-6.373890000000000438e-07 8.727490000000000020e-07 1.999999999999999960e-12
1.152673999999999910e-06 5.694299999999999843e-07 3.999999999999999920e-12
-1.381098999999999971e-06 -1.624847999999999939e-06 -1.999999999999999960e-12
-1.570602999999999919e-06 -1.511023000000000017e-06 9.999999999999999799e-13
-5.880720000000000000e-07 1.414681999999999909e-06 -3.000000000000000142e-12
5.720759999999999671e-07 1.827836000000000036e-06 -3.000000000000000142e-12
5.576860000000000083e-07 3.917749999999999992e-07 3.000000000000000142e-12
2.623863999999999837e-06 -4.870210000000000039e-07 6.000000000000000283e-12
2.765084999999999802e-06 -1.453949000000000045e-06 9.999999999999999799e-13
4.432180000000000186e-07 -1.555366000000000085e-06 9.999999999999999799e-13
1.076594000000000038e-06 -7.188909999999999752e-07 -1.300000000000000034e-11
-2.288804999999999934e-06 3.228359999999999932e-07 3.000000000000000142e-12
-1.909012000000000180e-06 1.867778999999999986e-06 6.000000000000000283e-12
-3.259165000000000160e-06 1.763029000000000057e-06 0.000000000000000000e+00
-1.876122999999999918e-06 -1.083217999999999926e-06 3.999999999999999920e-12
1.308670000000000031e-07 -1.423780999999999930e-06 -4.999999999999999697e-12
-9.992019999999999499e-07 5.766529999999999955e-07 -9.999999999999999799e-13
3.549176000000000017e-06 4.600189999999999848e-07 -3.000000000000000142e-12
5.759039999999999667e-07 1.486716999999999932e-06 9.999999999999999799e-13
5.804729999999999860e-07 1.135693000000000004e-06 3.000000000000000142e-12
3.535933000000000167e-06 -9.600750000000000787e-07 7.999999999999999839e-12
-4.616386999999999818e-06 5.255539999999999956e-07 -1.100000000000000079e-11
4.302176000000000261e-06 -1.726376999999999895e-06 9.999999999999999799e-13
1.345827917400000025e-02 -2.193623423000000058e-03 -6.000000000000000283e-12
-1.345929900099999965e-02 -2.194091232999999946e-03 0.000000000000000000e+00
-1.346336651299999930e-02 2.191118489999999922e-03 1.999999999999999960e-12
1.346355560299999921e-02 2.191125847000000015e-03 0.000000000000000000e+00
