-2.812424000000000197e-06 -9.812470000000000515e-07 -0.000000000000000000e+00
3.440619000000000033e-06 6.641559999999999817e-07 9.999999999999999799e-13
-3.837599999999999900e-07 7.918459999999999822e-07 -9.999999999999999799e-13
1.168114000000000053e-06 1.663834999999999969e-06 0.000000000000000000e+00
3.956562999999999984e-06 1.486009999999999898e-06 9.999999999999999799e-13
-2.475331999999999867e-06 1.235035999999999969e-06 -1.999999999999999960e-12
2.048324000000000177e-06 -2.624293999999999848e-06 -9.999999999999999799e-13
-2.894865000000000108e-06 6.499799999999999744e-08 3.999999999999999920e-12
1.103529999999999956e-07 1.673330000000000069e-07 -3.000000000000000142e-12
-1.915489999999999850e-06 -1.167948999999999945e-06 -9.999999999999999799e-13
-4.028430000000000028e-07 -4.583170000000000137e-07 3.999999999999999920e-12
1.314237000000000018e-06 1.584089999999999992e-07 -3.000000000000000142e-12
9.456360000000000378e-07 -5.412219999999999742e-07 -1.999999999999999960e-12
2.278147999999999893e-06 -1.342731999999999903e-06 3.999999999999999920e-12
1.152236000000000101e-06 -1.442191999999999922e-06 -3.000000000000000142e-12
1.402409999999999917e-07 -5.930499999999999801e-07 -9.999999999999999799e-13
6.475370000000000100e-07 1.579250000000000063e-07 3.000000000000000142e-12
-1.942115000000000209e-06 -3.709429999999999885e-07 -1.999999999999999960e-12
-3.358725000000000186e-06 -1.141758999999999947e-06 3.999999999999999920e-12
9.241220000000000478e-07 1.546060000000000015e-07 -9.999999999999999799e-13
-3.007260000000000156e-06 -2.346790000000000065e-07 -3.999999999999999920e-12
1.818125000000000063e-06 -2.561092000000000127e-06 3.000000000000000142e-12
-2.709820000000000001e-06 7.422330000000000263e-07 0.000000000000000000e+00
2.551649000000000140e-06 2.216625999999999959e-06 -0.000000000000000000e+00
1.015399999999999947e-08 1.682426000000000060e-06 -1.999999999999999960e-12
-4.355879999999999959e-07 4.714939999999999999e-07 9.999999999999999799e-13
2.069653999999999853e-06 1.825485999999999966e-06 3.000000000000000142e-12
-1.277813000000000009e-06 -1.609487000000000071e-06 -9.999999999999999799e-13
3.345231999999999789e-06 2.544549999999999846e-07 -0.000000000000000000e+00
-4.626531999999999701e-06 -1.088980999999999976e-06 6.000000000000000283e-12
1.789704000000000102e-06 2.427630000000000146e-07 -3.000000000000000142e-12
-6.645110000000000401e-07 3.334080000000000166e-07 0.000000000000000000e+00
-3.115699999999999901e-08 7.996690000000000385e-07 -9.999999999999999799e-13
9.509590000000000121e-07 1.942770000000000131e-07 -3.000000000000000142e-12
-1.373731000000000087e-06 -1.835825999999999938e-06 3.000000000000000142e-12
1.545033999999999910e-06 -9.708099999999999428e-07 9.999999999999999799e-13
-1.338192999999999971e-06 7.162390000000000385e-07 -3.999999999999999920e-12
-2.146839999999999919e-07 -7.279680000000000239e-07 3.000000000000000142e-12
2.713810999999999842e-06 -2.433219999999999867e-07 9.999999999999999799e-13
-2.217736000000000106e-06 1.060099999999999944e-07 -3.000000000000000142e-12
6.672589999999999797e-07 -1.304427000000000064e-06 3.000000000000000142e-12
1.345918999999999997e-06 6.024100000000000057e-07 -1.999999999999999960e-12
-2.564912999999999934e-06 6.116970000000000279e-07 0.000000000000000000e+00
7.896610000000000193e-07 -1.279593000000000015e-06 3.999999999999999920e-12
4.904940000000000509e-07 8.873799999999999694e-08 -3.000000000000000142e-12
-2.757099000000000011e-06 -2.562220000000000030e-07 9.999999999999999799e-13
1.126097000000000028e-06 -7.170290000000000343e-07 1.999999999999999960e-12
4.444780000000000179e-07 7.576220000000000326e-07 -4.999999999999999697e-12
-6.971760000000000484e-07 -9.698529999999999959e-07 -0.000000000000000000e+00
3.033988000000000182e-06 -1.940046999999999876e-06 -0.000000000000000000e+00
1.707329999999999976e-07 4.589500000000000168e-08 9.999999999999999799e-13
3.375249999999999998e-07 7.044170000000000270e-07 9.999999999999999799e-13
8.004980000000000520e-07 2.401140000000000019e-07 3.000000000000000142e-12
-2.365842999999999991e-06 3.052359999999999944e-07 -0.000000000000000000e+00
-6.737780000000000396e-07 -1.797250000000000030e-07 -6.000000000000000283e-12
-1.646573999999999958e-06 -5.311199999999999940e-08 3.000000000000000142e-12
8.087641656000000429e-03 -1.591894951000000051e-03 0.000000000000000000e+00
-8.088600787999999930e-03 -1.592157870000000070e-03 -9.999999999999999799e-13
-8.110896941999999957e-03 1.595466230999999973e-03 0.000000000000000000e+00
8.112516933000000346e-03 1.595737095999999900e-03 -1.999999999999999960e-12
