2.531144999999999972e-06 -2.272709999999999974e-07 4.630000000000000038e-10
-8.378190000000000459e-07 1.732248999999999989e-06 6.470000000000000405e-10
-4.210039999999999760e-07 -2.730076999999999916e-06 9.029999999999999837e-10
1.846668000000000003e-06 1.476065000000000029e-06 1.209999999999999957e-10
-6.710200000000000093e-08 -3.135870000000000141e-07 -1.019999999999999967e-10
-2.539340000000000026e-07 -2.142542000000000128e-06 -1.184000000000000047e-09
-1.765161000000000039e-06 -1.747897999999999973e-06 -1.103000000000000017e-09
-6.815649999999999492e-07 -2.368206000000000209e-06 -9.039999999999999802e-10
3.406200999999999916e-06 -5.976230000000000039e-07 -2.459999999999999777e-10
-3.355602000000000166e-06 3.196098999999999958e-06 6.909999999999999920e-10
9.641429999999999269e-07 1.629318000000000085e-06 1.141000000000000092e-09
1.442111000000000015e-06 1.760370999999999955e-06 1.393999999999999942e-09
1.918844000000000106e-06 -2.319369999999999943e-07 1.107000000000000003e-09
1.424159999999999962e-07 4.390730000000000036e-07 4.239999999999999834e-10
-1.941902999999999862e-06 -1.770367999999999988e-06 -4.369999999999999902e-10
1.371067000000000031e-06 8.911300000000000129e-07 -9.770000000000000383e-10
2.314973999999999988e-06 -4.945620000000000050e-07 -1.513999999999999942e-09
-3.848419999999999993e-06 -2.268173999999999860e-06 -1.155999999999999937e-09
5.679559999999999541e-07 1.204782000000000021e-06 -6.740000000000000507e-10
1.798509999999999870e-07 -2.762169000000000201e-06 1.599999999999999903e-10
1.240271000000000055e-06 8.571740000000000495e-07 9.859999999999999038e-10
-1.420163000000000009e-06 -9.276810000000000336e-07 1.116999999999999968e-09
9.173829999999999502e-07 4.611600000000000081e-08 1.190999999999999920e-09
-8.605929999999999823e-07 -6.703049999999999926e-07 1.739999999999999937e-10
-2.911474999999999937e-06 2.575470999999999994e-06 -2.109999999999999952e-10
4.229500000000000253e-08 1.040330000000000025e-07 -8.650000000000000115e-10
-2.628708000000000142e-06 1.595227000000000101e-06 -7.309999999999999572e-10
-5.077610000000000162e-07 -4.617104000000000340e-06 -4.610000000000000107e-10
-2.290543999999999867e-06 -6.914619999999999749e-07 1.790000000000000023e-10
4.718607000000000002e-06 4.470210000000000163e-07 8.600000000000000029e-11
2.542344999999999966e-06 -2.688179999999999922e-07 1.019999999999999967e-10
-2.768064000000000083e-06 -6.085539999999999845e-07 -3.999999999999999920e-12
1.154084999999999895e-06 2.435769999999999847e-07 -9.999999999999999799e-13
-2.299383999999999939e-06 1.564599999999999994e-08 1.010000000000000002e-10
-8.197800000000000522e-07 1.628240000000000027e-07 2.300000000000000135e-11
-2.344247000000000173e-06 8.414000000000000103e-09 1.099999999999999950e-10
1.565917999999999980e-06 -1.086519999999999991e-07 -8.100000000000000463e-11
-7.383959999999999900e-07 -9.092570000000000004e-07 -8.299999999999999772e-11
-1.505777000000000051e-06 -1.001940999999999959e-06 -1.170000000000000096e-10
4.314049999999999802e-06 -4.161909999999999976e-07 -1.720000000000000006e-10
2.739740000000000153e-07 -3.338309999999999934e-07 -2.300000000000000135e-11
1.251015999999999984e-06 -2.321610000000000101e-07 -7.899999999999999861e-11
-5.465609999999999666e-07 -3.585999999999999950e-07 6.600000000000000473e-11
1.010530000000000089e-06 -4.536990000000000183e-07 5.600000000000000049e-11
-2.344197000000000063e-06 -3.253119999999999950e-07 1.400000000000000077e-10
-4.663199999999999696e-08 -7.631100000000000087e-08 1.379999999999999887e-10
-4.023580000000000087e-07 -5.473000000000000105e-08 7.199999999999999694e-11
-2.490581999999999848e-06 -8.633299999999999624e-08 7.599999999999999605e-11
2.994087000000000121e-06 -4.816980000000000296e-07 -8.900000000000000285e-11
-2.534695999999999948e-06 -3.148430000000000089e-07 -5.999999999999999960e-11
4.150720000000000258e-07 -2.336139999999999901e-07 -8.299999999999999772e-11
1.523036000000000007e-06 -7.578900000000000453e-08 3.599999999999999847e-11
-3.851260000000000037e-07 -1.924879999999999962e-07 -4.199999999999999714e-11
1.154772000000000012e-06 -5.627979999999999816e-07 -7.499999999999999950e-11
-1.773389999999999973e-06 2.467339999999999911e-07 -1.040000000000000028e-10
1.485822000000000002e-06 -4.432479999999999996e-07 -1.749999999999999902e-10
3.944867288000000055e-03 -3.936171410000000015e-04 -8.330000000000000186e-10
-3.942249713999999849e-03 -3.926386939999999956e-04 8.799999999999999597e-10
-3.980450800999999796e-03 3.999424309999999858e-04 3.270000000000000082e-10
3.979335532000000120e-03 3.997819160000000123e-04 -3.240000000000000185e-10
