4.187849870353322831e-03
7.725147211606917669e-03
-7.092539540106414589e-03
1.440721847594736427e-02
-1.421823940587205529e-02
1.264992366063980890e-02
-1.301512702290087697e-02
3.482404328930595577e-03
-4.187877719338137239e-03
-7.725123438306893790e-03
7.092532763084725966e-03
-1.440724713906980578e-02
1.421823287172756071e-02
-1.264993833036458584e-02
1.301513780417488594e-02
-3.482415179421232201e-03
1.279332542680755580e-13
-6.286551140766150070e-14
2.054983787302955278e-13
-1.845022615590274917e-13
1.565245329182562983e-13
-2.054953429642125684e-13
6.037705058137277092e-15
-8.759572928118686264e-14
-1.287789319626142515e-13
6.258969037498118837e-14
-2.061029298616734451e-13
1.845720841789355582e-13
-1.566919337336880602e-13
2.057386379317183156e-13
-5.899794541797120928e-15
8.758098413164105978e-14
3.997209464465245610e-14
-4.310218631661810740e-15
2.304075983824982465e-14
-2.702102864376998426e-14
-1.060986693467158570e-14
-3.781762229759788596e-14
-2.877293672418068660e-14
-1.697632919656077988e-14
-3.944126926100355313e-14
4.636048489548016960e-15
-2.294236849109676513e-14
2.694058084257155983e-14
1.027086402038968060e-14
3.794317290917170737e-14
2.853712275166508938e-14
1.688026888407856418e-14
3.367098266870982570e-14
-3.169849196224105298e-14
2.661618755256389690e-14
-2.615225744295734955e-14
5.947716277820980224e-15
-7.801918833205689907e-15
-2.153073726252063835e-14
1.899782414716000289e-14
-3.412439601724326366e-14
3.170404765134209393e-14
-2.650917679813957761e-14
2.653996813983816594e-14
-6.262351748276273611e-15
7.873476176589733200e-15
2.155957704030875277e-14
-1.919037845299342848e-14
8.954154692014659744e-16
-4.946184520987495503e-15
8.489303010561499718e-17
2.436527542226674115e-15
-5.878110498347410839e-15
2.263814136149733258e-16
-1.190453985389083869e-15
4.031714198604596788e-15
-8.929489092590614518e-16
5.013134005138475402e-15
2.146720301521298779e-17
-2.273571955702102798e-15
6.197516458361640446e-15
-3.512815038853034366e-16
1.182430889312691136e-15
-4.170654707008614182e-15
-2.624853459587406235e-15
2.426376699386778579e-15
-9.637364691006400363e-15
3.053004897501931936e-15
-1.475517841589835122e-15
-7.552498123425399612e-15
7.382915351121510650e-15
-9.107298248878237246e-17
2.389581588158051773e-15
-2.454945426631771621e-15
9.641105188501475354e-15
-3.363737240136277507e-15
1.844390525723715868e-15
7.373550554856667105e-15
-7.298117188705988134e-15
1.473430752407800526e-16
-1.658233012707954757e-15
5.182621909752271883e-15
-8.422678787062265471e-15
-1.411522808358878223e-15
3.037622779179793842e-15
-4.142194399980869690e-15
-2.513505896473144929e-15
4.393431148400073205e-15
1.973031113489120969e-15
-5.585430121884948917e-15
8.765611934219430523e-15
1.144050132406704279e-15
-2.943771528624017364e-15
3.807880660094964398e-15
2.492309744001053318e-15
-4.530826668708298754e-15
-7.993931037952872742e-15
6.167429848075167698e-15
-2.888477217827256638e-15
-6.267610128812828307e-15
7.909254848281754846e-16
-7.216449660063517513e-16
-3.788581861424722419e-15
-1.854690446362328160e-15
8.469678951239512088e-15
-6.523265001084910253e-15
2.688767177655426721e-15
6.432137808487503605e-15
-2.296611251867419767e-16
2.403676216400363330e-16
4.199602905013977150e-15
1.707404969361961400e-15
-8.895092778668511890e-15
3.063413238357792778e-16
2.715519866261506543e-15
-6.162821988842104304e-15
-1.473213911973303425e-15
-7.857755245088693385e-16
2.784664859811769588e-15
-8.866578261532143124e-15
9.086237621677706322e-15
-3.347745258092116316e-16
-2.468348875989123670e-15
5.819021479946950848e-15
2.080096078022064532e-15
-3.117081245895825248e-17
-2.287775004161662906e-15
8.290284149274629311e-15
-3.327253837032140282e-15
-5.086507387161431915e-15
4.364130584688652448e-15
-3.866807048169551564e-16
-2.147506348096350770e-15
-4.465015596838428635e-15
8.640816876034559946e-15
-8.156967939640380472e-15
3.042135770722764754e-15
5.078524948666507388e-15
-4.101753658947160375e-15
8.218252467440123610e-16
2.055728634195452820e-15
4.312793611821463813e-15
-8.707607117991456036e-15
8.094870260211273205e-15
3.316791286067655165e-15
-3.446705811385730733e-15
3.776276166767011944e-16
1.570629477171125998e-15
1.605486577016534966e-15
-8.686356755410740149e-15
9.093413684806844755e-15
-1.764932059007684462e-15
-3.220758078639751609e-15
3.339776372124347859e-15
-5.020398159694128282e-16
-1.488718003039846138e-15
-2.061285170329441030e-15
9.246591122988312428e-15
-9.163690314374639545e-15
1.773090680355637883e-15
3.737244888557533784e-15
2.157562323246153824e-17
-1.797390361546469251e-15
-2.094353336590248915e-15
7.110035216834065253e-15
-7.676734139865082351e-15
3.973926222811119402e-15
2.998930314149217402e-15
-4.004771774618332003e-15
-1.973247953923618070e-16
1.597788741591887884e-15
2.284630817861454943e-15
-6.935641297389771864e-15
7.758001868956448943e-15
-3.955318603025836932e-15
-3.109925511557420919e-15
2.228035464457711612e-16
1.828886434657173155e-15
8.905907695339054797e-16
-5.672301820955349960e-15
7.265814740229498137e-15
-2.838973224257926309e-15
-3.354521521670150719e-16
2.681123552339403915e-15
-5.127192073683950468e-16
-1.018607941050131416e-15
-1.003971211721577106e-15
5.515228031216512505e-15
-7.284795054511572499e-15
2.909307452066134392e-15
8.496892425768898249e-16
-2.794856360233133330e-15
-1.329990804987968289e-15
-1.510293626272307677e-16
3.171182934302851919e-15
-4.929430209290805442e-15
4.444530952042030636e-15
-1.526014557773347491e-17
-8.069716769809609502e-16
5.743561008741959739e-16
1.576701009337044823e-15
-1.431960019310229981e-16
-2.978167842546119992e-15
4.860041270251733159e-15
-4.204840956759797743e-15
-3.590335494185747933e-16
7.404287686446631156e-16
-8.515865963787394577e-16
-1.600336616697228820e-15
-6.563217851141001091e-16
2.979116519447044809e-15
-3.342812138207307271e-15
2.587638220016841295e-15
4.168215252120521797e-16
7.730361489821646614e-17
-7.540626109636683339e-16
1.800642968063925764e-15
4.802337997752981202e-16
-2.952092780297843611e-15
3.611450331494903132e-15
-2.342933789686862944e-15
-6.700911527046660154e-16
4.049495114233359061e-17
8.988578110991074510e-16
-2.923415632835602018e-15
-9.153647891751992560e-16
3.288818870017529150e-15
-3.489260746655786782e-15
1.972489012402878217e-15
-2.540827791219779641e-16
1.424641654645952826e-15
-3.498774620719347084e-15
2.945438489464213827e-15
1.039871856158003371e-15
-3.463266999570446814e-15
3.621750252133515424e-15
-1.759768546161222247e-15
-1.219727444046192488e-16
-1.419762744869768056e-15
2.871888924588228420e-15
-2.415094220529351299e-15
-3.764783623738665597e-15
4.918943941403797204e-15
-2.947945706988086556e-15
-1.373142051452891366e-16
-8.183557997920587468e-16
4.529064840178009810e-15
-5.199996249566352091e-15
2.432102642110217650e-15
3.651755547257051759e-15
-4.756150985205098713e-15
2.704650739482339361e-15
1.434399474198322366e-16
1.344844374751019700e-15
-4.421213829070014256e-15
4.960008098686685685e-15
1.896432230003020081e-15
-6.478568766524195333e-15
3.834768873972604908e-15
-2.746826203992025484e-16
4.655564128652756040e-16
-5.410087525539730713e-15
8.640169742862857660e-15
-3.687510502026550285e-15
-1.447924896300079034e-15
6.408258255638510370e-15
-4.048194071626376456e-15
6.286204196070954708e-16
-5.711034943567394606e-16
5.391520563335916449e-15
-8.155965052630831380e-15
3.391648669814201211e-15
6.456451042205491042e-15
-5.748873599387138711e-15
8.055080040481055192e-16
-7.505931640117147197e-16
6.314122402012456448e-15
-1.048927654803688547e-14
7.532494593343042055e-15
2.604938020931563125e-15
-6.550451370559984277e-15
5.544257544384811887e-15
-9.069351172841244590e-16
6.084542591988650884e-16
-6.045565523887796999e-15
1.027205664277941466e-14
-7.379533995596071483e-15
-3.142661640902905118e-15
5.710872313241521780e-15
-3.829944174305044413e-16
-2.072994553792284478e-16
-6.530610470803499545e-15
1.188494289962316319e-14
-7.437640455777716486e-15
1.840026611979461713e-16
8.674376321404775325e-15
-5.547320415522083437e-15
5.363006046199547683e-16
2.737068384439655944e-16
7.521191785694880672e-15
-1.253408184534454684e-14
7.658375547766292646e-15
3.034139779700684159e-16
-8.357572446604510930e-15
7.158986944921785778e-16
-1.539187614169046370e-15
6.809982265598701900e-15
-1.276095114993713864e-14
1.093360970337575733e-14
1.528548880351532357e-15
-7.409085281059879513e-15
6.830636316984550760e-15
-1.725507757510680307e-16
9.733967104574858809e-16
-6.910433596879483886e-15
1.323382592746669140e-14
-1.100790465724532652e-14
-2.014921974928529647e-15
7.114968336718874298e-15
-6.613633252161577047e-15
-7.491837011874835639e-16
-8.080233530882718895e-15
1.403997090029113215e-14
-1.027552608973136827e-14
1.404692334672219545e-15
8.887557573569737635e-15
-7.138116053101439817e-15
9.576757789564460666e-16
5.220433460517703850e-17
7.892937605585848004e-15
-1.374624697923765293e-14
9.915991096808018934e-15
-1.515606216917486648e-15
-8.975161109106566393e-15
7.224798016791655897e-15
-4.244109404194507107e-16
6.169083256388208092e-15
-1.395731403716626851e-14
1.256823421377784022e-14
3.565669894761702707e-16
-6.777266465043951804e-15
7.270388718144671358e-15
-5.555451931815724720e-16
-2.909456529864851149e-16
-6.239475082436829467e-15
1.374875419676152566e-14
-1.221725764175354834e-14
-6.921546669147460307e-16
6.884195904305334679e-15
-7.488909666009124777e-15
8.918104969779516722e-16
-2.166778041712280611e-16
1.300297217989021537e-14
-1.053338494173220591e-14
2.714273033763148213e-15
7.715968705981901543e-15
-6.115550774121736310e-15
1.077588539233342857e-15
1.292043728950975634e-15
6.321305241405172914e-15
-1.314557187062637134e-14
1.043104472697904683e-14
-2.629298688494596803e-15
-8.082754300933747693e-15
6.062533287887195144e-15
-1.484923295436146873e-15
-4.730374078554255846e-16
-6.426906533005261046e-15
1.136044654615614435e-14
-7.141233134347335643e-16
-4.449972291695192261e-15
5.851927015881885907e-15
-3.961132637175790450e-16
-2.931682674400803990e-16
-4.616993636366584219e-15
1.196438781381203853e-14
-1.155658549542235014e-14
8.027026309267992765e-16
5.397646305610459549e-15
-5.981597595711152238e-15
-1.763996934633915714e-16
3.011371534078488565e-16
4.513262593514033583e-15
-1.175348338620929578e-14
3.119547805838229770e-15
5.308687517358023911e-15
-4.864164626638967093e-15
1.321588238151205630e-15
2.171385900945344005e-15
3.274670031666593317e-15
-1.008879937057505227e-14
9.429262248393174839e-15
-3.040888938224406424e-15
-5.518480637733969019e-15
4.045863036955532621e-15
-8.950088933867839103e-16
-9.424969485416490045e-16
-4.492960907834242512e-15
1.004689495660848753e-14
-9.138218339584808225e-15
-3.548349765056246774e-15
5.176198011880295269e-15
-6.684106393373134836e-16
-1.131636017531745253e-15
-2.217600018547538632e-15
8.623567897096673374e-15
-8.692672233065468212e-15
2.300134908927997657e-15
3.187256231509949522e-15
-3.703471990884610321e-15
8.125011080606370228e-16
8.516950165959880081e-16
2.287341323292668704e-15
-8.790467269023660712e-15
8.667681372989677335e-15
-2.063399364565787764e-15
-3.866048106648811711e-15
-2.816215143031097767e-16
1.269058642894282940e-15
2.499411268230833372e-15
-5.296910371259400119e-15
7.011223741339167592e-15
-2.699202623565599701e-15
-2.166317255788974272e-15
3.347636837874867766e-15
1.008308020411519124e-17
-6.168026159270034725e-16
-1.983168403801860435e-15
5.449457616928110593e-15
-7.199237950575310130e-15
2.798922118379953972e-15
1.893803039734742732e-15
-1.051676107310939301e-15
-6.538281201173834489e-16
-1.029992063861229212e-17
3.670024353863432509e-15
-4.401960770178924010e-15
3.303143891221493877e-15
5.209049337706606053e-16
-2.246087430629595261e-15
1.432881591156842660e-15
7.681572392059798915e-17
3.973872012702495127e-16
-4.411212064028835478e-15
4.742052968830998139e-15
-3.245559203335357523e-15
-7.953978187896781904e-16
1.486929069455245056e-15
-7.343301314244321532e-16
4.691884901431020438e-16
-1.072655419348533812e-15
3.704095407133789486e-15
-2.734412089117066458e-15
1.083578756236325269e-15
1.254476123674352905e-15
-1.231762088160781587e-15
5.078402975922102769e-16
-3.101360314394785433e-16
1.665117696503237710e-15
-4.015396955908689947e-15
2.821039842698658262e-15
-1.220947171490238681e-15
-1.347663300399482011e-15
1.362354239836660597e-15
1.090165284434174708e-16
-1.858322523640154600e-16
-1.403011821304867013e-15
3.089935534002219431e-15
-1.883096543281448376e-15
-4.569099005397037061e-16
6.552917930502388799e-16
-1.146001696317178187e-16
-6.900946827870235722e-16
-1.324352953691043666e-16
1.446867799181905667e-15
-2.967617200155120427e-15
1.911340009874695767e-15
1.173757271932807100e-15
-9.982249402074039324e-16
-4.172552060810463814e-16
1.381707248615526851e-15
3.752423718972330846e-16
-1.856709772908582412e-15
2.174963768114546170e-15
-4.451463069682359830e-16
-1.309716224362489356e-16
-5.886675695510046324e-16
1.918170483561354445e-15
-1.556534848928814441e-15
-4.056813478897636216e-16
1.925949634148937939e-15
-2.661065812148422083e-15
1.122772664771676254e-15
6.707958841167815933e-16
-3.939990694812323113e-16
-2.509331718109075737e-15
4.419750156137158825e-16
1.124209232650219548e-15
-2.571625909181946001e-16
5.676340474047858464e-16
1.961755410895271723e-15
-1.752341761279696541e-16
-8.810226853617209031e-16
3.156519099919985472e-15
-6.770300466085732438e-16
-1.288682702216270570e-15
1.756495610853031630e-15
-9.377806690913370602e-16
-2.250424239319537278e-15
4.065758146820641628e-19
1.267269709309681858e-15
-2.859095338952899468e-15
7.315654158845941168e-17
1.093255260625758396e-15
2.637647045222735187e-15
-1.902666392494811731e-15
2.120753659490270948e-15
1.342919915894857930e-15
-3.414911582677593316e-15
1.220269545132435240e-15
-4.085002735382259331e-16
-1.438953123322761485e-15
-1.896323809785771530e-15
9.452074539728627656e-16
-1.808286593379948570e-15
-1.030534164947471965e-15
3.146463124770182418e-15
-1.144104342515328554e-15
-1.623484333079794339e-15
1.348964343006464617e-15
1.311179897295344787e-15
2.110399528743034381e-16
-3.868704401971401197e-15
2.033746435148309217e-15
-4.761382260687341272e-15
-2.733273676835956678e-15
1.170179404763604936e-15
-1.681814409959514478e-15
-8.178950138687524074e-16
5.306898583773422828e-16
3.840460935378153806e-15
-1.489802205212331643e-15
4.676814491233471927e-15
2.711372792951749489e-15
-1.265643406050953601e-15
-2.347500991338458132e-15
-1.604930923403136145e-15
-5.576051773092949304e-16
-5.640236541704091167e-15
-1.162047888469963652e-15
-3.331211174961712373e-15
-2.514319048102509058e-15
1.556318008494317340e-15
2.174069301322245629e-15
1.801469672220445961e-15
6.151763126682752159e-16
6.066870096577137161e-15
1.170504665415350587e-15
3.547943189241564710e-15
2.409314067697287953e-15
1.479355917280433808e-14
-1.802225903235754600e-14
3.857808170137921877e-15
-1.574955443839343161e-14
-1.228531165686774784e-14
-3.953434801751143368e-15
-2.020605904817784904e-14
9.581853539775142536e-15
-1.528367276487641035e-14
1.758662659945287032e-14
-4.180033055800613795e-15
1.522176482082748805e-14
1.263399107553908607e-14
4.127774511086812481e-15
2.023988615595939677e-14
-1.035651599201603545e-14
1.423112929582748265e-14
-2.286539013685029431e-14
-2.077656623133972147e-15
-1.250421207549257119e-14
-2.010891453352314784e-14
6.511501407513442530e-15
-2.894039174972107276e-14
1.682497457328180346e-14
-1.360272571665488428e-14
2.408658125382934223e-14
2.162115972370592942e-15
1.216398943376661990e-14
2.118747885471172765e-14
-6.756097417626172330e-15
2.974546607290018407e-14
-1.786033343789683592e-14
1.498159235557849911e-13
5.818262538426210995e-15
7.883017155707605639e-14
1.096163090852364519e-13
-3.107410162517254548e-14
1.484840896071037974e-13
-1.407125284347277017e-13
1.158903702169755690e-13
-1.503016461290584971e-13
-5.637851296924623057e-15
-7.885359032400174328e-14
-1.101384608515054708e-13
3.064822701182023934e-14
-1.482052328083405257e-13
1.400470993513647233e-13
-1.139839091168770580e-13
-9.310107818534602703e-03
-2.296151222757653217e-03
1.571965324143836159e-03
-1.197798947407826414e-02
1.153340569687111121e-02
-1.464303549440130678e-02
1.473868571099355707e-02
-8.730731020413501006e-03
9.310177093751693250e-03
2.296124888275226459e-03
-1.571968606216500586e-03
1.197805588244732142e-02
-1.153340876263186758e-02
1.464302453220319919e-02
-1.473870710207483489e-02
8.730721161337783726e-03
