4.128990936354713301e-03
7.959527027127658722e-03
-7.929515119836919729e-03
1.535187960781677491e-02
-1.534360916458180242e-02
1.375169520638906684e-02
-1.376896321528804125e-02
4.096233571651853797e-03
-4.129024439850434089e-03
-7.959496803462161318e-03
7.929509997451816838e-03
-1.535191318776702070e-02
1.534360159997999636e-02
-1.375171378385297780e-02
1.376897605189143781e-02
-4.096247981160999578e-03
-1.251516251743467478e-14
1.886511780124777715e-14
-2.145983044044008636e-14
4.396114548776974829e-15
-3.503274059735161927e-15
1.590741427470732106e-14
-1.312578518097851088e-14
1.774622115924273658e-15
1.070497857025287658e-14
-1.503137891933903347e-14
2.069091425971336662e-14
-7.550167088754555778e-15
1.303861532631067632e-14
-1.843837582615748261e-14
1.614333666744016682e-14
-2.101617491145901795e-15
-1.988415942316690277e-14
1.098264274662641427e-14
2.204616697532024716e-15
3.079676270945075345e-15
-7.895539690799813215e-15
6.037271377268282890e-15
4.691342800344777686e-15
-2.515565880600867388e-15
8.483231478395580893e-15
-6.814915385483510946e-15
1.824929096727601063e-15
-1.343256018568328436e-14
8.673861325372844711e-15
-9.331402837930991012e-15
-3.701303586539639312e-15
5.932483237297558887e-15
1.276691426188580891e-14
1.240794847510301446e-14
1.280551185922629287e-15
-5.018555016000902924e-15
1.231219987074538835e-15
-7.927686285214008421e-16
6.502610949699061393e-15
1.346535730140097087e-14
-1.274696494191207563e-14
-8.717148097109328475e-15
1.331617108246696546e-15
8.734332701543223720e-16
-9.291612618200772999e-15
-6.458809181930647014e-15
-7.098054782828100429e-15
7.389488326792204020e-15
3.843087415140999941e-14
-4.329696323690512827e-14
-7.850816351184786157e-15
5.724153789854469210e-15
-1.303991636891765893e-14
5.293942367812221050e-15
4.121594558703645106e-15
-1.984122501713647679e-14
-3.772950376602912659e-14
4.490884660673932771e-14
1.332256787528462993e-14
-1.025828727518884875e-14
1.474319798189238639e-14
-2.543755137085490503e-15
6.766505758482033173e-16
1.768604793866979108e-14
-2.457241224732009677e-14
-4.729914647883665113e-14
8.190388471607246146e-15
-1.125456065148577878e-14
-6.381370041760869860e-15
1.200753906027696161e-14
-5.727712683485652878e-14
2.260507319523652470e-15
1.603057964150167436e-14
4.677881075120654542e-14
-1.874520504097088036e-14
9.817803037562300439e-15
2.059371553495004115e-14
-1.255972322672382901e-14
5.066062044693786515e-14
2.585496920726182424e-15
-2.784881700246266689e-15
-2.199195686669597194e-15
-3.297427435267064055e-14
5.740416822441751776e-15
-8.276392808939658785e-16
-1.829829690547235543e-14
-8.645601595747010037e-14
8.973068598913669369e-14
9.079000572176365580e-15
9.075856385876157617e-16
2.170312540794583356e-14
2.276282461133316559e-15
1.188929326084026128e-14
-3.697129408175570120e-17
9.265559239995946328e-14
-9.147676648287028645e-14
6.315911335597057530e-15
-8.791144895381464153e-15
-8.878585800592420085e-15
1.795254483266672807e-14
-3.763721105609629802e-14
3.095614042880612260e-15
8.907371368271910228e-15
3.146343862531209012e-14
-7.275538678463977504e-15
1.446824431095006247e-14
1.000274082313401536e-14
-2.766244264901240868e-14
4.127086042707284186e-14
2.551886653379131786e-15
-1.244208729100915178e-14
-3.488973433080078124e-14
-2.031063034771407594e-15
-9.363224171693440567e-15
-2.253460005402496691e-15
1.127928046101844828e-14
4.302184693563693152e-14
-5.155760800928943510e-14
-9.783569353966070636e-15
3.585083889912771271e-15
-1.472102604746505783e-15
9.146925838282582433e-15
6.593196041210225289e-15
-1.337997638031773739e-14
-5.178149575790769177e-14
5.532949315725788075e-14
7.704882738768237260e-15
-4.375562141344796485e-15
-6.057329117459264722e-15
-2.039248761173673152e-16
1.771185195037494609e-14
1.510196048076783981e-14
-1.183260303974642547e-14
-2.025311342246371993e-14
1.377966751120451860e-15
-1.005695093175829058e-14
8.003797277722490833e-15
2.296977170100633625e-15
-1.817204156248641844e-14
-1.400106159482605861e-14
1.887048460200158040e-14
1.133858631985340537e-14
1.841405581617591714e-15
5.695151381740481966e-15
-2.653096926180653625e-15
2.222419297204236699e-14
5.472965830533027543e-14
-6.206114181589450496e-14
-1.128968880187430912e-14
-8.452765397348738219e-15
-1.433205496555872704e-14
-9.603706989814303485e-15
-1.342784390623297242e-16
-9.905298152881880647e-15
-5.451373944267978722e-14
6.339725836315701635e-14
1.222749657601995832e-14
3.170261362456239240e-15
2.287444322499054827e-14
1.215011164595880544e-15
5.214703452036117959e-14
2.560560270759015822e-14
-1.888382028872315210e-14
-5.643445780134648260e-14
1.611024139612504680e-14
-9.354035558281625917e-15
-2.342372715062601696e-14
2.414618526826173284e-14
-7.630154104029673867e-14
-1.171794866000608337e-14
9.991139859888420460e-15
6.920896147843969004e-14
-1.459085402413101695e-14
1.905448726319952657e-14
5.559951370831539563e-15
-1.713773979498955935e-14
7.956108645165715920e-14
-8.190984782802113173e-14
-1.881849710783090046e-14
-7.245397858068880481e-15
-2.591163232330134791e-14
-6.704245448727053081e-15
-3.634733573149029340e-15
-9.996018769664605230e-15
-6.835585699901947088e-14
7.110121953007864093e-14
2.455484817212583160e-14
1.555266332387006400e-14
3.325016314798673323e-14
-2.613276213264334458e-15
-9.168880932275413898e-15
4.391235639000790059e-15
-6.078796320474477710e-15
-4.677310513727384045e-14
2.209332976982336660e-15
-1.201058837888707709e-14
-1.282017569360915932e-14
2.506301373036978752e-14
-4.858423776135656347e-14
-2.722220235687466960e-14
6.029790382278132910e-15
5.637881112484366408e-14
-3.886051636731169268e-15
8.804534792211660132e-15
1.519802756951363354e-14
-2.554938682494678481e-14
4.940855667309729249e-14
2.243658817763227731e-14
-2.501980827379624017e-14
-2.686395485403114680e-15
-1.042820886067163944e-14
-6.122652298351516365e-15
5.474895710400051740e-15
-6.575144075038341640e-16
-4.016768471656884110e-14
2.154976501064775896e-14
1.173643430704696122e-14
1.379744842683328088e-14
7.715453709949970929e-15
5.691248253919534150e-15
-5.578057547112047487e-15
-4.227683741281351715e-15
4.602351486027167482e-14
-2.630263628428108902e-14
-9.374757372303255121e-15
7.863650594401583316e-15
1.736891880321778103e-16
-1.097535148701644925e-14
3.384472606685062779e-14
-1.557662419188199365e-14
-8.781983387023961640e-15
1.679971266266289120e-15
7.321441087941582548e-15
-9.837481306992912344e-15
4.947810824246223760e-15
6.576119856993578594e-15
-2.213425840183469440e-14
1.234987589623925963e-14
2.891404563692967500e-15
1.966525900454207942e-15
1.470489854014933595e-14
4.428098512865297209e-15
1.473840038727913804e-14
1.733964534456067241e-15
3.039327687096027297e-14
-4.303339368877390214e-14
5.996830636234573575e-15
-1.408920723144913012e-16
-7.769711252419292391e-15
-1.272116093020692063e-14
-7.338801875228506688e-15
-6.669632294370453351e-15
-3.585738476974409394e-14
4.853349709968424186e-14
-7.205445008012789643e-15
-5.191038029116190611e-15
1.361465194055222483e-14
-3.139724808268185008e-14
8.220838289621501538e-14
-8.127450535494462613e-15
-1.445870333183219003e-14
-6.455724626749925754e-14
2.398783754097022491e-14
-2.589848044272933039e-14
-9.336742533630482122e-15
3.276084915501686901e-14
-8.043815179908930801e-14
-9.199455433539505123e-17
1.807359600522473464e-14
6.276801452730074171e-14
-2.545595570273284647e-14
1.887350596852443649e-14
8.016861913900941161e-15
1.828398543679554678e-14
7.060985910550821032e-14
-8.267778822679261452e-14
3.382114466959906807e-15
-1.528063699879345094e-14
-3.291827531046176425e-14
-3.998632479816632834e-15
-3.209346850774341675e-15
-2.136962481968929239e-16
-6.742631626643902365e-14
7.764812013852373518e-14
-1.237559859278147822e-14
2.918157252299047322e-15
2.652641561268209713e-14
8.602541151214032622e-15
7.227253734712335564e-14
8.798788520697486959e-15
-9.356231067680909064e-15
-6.628223902897800723e-14
1.388540432807616742e-14
-2.171981195700674327e-14
-1.249385794474533462e-14
3.957449060294770948e-14
-7.372271196293134210e-14
3.502515118214422074e-16
4.834349066895615721e-15
6.203002521354417098e-14
-1.417816601970156576e-14
1.459419641614088242e-14
1.720787412302221542e-14
-3.458377247772537189e-14
3.843556332580599921e-14
-3.851747479993727907e-14
1.029775223426732111e-14
-8.250805637669000880e-15
-1.726730873086515516e-14
-3.631047285762578625e-15
-3.582231082946418788e-15
1.875995019051668322e-15
-3.775728644669906764e-14
3.549916437195488328e-14
-2.561156581953882849e-15
5.000082921487181142e-15
1.358104167320517419e-14
5.383741412748332955e-15
-1.630938223015632182e-15
-4.009108583308274021e-15
-2.497188653777238088e-15
-8.216138273203776876e-15
2.309702993100182233e-15
6.506419209829916728e-15
-6.544732204100123241e-15
5.771967105661079955e-15
-3.741527487138851527e-15
1.351550165187842545e-14
-1.007435237662668293e-14
-4.920759980042710424e-15
-1.806971998245809896e-15
-7.006033123438393240e-15
4.029003693173383027e-15
-6.559287618265741138e-15
8.129402099404936521e-15
-2.590158990067870093e-16
1.717690659847059820e-14
-5.984795992119984476e-17
1.461573646398955928e-14
-8.767942968890274358e-16
1.173052540520691522e-15
1.176456935342296006e-14
2.622099586069293053e-14
-2.848329211380118409e-14
-1.217353041288449234e-14
-1.344131511822610481e-14
-3.629183813278619164e-15
-1.178413920263632342e-14
1.511919929531035933e-14
-1.752076131747437593e-14
-3.508299336804632240e-14
3.984339984677842672e-14
-1.032081863548695022e-14
1.460094049246692116e-14
2.011692407707238450e-14
-2.661859990239767715e-14
5.447237712979946522e-14
2.453587463410733527e-14
-7.220190157558592503e-15
-5.050354665719902769e-14
7.208399458932812642e-15
-1.690099069810019339e-14
-1.351521704880814800e-14
2.931042995119037542e-14
-6.511040621590136190e-14
-2.490905702187684589e-14
7.199319265738246543e-15
6.697122240453823316e-14
2.287497177354963496e-14
9.952067924097474094e-15
-7.885131349943952372e-15
1.557429315721114982e-14
7.493154317514405527e-14
-7.769072928390241550e-14
-1.715093995643957037e-14
3.650373189487132741e-15
-2.332587790455920018e-14
-1.188517329258481636e-14
6.632606790180073375e-16
-2.487013416388461629e-14
-7.141325291531996911e-14
7.429045443055337650e-14
2.081302252938954656e-14
1.053996299960058280e-14
1.528660011074212122e-14
-3.983656937309176804e-14
7.662512117867503747e-14
8.934096951823677912e-15
-1.478011506586551782e-14
-7.542661699215524873e-14
9.417461385372027927e-15
-2.084840817779404221e-14
-1.505909383737319418e-14
3.454208490419330424e-14
-6.530664680912123821e-14
-1.729454253418527543e-14
2.407937130938231363e-14
7.223889997472199287e-14
-7.573070859648312059e-15
1.909503642445048444e-14
-6.955861667906626522e-15
1.488587898779147878e-14
5.805338848530183782e-14
-6.415766355682972488e-14
-2.213078895488274078e-14
2.091453095778850191e-15
-1.897380906903944897e-14
-6.839689405124804722e-15
4.927048352643126350e-15
-1.237600516859616029e-14
-5.333607904292603230e-14
5.741365499342676593e-14
1.478916815400577178e-14
-5.820552915515586623e-15
1.390158604550051358e-14
1.446404302753168114e-14
2.772510953458207084e-14
1.167013534419947263e-14
-3.529565962417935410e-15
-4.061556863402260298e-14
6.617360197129495969e-15
-2.750173678199574478e-15
-1.303609455625964753e-14
1.279599798516273257e-14
-2.276401723372289965e-14
-1.726098647694684907e-14
9.093203620635925688e-15
3.002448550198932864e-14
-8.418192900573606696e-15
7.077089023317661987e-15
2.934176339397520650e-15
-8.002848600821566016e-15
1.636603179366868943e-16
7.676314011523244218e-15
-1.148525176873638198e-14
6.324883108574375079e-15
-3.737814094698088674e-15
5.739698538502480130e-16
1.074552773150383445e-14
-6.052124947031334301e-15
-1.316752696461920280e-14
7.389759377335325397e-15
1.485058820707707561e-14
-3.496524901211439662e-15
-1.626886017395967610e-15
6.763700385360726930e-15
-2.162132235403180225e-14
1.306588301094868676e-14
-5.863473769018856530e-15
2.217833122014623015e-14
-1.538211832213809416e-16
1.102782687216474766e-14
1.987640737763363141e-15
-1.257818176871039473e-14
1.323740379463589356e-14
2.780978572425318873e-16
-2.140974030007125606e-15
-1.393779839806152943e-14
9.767313097642366104e-15
-9.133996727375692792e-15
-3.189722791452354045e-15
7.693634141228700152e-15
-2.663971473970683235e-14
1.531749987265795809e-14
2.461301561867967891e-15
1.524377412492894379e-14
1.373315523800489046e-14
-3.127259193790032921e-15
7.158986944921785778e-15
-1.996788693593709585e-14
2.923979417965294481e-14
-3.876158291907239040e-14
9.052274988624597896e-16
-1.202472366471085685e-14
-9.873476819119431092e-15
-1.640289466753319658e-15
-7.411335000567786935e-15
1.650917358549108815e-14
-2.419863354835571911e-14
3.553250358875881254e-14
-1.659783421814609028e-14
3.446895546765915697e-15
1.131565544390533695e-14
-1.053139780243794732e-14
3.168185115295929499e-14
-3.145595763032194014e-15
-3.285186792739702710e-15
-3.374544025290526772e-14
7.572013762530138692e-15
-4.030521576214862733e-17
-1.156556404466324572e-14
1.675894666097743624e-14
-2.380891707745580455e-14
8.280594092358040115e-15
-3.099354540375687250e-15
3.078527016642240710e-14
3.424994662881708507e-16
6.449159782595526025e-15
2.055945474629949921e-15
-7.633325395384193968e-15
2.962652909457852424e-14
-2.349222162287278870e-14
6.019273621205023517e-15
8.934368002366799288e-16
-4.426580629823817503e-15
-6.383457130942904456e-15
-6.248175804871025640e-15
4.847684753617187425e-15
-2.011672078916504347e-14
1.376161554503263496e-14
-7.503004294251436335e-15
7.166847410672305685e-15
-2.049142105997603380e-17
-7.360865389438586703e-15
1.218288165662217981e-14
-3.192108036231822155e-15
-1.953081793515387687e-15
-7.904267518288321526e-15
-2.490412390199203685e-15
6.154690472548463021e-15
-4.473635004109688396e-15
8.713407599614253485e-15
-8.589456186244848190e-15
-1.552740141325115175e-15
-5.528943188698454136e-15
3.926275537330381482e-15
-5.638501818228114359e-15
-1.107891989954312706e-15
9.641809919913590932e-16
-7.347529702717014999e-15
-2.777969911396671598e-15
1.433309851014974434e-14
-2.765311851032903334e-15
1.546234928290202149e-15
4.761219630361468447e-15
8.066464163292152989e-16
3.370459293605687634e-15
1.503940201541542621e-14
5.066341226753201532e-15
-9.609717535608020000e-15
-7.652461563728563121e-15
-3.959777384460183569e-15
-6.807813861253730892e-15
4.514021535034773436e-15
-2.133753243538372146e-14
6.474381035632970072e-16
7.802731984835054035e-15
2.544210501997934415e-14
7.076045478726644689e-15
-5.809155240177332757e-16
9.671300219005196652e-15
-8.183341157486090367e-15
7.160071147094271282e-15
-7.021083204845207648e-15
-7.303348464188230693e-15
-1.026370828605127627e-14
4.368250552944097365e-16
-4.589861477000134471e-15
-5.775761813264779221e-15
3.148848369549650528e-15
-1.695713881810778645e-14
1.000892077551718273e-14
8.308458088190917579e-15
2.750837752030221850e-15
6.471385927131478866e-15
-4.592680402648596782e-15
-9.425620006719981347e-15
6.262134907841776510e-15
1.329031286065318618e-14
-1.098242590619191716e-14
-1.469267416065456189e-14
7.541710311809168843e-16
-4.670309278198558900e-15
6.196432256189154941e-15
-2.121566811119635076e-15
-5.611396763915976749e-15
6.607995400864652424e-15
2.806619953804601053e-15
1.538591302974179342e-15
-3.250546533328790844e-15
1.534796595370480077e-15
4.866224610766689551e-15
-2.594821059409557762e-15
-1.499180554004331256e-15
1.127234156711454105e-14
5.504494429708906011e-16
1.068155980332718968e-14
-4.475261307368416652e-15
5.916816515905143348e-15
-8.555981444169358241e-15
5.629882410956854599e-15
-9.785195657224798893e-15
1.685283856911468092e-14
-9.268627532144080305e-15
-5.414939330261603345e-15
-4.033232081646076495e-16
-5.941427905220564298e-16
4.088309552008340120e-15
-9.750663818031135577e-15
1.044693845320132652e-14
-1.359155843427828358e-15
-9.679756995950583587e-16
3.834606243646732082e-15
3.877974330546152260e-15
1.041701447324072660e-14
-2.022600836815158232e-14
8.256877169834919705e-15
-1.333048255114377412e-14
-9.685854757509909652e-03
-2.090617245088371816e-03
2.056368487677442958e-03
-1.261642930760037591e-02
1.259548980691677957e-02
-1.574994340278472807e-02
1.575629202286186331e-02
-9.659232530740090999e-03
9.685814598867647368e-03
2.090685452793551030e-03
-2.056387410109892025e-03
1.261651396146780055e-02
-1.259551023900972941e-02
1.574993078392203372e-02
-1.575627270925564899e-02
9.659222184771687827e-03
