2.376554805756811439e-03
4.022498280601951616e-03
-3.037543231884571628e-03
6.966638036546331757e-03
-6.672283526654210900e-03
5.829872704439823146e-03
-6.398521824159769840e-03
1.278014598738027967e-03
-2.376564412634419102e-03
-4.022491586525275831e-03
3.037538375089681320e-03
-6.966647877099369120e-03
6.672281436954928362e-03
-5.829877983266922546e-03
6.398524996444655139e-03
-1.278017637623531230e-03
3.666038826677375795e-13
-9.074772183703672113e-16
4.101025075087250116e-13
-3.007314449549047808e-13
2.143746334962171041e-13
-4.258804680440375634e-13
-1.087329011550952629e-13
-2.996678426236965009e-13
-3.678372710591570893e-13
1.167685739766888275e-15
-4.110981303637184503e-13
3.018977754419560622e-13
-2.145043040760463704e-13
4.256866126955971552e-13
1.085635487757530271e-13
2.988967580386248102e-13
8.130551353707771156e-14
5.591156064608387988e-15
3.762197801557287669e-14
-5.628917471023342500e-14
-2.750011047873701653e-14
-8.560730249684844750e-14
-7.741637192415495861e-14
-6.494788431024578479e-14
-8.091427918313631729e-14
-6.489654733737859615e-15
-3.772473327647019037e-14
5.641510479256761634e-14
2.789424507348980953e-14
8.584186963686568639e-14
7.721807134680735984e-14
6.475912471201605847e-14
1.467277905078945288e-14
-1.105117787645465421e-14
7.799601351062002141e-15
-1.513345655387854372e-14
-3.462616478266955511e-15
-1.030241430360900878e-14
-1.233789546223329481e-14
4.986787892347077644e-16
-1.450570349600943665e-14
1.099879735899644828e-14
-7.670378004628886082e-15
1.465423919363995076e-14
3.463266999570446814e-15
1.010606529017188393e-14
1.237432465522880776e-14
-3.886864788360533396e-16
-7.200932016469818731e-15
5.082997282628010094e-15
-1.277586062387470883e-14
-5.003999601835285027e-15
-1.024858366574510349e-14
-1.226002264119452345e-14
-2.057720855687394934e-15
-1.127784389313990498e-14
7.456234523035842887e-15
-5.064199927462542661e-15
1.267590904203280688e-14
5.642025475288692249e-15
1.001146865062252367e-14
1.230850680709535960e-14
2.291108925842055832e-15
1.174279721854673553e-14
-8.949194467075538562e-15
1.206644173142902565e-15
-8.820228618658387809e-15
-6.263544370666007666e-15
-3.292654235202696622e-15
-9.801892370681075661e-15
2.643671143543607771e-15
-6.904524695039437887e-15
8.916478666520788465e-15
-5.596736317664899318e-16
8.350254081940233775e-15
6.825554119301024958e-15
3.655387624534878199e-15
9.284538199025305083e-15
-2.941176219673630188e-15
7.329003398094668942e-15
-2.839118913924854049e-15
-2.800096106044848432e-15
-3.138047005406263690e-15
-4.289862735873395394e-15
-1.710999777190108651e-15
-1.577893631726778878e-15
5.320315585657930946e-16
-4.461491939777850746e-17
2.818505520120473395e-15
3.352032938871117584e-15
2.556914640954033313e-15
3.877893015383215847e-15
1.995623176258287668e-15
1.980539213533583087e-15
-6.171820866873733991e-16
1.878515789102697120e-16
4.744739757339688779e-17
-1.589331964646500950e-15
-1.244494687423908230e-16
-5.708188912864620157e-16
-1.187567297104841213e-15
7.043519413552079556e-16
1.876482910029286799e-16
9.691412169304802759e-16
-2.722296129839540946e-16
1.932238006749353865e-15
4.849094216441418581e-16
1.975551883540149767e-16
1.308916625260281297e-15
-4.702184822069632730e-16
-1.694879046137964806e-16
-5.001424621675631954e-16
1.061457643785831961e-15
-4.402335158741610410e-16
-4.124576114677980243e-16
1.543944551200826520e-15
-5.119738183748112625e-16
5.632430286062195535e-17
-9.124916534181126693e-17
8.154284539263478848e-16
-1.462778466063130445e-15
2.162170182479217218e-16
-1.602992912019818306e-16
-1.103568733791526757e-15
5.908495264231317101e-16
-1.888273608655066660e-16
5.710628367752712542e-16
-7.061408749398090379e-16
7.456464915997496057e-16
1.532377469273121795e-15
-3.303835070106453387e-16
3.770313054818341669e-16
4.908725335928121325e-17
-8.431433719605085919e-16
-1.535750354469088419e-15
6.751530215974577143e-16
-1.523344709923601936e-15
-4.080733689328097658e-16
2.986299358839761275e-16
-3.014217564781263015e-16
7.454838612738767800e-16
-3.286352310075124628e-16
1.473595076799567860e-15
-8.439090897448264794e-16
-1.436161302728611311e-15
9.738981539622604267e-16
-4.372180785819357318e-16
-2.429561543268454749e-16
-9.202165938970718884e-18
9.898901360064216171e-16
-1.477060288586785203e-15
6.066992069321541781e-16
-1.421660098671617689e-16
-7.218753589680049210e-16
2.413434035952732870e-16
2.286040280685686099e-16
7.205201062523980404e-16
-1.075088097973048162e-15
2.348211651981204490e-15
7.614622907908819016e-16
-7.491837011874835639e-17
1.784190200096458234e-16
2.711725158657807278e-16
-3.471479831027024510e-16
-1.125401855039953602e-15
1.321019032010650740e-15
-1.393003280000110200e-15
-4.217546450968612248e-16
8.922035202654776676e-16
-3.297465382343101048e-16
-4.597152736610099488e-16
-3.464974617992111483e-16
1.777888274968886240e-15
-1.820383494416160861e-15
3.521895232047600466e-16
1.398132911528682243e-15
-1.406345742985259939e-16
-5.421824014056886298e-16
2.576064361825558535e-16
1.060105779202014098e-15
-1.668973390479139285e-15
1.326550157156221321e-15
3.550762114890027021e-18
-8.244950945937579156e-16
4.783093409191363499e-16
3.287707562790731508e-16
1.567485290870918035e-16
-1.459268361529708624e-15
2.289184466985894062e-15
-3.715933539604615587e-16
-8.964048036838589972e-16
3.134970581741836071e-16
2.814995415587051575e-16
-1.350644856373817149e-16
-9.610232531639950615e-16
1.851260809958895498e-15
-1.630911117961320045e-15
6.722053469410127491e-18
8.201853909581280355e-16
-5.513710148175032799e-16
-6.961391098986302595e-16
-2.156884696888350383e-16
1.690555789975178858e-15
-2.393612617954034988e-15
7.912947911931783596e-16
6.587205824207242877e-16
-7.217533862236003017e-16
3.570006703451644725e-16
9.564018414037755988e-17
1.367199268294955194e-15
-2.036094410478098138e-15
1.727960764925928761e-15
-2.327917589597938708e-16
-1.485085925762019698e-15
6.474855374083432480e-16
1.923781229803966930e-16
-2.719856674951448561e-16
-1.841198905578461664e-15
2.374226574890225816e-15
-1.042040260502974380e-15
-3.681679527217651682e-16
8.203073637025326548e-16
-4.378821524125831033e-16
-3.848917712323540741e-18
-1.238789073491203263e-15
2.298650907204408123e-15
-1.843346981132698570e-15
-5.732041360659301255e-17
8.153200337090993344e-16
1.678073912464439488e-16
-4.518005978018657665e-16
-1.658693798631261096e-16
1.813199384474023512e-15
-2.653103702444231660e-15
1.922873210484510320e-15
2.390869078237878309e-16
-1.044872738678592761e-15
1.322591125160754721e-16
1.204277563088274050e-16
-4.090830322059368918e-16
-2.359901553686261089e-15
1.410208213224739549e-15
-1.782021795751487225e-16
-2.713080411373414158e-16
5.331564183197468054e-17
1.777007360703741767e-16
-1.043544591017298018e-16
-1.999370450016940692e-15
2.736339936105017245e-15
-1.457899556286945675e-15
3.062464561456867962e-16
5.039778273527306673e-16
-1.713717058884900446e-16
-1.077154858364348655e-16
-5.950914674229812462e-17
1.333080781179551977e-15
-1.647858553169984086e-15
1.779717866134955528e-16
1.661946405148717609e-16
-6.391100756258927262e-16
1.098974427085619432e-16
-3.717051623094991264e-16
1.428219521815154991e-15
-2.915904991692298137e-15
1.852715165529331132e-15
-1.110900650982959981e-16
-6.652257954556373143e-16
1.858051473097033224e-16
-8.843023969334895540e-17
3.292857523110037654e-16
-1.076870255294071210e-15
2.332722807507712354e-15
-2.691667418466825445e-16
-1.601908709847332801e-15
3.816256121877414920e-16
6.967489736206533557e-16
-5.135730165792273816e-16
-1.169339148079928670e-15
2.850904530352950383e-15
-1.761814977761788636e-15
1.033231117851529657e-15
1.009554852909877454e-15
-5.476847274310525648e-16
-1.987207056894368939e-16
3.229973797105878397e-16
1.002656616587438432e-15
-2.352157978482462275e-15
1.546089238623274409e-15
9.228999942739735118e-16
-3.438682715309338001e-16
-3.909768559254289677e-16
2.728259241788211220e-16
5.928620767058079277e-16
-2.575905966664421981e-15
1.750207238252615705e-15
-5.363006046199547683e-16
-5.019585008064764153e-16
4.731458280726741350e-16
1.761693005017384017e-16
5.541628354116534538e-17
-5.718421070867452105e-16
2.004943079776926734e-15
-2.048369611949707458e-15
1.105615165392093147e-16
2.591785293326598349e-16
1.208749897049776756e-16
-4.346159933679705212e-16
-8.323623366078558572e-16
2.202824375815634617e-15
-1.595240866486546949e-15
3.435023532977199423e-16
1.150162322154091310e-15
-6.879533834963647010e-16
-7.365798509323395749e-17
7.112772827319591151e-16
6.122692955932984571e-16
-1.883415027669615993e-15
1.670437063411994716e-15
-8.472768927431095776e-16
1.262146854044687849e-16
-4.781602631204195930e-16
4.970524859759795078e-16
8.328908851669425406e-16
-1.863841790324463621e-15
2.009616160546928709e-15
1.354846139792198478e-16
-1.017090058008651710e-15
8.694623796975942120e-16
1.055877390729320631e-16
-2.799952110443815201e-16
-4.769269831492173317e-16
1.626401514550138150e-15
-1.746988513053049363e-15
5.184722551461462547e-16
5.309880139747757966e-17
-4.895172808772052520e-16
-9.078837941850492754e-17
-1.067485130238493563e-15
1.464137106910526342e-15
-1.655088826407746794e-15
3.897706810085388440e-16
8.785561254193163805e-16
-5.733938714461150887e-16
-3.603616970798695363e-16
1.681326518981896001e-16
6.131773149127550671e-16
-1.252649920640072634e-15
1.725304469603339275e-15
-4.185155911065607803e-16
-5.603021302133526227e-16
5.839512901006926882e-16
1.581715444384790281e-16
1.438600757616703696e-16
-1.246403899687019423e-15
1.355052815831328528e-15
-8.457454571744738026e-16
-2.045889499480146867e-16
3.270902429117206189e-16
4.584413361083394811e-16
-5.232901785501287151e-16
-7.911965353712968607e-17
1.083328881516885250e-15
-1.816404557146433785e-15
7.755027089245691840e-16
2.358817351513775584e-16
-6.557525789735452193e-16
-2.764986590381157683e-16
9.194712049034881041e-16
6.318831905199190357e-16
-1.093966768301452008e-15
7.223361448913112604e-16
-1.113882206957295118e-16
-1.731335344187789893e-16
-7.924433678696551908e-16
3.409815832466911445e-16
1.912261581721308445e-16
-7.469763333269388572e-16
1.320656501909225899e-15
-6.548310071269325405e-16
-5.141015651383140650e-16
3.275103712535587519e-16
3.982545630082379162e-16
-8.407039170724162069e-16
3.963707617335443523e-16
9.503201448424897224e-16
-8.958627025976162450e-16
7.707322193656329645e-17
2.866495018780113035e-16
2.844946500601963635e-16
-3.806904878139727444e-16
7.555804940051480401e-16
7.192944495777210678e-16
-5.955929109277557920e-16
9.652380891095324600e-16
2.368981746880827188e-17
-3.545070053484478123e-16
-7.091088783869881063e-16
7.190835383738547471e-16
-7.950319005564643327e-16
-3.471649237616475370e-16
5.722961167464735155e-16
-1.599198204416119040e-18
-4.153849573335088863e-16
2.051581560885695765e-16
5.539731000314684906e-16
-7.717147775844479529e-16
-2.122291871322484758e-16
9.945928629295774925e-16
-9.812300711536936504e-16
1.386423528065838795e-17
8.054402414123251752e-16
-1.866182989390674507e-17
-3.609173506932683573e-16
6.220406676728240658e-16
-2.518195070869144736e-16
-1.049399282748719742e-15
2.931818199672364678e-16
3.147438906725419372e-16
6.841315708383532979e-17
-6.340820880509911994e-16
8.908076099684025806e-16
1.432908696211154798e-16
-8.261349503796422411e-16
6.784733907506945716e-16
-2.629190268277348252e-17
1.627658511443863532e-17
1.858729099454836664e-16
3.617847124312567608e-16
-1.032848258959370713e-15
6.379852158719390154e-16
3.244475001162872019e-17
-6.466249519339328788e-16
1.065228634467008106e-16
-6.402349353798464371e-16
6.327132828082282501e-16
-1.236241198385862328e-15
1.611327716220800621e-16
3.471615356298585198e-16
-7.479368686891252338e-16
7.044332565181443684e-16
1.973790055009860822e-16
-1.334110773243413206e-16
6.681395887941921075e-17
5.901922288560623731e-16
-1.030415580334856362e-15
-3.194872751771660191e-16
8.445121772032715413e-16
-4.256848779721211784e-16
-5.173677241829266471e-16
-1.273354794002756751e-15
1.058316845617413016e-15
-3.926539811609924824e-16
-6.110834494671424366e-17
6.007022136655937317e-16
-7.615842635352865209e-16
4.763713295358185107e-16
1.354304038705955726e-16
2.269099621740600092e-16
-1.097070297020191765e-15
1.167855146356339135e-15
2.846505041224911547e-16
-9.773540483870579720e-16
2.336455681706262055e-17
6.484206617821119956e-16
7.712065578160953727e-17
-8.276528334211219473e-16
7.184194645432073756e-17
-3.171359117155880813e-16
-1.680106791537849809e-16
5.109302737837939645e-18
4.137586540747806296e-16
-8.727285387422067942e-16
4.194032816352832871e-16
1.739426202899962970e-15
-9.810674408278208247e-16
-2.135539466617542015e-17
1.220242440078123103e-15
-7.486280475740847429e-16
-5.441339653161625378e-16
-2.062694633153672186e-16
9.194847574306441729e-16
-3.805515744106230391e-16
1.741838552733743217e-17
1.402957611196242738e-16
5.646389389032946404e-16
-8.181796169390298523e-16
6.684106393373134836e-16
2.002792463123848066e-16
-1.261509885268352615e-15
1.112286396884668016e-15
1.334144654561303378e-16
-1.114586938369410696e-15
5.472374940349022943e-16
-4.915501599506155728e-17
2.627563965018619996e-16
-5.773376568485311111e-17
6.739671754713016938e-16
3.240002667201369313e-16
4.383835959173576491e-16
-2.710505431213761085e-17
-8.586881206085195117e-17
-7.616520261710668649e-17
-2.894548749993175463e-16
6.908536243077634253e-16
-1.547319130462687653e-15
-4.534675586420622295e-16
5.897178904055999649e-16
-3.920204005164462657e-16
-8.096144197763943673e-16
7.254938837186752920e-16
7.148415973740052110e-16
-1.571652692971409193e-16
3.695096529102159799e-16
1.157629764617085222e-15
-1.385068275350231914e-16
-3.446678706331418596e-16
3.248811809852814037e-16
7.303524647041259588e-16
-1.648055064813747084e-15
4.741080575007550202e-16
-1.834470075845473502e-16
-2.062559107882111498e-15
9.288360011683316486e-16
-7.143266013420745963e-16
1.257132418996942391e-15
5.886540170238485636e-17
9.401659138708051699e-16
2.555735571091455327e-16
-1.072628314294221674e-15
2.259938113383097580e-15
-9.087782609773498166e-16
1.031997837880327396e-15
-1.862225651461102416e-15
8.853120602066166800e-16
-2.004364556273952047e-15
-1.444428344293813282e-15
8.285405239498444541e-16
-2.978222052654744267e-15
2.091317570507289503e-15
-4.908454285384999949e-16
1.688834619026358119e-15
2.045753974208586179e-17
1.300066825027368367e-15
1.702414251236739062e-15
-1.099340345318833290e-15
1.527898359048041055e-15
-4.012090139282609158e-16
9.284565304079617221e-16
4.156560078766302624e-17
1.580509269467900157e-15
1.407131789560311930e-15
-4.966188051069853060e-16
1.700083216565895228e-15
-5.128276275856435973e-16
-3.481373175850954738e-16
-1.404326416439005687e-15
2.754551144470984703e-17
-1.179476438392668136e-15
-1.026332881529090635e-15
2.101658148727370001e-16
1.369564184283689201e-15
-2.488189775745608401e-15
-2.127529923068305351e-15
-4.519496756005825233e-15
-5.150502420392388814e-15
-4.124847165221101619e-15
-4.264112934276864664e-15
-2.339979338766839945e-16
-2.843740325685073511e-15
2.318485030697314819e-15
2.531774703079525679e-15
5.046744272485526039e-15
4.911327421142086536e-15
3.675174314182738655e-15
4.756665981237029328e-15
1.288845332542143396e-16
-3.956335042562542093e-15
2.017494244582751506e-14
1.267497391765903814e-14
1.995376520264047215e-14
2.116975214919158965e-14
8.580674148647715604e-15
1.703655662724234965e-14
-7.408028183941706146e-15
2.464649036075516886e-15
-1.927158519571259276e-14
-1.297692422269625112e-14
-1.979904955262679067e-14
-2.138512891075583511e-14
-7.964223898426769921e-15
-1.696597506581354331e-14
8.328678458707772236e-15
-5.412749241873182626e-14
-2.994804924882910058e-14
-4.938280687150076176e-14
-5.469453015494174508e-14
-1.621250876604474200e-14
-4.751212444309427241e-14
2.683123227721281867e-14
-1.235415849482057737e-14
5.340194432490452670e-14
2.980818716857847051e-14
4.943983590577349929e-14
5.439485667446675166e-14
1.591457000904572539e-14
4.838935242085229405e-14
-2.579512124734062439e-14
1.211644716850313053e-14
-4.749023320816322079e-03
-1.485318752477908554e-03
3.577399762550268359e-04
-5.947275892952933948e-03
5.254956494101244158e-03
-6.925380261682697290e-03
7.073881429969746185e-03
-3.846743173208462888e-03
4.749046222792218525e-03
1.485312297242940465e-03
-3.577378289818069265e-04
5.947298001580594330e-03
-5.254958011374977894e-03
6.925377239105048183e-03
-7.073887845598704829e-03
3.846738271320611531e-03
