1.179678091897923276e-03
1.958504550321910672e-03
-1.403447960019619080e-03
3.330331028916420216e-03
-3.164450343862435129e-03
2.751319755981211992e-03
-3.071774709714553825e-03
5.606082563572259035e-04
-1.179682406681145830e-03
-1.958501698681545423e-03
1.403445583124248667e-03
-3.330335359988599066e-03
3.164449431114916937e-03
-2.751322124155508846e-03
3.071776052154420560e-03
-5.606095680098879298e-04
4.527019384359398657e-12
4.626079250572012747e-13
4.667850036620818654e-12
-3.178372265356076143e-12
2.081981071919147830e-12
-4.973870165562999102e-12
-1.742290990300321418e-12
-3.846311290300885588e-12
-4.537531917044035357e-12
-4.649874235651552112e-13
-4.677852343763083676e-12
3.184415540502874564e-12
-2.082006984351070233e-12
4.974405869856424189e-12
1.742777905495984658e-12
3.837924010714754974e-12
9.337524243396844170e-13
1.308402781193158948e-13
3.862469968429066425e-13
-6.163621045843226121e-13
-3.884498517119083782e-13
-1.001619875365053480e-12
-9.376491011577059442e-13
-8.009288761726129913e-13
-9.327609756630550475e-13
-1.349619234999963752e-13
-3.850514742123611889e-13
6.134084126058203523e-13
3.883380569153979667e-13
9.996159444896485224e-13
9.370682940539054595e-13
7.976647500070738195e-13
5.140377327354089809e-14
-1.686242698207759960e-15
-2.296561107516942313e-14
-7.414696027302491999e-14
-8.839931282637880638e-14
-9.848171540413619418e-14
-1.016361203098198329e-13
-7.021642924216753290e-14
-5.002621309823512830e-14
1.437716455219770206e-15
2.477908828645014605e-14
7.465282190165234422e-14
8.898741118978925613e-14
9.709128032803215902e-14
1.012453738468560571e-13
6.844359605982786032e-14
-1.346557143133003676e-13
1.133423799151538069e-13
-1.283190845518134698e-13
2.359414340335000415e-14
-5.459436003859945152e-14
-7.845225764326318324e-14
5.717355164606627294e-14
-1.411661925050135269e-13
1.334899530323896411e-13
-1.138312534509910989e-13
1.288447362582205435e-13
-2.381093640400205880e-14
5.357050049327634345e-14
7.837508193034000217e-14
-5.647885588030976400e-14
1.418124413743188789e-13
-1.441469895378279242e-13
-8.634934062809289379e-14
-2.298742793338526269e-13
-2.078850533013786028e-13
-1.857306490679264122e-13
-2.133369978070398520e-13
-2.511374422764674208e-14
-9.385816234462607266e-14
1.434956144251257892e-13
8.551382055265767390e-14
2.292735229100784089e-13
2.077488571797236894e-13
1.856218222748631796e-13
2.114891107293098704e-13
2.424620630680530964e-14
9.381158230879066418e-14
1.319797068399623796e-13
2.164958987636075166e-13
2.212778774774402935e-13
2.111539025226316646e-13
1.876692228811212282e-13
7.343955901305959655e-14
4.441722190788935376e-14
-9.941300441271977428e-14
-1.311829063346120483e-13
-2.149570957023965237e-13
-2.220288636647395342e-13
-2.114659697891908829e-13
-1.858292199860642896e-13
-7.416829872703215032e-14
-4.337304712435929854e-14
9.966899809817075795e-14
-5.679252979896333431e-13
-6.256932702530283719e-13
-6.003545489923932041e-13
-4.771921044617079277e-13
-2.718029523240267364e-13
-5.033993377310738704e-14
2.093690821300224492e-13
4.143893954648876499e-13
5.684257521599254959e-13
6.260610485705944001e-13
5.996778408183045875e-13
4.754746401290643742e-13
2.716927296206664288e-13
5.034643898614230006e-14
-2.090831102545022413e-13
-4.145060420661199341e-13
4.136143179665026023e-13
4.133303332302766531e-13
2.742484177579128379e-13
2.282903819325957095e-13
-2.000904596091007681e-14
-8.499712706670076168e-14
-3.152506061103801938e-13
-3.477809945411081127e-13
-4.153311266956449810e-13
-4.140455271933567161e-13
-2.739249866973332559e-13
-2.279830987081225835e-13
2.202633962809091850e-14
8.505330906802624491e-14
3.157087696196818338e-13
3.475432188402866746e-13
3.771392242555779428e-13
3.498854682273521560e-13
1.453925277698428498e-13
7.098112381068513721e-14
-1.784350255442171407e-13
-2.394817335974255834e-13
-3.997396387696045689e-13
-4.195280733053363686e-13
-3.775384003904327934e-13
-3.503919905416784386e-13
-1.464094077636805824e-13
-7.001820320371929252e-14
1.793874903764820783e-13
2.389264459022599763e-13
4.001012811805006869e-13
4.204712444921040321e-13
-4.757356956834081496e-13
-2.671371018272625242e-13
-4.306808815829343828e-14
2.067406440270022627e-13
3.990221916988848094e-13
5.592743133300999425e-13
6.193686624301618544e-13
5.757967514515450330e-13
4.754161338693316252e-13
2.689964204616486498e-13
4.250387612399555981e-14
-2.054593271232953156e-13
-3.996875530196120074e-13
-5.583990098111980827e-13
-6.198390482013759004e-13
-5.747918146222635860e-13
1.212752635945321678e-13
1.673568374811404413e-14
-9.105472045843956974e-14
-1.778097661513447503e-13
-2.535148604715029008e-13
-2.827035832231176212e-13
-2.532356987408786175e-13
-2.155915013570333660e-13
-1.214502877064892183e-13
-1.592419230332653424e-14
9.030660740689741561e-14
1.789137956710595834e-13
2.537300305570280162e-13
2.828191795034953101e-13
2.524378733256621085e-13
2.167906560648566461e-13
-1.994138496908340330e-14
6.359034121754952862e-14
8.183799232903965493e-14
1.420667308294799869e-13
1.527225010206621249e-13
1.258926367016591219e-13
1.282137644751518701e-13
5.458431422784501552e-14
1.955832278901711851e-14
-6.225805325920860667e-14
-8.140926490872099630e-14
-1.428812851454047683e-13
-1.518720003205217654e-13
-1.254074799463943818e-13
-1.299026397517596965e-13
-5.298569200583302941e-14
-3.156236529728781437e-14
-3.672889358104225455e-14
-7.512294212803742599e-14
-8.113483724523891730e-14
-5.731305797247905620e-14
-6.913600822475857166e-14
-2.662556590135589651e-14
-8.711456035703779577e-15
3.081025425023461994e-14
3.724029141701293288e-14
7.641612426926951140e-14
7.958014342242096008e-14
5.608798913866747810e-14
7.007163404203209378e-14
2.644369098692145315e-14
8.480114397149685068e-15
-1.171664084113552273e-14
9.895536945197722090e-15
8.858709325452150674e-15
-1.125442173808242907e-14
1.867872989527036287e-14
-5.091277876720368134e-15
4.387129223272501211e-15
-1.009590089480483233e-14
1.143056732166164435e-14
-1.163204935475913027e-14
-7.158597309766048800e-15
1.333030975642253424e-14
-1.802453246878797655e-14
3.764200865070954638e-15
-2.757641120662568390e-15
9.124326999249837700e-15
-2.111798149545540682e-14
-2.318799110514156714e-14
1.495514595408614644e-15
-2.433181084458661825e-14
-1.108230803133214426e-15
-1.867104561237287186e-15
1.072174982260851173e-14
-2.256983662463074580e-15
2.340239039068468113e-14
2.202259404839815998e-14
-1.006115899144024994e-15
2.574003022445120470e-14
3.152724392316286206e-15
8.033395997031345104e-16
-1.098265629915357033e-14
2.058791505332724370e-15
1.131317024923809283e-14
-1.299858793735522711e-14
1.759844101500117330e-14
-1.437238728637518781e-15
1.785816503355186491e-16
-7.573341910191433435e-15
1.026593090050487156e-14
-1.257018238955652512e-14
-1.013420033654788277e-14
1.502750289657239779e-14
-1.904633880624694020e-14
1.436012224929894554e-15
-6.602723467800941659e-16
9.304412980099679986e-15
-1.027826370021689417e-14
9.122405928525464947e-15
2.149823491426859634e-14
-1.178432893801650838e-14
7.048350889483218085e-15
-2.039289418755141359e-15
5.219877806904305029e-15
-1.665854953980527853e-14
7.083157167351791794e-15
4.568227832010786013e-15
-2.319143683517099763e-14
1.375654689987626522e-14
-6.066436415708142960e-15
4.993360868017771015e-16
-6.464501243336195913e-15
1.620498711347312382e-14
-6.307983107210757279e-15
-6.612730738556277590e-15
1.584658375656730622e-14
-4.329930782410312817e-15
1.572526830972975631e-15
-8.763294452075742758e-15
1.463609913604155266e-14
-8.856657811653900758e-15
-6.091484874024347129e-15
2.088182532162911886e-14
-1.863746245008013336e-14
5.918605449489744430e-15
2.929039931605370572e-16
9.612543237520060346e-15
-1.396058019621088109e-14
7.617333413340032777e-15
7.451198065131468817e-15
-2.032160450657870265e-14
7.157936624067190445e-15
-2.163559316512714270e-15
6.718902506846341494e-15
-1.628201290156464087e-14
7.877850254729354407e-15
7.120674374168052892e-15
-2.307676890290349947e-14
1.595347253824722089e-14
-7.498071174366627289e-15
1.219612247565365903e-15
-8.137526839434999770e-15
1.530295123475591823e-14
-6.765601127294365580e-15
-8.656222393641865940e-15
2.199261755239483029e-14
-1.398089543441782823e-14
2.052855498438366233e-15
-1.060351079943538943e-14
1.452616103575152251e-14
-9.035056502872812478e-15
-9.782153114878261446e-15
2.045198659408366260e-14
-1.886699821439068170e-14
4.185284660073590457e-15
-1.146672546411403593e-15
1.033000724889876487e-14
-1.338186018159243096e-14
7.863342274408782751e-15
9.962215378805580612e-15
-1.927977769837843636e-14
1.787008786931741644e-14
-5.091237219138899928e-15
9.227007721247793004e-15
-1.519011289365448936e-14
7.725751936522688712e-15
1.060229615418902677e-14
-2.359714189998328437e-14
1.564721252957437803e-14
-5.662001900316737668e-15
1.745287670894962728e-15
-8.509198120426608725e-15
1.513179636930192529e-14
-6.813163721348589053e-15
-1.068196976727366077e-14
2.081159273777458130e-14
-1.456180418217198347e-14
6.413428544748550619e-15
-8.398839891794740442e-16
1.217640354864157892e-14
-7.972104692968023931e-15
-1.465260272598585545e-14
1.874991793228940329e-14
-1.997283360834906096e-14
2.151788946677668513e-15
-1.173154184474362038e-15
1.040906591606369225e-14
-1.088615552953878240e-14
6.942546309975788921e-15
1.301937920807853116e-14
-1.903781426666577292e-14
1.772504533556137907e-14
-1.678141675100219832e-15
4.983603048465401475e-16
-8.563198164879964880e-15
2.450300297949029038e-15
9.976500165944550760e-15
-2.607372224215382533e-14
1.151548745682157149e-14
-4.569471699893828953e-15
7.384975335249233108e-16
-5.396975455516234144e-15
1.429018443291005247e-14
-7.085803298279014228e-16
-1.055044884397111742e-14
2.334795497129643627e-14
-1.183616057812489353e-14
4.699596289382823588e-15
-6.476549439977941081e-16
5.576261837263868371e-15
-1.574954766212985358e-14
2.938272590730442446e-16
3.627813652783140608e-14
-3.401243859040697926e-15
7.538173102221434885e-15
1.203342438714505302e-15
4.306234188677926511e-15
-2.116458863634512744e-14
-1.239168205438394288e-14
-1.309620509639449620e-15
-3.535068288443299345e-14
4.142858473811517062e-15
-8.255833625243902407e-15
-8.058942510720534802e-16
-3.664230648504213095e-15
2.328268600051280890e-14
1.126449465389117721e-14
-2.736912360970771702e-14
1.142988969530384091e-14
-5.146585740044284929e-15
2.653435739359555345e-15
-1.019418382174064330e-14
1.612106986532274577e-14
1.567922359871701254e-15
-1.286714959976504105e-14
2.423696348328487071e-14
-1.054835201391018940e-14
6.129049091169180841e-15
-2.111083931364415855e-15
7.996600885802618297e-15
-1.529828238915065253e-14
-7.213603629360743064e-16
1.246983270222941365e-14
4.052640316973103729e-14
3.621901362811305591e-14
2.250756276234860964e-15
-1.118929845696572944e-14
-6.109023877043373574e-14
-6.838233863708242932e-14
-5.917771122036698944e-14
-9.283777563438670721e-14
-4.359818170547591354e-14
-3.485516861028922775e-14
-2.290790441453888215e-15
1.265627143018366318e-14
6.271202226135544344e-14
6.677886122221678156e-14
5.869485839471878103e-14
9.288014083427657830e-14
-7.606128861513752892e-14
6.323270357842802891e-16
3.148119921215011829e-14
1.143015125907795304e-13
1.329197948268020374e-13
1.302422457535000466e-13
1.656301913113486513e-13
9.768331231244965773e-14
7.398775873652257973e-14
3.142221183770332882e-16
-3.214056353961075585e-14
-1.150714655398336894e-13
-1.309800165327562257e-13
-1.337605698946420230e-13
-1.670989599944147641e-13
-9.693776068854000061e-14
2.116783446659900592e-14
-8.238981057725330848e-14
-1.891640734026991955e-13
-2.570957566305244468e-13
-2.580266153463708217e-13
-2.855352808578751067e-13
-2.031888214268622733e-13
-1.188446720591998518e-13
-2.185791559685887342e-14
8.525589902021873945e-14
1.913243191263222509e-13
2.551789515640740663e-13
2.603515141105447461e-13
2.844515191425221745e-13
2.001361045205624078e-13
1.201632177550045200e-13
1.897578909325695062e-13
4.156116775603027613e-13
5.619974598810185268e-13
5.960350341741352774e-13
6.093098810602045473e-13
4.594911758482207731e-13
2.735523328581228319e-13
3.748193975246921772e-14
-1.893357500404486971e-13
-4.185809278399801880e-13
-5.602667750581342282e-13
-5.985094359475654803e-13
-6.089414251162807157e-13
-4.575387106946909865e-13
-2.726252586854847892e-13
-4.138529119011510882e-14
-3.143436303355146011e-13
-3.670424221177172319e-13
-3.979483436571465416e-13
-4.287126988860353455e-13
-2.806144260101423038e-13
-2.157337893396449324e-13
1.444289430890463577e-14
8.854583597372664427e-14
3.148399171037062627e-13
3.651087204380350226e-13
3.997352850202556818e-13
4.286792038151691214e-13
2.771820926538055840e-13
2.189375525492309738e-13
-1.365187395638636780e-14
-8.643812662162408955e-14
-3.871237437059506237e-13
-4.382456803188198094e-13
-3.609083416508413605e-13
-3.495036698204431747e-13
-1.476279358090734628e-13
-7.164437093717598848e-14
1.869376303601823219e-13
2.346487804408270428e-13
3.887426676136424009e-13
4.350759864684382305e-13
3.595583388454415621e-13
3.516976884417391536e-13
1.452028262709757767e-13
7.273465141809098977e-14
-1.884716341327141720e-13
-2.357287338960491196e-13
6.434534742321643824e-13
5.755517929113308784e-13
4.666371320382819987e-13
2.909901865907199570e-13
3.170178014414229417e-14
-1.961759815466597445e-13
-4.115972292812949962e-13
-5.454729482229185578e-13
-6.418805306609813577e-13
-5.743265360362050098e-13
-4.689589306618689724e-13
-2.908169243072931953e-13
-3.057887873036263526e-14
1.954110565851804870e-13
4.114699168411908858e-13
5.425103048002297146e-13
-2.384085199833648090e-13
-1.892098335106416618e-13
-1.373135410714584892e-13
2.407016914344334291e-15
7.621070522703318750e-14
1.848331397332793335e-13
2.224411518696178813e-13
2.852732291927853603e-13
2.383996854297249467e-13
1.918967304395495510e-13
1.353095695384720631e-13
-2.416171646438258769e-15
-7.659643047868563981e-14
-1.851446344055662080e-13
-2.211637584225226161e-13
-2.860361924259587768e-13
1.115585895146084527e-13
8.988330099744118451e-14
-7.485169168514049787e-15
-4.045271469145170218e-14
-1.105564072364714767e-13
-1.263466023156741697e-13
-1.748446358399227685e-13
-1.388432554691454435e-13
-1.111800301616897718e-13
-8.978905672359788204e-14
5.921681873154172049e-15
4.161909938861160785e-14
1.100194696630751867e-13
1.245721360538121908e-13
1.761100895105935371e-13
1.397309256690772161e-13
-7.161256315594069499e-14
2.430686403022408459e-14
3.637308553308682413e-15
7.792829153242114559e-14
6.067533492781426729e-14
1.052470759740735395e-13
8.028955511508659160e-14
4.860713814411853073e-14
7.115067947793471403e-14
-2.412195334970668181e-14
-4.406617757322928153e-15
-7.658668621166042634e-14
-6.075106306143059076e-14
-1.059452649037045252e-13
-8.076295844117523104e-14
-4.777539244749627600e-14
1.579502316700204245e-14
-4.021042938721908211e-14
-4.072526278882382389e-14
-6.800918335436723083e-14
-8.768796778101106693e-14
-6.161027634246640794e-14
-7.000812689977875536e-14
-2.484806387341095824e-14
-1.426095840809799009e-14
4.039939227335614946e-14
4.124343011210895860e-14
6.726414672648950432e-14
8.773212191448553909e-14
6.147296213732111880e-14
6.947497048145900855e-14
2.516383097988378337e-14
-8.567758590267982033e-15
2.322814249972049438e-13
1.739081426609112579e-13
2.569981987637914855e-13
2.568354329126470992e-13
1.282764178081943762e-13
1.894463318857786405e-13
-7.598393756639426622e-14
8.315244516164319033e-15
-2.324090898030151120e-13
-1.743971584982836887e-13
-2.580024952361648083e-13
-2.566089430788148773e-13
-1.297461216156342578e-13
-1.887876113033579162e-13
7.517189724425693553e-14
-4.750579270240695706e-13
-3.269555850018979193e-13
-4.859780113053435713e-13
-5.065439170545693592e-13
-1.986733260544992774e-13
-4.073528081689758995e-13
1.877359419723105549e-13
-5.814112754611022726e-14
4.758010391930911354e-13
3.239524534043303206e-13
4.855332715741900174e-13
5.079062170842973956e-13
1.974904614843175921e-13
4.086191563064389687e-13
-1.887279971245301585e-13
5.732439804957689677e-14
-2.300864396983970991e-03
-7.565437469385745059e-04
1.211123680081588739e-04
-2.862295169209009595e-03
2.472144789094730434e-03
-3.291348417338553836e-03
3.375025494413003407e-03
-1.792393954002984664e-03
2.300874413091177646e-03
7.565411710854634021e-04
-1.211110721601125475e-04
2.862304939587879699e-03
-2.472145449050919090e-03
3.291347104990274310e-03
-3.375028227387548430e-03
1.792391574096405781e-03
