2.618550105024177160e-03
4.454116267584983836e-03
-3.407009241996117061e-03
7.749709640768326878e-03
-7.436782076226989419e-03
6.505693074870815169e-03
-7.110223979856894992e-03
1.450693075247705063e-03
-2.618560990364630827e-03
-4.454108579901949402e-03
3.407003894311535878e-03
-7.749720814928140467e-03
7.436779707201453780e-03
-6.505699049879551214e-03
7.110227614427005148e-03
-1.450696565056169623e-03
4.579117033470803122e-13
-1.236337421328670416e-14
5.211413982644796938e-13
-3.883087970092680141e-13
2.798609868154278146e-13
-5.375248857131253999e-13
-1.260571508288066411e-13
-3.711176331522292315e-13
-4.592860380209229376e-13
1.317023747005041656e-14
-5.225504274078418554e-13
3.892583954820394432e-13
-2.802637679225061795e-13
5.372241280304779210e-13
1.260393699131778789e-13
3.698855458034167043e-13
1.016042718710030712e-13
6.386011782311823426e-15
4.824350012359868156e-14
-7.142263126411196872e-14
-3.377419871553044572e-14
-1.078107872073963414e-13
-9.587654021397939985e-14
-8.069131300636467330e-14
-1.025291505342418308e-13
-6.496193828090662814e-15
-4.862860873526553274e-14
7.191811165693784424e-14
3.358053310247022250e-14
1.077912715682916023e-13
9.579077982213579645e-14
8.005922313980562421e-14
2.189844442931909718e-14
-1.723125223236643411e-14
1.331538503589191347e-14
-2.163536277216548953e-14
-2.800927892399052155e-15
-1.360120783361340457e-14
-1.687148684648143160e-14
2.529660508843178945e-15
-2.143310485688831868e-14
1.740476523754558302e-14
-1.305016207944764695e-14
2.153653774414343580e-14
2.997168485618928457e-15
1.369737656631286882e-14
1.710459031356581505e-14
-2.223427605224648218e-15
-8.608063806030130660e-15
5.398215511751014439e-15
-1.517191354374978346e-14
-7.178177323374779206e-15
-1.263426212608220744e-14
-1.514810683573425409e-14
-2.837546820774750067e-15
-1.363157904697015477e-14
8.534487136099833116e-15
-5.593399007852717375e-15
1.586796456222189927e-14
6.839309934364434795e-15
1.233813940772210405e-14
1.530917184472055381e-14
2.743627807583193245e-15
1.408219379864586451e-14
-1.050461800877755536e-14
8.071664945588294393e-16
-1.085215901516778381e-14
-8.459582318508240828e-15
-4.588506224284527590e-15
-1.205719551977679771e-14
3.486536688697416952e-15
-8.744822357562020976e-15
1.074284433112693282e-14
-1.234831735561631172e-15
1.035708519815659034e-14
8.881418278768038466e-15
4.583017450786319724e-15
1.190302197084935898e-14
-3.577175990317205123e-15
8.654833577245724108e-15
-3.378238444193271128e-15
-3.786128854009473965e-15
-3.839010814972454444e-15
-5.198708759486525555e-15
-2.359169717219833373e-15
-2.539852009264542687e-15
6.043613959977323091e-16
2.838983388653293360e-16
4.123654542831367564e-15
4.501502388074354877e-15
2.587733087706933777e-15
5.075665365436576870e-15
2.498537130229266934e-15
2.717308799846107625e-15
-5.759552990786120930e-16
-3.957608980115212560e-16
2.031523820694713933e-17
-1.679679886932433641e-15
-1.826440203505502735e-16
-2.811878334341155750e-16
-1.311044372023784099e-15
9.975473138496004921e-16
6.068821660487611069e-17
7.111756387782885991e-16
-6.490169729769790230e-16
2.924716675442584624e-15
-6.275497699617660352e-17
2.928159017340226100e-16
1.033136250161437175e-15
-1.222709000020527625e-15
6.915041456112547280e-16
-1.350306043194915429e-15
1.487454229882542722e-15
-8.018352691888108730e-17
7.322430422423975571e-17
1.117080603366127356e-15
-9.310857206762390703e-16
2.635017854954457839e-16
3.000800562896754897e-16
1.561088498053253559e-15
-2.564287215726934743e-15
3.250573638383102981e-17
-3.924811864397526051e-17
-9.904999997284447133e-16
1.191077401638263034e-15
-5.534309989452257383e-16
6.901624454228039163e-16
-1.027281558430015451e-16
1.462249917504043761e-15
3.494044788741879071e-16
-5.417487205366944281e-16
4.285580137292077652e-16
1.164162082706310386e-17
-6.258828091215695721e-16
-2.437828584833656720e-15
1.224647011403845465e-15
-1.781764297735521918e-15
-1.297674803984322223e-15
5.511812794373183166e-16
-3.056636974779758376e-16
8.378307813153296202e-16
-6.654290833629783464e-17
1.464628386019933837e-15
-3.574479037413147431e-16
2.995650602577448751e-16
1.119005062222289126e-15
-5.844933911869354404e-16
1.036226226353020863e-16
-2.303929616531696922e-18
1.928402641564186393e-15
-2.467337518650102035e-15
1.182593519638563961e-16
5.869192935478717565e-16
-1.491523376161152381e-15
4.974319567363494343e-16
2.211772431870429045e-17
4.436284239267562768e-16
-8.450813833438264311e-16
2.125171783343149379e-15
-3.686016335907593700e-16
-1.164609316102460657e-15
5.268409406650187421e-16
-6.412242698622394599e-16
1.172212283837015256e-15
-2.096413320717971374e-15
2.013607803310864600e-15
-1.073936133164782314e-15
-1.043219330365552366e-15
9.850654363388611223e-16
-4.389121444764443325e-16
2.573624906937466150e-17
-5.937633197616865033e-16
1.321832183640014868e-15
-1.706109432469135948e-15
1.282204594235669681e-15
3.005679472672939667e-16
-4.976759022251586728e-16
1.055497919968950704e-15
-1.796455237172700503e-15
1.228251983627359767e-15
-1.861829240041787403e-15
8.434483038215201400e-16
3.461315435659972906e-16
-9.143619021656501644e-16
2.548146155884056796e-16
2.895361901622539591e-16
5.796957965736870833e-16
-1.599550570122176829e-15
1.933152802332388509e-15
-1.310371827863664185e-15
-1.335466025959020087e-16
1.051255978969101168e-15
-8.183015896834344716e-16
2.029260548659650443e-15
-1.225771871157799175e-15
1.704081212076935525e-15
-1.070822440050675506e-15
-2.194154146567539598e-16
8.867554043487380078e-16
-3.233904029981138351e-16
-2.791278493063931165e-16
-4.339248144830110121e-16
1.693578003530982201e-15
-2.427626920016925927e-15
1.618320820233332125e-15
4.196946609691387664e-16
-1.167360479115142624e-15
6.415766355682972488e-17
-1.732799017120645324e-15
1.251846933406075557e-15
-1.320537917296610297e-15
8.138902420941340754e-16
3.548593710545056013e-16
-9.954060145589416209e-16
4.524917766868252755e-16
1.976771610984195959e-16
3.432448552817546350e-16
-2.366203478813833083e-15
2.674418439528938873e-15
-1.363865346614562268e-15
-9.014327912587605240e-16
1.653299892823145711e-15
-3.544256901855113995e-16
2.240910365255976977e-16
-1.494423616972551105e-15
1.038340420589367596e-15
-1.037838977084593051e-15
-4.665864049291368332e-16
1.280903551628687076e-15
-1.085069534223492838e-15
-1.737027405593338791e-16
-3.465381193806793547e-16
2.079858908796833328e-15
-2.763875283154360041e-15
1.898803922255332122e-15
1.503056576770966934e-15
-1.468307897142806517e-15
1.160096324559489744e-16
-2.349872683590770173e-16
1.001518204306328652e-15
-1.426803282727345801e-15
1.117365206436404801e-15
2.985486207210397147e-16
-5.554503254914799903e-16
3.816933748235218360e-16
7.478962111076570274e-16
-9.317362419797303730e-17
-2.849384953245576169e-15
3.446170486563066016e-15
-1.217877524089389096e-15
-3.526232040737542484e-16
1.573624585672617204e-15
-4.818736555611824457e-16
1.731335344187789893e-16
-1.219551261193163594e-15
1.411055246171993849e-15
-1.179703443222532289e-15
-1.573448402819588310e-17
1.191944763376251437e-16
-3.253961770172120183e-16
-9.325222885547823637e-16
-2.358952876785336272e-16
1.897787482718626961e-15
-3.250218308061729802e-15
1.612527114874112710e-15
8.588778559887044750e-16
-1.249163533029173934e-15
3.134428480655593319e-16
9.554531645028507825e-17
1.162400254176021441e-15
-1.784203752623614303e-15
2.092152321476808616e-15
-7.247891523065597141e-16
-7.403203484274145652e-16
5.336714143516774200e-16
5.433750237954226847e-16
-1.996016199545813663e-16
-2.015016842618622128e-15
3.181198251871186766e-15
-1.321828795508225851e-15
-4.342500751347566634e-16
1.385312220839041153e-15
-9.481076947842614899e-16
3.040102891649354433e-16
-4.099910515253935017e-16
1.568596598097715678e-15
-2.304915562882300928e-15
1.234303187002544488e-15
9.868814749777743422e-16
-3.287572037519170820e-16
-2.295255999151812887e-16
-4.210770187390577846e-16
1.733801904130194416e-15
-2.616233205283199220e-15
1.654333273018795958e-15
5.194548133649612431e-16
-1.509954813093405956e-15
7.710845850716907535e-16
-4.086086937554744836e-16
5.439848875174457810e-16
-1.001179391127426932e-15
2.181444417193988822e-15
-1.660770723417928640e-15
-2.668086021215265724e-16
7.911423252626725855e-16
2.118666570308236352e-16
-6.371043016067945430e-17
-1.622162961682077631e-15
2.606157748375609318e-15
-1.425678422973392090e-15
-7.204523436166176964e-17
1.193435541363419006e-15
-4.222696411287918394e-16
-3.514170291568641247e-17
8.710209203205421247e-17
1.551140943120699056e-15
-1.920579445263345675e-15
1.702536223981143682e-15
-4.026455818068042092e-16
-1.064808506125169973e-15
-6.826272403240296605e-16
5.454892180317694184e-16
1.220222111287389000e-15
-2.360172604229382465e-15
2.034396956451800520e-15
1.381951194104336089e-16
-5.829484030911435966e-16
1.800046656869058737e-16
1.493759543141903734e-16
-1.225419505451741387e-16
-9.406605811120016813e-16
1.685202541748531679e-15
-1.584195556854350873e-15
-6.269399062397429390e-17
6.426608377407827533e-16
-4.349819116011843789e-16
-2.789652189805202909e-16
-1.307486833645316038e-15
1.719161786669851089e-15
-1.537432561902335459e-15
9.555886897744114705e-17
6.506026186542390732e-16
2.277095612762680688e-16
-1.142613564528160985e-16
6.207735063837316325e-16
6.050119173012236118e-16
-1.345359370782950315e-15
1.300446295787738293e-15
-3.850137439767586933e-16
-8.176781734342553065e-16
2.519685848856312305e-16
2.662936060895959578e-16
7.826719957901295821e-16
-1.672515682264556769e-15
9.266371036372594849e-16
2.365322564548688611e-16
-2.019868647340494761e-16
2.146720301521298779e-16
-2.256495771485456103e-16
-1.654356989941319078e-16
-3.925760541298450867e-16
1.220067951290988717e-15
-1.096219875941148447e-15
2.358546300970654208e-16
3.363737240136277507e-16
-6.906096788189541869e-16
-6.694948415097989880e-18
-3.790235269737762813e-16
1.233999949207427449e-15
-5.994655455626024532e-16
-1.433179746754276174e-16
4.789327571683155149e-16
-1.056555017087124071e-15
5.560872942678152242e-16
-5.011724542314244246e-17
5.921912266115825219e-16
-7.202676904341162589e-16
8.979633443068069099e-16
-7.882420844512738611e-16
1.139903059096947224e-16
-1.780802068307441033e-17
7.987859505786953918e-16
-1.708702623837154988e-16
-3.999486289027465169e-16
4.878977538820550297e-16
2.409639328349033605e-17
-2.941033918138491465e-16
1.381002517203411273e-16
-6.903657333301449484e-17
-6.577041428840191273e-17
4.348192812753115533e-16
4.468971240702106218e-16
-5.923945145189235539e-16
7.636713527173211169e-16
-4.008973058036713333e-16
-1.068210190441343244e-16
-9.015141064216969369e-17
3.206934500940561428e-16
-2.878692293220574960e-16
-6.323803988599573100e-16
1.245748296185844595e-16
1.305108365129425962e-16
-6.858662943143301050e-16
2.319108446946493984e-16
-1.880142092361425377e-16
-3.154147407667673431e-16
2.877913022909101004e-16
6.851073527935902518e-16
-2.776370713192255479e-16
-6.158268339717665185e-17
3.339613741798475033e-16
1.793948019648827774e-16
-7.182297291630224123e-16
4.406671967431552428e-16
-8.198262489884922122e-17
-1.000671171359074352e-15
5.355416630992149152e-16
6.496539417533142569e-16
-8.708853950489814366e-16
-1.925000957248013123e-16
7.214552306261667880e-16
-6.113138424287956063e-16
1.038801206512673936e-16
4.774284266539918775e-16
-8.416119363918728169e-17
-4.138941793463413177e-17
-4.680907354434604706e-16
7.710303749630664782e-16
-1.127421181586207855e-15
1.113882206957295118e-16
2.801171837887861393e-16
-1.368534192219827972e-16
-2.190901540050083085e-16
7.668019864903730110e-17
6.411429546993030471e-16
-1.175098972121257912e-15
5.339051954451196069e-16
-7.670730370334943871e-18
2.316940042601522975e-16
-1.786494129712989931e-16
5.205525680646028164e-16
-5.451097472713994918e-16
3.706616177184818284e-17
1.291508404128310916e-15
-3.682255509621784606e-16
-2.229255191901757804e-16
6.074920297707842032e-16
-5.007658784167423605e-16
-2.879098869035257025e-16
2.313416385540945086e-16
7.718231978016965034e-16
-6.932896910640667931e-16
-1.328960812924107060e-16
4.728070148937724149e-16
-4.146937784485493772e-16
-4.701913771526511354e-16
6.078715005311541297e-16
6.463471251272334683e-16
-7.386737163779522053e-16
3.404903041372836503e-16
-3.886661500453192364e-16
-1.184490873440413594e-16
-4.339654720644792185e-16
-7.307522642552299885e-17
-4.642689227854490674e-16
-1.598981363981621939e-15
4.056813478897636216e-16
-4.252511971031269766e-16
-8.081100892620707299e-16
-3.139442915703338777e-16
-1.961863831112520273e-16
5.023650766211584795e-16
-2.061339380438065305e-16
1.554800125452837634e-15
-4.540909748912413946e-16
5.344981185081976172e-16
1.955358618077607247e-16
3.579493472460892889e-16
-6.782768791069315739e-16
7.579115286759918746e-16
7.151533054985947935e-16
-4.707605832932060252e-16
5.082333208797362722e-16
-2.654533494059196919e-16
3.161804585510852306e-16
8.186539553894922605e-16
6.589238703280653198e-17
-2.773253631946359654e-16
-6.040767929274548642e-16
5.639613125454912002e-16
-3.795656280600190335e-16
-8.683104148893283636e-16
3.961810263533593890e-16
3.007847877017910676e-16
-1.685121226585595267e-16
-1.196688147880875519e-16
9.938610264631497770e-16
2.232507798419214318e-16
9.464068526261748548e-16
2.688821387764050996e-17
9.450719287013020775e-16
-1.019231357299310581e-15
-6.693593162382382999e-16
1.525980676455457319e-16
-1.418312624464068694e-15
6.501147276766205962e-17
5.401224172779661714e-16
-1.536558423900769021e-15
6.145800014734081884e-16
7.508100044462118206e-16
3.337174286910382648e-16
2.726463531940032103e-16
7.218584183090598350e-16
1.184761923983534970e-15
-2.665239990512491275e-16
5.135594640520713128e-16
6.326319676452918372e-17
2.832613700889941022e-16
-1.531272938309902187e-15
-8.145068820797352060e-18
-8.039020295801113658e-16
-1.299199463289379963e-15
-1.119032167276601264e-16
-4.609214485779000725e-16
6.952446431063297183e-16
6.464555453444820188e-18
1.804058204907255103e-15
4.131487903527575334e-16
-7.211977326102014807e-16
2.601163642118597963e-15
-2.010165037896749496e-15
1.415209095745328938e-15
-1.461125057750090050e-15
3.736770550107071376e-16
-1.844715786375461519e-15
-1.558486412839288349e-15
9.064404500429279476e-16
-2.270942765433825450e-15
1.048220212886141756e-15
-1.545245593807809126e-15
2.189600497443100480e-15
-3.224078447792988467e-16
1.654302779832694803e-15
1.763671673982170063e-15
-1.887053881211020467e-15
1.256427687584826813e-15
-1.087095637033325124e-15
2.520336370159803607e-15
6.289727853131532598e-17
1.494775982678608894e-15
2.678521467125438704e-16
1.121742672707815025e-16
2.514183522830948370e-15
-1.270332580446953408e-15
7.572339023181884343e-16
-1.739222914992621938e-15
1.399298428864104160e-16
-1.306300987519160017e-15
-1.512868606431960750e-15
2.110738341921936101e-16
1.601908709847332801e-15
-3.597274388089655162e-15
-2.171873791922962482e-15
-6.650062445157089996e-15
-5.371896504013928819e-15
-4.321196178658226472e-15
-5.468932598451381466e-15
-3.490588894317081525e-16
-2.113462399880305931e-15
4.207571790981745607e-15
2.178704265609621160e-15
4.915664229832028553e-15
5.496579753849761829e-15
4.515268367533131766e-15
5.016495031873180466e-15
8.735959004801951977e-16
-4.998321092956892198e-15
2.530083347690448292e-14
1.691377073120836627e-14
2.498912535231490040e-14
2.657748153500616439e-14
1.009592799985914446e-14
2.183030232277838323e-14
-1.031951759287996762e-14
3.451571168634759434e-15
-2.549349620295515706e-14
-1.562210647301776056e-14
-2.552558858726072799e-14
-2.731078167436673532e-14
-1.042229995883159344e-14
-2.166431097017085250e-14
1.175752203930180428e-14
-7.394193764220791110e-14
-3.959224441352215962e-14
-6.710040509338988102e-14
-7.392133780093068651e-14
-2.084877409602725606e-14
-6.635685924349932208e-14
3.762453944320537369e-14
-1.976337930115201758e-14
7.463062286217070351e-14
3.892979688613351641e-14
6.704272553781365218e-14
7.475227034592357711e-14
2.059442026636215672e-14
6.625537792015467886e-14
-3.820434365999630932e-14
1.910104019398062292e-14
-5.265158227506341708e-03
-1.625457062843469001e-03
4.267273975123897674e-04
-6.604661705236346270e-03
5.868658447660381541e-03
-7.714920673871594053e-03
7.872797657355136425e-03
-4.305945582220031126e-03
5.265184283285686585e-03
1.625449539767979609e-03
-4.267251972514998336e-04
6.604686814173677499e-03
-5.868660160075879137e-03
7.714917237224667816e-03
-7.872805006960159960e-03
4.305940157763419804e-03
