1.459075867049137130e-03
2.431921385835322975e-03
-1.761961456585814118e-03
4.151081674975345623e-03
-3.950862008273580903e-03
3.438626293603605152e-03
-3.825418965034878098e-03
7.118520173525495331e-04
-1.459081299549216471e-03
-2.431917756370680951e-03
1.761958498531710588e-03
-4.151087164311275009e-03
3.950860848277117435e-03
-3.438629284401460186e-03
3.825420677984760296e-03
-7.118536785686780570e-04
6.403070348243167231e-14
4.208981253805976763e-15
6.711563813391330235e-14
-4.698604244394999352e-14
3.149889203635236612e-14
-7.152264891452375650e-14
-2.277084770740955832e-14
-5.364046880285133767e-14
-6.381787459597276779e-14
-4.548228113576691101e-15
-6.741227584830533637e-14
4.671729583044514911e-14
-3.177303255566532592e-14
7.178686898395847393e-14
2.297424403496783896e-14
5.378141508527445325e-14
1.400328420927965389e-14
1.960393381916086808e-15
6.070420858692027188e-15
-9.616249853697245165e-15
-5.578979118958660166e-15
-1.552379644102763745e-14
-1.415954484738912722e-14
-1.188865629206392605e-14
-1.430057244497517921e-14
-1.522490900712769601e-15
-5.878882992395306761e-15
9.440365156265784208e-15
5.405777821904100833e-15
1.508667323013579420e-14
1.388513327753304605e-14
1.194045405085442102e-14
6.883328542567346275e-16
-1.823424766213277426e-16
-1.770366622397268053e-16
-9.800103437096474579e-16
-1.093173945462821983e-15
-1.185520865504274823e-15
-1.696234298853571687e-15
-5.169747008954006517e-16
-7.420279668490792346e-16
8.353100112643008224e-17
-1.394351756452139046e-16
1.568135812174409338e-15
1.007820129433900647e-15
1.408703882710415911e-15
1.137653339589039803e-15
1.202949415426979307e-15
-1.581471498895981043e-15
9.813317151073641664e-16
-2.549203253002230163e-15
-4.513533644057154959e-16
-2.104714243601063517e-15
-1.804136131938402499e-15
-4.128032009102777788e-16
-2.154031889921997900e-15
1.531842144450457077e-15
-8.128738025574289150e-16
2.389378300250710740e-15
5.866279142140162772e-16
1.917099833916025009e-15
2.165561702400023436e-15
2.596664203102783119e-17
3.013126586345199476e-15
-1.618497003086361019e-15
4.377661088988092641e-16
-1.639029081727805259e-15
-6.597776795388976545e-16
-1.068549003620244964e-15
-1.313212776368755108e-15
5.223889354942501395e-16
-7.901394382531234939e-16
1.185913888791800819e-15
6.304212116529581134e-17
1.431729626348576812e-15
6.762507762970992875e-16
1.078096759001695437e-15
9.645198051702608133e-16
-1.283756358595039559e-15
1.503788413237394650e-15
-5.826638000208661516e-16
1.204514732313505254e-16
-1.013064957443299274e-15
-1.451001319964506653e-16
-3.224756074150791907e-16
-7.231899541021435951e-16
1.563555057995658082e-16
-6.914499355026304528e-17
1.463266357040748922e-16
5.438307275210454983e-16
9.614806509555123837e-16
1.963693422278589562e-16
4.668235741543680373e-16
5.313674847351457231e-16
-5.055228154485225112e-16
6.158268339717665185e-17
-4.965442662076269276e-16
4.346159933679705212e-16
-4.071594203827223757e-16
-2.374131707200133334e-16
5.339898987398450370e-16
-3.042948922352128882e-16
-9.215718466126787689e-17
3.047353493677851244e-16
3.329584871702984117e-16
-4.664136102078969559e-16
6.053685181720176722e-16
3.993929752893476959e-17
2.690583216294339941e-16
-2.193747570752857534e-16
2.805237596034682035e-16
-4.558799084758424769e-16
-6.606958632537213161e-16
3.046913036545279008e-16
8.214186709293302968e-17
-3.977937770849315768e-16
2.972069205325889030e-17
4.756259405422347264e-16
-5.682574636539650115e-17
-1.281798018420987617e-16
6.066517730871079372e-16
-4.817787878710899641e-16
1.945600798525237707e-16
3.182133376244955514e-16
9.883858054920979797e-17
-1.521881036990746505e-16
1.919579946385585600e-16
2.918536723059417248e-16
-6.268856961311186637e-16
1.699215854827906824e-16
-1.792186191118538829e-16
3.078049967686347088e-16
-2.908236802420804956e-16
2.231017020432046749e-16
-3.719236968098907359e-17
-5.055702492935687520e-16
7.364036680793106804e-16
-4.462101803499873842e-16
-3.994471853979719711e-16
-1.286405877654051011e-16
5.801836875513055602e-16
-2.960414031971669857e-16
-9.068419436599264860e-17
5.570122542462169202e-16
-3.036714759860337232e-16
2.053207864144424022e-18
2.088444434750202916e-17
-4.388985919492882637e-17
-3.203817419694665602e-16
-1.573583928091148998e-16
5.256246013527615668e-16
-6.867302679205294913e-16
3.717322673638112640e-16
7.192326161725715039e-17
2.024340981301997466e-16
-3.546086493021183284e-16
5.787606721999183357e-16
-6.669876239859262590e-17
-6.637824513135159865e-16
7.760617506697570223e-16
2.964073214303808435e-16
-1.091656062421342277e-16
-4.351851995085254110e-16
7.836071201638983297e-17
2.942795746668780410e-16
-7.176808518132016257e-16
6.216171511991969156e-16
6.440838530921699778e-17
-1.940044262391249497e-17
-2.631900773708562014e-17
8.780682344416979035e-17
-2.775286511019769975e-16
-2.608725952271684356e-16
7.783169758918215969e-16
-7.569425229843329550e-16
1.991205052405409237e-16
1.349831704744453020e-16
4.233402907741212751e-16
-1.915378662967204271e-16
-4.479787851438543633e-17
6.492388956091596497e-16
-5.766430898317825848e-16
1.427419922712946931e-16
-4.431676380034499374e-18
3.891066071778914726e-16
-4.560967489103395778e-16
2.404760418572848835e-16
6.749768387444288198e-16
-7.820841549247350977e-16
5.345777396052395214e-16
-1.510225863636527333e-16
-2.305691445061985867e-16
2.588532686809141836e-18
-1.676244321298370199e-16
1.102498084146197321e-17
-6.378293618096442241e-16
3.834958609352789871e-16
2.170437224044419189e-17
1.578327312595773080e-16
-2.042772418234251042e-16
9.874371285911731633e-17
-2.229932818259561245e-16
-3.098920859506693049e-16
7.552823384077145263e-16
-3.011710347257390286e-16
-8.325317431973067173e-17
-4.210770187390577846e-17
-2.085869454590549843e-16
-1.551086733012074781e-16
-5.817896620192997137e-16
5.849490949125582540e-16
-4.965476543394159448e-16
1.629691390517273852e-17
3.375595701397837711e-16
-1.950886284116104541e-16
-5.485656416961970372e-16
5.342338442286542755e-16
4.155103182097025227e-16
-6.413157494205429243e-16
4.722344206214285078e-16
-4.194507154803295279e-18
-2.533577189191282830e-16
2.484178227707412034e-16
5.244760246762847355e-16
5.196818181948253956e-16
-6.847482108239544285e-16
6.290269954217775350e-16
-1.242563452304168425e-16
3.885509535644926515e-17
-1.080136414338683792e-16
5.449471169455266661e-17
-4.925665994873207332e-17
-2.221225319561787037e-16
5.450199617789905360e-16
-1.107078838324948578e-15
8.113762483066833120e-16
-6.579751934271405034e-17
8.226383983733764893e-18
-2.634746804411336463e-16
2.690312165751218565e-16
5.625044158762138036e-16
-5.181469944944006034e-16
1.007969207232617403e-16
4.675960682022639592e-16
3.819779778937992809e-16
-2.251345811166149957e-16
7.743236390619911980e-17
3.134631768562934351e-16
-5.118653981575627121e-16
7.597546723692172321e-16
-6.035617968955242496e-16
2.431797710249206101e-16
-3.034004254429123471e-16
1.811430779680156533e-16
-5.036457904374069816e-16
-4.195794644883121816e-16
4.392797567755526988e-16
8.687169907040104277e-17
-2.008620049800957652e-16
1.128112360471167364e-16
1.795980898722238095e-16
-2.742828208480985186e-16
9.608741753652783046e-18
4.727951564325108547e-16
-6.510905096318575502e-16
1.499519367183232976e-16
2.826040725219247651e-16
-1.514494909690689006e-16
-5.815389402669124408e-17
5.540679677215609722e-16
2.839932065554218177e-17
-5.194514252331722259e-16
1.547969651766178956e-16
1.766165338978886723e-16
-3.387183112116276540e-16
-2.436744382661171215e-17
5.359008050688507385e-16
-1.390692574120000469e-16
-4.493984123634525707e-16
7.349704883325564042e-16
-4.562593792362124034e-16
-6.177174115100381169e-16
2.920163026318145505e-16
-7.550112878645931502e-17
-4.593967892728423319e-16
-1.717782817031721088e-16
5.886252179036419174e-16
-5.603698928491329667e-16
-2.377113263174468472e-16
1.547156500136814827e-16
6.893763988477519256e-16
-7.904375938505570076e-16
1.396587923432890399e-16
4.957603372149430726e-16
-4.938879708850374417e-16
-1.039140019691575656e-16
7.050024626586992582e-17
1.416239087809190167e-16
-2.878014666862771520e-16
2.759294528975608785e-17
1.643447205580683690e-16
-5.235248066765181563e-16
4.676299495201541312e-16
-3.285539158445760499e-16
2.840609691912021617e-17
-2.230881495160486061e-16
2.834917630506472719e-16
-2.645453300864630819e-17
-3.943429648578175573e-16
5.842053999848689783e-16
-3.456233237976447104e-16
5.034899363751121903e-16
-4.294931381029765127e-16
3.516677509092513976e-16
-3.881037201683423810e-16
-3.964080311832235415e-16
5.297648983989405869e-16
-5.643949934144854019e-16
7.389515431846516158e-16
-4.938066557221010289e-16
-8.975161109106566393e-17
-1.657338545915654215e-16
1.329740083235581016e-16
2.345620578195553585e-16
-5.038897359262162201e-16
3.921762545787410570e-16
-3.754321072774180479e-16
-5.809968391806696886e-17
4.201283418381329682e-19
1.262756717766710945e-16
1.688339951785161608e-16
-3.438462486743051882e-16
6.562133648968515587e-16
-7.775897981066037801e-16
2.552889540388680878e-16
2.547875105340935420e-18
1.471397873334390205e-16
-2.686144763650727407e-16
-1.373633330562298860e-16
3.274731018038795627e-16
-6.254491282525753704e-18
-6.693593162382382999e-17
2.501254411924058729e-16
3.200225999998307369e-16
-2.314365062441869902e-16
-7.033761593999710016e-17
1.328706703039930770e-16
-5.726721993750544248e-16
5.921980028751605563e-16
-2.191511403772106181e-16
2.235624879665110143e-16
-2.995108501491205999e-18
2.421497789610593809e-16
9.036592173606184525e-17
-4.043294833059457583e-16
2.688143761406247556e-16
-3.213507476611254798e-16
-1.527098759945832995e-16
-4.867119077558990092e-16
2.968071209814848732e-16
6.835217071163302016e-17
-2.311946783377458875e-16
5.184383738282560827e-16
-1.509344949371382860e-16
-1.387101154423642235e-16
-8.093569217604290600e-17
3.821677132739842442e-16
-3.285064819995298091e-16
1.228367180108186352e-17
4.679907855556844631e-16
-3.802568069449785426e-16
1.285389438117345851e-16
-1.556507743874502303e-16
2.604795719396424403e-16
-2.531408784846311821e-16
4.005246113068794411e-16
1.211375699186265087e-16
-4.191932174643642206e-16
-2.106943634318236835e-16
2.475843423506429719e-16
-3.444916877801129651e-16
-5.556807184531331600e-16
4.570793071291545662e-16
-1.880751956083448473e-16
-1.284017244742793884e-16
2.628512641919544812e-17
2.229322954537538148e-16
-3.298956160330268617e-16
1.871875050796223405e-16
4.806607043807142876e-16
-6.431758337727133679e-16
-2.406590009738918123e-17
3.055823823150394247e-16
1.639855785884325456e-18
6.556170537019845312e-16
-3.570955380352569541e-16
1.489016158637279652e-16
-1.993847795200842654e-16
4.711874878986221926e-16
-1.618061628151472309e-16
1.399298428864104160e-17
4.682736945600673995e-16
1.392522165286069757e-16
1.293453191775206790e-16
-2.635966531855382655e-17
-7.711049138624248567e-17
-1.499688773772683836e-16
-2.487837410039550612e-16
-1.502162109978666393e-16
-2.912505848474966630e-16
1.141800412898796857e-16
-5.917033356339640449e-17
1.359657286932602904e-16
-3.919560260124549389e-16
2.052191424607718861e-16
1.875805283671483359e-16
-5.149960319306146062e-17
2.806999424564970980e-16
-5.976461187919002160e-16
2.330763620300713157e-16
-1.711175960043137545e-16
2.584568572615991711e-16
2.359156164692677304e-16
3.190806993624839549e-16
2.089664162194249108e-16
-6.697658920529203641e-17
-1.244121992927116338e-16
-2.568610471889720692e-16
2.694140754672808002e-16
-1.146001696317178187e-16
-1.318796417557055456e-16
2.883503440360979386e-16
-7.873611701861293888e-16
1.179679726300009168e-16
-5.561415043764394994e-16
2.999784123360049737e-16
-1.247086608242506389e-16
-2.551839219534085546e-16
8.364619760725666708e-17
3.811038398922328430e-16
-5.643678883601732643e-16
9.540979117872439019e-17
4.716143925040383600e-16
-4.500150523490537013e-16
1.953833958772549506e-16
6.728829732988161894e-18
-6.597370219574294481e-17
5.946035764453627692e-16
-2.850774087279073221e-17
2.001030634593559121e-17
-1.213967620004863246e-16
-5.799888699734370712e-17
-9.496933404615215402e-18
-4.561712878096979562e-16
7.081805302767973931e-16
6.219254711919974810e-17
-2.460461305184291625e-16
1.067735851990880835e-16
1.895320922776222439e-16
-3.078033027027402002e-16
-8.646851138750799581e-17
2.576267649732899567e-16
-3.949951802272033685e-16
1.833521398944548686e-16
-2.003741140024772882e-17
7.655822590463268185e-17
-1.626032208185135275e-16
-1.025756899124957711e-16
2.034369851397488382e-16
-5.537698121241274585e-16
3.971161507271281366e-16
1.053627671221413209e-15
-2.779758844981272681e-16
-3.630586499839272285e-16
1.481325099476210605e-16
3.800704596965825965e-16
-7.924094865517650188e-16
-1.925678583605816563e-16
7.523414400148475956e-16
3.787524764306549052e-16
-4.212938591735548854e-16
4.172382654221012954e-16
-4.858208290953874853e-16
7.224852226900280172e-17
-4.128980686003702605e-16
-1.208749897049776756e-16
-1.446732273910344979e-16
-4.233877246191675159e-16
6.691560283308972679e-16
-1.928744842874877130e-16
-2.581027974896468735e-16
1.014067844452848366e-15
-7.905460140678055581e-16
4.851398146057950278e-16
5.542712556289020043e-16
-5.463701322969138907e-16
-4.972218925654303678e-16
2.373250792934988862e-16
1.845718673385010611e-16
-9.486226908161921045e-16
7.273912375205249248e-16
-7.218008200686465425e-16
7.968343866682214838e-16
-1.479885143465878294e-16
2.818722360554970496e-16
3.114167452557270455e-16
-2.819366105594883765e-16
-2.216244765831931751e-16
1.592286415566523949e-16
-7.797785312423088921e-16
-1.276648058101681471e-16
6.767030918909330839e-16
-1.132466109820054467e-16
-5.299647981744926017e-16
6.498165720791870825e-16
-2.495968926333191895e-16
-5.154297127996088079e-16
4.168079726848961108e-16
6.816921159502609129e-17
-1.322997700975436786e-16
1.710701621592675137e-16
-4.452411746583284646e-16
8.236345091193475465e-16
-4.140568096722141433e-16
-6.806485713592436149e-16
7.676354669104712425e-16
-3.894250915660590895e-16
2.878760055856355304e-16
2.517280275286110092e-16
5.004677228193088467e-16
-8.822220840150329924e-16
2.673913607892375310e-16
-3.633703581085168111e-16
3.072019093101896470e-17
4.631847206129635630e-16
-4.913875296247427471e-16
3.687710401802102300e-16
1.351647743383366240e-15
-6.671976881568453255e-16
-1.654966853663342174e-16
1.427894261163409340e-16
5.110454702646205494e-16
-2.505997796428682811e-16
-1.122962400151861218e-16
-6.050525748826918182e-17
2.088376672114422572e-16
-7.229866661948025630e-16
-4.743045691445180179e-16
-4.235605193404073932e-16
-5.342677255465444475e-16
-2.348381905603602604e-16
8.677005511673052673e-17
-8.183964573735269532e-16
-3.179084057634840033e-16
-7.661243601325695707e-17
1.328276410302725585e-15
-2.914132151733694887e-17
6.567419134559382421e-16
6.339736678337426490e-16
7.142757793652393383e-16
-7.585213923980149708e-16
1.313348301640315796e-15
-1.703281612974727466e-16
7.964549159078515572e-16
6.060690144193969786e-16
4.210499136847456469e-16
1.254421913565728630e-16
-8.567094516437334661e-16
9.042381643800667668e-16
1.065228634467008106e-16
-1.148847727019952636e-15
-2.241045890527537665e-16
-7.657719944265117817e-16
-4.613280243925821367e-16
1.750986508564089661e-17
-2.197677803628117488e-16
-3.652677119103664438e-16
-2.945235201556872795e-15
-2.079120296066827578e-15
-3.256238594734339742e-15
-3.634245682171410863e-15
-2.004174820893767084e-15
-1.936032714353053130e-15
1.563148482180976018e-15
-1.173648851715558550e-17
3.080435212465815198e-15
2.333474125731926918e-15
3.172456871855522387e-15
3.483270529652804370e-15
1.693469583313733651e-15
2.324746298243418607e-15
-1.281120392063184177e-16
7.863284676168369458e-15
-2.732189474663471174e-16
3.684227402322992617e-15
5.185305310129173506e-15
-2.547116163820195567e-15
8.291110853431149508e-15
-6.653701298698494471e-15
5.419845345092100253e-15
-7.661948332737811285e-15
2.724600059456072643e-16
-3.452641818280088870e-15
-5.445296991091197469e-15
2.203532495359539212e-15
-7.690246009439682950e-15
6.885707011083236351e-15
-5.764513215725242112e-15
-2.859941072097573096e-03
-9.309043062153850561e-04
1.639313450930454750e-04
-3.562693328252142938e-03
3.091778122843487006e-03
-4.107498177033361286e-03
4.208499236421978443e-03
-2.246212000406163853e-03
2.859953781296026287e-03
9.309009929074621090e-04
-1.639297707172549315e-04
3.562705707290145067e-03
-3.091778950949693877e-03
4.107496490579603393e-03
-4.208502743692604277e-03
2.246209022417761537e-03
