1.188979999715109905e-03
-1.031201582922876454e-03
1.161136665354422929e-03
-2.020951840017891831e-04
4.531051034819110618e-04
7.453957963577767477e-04
-5.203439486111374919e-04
1.256239405053757386e-03
-1.188982484863643696e-03
1.031199471180424543e-03
-1.161136174492408048e-03
2.020938176319974310e-04
-4.531060392776166358e-04
-7.453967520108132705e-04
5.203426528711250273e-04
-1.256239078449039289e-03
-3.973291964540215382e-14
1.022347354343033921e-13
3.934743156297493272e-14
8.153433440558077727e-14
9.536227601851521296e-14
1.260544945334840516e-14
9.589666571680616203e-14
-6.347759096787461419e-14
3.972553351810209632e-14
-1.030584309297949419e-13
-3.960541746991785850e-14
-8.181590170977526277e-14
-9.565774821557182506e-14
-1.258414488065906500e-14
-9.560748189234996586e-14
6.352860268009005718e-14
9.052529098508774186e-15
2.101830265822252075e-14
2.037075613444197519e-14
1.731529145326121677e-14
2.013463045380178840e-14
3.319672892154214294e-15
8.035605058957784319e-15
-1.268383049415552910e-14
-8.469028429936020785e-15
-2.168945090804536013e-14
-2.071359441390904776e-14
-1.717231906802826891e-14
-2.024033338935554704e-14
-2.985675942590582110e-15
-8.257771636627220246e-15
1.318736786437568753e-14
2.449165273799708276e-15
1.803353473495139525e-15
1.924187805618648994e-15
1.692466696304184559e-15
4.656919381368362920e-16
6.270330798639409120e-16
-1.875222525003772400e-15
-4.702523635248534450e-16
-2.167177841263384641e-15
-1.515904372514920162e-15
-2.084324466494757999e-15
-1.834802112760797188e-15
-2.604118093038620962e-16
-8.923695387231395104e-16
1.422651127219905220e-15
5.351892973931571262e-16
2.736571176099617669e-15
2.791294586689928997e-15
2.164101417598957022e-16
3.181291425495384739e-15
-2.751235857515431371e-15
1.818129116227043540e-15
-3.776885183456087786e-15
-3.975311968712827437e-16
-2.879027718267687663e-15
-2.348208687365889100e-15
-2.850875731232743737e-16
-3.138484074407046909e-15
2.841851442212696421e-15
-1.463317179017584180e-15
3.821196018025801999e-15
6.238685647729988459e-16
1.424001297737828575e-15
2.052841945911210164e-15
-8.253793969906914052e-16
1.760103971208334950e-15
-1.931848371593616887e-15
-5.604266440565990048e-17
-2.377269117236763263e-15
-1.089550338514468086e-15
-1.754059544096728263e-15
-2.110155583254225142e-15
7.841390568547740303e-16
-1.702126260034672600e-15
1.500363011998698259e-15
-9.974998800045542513e-17
2.314636112984991279e-15
1.070487015003562803e-15
3.147879363857991608e-16
1.048301528049078168e-15
-4.174889871744885683e-16
2.456802122852153047e-16
-5.730448938718463170e-16
-2.387718115674092312e-16
-1.408658142931264179e-15
-3.716272352783517308e-16
-8.554185734321179124e-17
-1.285643548001522141e-15
2.407775855865074144e-16
2.014481517795957410e-16
4.902525054754219846e-16
5.968041680423294415e-16
1.441916044572257027e-15
5.026733966139590448e-16
-8.181999457297639555e-17
2.084683608464393823e-16
1.409259536323814732e-16
-2.202776941970588376e-16
-8.490844610525502545e-16
4.204925660054523173e-16
-9.683437354106403522e-16
-5.178386745016000381e-16
5.074184751844776353e-16
-2.102335775085173442e-16
-2.389276656297040224e-16
3.171054185294869265e-16
4.593984833387368405e-16
-2.194620014688529464e-16
8.074088518608625760e-16
6.728524801127150345e-16
-2.064795274862862851e-16
-2.809438879453063365e-16
4.671894923875818950e-17
7.763793880249773849e-16
-9.145346968868900417e-16
8.141934798892511149e-16
-8.924339132271308372e-18
-5.150197488531377266e-16
3.621574069280486530e-17
2.591853055962378694e-16
3.932604567512265614e-17
-5.096012790895519673e-16
7.647089680777076348e-16
-7.146620263891872993e-16
2.399441051664091828e-16
-1.997337570943530372e-16
4.332166949391064170e-16
-3.316811614858389268e-16
-6.116064923120719671e-16
9.490987233325490213e-16
-8.947175140529284310e-16
-9.267810992382927160e-17
5.176828204393052468e-16
5.302765062990821843e-17
-5.739834063774040818e-17
-2.214787869162654355e-16
5.740926736275998865e-16
-7.976610908247416809e-16
8.881394561845515345e-16
-2.876498477887186322e-16
3.240578649605502237e-16
-2.545808344949634927e-16
3.183827442139464114e-16
8.027517588377400259e-16
-8.925126872912254872e-16
9.452574289167507693e-16
1.047203773349436595e-16
-3.546526950153755520e-16
-3.568312637557136124e-16
6.576126633257156628e-16
-1.094722321690402844e-16
-1.036317705911324327e-15
8.082642492584710125e-16
-7.962211348144093703e-16
1.584459831133894214e-17
-2.476724337771574191e-17
3.845529580534523539e-17
-2.294680016747679963e-16
-4.238417342788958209e-16
9.588981004388932253e-16
-9.655209981139153963e-16
-2.316397941515280223e-16
2.923788327332393910e-16
9.304487518999038365e-17
-9.758158365548441626e-17
-3.065683286656434303e-16
7.742440179649492937e-16
-1.106654527757933376e-15
8.006341764696042751e-16
4.325831142945602004e-16
-1.741770790097962873e-16
-8.673617379884035472e-17
4.737353630039631280e-16
-1.990307197481319679e-16
-9.638447199112991359e-16
9.991795463389595289e-16
4.768931018313271597e-16
-1.056341564784415987e-15
-1.005495871026634847e-16
1.612784612890078018e-16
2.678030188016031210e-16
-9.109212543339031964e-16
1.173177477880411532e-15
-1.038298915974952136e-15
1.028552107850896902e-16
4.495779833482704824e-16
2.359833791050480745e-16
-5.872038966181492015e-16
3.848833009028815311e-16
4.572571840480779692e-16
-8.815046471087086000e-16
1.953935602726220022e-17
4.742097014544255362e-16
-2.134963484213409091e-16
-1.558845554808924172e-16
-1.231484261354082177e-16
4.769252890833228231e-16
-1.112973234725772847e-15
1.097428591956880334e-15
-1.807924063278523730e-16
-1.406820081435722347e-16
-1.403160899103583770e-16
3.282388195881974502e-16
-9.688024037515785558e-17
-2.255496272607696029e-16
9.787076070367703440e-16
-2.666070082800800489e-16
-3.292010490162783354e-16
1.397333312426474183e-16
5.719674679629388470e-16
-1.924408034184935112e-16
-5.796009288835946016e-16
1.059622970422079147e-15
-8.100362421841270089e-16
2.732816279044439356e-16
1.810583746732902233e-16
-1.629488102609932820e-16
-7.157360641663057521e-16
2.366067953542272395e-16
5.474119828220366801e-16
-1.161335957277796413e-15
5.205169926808181358e-16
4.161100175363585674e-16
6.168093921905815069e-17
-3.961742500897813546e-16
7.084448045563407348e-16
2.868900592350315248e-16
-1.152074075516044266e-15
1.051659166651994215e-15
-2.015176084812705937e-16
2.680927040695640917e-16
-1.508904492238810624e-16
5.901481831428051494e-16
-5.894671686532126920e-17
-3.505276445622471093e-16
1.235642346092153537e-15
-5.461194105445266178e-16
-1.233788190970613874e-17
2.207977724266729780e-16
3.856845940709840992e-16
-3.580204980136586501e-16
-6.176360963471017040e-16
1.068697234386014466e-15
-8.791710713390230025e-16
2.109061216686372586e-16
-3.421335480549569930e-17
3.423402240940870422e-16
-2.685704306518155171e-16
1.478767059975502618e-16
4.230709342968944076e-16
-1.131907068074866629e-15
9.861132160946146918e-16
-2.605168413893216295e-16
-8.424657456027051516e-16
-8.727488675329408974e-17
1.938011383317839176e-17
4.998764938221253451e-16
-8.607565750657145132e-16
1.119638642866835343e-15
-5.464633059211118637e-16
-1.645886660468776075e-16
4.299539240262828521e-16
1.212273554110354645e-16
-1.308835310097344884e-16
-3.357181205124529222e-16
9.357427078202432136e-16
-8.674405120524981971e-16
7.587873607434528211e-16
-2.493597234080879854e-16
4.389528020579125389e-16
-4.246786028307830696e-16
-2.578622401326266522e-16
7.869944049199682767e-16
-1.273223080379458708e-15
1.115594907576643313e-15
-6.316832907443670209e-17
9.866239769618090349e-18
8.940602164858590939e-17
-7.019362033896386910e-17
3.904195082461356381e-16
-5.375592955795746586e-16
8.363260272845323556e-16
-6.651207633701777810e-16
4.273484506805286243e-16
-1.619255944607100872e-16
1.442226058630952101e-16
2.338420798143892032e-16
-8.114570340740276909e-16
1.021836830645064809e-15
-5.149096345699946675e-16
-2.553363878839143286e-16
-3.362009292923878734e-16
8.641091314709470339e-17
-3.787169010468702246e-16
1.470838831589202367e-16
5.608674717660856648e-16
-1.044707567253878172e-15
3.184674475086718415e-16
-2.716739593705552736e-16
2.404794299890739007e-16
-6.690814894315388894e-16
3.692690955531957586e-16
6.921533963653251492e-16
-8.272005178272881509e-16
6.977383081030463785e-16
-1.289455196264166492e-16
2.126594798694536603e-16
-1.465942981154072511e-16
4.124474470724309727e-16
-3.516304814595722084e-16
-4.884788184838714797e-16
7.793922842183609312e-16
-5.866601014660119406e-16
1.980024217501652473e-17
2.293765221164645318e-16
2.384634915746086659e-16
-6.890240331416941366e-16
1.215644745240426761e-16
3.796672720136895496e-16
-2.754449500517314187e-16
2.101963080588381549e-16
-4.424290252734441875e-16
5.645101898953119868e-16
-5.493754051937721483e-16
5.157337976276731017e-16
4.588665466478611399e-16
-4.251597175448235122e-16
1.065804616871141031e-16
1.598825509919327148e-16
1.101820457788393881e-17
-9.005755939161391721e-16
1.243637490081286878e-15
-4.914375045686307508e-16
-6.423813168681888341e-16
9.214871433179533389e-17
8.859287001922178106e-17
-1.251169307048272117e-16
-2.290038276196726397e-16
6.615530605963426680e-16
-5.179462476859013342e-16
-2.600285268952295253e-16
4.431710261352389546e-16
-4.560645616583439144e-16
4.758461691085208445e-16
-1.035209786816315702e-16
6.064755902340790428e-16
-9.048920738153470866e-16
3.332244555157362620e-16
9.968349591409596255e-17
-4.613678349411030888e-16
-1.090639622884637117e-16
2.224816739258145271e-16
6.004447156496284244e-17
-3.601838201609461332e-16
1.874754962816888026e-16
2.417419855365156387e-16
-3.299786252618577831e-16
2.623684554120195300e-16
-3.578477032924187728e-16
-2.089664162194249108e-16
-1.183000095453246026e-16
3.619066851756613801e-16
-5.201121109320305802e-17
-1.429791614965258972e-17
8.858533142599121779e-16
-9.953890738999965349e-16
2.809371116817283021e-16
-7.405473532572787176e-16
7.052514903451920225e-16
-2.811861393682210664e-16
1.397888119006925750e-16
4.271231399165589804e-16
-2.802560971921358446e-16
2.024900023047185305e-16
1.192215813919372813e-16
-3.049081440890250017e-16
-1.674939890559598576e-16
2.730275180202676455e-16
-3.346144365821805688e-16
-5.368371999920403675e-16
3.621099730830024122e-16
5.690706152833291398e-17
-3.771329494355046830e-17
-3.881291311567600100e-16
3.925862185252121384e-16
-2.548506144886639874e-16
-5.149172578665199562e-16
7.716334624215115401e-16
-6.169652462528762982e-16
1.573448402819588310e-16
3.619168495710284317e-16
2.441386123212124781e-16
-2.979438391967001443e-16
2.260060721402212640e-16
4.510577499071237451e-16
-4.735286869648330788e-16
-1.348239282803614936e-16
3.794233265248803111e-16
3.190739230989059205e-16
-2.423488317036641415e-16
4.444098118205983688e-16
2.131194187598127454e-16
-5.179369303234815369e-16
3.982105172949806926e-16
-1.758982499586170256e-16
2.371963302855162325e-16
-1.074014060195929710e-15
6.222566610743739124e-16
-4.992992408685715394e-16
-1.119938492530163365e-16
6.102804622331453599e-16
-4.697848013379690713e-16
2.967562990046496152e-16
2.388124691488774376e-16
4.636649882940567513e-16
-3.307053795306019728e-16
3.740311147826594351e-16
1.385932248956431301e-16
-3.558148242190084520e-16
3.843666108050564079e-16
-1.147695762211686787e-16
1.253439355346913642e-16
-5.837437670286153846e-16
4.593595198231631427e-16
-1.658236400839743774e-16
-8.292435612960655233e-16
5.460753648312693942e-16
3.764214417598110707e-18
1.046661672263193843e-16
-4.385191211889183371e-16
7.744214713673990697e-16
-1.773856398139955770e-16
-3.903212524242541392e-16
5.918896828823599909e-16
-3.520065640881531177e-16
-1.455914111058581595e-16
1.390421523576879093e-16
1.648029653825329455e-16
-6.725416190210727063e-16
1.817470124594079695e-16
7.644607874241621248e-16
-5.554842068093701624e-17
-1.348002113578383732e-16
-2.266965098713519255e-16
9.602693938409387342e-16
-9.801221520586850255e-16
8.167786244442712396e-16
1.060214199419262648e-16
-4.220595769578727730e-16
5.099036698517217525e-16
9.006670734744426365e-17
2.043534747886779912e-16
-5.500157621018963994e-16
4.077446142701566904e-16
2.424919802717501183e-16
-8.295230821686594425e-16
2.287768227898084872e-16
-7.448875500790097526e-16
7.082584573079447887e-16
-5.082434852751033239e-16
8.824863582945763341e-16
-7.893646148646226227e-16
-5.446421850845151180e-17
-3.108509272469611728e-16
-5.791232023013431762e-16
6.524762555335655856e-16
6.111003901260875226e-17
6.624458333227487006e-16
-6.406686162488406389e-16
2.367867898555187783e-16
1.118083490375676448e-18
2.417533675417443684e-16
4.040245514449342101e-16
-8.613579684582650664e-16
-5.818337077325569373e-16
-7.666241095714496079e-16
9.207400602584750460e-16
-4.427331101015084813e-16
3.356656044697231556e-16
1.410614789039421613e-16
-3.380440729856132309e-16
4.503674180551114903e-17
-3.825251611777255589e-16
4.135663775957539035e-16
-4.194557976780130537e-16
-2.796343750088511881e-16
1.763488714865563134e-16
6.388729064006615221e-16
-9.329491931601985311e-16
3.728706796449210437e-16
6.193352444392938305e-16
-7.006675597928885627e-16
5.404697007863404346e-16
-1.999150221450654574e-16
-1.126689345119780139e-16
-5.407119522092551644e-16
2.768035908991273164e-16
3.849853683730256743e-16
-3.616169999077004094e-16
2.876202016355647317e-16
5.196005030318889828e-16
2.657819981894543604e-16
6.123370582290788011e-17
-3.863689966923655739e-16
-5.139795923939094457e-18
-9.559372438322066151e-16
4.260567254359658163e-16
-5.500293146290524682e-16
-1.328977753583052146e-16
2.560309549006628549e-16
2.637016852709977988e-16
-1.764505154402268294e-16
-4.531710971105232244e-16
5.520672759001463148e-16
-5.339255242358537101e-16
-4.652819741903652107e-16
2.632680044020035970e-16
-4.460238331015914381e-16
4.349344777561381381e-16
2.367287680986318588e-17
4.253477588591139669e-16
-6.636278678006420767e-16
6.726402983594278323e-16
3.518371574987022576e-16
-6.856274310232043923e-16
-5.814881182900771828e-16
2.349533870411868453e-16
7.143664118905955485e-16
-4.902626698707890363e-17
6.687189593301140489e-16
-4.215538982883619556e-16
-3.322706964171279198e-16
4.213074117007109542e-16
-3.995674640764820817e-16
-9.630222509195152103e-16
-6.789578935965240314e-16
1.354507326613296758e-16
-1.147607670785172340e-15
2.460249546947478050e-16
-4.209855391807543201e-16
3.188265894783076648e-16
-1.140224931616903858e-16
-5.462591709808235774e-16
-6.860289246402029306e-17
-8.693031375035104036e-16
-2.422353292887320653e-16
-5.420502642659169590e-16
3.728351042611363630e-16
-1.052692546847644461e-16
7.786604477519332157e-17
1.037123234244163167e-15
3.002392984837592982e-17
7.244537272594470112e-16
3.220775019298696695e-16
3.763536791240307267e-16
-3.655099633332811737e-16
8.654457494617143198e-16
-2.139944037943264377e-16
1.423625215109247666e-15
1.914497748702059798e-15
1.480979510033730850e-15
4.549922179471199701e-16
2.713520868505986394e-16
-8.413408858487514408e-17
-1.236580011564764048e-15
-2.185345003916094875e-15
-1.432054887000322463e-15
-1.685866615579179051e-15
-1.980945789348265151e-15
-8.286862136167721937e-16
3.680493681091495661e-16
5.410710941788909878e-16
1.264315258389658858e-15
1.693740633856855027e-15
-5.631928842557420989e-15
-1.813280699636959925e-15
-3.980892221769338768e-15
6.034466004146976648e-16
5.606443315240433600e-16
4.438364552186019329e-15
4.107215327391056103e-15
4.822856523867269374e-15
5.116431367122031837e-15
3.154025434923268811e-15
3.850286517566303690e-15
-1.425708916159493245e-15
3.357401433690815340e-16
-3.393512142298160672e-15
-3.702956994852679706e-15
-5.035034889022682592e-15
4.123220861962373363e-15
8.220719027382528132e-15
-4.162880638618714213e-15
1.456849235432350342e-15
-8.365134756757597323e-15
-6.693593162382382999e-15
-9.466331798296812039e-15
-9.854421965937998351e-15
-4.573571339358539767e-15
-7.201514775137529689e-15
3.244105694797869144e-15
-7.787891967599158694e-16
8.025345795900640233e-15
6.593521301861970940e-15
9.321536598161372922e-15
1.023925952706172815e-14
-9.250769270820396540e-04
1.237959510621809874e-03
-1.271868758275812800e-03
6.674587275038281267e-04
-8.736237626319782058e-04
-2.940260765030696874e-04
3.638426760827818442e-05
-1.083282165117150503e-03
9.250798590579687331e-04
-1.237954680237994933e-03
1.271865777747404301e-03
-6.674582393024544851e-04
8.736255548492370291e-04
2.940265306483119331e-04
-3.638244678262167356e-05
1.083281160879647235e-03
