1.447526305085318488e-02
-1.289512529207606679e-02
1.320558790516026051e-02
-3.600349254261491286e-03
4.200029148511820118e-03
7.803419386007815796e-03
-7.265730878060665601e-03
1.463602335876075869e-02
-1.447530655717219755e-02
1.289509371607726329e-02
-1.320557598987004075e-02
3.600330462023914463e-03
-4.200042173687587935e-03
-7.803432336609090331e-03
7.265710055292267169e-03
-1.463601752497645583e-02
-3.094529840708126756e-13
4.401782757734729046e-13
-6.094950932844511726e-15
1.647735767273950103e-13
2.522834371965210210e-13
-1.330784440978227678e-13
4.029103439773251694e-13
-3.445004698177100977e-13
3.104591236868792237e-13
-4.420517771275278562e-13
5.998673779927798932e-15
-1.658196149834090249e-13
-2.527977827071481443e-13
1.334921756468432363e-13
-4.025941906238283963e-13
3.438444190831391190e-13
3.481421964948716585e-14
5.749345227332169905e-14
3.464047625134636377e-14
-3.236994006172722038e-15
8.029574184373333701e-14
-1.694735389350110477e-14
5.680352022086054831e-14
-3.976343993655762077e-14
-3.552976597827328664e-14
-5.762843544379614436e-14
-3.473138660350927331e-14
3.103853979391502094e-15
-8.017669644519442862e-14
1.668280856341464169e-14
-5.682482479354988847e-14
3.966716278364090797e-14
-6.597587060008791582e-15
1.146131800577876447e-14
6.861481868791763361e-14
-5.122226427733966858e-14
8.284692376570035321e-14
-5.740546587889271135e-14
3.826659041722413335e-14
-4.646608618708025773e-14
6.238065619612598312e-15
-1.149991560311924843e-14
-6.902638183259313109e-14
5.160238555901308644e-14
-8.257500586084098870e-14
5.729789947085499324e-14
-3.779832349892764398e-14
4.668227610027386731e-14
3.657328346423627252e-14
-4.481766520403329679e-15
-2.695218180581715472e-15
-1.729700909412767995e-14
-1.608660578876486280e-14
-1.317115904189702924e-14
-4.101482608404038999e-15
1.741001006555498165e-14
-3.647949997631627639e-14
4.598209833728272855e-15
2.765691321793273261e-15
1.699738982376131080e-14
1.621188534979556284e-14
1.285337938514152789e-14
3.594401252332568575e-15
-1.662006036268204312e-14
-5.758062212798953361e-15
2.348452378744814162e-14
-3.906689425084430844e-14
-3.020814935000837309e-14
1.806844604490542849e-14
2.092399062174343793e-14
-4.510606298191444097e-14
3.360378923907003657e-14
5.811703115282673693e-15
-2.379249141454264915e-14
3.921602625966968958e-14
2.980574771369037812e-14
-1.813647973122889390e-14
-2.080490456562306134e-14
4.502832568614723030e-14
-3.368523992727801009e-14
-4.112647180275208481e-14
7.335549268711050175e-15
3.817806530984069191e-14
-2.953166140448604260e-14
-7.340373968378610670e-15
6.168340577900055521e-14
-4.748491096856488625e-14
-1.548940012710553482e-14
4.146678931216812858e-14
-7.603835096292588247e-15
-3.813523932402751448e-14
2.930441262913308087e-14
7.771452752158847233e-15
-6.199674020684886599e-14
4.747461104792627395e-14
1.544489362792500486e-14
-1.138358071001155380e-15
-7.226044849290014227e-15
2.808305888182816012e-14
3.147974570361262991e-14
-7.311160140840988753e-14
3.712649762274700116e-14
2.526516322542970983e-15
-6.262015645602803104e-14
1.273395451584224958e-15
7.000205536761283653e-15
-2.808463097497826411e-14
-3.161420371365977755e-14
7.309794046103657017e-14
-3.717848511691768110e-14
-2.743410967148696145e-15
6.290280796239500205e-14
1.170813663034508956e-14
8.049062718423760643e-15
-5.089288365733857233e-14
6.689612107530287788e-14
-5.939395026147153978e-14
-3.883696207511444509e-14
3.396415093614990610e-14
-5.995291069149644159e-14
-1.122994926217035783e-14
-7.891961823630611050e-15
5.094888269954744864e-14
-6.686188061544307004e-14
5.886171541499840565e-14
3.878375485349971896e-14
-3.398060370411737363e-14
5.999405616394226648e-14
-1.967683286273336218e-14
4.030158368487080089e-14
-9.343629673821312112e-14
3.309120555697320221e-14
8.816759171706434195e-15
-9.689357606187942729e-14
2.786936263363126720e-14
-2.564414609482201790e-14
1.992365148729968727e-14
-4.030429419030201466e-14
9.305970334876501743e-14
-3.284205589773603329e-14
-8.884576017595402497e-15
9.702387005795787278e-14
-2.811059761700929194e-14
2.565281971220190194e-14
-4.424759170174041856e-14
9.992356876827035439e-14
-4.342005406480012319e-14
-3.947321934377398533e-14
9.875515119203703840e-14
-2.800353265247634837e-14
2.721146875536706311e-14
-2.531471126471229738e-14
4.381288084068235555e-14
-9.929814674507209116e-14
4.314184778734034276e-14
3.958176492189872941e-14
-9.915809492944127612e-14
2.853335514911570225e-14
-2.712906939025816477e-14
2.541602995773106777e-14
-8.114341175976397258e-14
3.534490950786450814e-14
6.095055287303613456e-14
-5.978247410998172029e-14
7.195492032069372712e-14
6.231614616686309560e-15
2.996626384532685705e-15
-1.051369007045582782e-13
8.126968065527706564e-14
-3.532366592154737028e-14
-6.119467454469840195e-14
5.975539616072389482e-14
-7.122059018926929497e-14
-6.957759021708476155e-15
-2.682858275815380722e-15
1.043692855664385410e-13
-3.389592751444625573e-14
-7.557211014743922539e-14
6.539725900568671424e-14
-5.546911129201970159e-14
-1.017409897649534933e-14
-1.721778102037330171e-14
9.657945558745606451e-14
-7.604943693013954675e-14
3.394109808745743306e-14
7.566538541559086894e-14
-6.528523381621464949e-14
5.497205880604372208e-14
1.046000308937977685e-14
1.725328864152220198e-14
-9.602746115638938207e-14
7.572935334376751371e-14
5.605113812326423250e-14
-9.084505608707160729e-14
3.132295312881228089e-14
-5.724045369637220659e-16
2.409926641924742263e-14
-7.015552418512815969e-14
8.893737525952905010e-14
6.187867059026519456e-15
-5.600662484782012451e-14
9.055210466006602399e-14
-3.138635185084837076e-14
8.282762496703011124e-16
-2.430634903419215398e-14
6.979960771695548072e-14
-8.868500009882873680e-14
-5.996132681086036031e-15
7.021770317972020337e-14
-2.936773003600623433e-14
-3.053275948045053312e-15
-2.021977420565979067e-14
7.212926003002939623e-14
-4.992446072434736370e-14
7.517071817439435755e-15
8.456215870762673337e-14
-6.994833314996617979e-14
2.874908427638600550e-14
2.916883314746376854e-15
2.055999684738574196e-14
-7.180567989165109744e-14
4.933821905715729539e-14
-7.164584138637242194e-15
-8.399986435592143863e-14
1.997734659989203188e-14
6.285282624224342030e-15
1.988681571848949226e-14
-5.181288341080114712e-14
4.831334984856106018e-14
3.398178277397995162e-14
-6.583056040392054609e-14
6.446625460017341158e-14
-1.976191562821916214e-14
-6.319760253309381071e-15
-1.984003239474674274e-14
5.110180941597652904e-14
-4.732229419521921665e-14
-3.409214100261181990e-14
6.520112683268408649e-14
-6.402530957662355693e-14
-5.333732587542439063e-15
-1.914039673284184673e-14
4.300647836984194949e-14
-5.957690937807846865e-15
-3.073558660186825886e-14
7.117315634422305415e-14
-4.622246595892276488e-14
2.175451659092164647e-15
4.576417370061314216e-15
1.894383087897022477e-14
-4.250294777588536910e-14
5.207341719284941384e-15
3.100444841185392986e-14
-7.026288730525853676e-14
4.575129879981487679e-14
-2.029246996132494374e-15
1.826414453703906204e-14
-1.622771470151385120e-14
-7.581365006267826168e-15
5.903564770148644544e-14
-5.669608933809439089e-14
2.122835327661443117e-14
6.477945350275016168e-15
-7.834065427619885114e-15
-1.888712710534923289e-14
1.603025438084992871e-14
7.937552524983626512e-15
-5.882224198559046074e-14
5.610224470316976797e-14
-2.068156301597567914e-14
-6.613036940966710020e-15
7.750256599686755621e-15
4.111267533010720676e-15
4.664552164662660871e-14
-6.573652619424816268e-14
4.139494058945022981e-14
-3.501945912073867184e-15
-2.417207059512982426e-14
4.699907997507413171e-15
1.302544226991497744e-14
-3.767223078626757982e-15
-4.700731991158502154e-14
6.615085405446349820e-14
-4.083865678353865158e-14
2.184992638210037086e-15
2.476084658489807744e-14
-4.682777603182142201e-15
-1.332321839658812124e-14
-6.795575929231800760e-14
7.224813432791295925e-14
-3.473504578584141189e-14
-3.246825009371734350e-14
3.105062864813823431e-14
-6.060635934085345511e-15
-1.396858973976011775e-14
-2.556353566329772065e-14
6.813869130387062434e-14
-7.245966894802845920e-14
3.472790360403016363e-14
3.277478115293330774e-14
-3.172744185431231045e-14
6.057708588219634649e-15
1.404513441313759436e-14
2.526269666548730530e-14
-8.835649361682920699e-14
1.016507299340940751e-15
4.300300892288999588e-14
-4.918846363208273509e-14
3.211894725879682611e-15
1.824549625967231137e-15
3.898777459730717876e-14
-9.143880585430613772e-14
8.813926015904458011e-14
-1.935748111282775685e-15
-4.220921030230473381e-14
4.992246850285542159e-14
-3.329855922246105493e-15
-1.639855785884325456e-15
-3.964068114557794953e-14
9.213337287105466400e-14
-3.564097801611598726e-15
-7.705107710719028002e-14
5.562927505795012273e-14
-4.172497850701839539e-15
-2.279968748519767274e-15
-6.482959785322761626e-14
1.131922924531639230e-13
-7.501280412797184383e-14
4.596475110252296048e-15
7.645061883901349553e-14
-5.562217353372034268e-14
3.908982512679237686e-15
3.262310126900258567e-15
6.477397828177910988e-14
-1.142541736134233821e-13
7.486711446104410417e-14
8.182896634595371310e-14
-6.086938678789843848e-14
2.140215088486385753e-15
-9.257351829550231059e-15
7.281596658102740260e-14
-1.220067748003081376e-13
9.203121392135221734e-14
3.565752565177354727e-14
-8.101402578300498369e-14
6.080406360700618684e-14
-2.022687572988957072e-15
9.531871819623560782e-15
-7.252651170602808506e-14
1.229444741542365382e-13
-9.247245032423592748e-14
-3.716260155509076846e-14
6.331935843706393285e-14
-2.142220862505483936e-15
6.598888102615774187e-15
-9.036808844634092175e-14
1.363502952038408988e-13
-6.212293117533081166e-14
-2.533131311047848166e-14
1.052194084898844251e-13
-6.333291096422000166e-14
2.699283938728536114e-15
-6.685136385436996065e-15
9.050228557024031506e-14
-1.373292213453780608e-13
6.197442342978755694e-14
2.609402223376772190e-14
-1.063671720147318922e-13
2.322632104007071874e-15
-1.981184313826211962e-14
9.063507323131547722e-14
-1.241500934175132631e-13
8.118523485856760091e-14
6.555898131224008329e-14
-9.919167809173401462e-14
6.290738871657375331e-14
-1.812786032395763414e-15
1.959858057093422090e-14
-9.142250216413738695e-14
1.251548235707555801e-13
-8.147896555588465817e-14
-6.659656279130871104e-14
1.000529682975564993e-13
-6.266601820792416788e-14
1.779923864547727774e-14
-8.671077636294988178e-14
1.366757184859124230e-13
-3.420463714240255804e-14
-4.108764381244994768e-14
1.182029463458328378e-13
-5.450918579355534810e-14
3.181645485267337037e-15
-1.808910009629127735e-14
8.746771210967063670e-14
-1.373295195009754943e-13
3.432530884420019468e-14
4.159672416627693825e-14
-1.188663967602310301e-13
5.395445375200313975e-14
-2.788513777524093129e-15
9.235066053894791516e-14
-9.760137034513227672e-14
5.791169681388513846e-14
8.182189192677824519e-14
-9.246081547967244241e-14
5.729428433423611189e-14
1.347500670073609186e-15
1.510521308728529633e-14
-9.249908781636118071e-14
9.837222453724231430e-14
-5.824194479562422311e-14
-8.209004222908822257e-14
9.345768516716423946e-14
-5.698420251290525762e-14
-1.542060749926132956e-15
-1.476520728599384213e-14
1.080984667013382139e-13
-1.574600367627854158e-14
-5.770346223413214126e-14
1.124677065887647043e-13
-3.706404757761183610e-14
-1.016130539086002038e-14
-1.964319549033199941e-14
6.161694418582719379e-14
-1.086406355502167465e-13
1.595266616288143480e-14
5.807387990636181385e-14
-1.128571791141758096e-13
3.680817586490525706e-14
9.645496207300041647e-15
2.032862810377733531e-14
-6.096143555234245781e-14
6.457752084812473647e-15
5.412768215411201123e-14
-1.094594250308777994e-13
9.830569518143317254e-15
-4.023528472202331230e-15
3.709679048322089834e-14
-3.809409385158168959e-14
9.209796011759585621e-14
-6.325819927014038335e-15
-5.412952529780523658e-14
1.093266373698026372e-13
-9.552796921552531018e-15
3.499479352131462662e-15
-3.722320845653270815e-14
3.808422761181207150e-14
-9.244794057887417704e-14
-5.753050488256639117e-14
3.961186847284414725e-14
-4.120147148803376957e-14
2.674238868544120962e-14
-2.502902399226236696e-14
7.789000564320525122e-14
-3.967196037825415633e-14
-1.874084112722662621e-15
5.732843670266940528e-14
-3.973161860279517121e-14
4.189254195277603010e-14
-2.702162495496485128e-14
2.524662336828020770e-14
-7.855575998721997522e-14
3.998871004294579645e-14
1.517015679741717804e-15
-2.323716306179557378e-14
3.519900300050227138e-14
-2.538350389255650263e-14
2.396206063431938205e-14
-7.107704182163221418e-14
8.309542290363403083e-15
1.011305839418441543e-14
-4.522632133163381751e-14
2.325288399329661360e-14
-3.403543722899082802e-14
2.453061625357078057e-14
-2.492429006240026723e-14
7.122202675714783826e-14
-8.392158495906798521e-15
-9.734807361258535074e-15
4.538169427921456833e-14
-8.173366497499223726e-15
-5.585755382536694569e-15
-3.188329591660710172e-14
1.259986581216010482e-14
-1.779877785955397140e-14
-2.243343043880491328e-14
3.937173124416576409e-14
-2.370748996421978561e-14
8.406036283714612978e-15
5.732068465713613392e-15
3.099202752071539280e-14
-1.242560741798737212e-14
1.766745387141166468e-14
2.247820798852856461e-14
-3.948882507879419856e-14
2.430336747821781884e-14
9.170995126511760631e-15
-1.446686195318014345e-14
-1.140949314193395736e-14
4.042989901198446034e-16
3.087525894673870397e-14
-2.562034785713596108e-14
2.543673821922554090e-14
2.934322706690806193e-14
-7.905514350786679856e-15
1.493352967327221670e-14
1.148251415825085608e-14
-7.525718329765007653e-16
-3.072141065846301089e-14
2.609539103901048485e-14
-2.548768216880520354e-14
-3.060063053644812570e-14
2.286501066608992438e-14
4.726308320407435204e-15
2.127150452307935424e-14
-2.323152521049864916e-14
3.524746683761237342e-14
1.767813326281064690e-14
-1.811864460549150735e-14
4.368792654030340117e-14
-2.185751579730776939e-14
-5.414776699935730520e-15
-2.114855599671949804e-14
2.328784951335927111e-14
-3.621603884840229881e-14
-1.773939068555607790e-14
1.818055254954042965e-14
-4.417196860020955462e-14
1.598959679938172229e-14
-2.584187746602906177e-14
2.584586190901294600e-14
-1.891607530335459586e-14
-1.521466329659770800e-14
2.534376788293490890e-14
-3.166309445537529577e-14
-4.347488081340999955e-15
-1.527028286804621438e-14
2.557104376334218276e-14
-2.593259808281178636e-14
1.917959064137719771e-14
1.523065527864186919e-14
-2.570361458398284782e-14
3.107393899484667266e-14
3.854203197914407575e-15
1.510250258185408256e-14
-5.144420046204745134e-14
-1.498345718331517418e-14
-4.832668553528263189e-15
-4.286967916072859097e-14
-1.595701652409853288e-14
-1.228537941950352819e-14
3.214410074919848981e-14
-1.541128336057795423e-14
5.182681540871758585e-14
1.517210836132765195e-14
5.638176557576368708e-15
4.218251182380727826e-14
1.645957133609987633e-14
1.223926016959142604e-14
-3.231909097983765022e-14
1.708702623837154988e-16
-1.531630725026822404e-14
-4.932122418810358511e-14
2.270189244923948024e-14
-6.380318365653558921e-14
8.051220280747006797e-14
-4.039043405290598798e-14
8.017241384661311088e-14
-4.982993184743378379e-16
1.555656645169101182e-14
4.926831512208629249e-14
-2.276076462720544313e-14
6.432755803725820343e-14
-8.008546083237977342e-14
3.968830472600437531e-14
-8.017631697443405869e-14
-2.301750370165001058e-14
1.033981927855975869e-14
-5.008997773850443203e-14
1.118219015647237136e-13
-9.312716613488203343e-14
7.784235495772451330e-14
-3.695448894808217588e-14
2.415418125928381343e-14
2.290225301071480146e-14
-1.098177538488842586e-14
5.012846691562766743e-14
-1.119661004536642857e-13
9.272389713682605006e-14
-7.799576956513121218e-14
3.800562295430687243e-14
-2.328801214368514394e-14
-1.066091659396306568e-13
3.930358642711961892e-13
-1.978746756291921427e-13
1.387492551407909502e-13
-3.637368184428169116e-13
-3.083124033853579249e-14
-2.518870528822603205e-13
-3.117462885060540145e-13
1.072987185213314376e-13
-3.935823021661288834e-13
1.983771626785577058e-13
-1.395478784610437728e-13
3.640317214337329688e-13
3.027005729405729539e-14
2.481313765567705332e-13
3.108615795333058429e-13
-1.176610410978737482e-02
1.489995659800102262e-02
-1.498058231117658720e-02
8.927297512285397099e-03
-9.419960618797421081e-03
-2.274637341891644696e-03
1.659185979191552147e-03
-1.214415689759830268e-02
1.176615064263619552e-02
-1.489987469035716598e-02
1.498052728218302043e-02
-8.927289246605846565e-03
9.419991778248605271e-03
2.274634985389176710e-03
-1.659151414254349775e-03
1.214413477656938259e-02
