1.308064170735965051e-02
-1.591880643350481253e-02
1.337965808166528825e-02
-2.538664941100352533e-03
4.125604522952450171e-03
7.332646688058980407e-03
-1.002309066270164022e-02
1.583874275593063694e-02
-1.308068320316752887e-02
1.591877371531757318e-02
-1.337964253568810213e-02
2.538644741967290182e-03
-4.125614084502396937e-03
-7.332664349817009583e-03
1.002308072528399450e-02
-1.583876634470588601e-02
-3.118599128937304954e-15
7.630181209083986005e-15
-5.500808142322455296e-15
1.432881591156842660e-15
3.525825464922860419e-15
-6.542509589646527957e-15
9.632052100361221392e-15
-5.454512709557324257e-15
3.160666173229742526e-15
-7.222521192229436338e-15
5.819129900164199398e-15
-1.476249678056262837e-15
-3.639449852599341284e-15
7.098488463697094630e-15
-9.740905998478766037e-15
5.169801219062630793e-15
-2.879315709469754125e-15
3.391059134882912218e-15
4.076600168545496672e-17
2.496375502147873959e-16
2.955101441326490885e-15
-3.956199517290981404e-15
1.097104178338081937e-15
-3.169231370392378011e-15
2.912112825187440635e-15
-3.828209450829067606e-15
-2.218819745991584824e-16
-1.241411487495902577e-16
-4.053560872380179703e-15
4.761219630361468447e-15
-1.091357906823908763e-15
2.949409379920941987e-15
8.322335875998732035e-16
6.032500887709346671e-16
8.760353553682875827e-17
2.607289384393141063e-15
-2.448345345906766113e-15
-7.574854711035229615e-15
1.073793831629643591e-15
3.787335028926364089e-15
-6.891189008317866183e-16
-4.046242507715902548e-16
-4.432218481120742126e-16
-2.186618941468765343e-15
2.380474289909173535e-15
7.497103015707915624e-15
-4.434386885465713135e-16
-3.877757490111655159e-15
-3.278627369596165408e-15
-1.167035218463396973e-15
2.629840789580839555e-15
-4.591199789056796265e-15
-1.631664638471197470e-14
1.062458497916307643e-14
6.177567138387907164e-15
-1.454782475041049850e-15
3.176495524948030891e-15
1.259734504210907602e-15
-2.119940507860906820e-15
4.178959018023495342e-15
1.636738704638429631e-14
-1.108331091834169335e-14
-5.982410747340516366e-15
1.168769941939373780e-15
-3.180615493203475808e-15
5.515661712085506707e-15
-1.282931009691234969e-14
-6.535055699710690114e-15
3.286325205020812490e-15
1.517507297664304200e-14
-1.815632063098537863e-15
3.146842595530552344e-15
3.457683358382146466e-15
-5.677099415568598317e-15
1.244414727513687424e-14
6.774203593906680254e-15
-3.113015487749004606e-15
-1.525970850873269169e-14
1.885427577952292211e-15
-3.189898974305382939e-15
1.449036203526876676e-15
-6.049848122469114742e-15
-1.378704008597742003e-14
1.524821935383613436e-14
4.843022684275499756e-15
-1.980688291332299844e-15
5.675473112309870061e-15
1.964032235457491282e-15
-1.905295582763089079e-15
6.423247350673122469e-15
1.352076003241498015e-14
-1.483408122900098380e-14
-4.900810660068977143e-15
1.890618195853066563e-15
-5.597085295239168090e-15
-1.962622772633260126e-15
-1.262314905381423102e-14
-3.388348629451698457e-15
5.582448565910613780e-15
9.994284046188628423e-15
-1.899630626411852319e-15
3.525391784053866218e-15
7.631156991039222959e-16
-3.574506142467459568e-15
1.225246033104143706e-14
3.708838791638413568e-15
-6.042800808347958963e-15
-9.568626273270819382e-15
1.775272637227764960e-15
-3.501105655390190918e-15
-1.201838108200181665e-15
4.041905699025960530e-15
-4.621737020871208301e-15
1.159970286056938304e-14
1.335032345090025885e-15
-3.223360163853716820e-15
5.194846289247045945e-15
1.045441944819147650e-15
3.452641818280088870e-16
6.849772485328919913e-15
4.895606489641046721e-15
-1.185981651427581163e-14
-1.897191171523759934e-15
3.585673424844060264e-15
-5.248189036133332763e-15
-9.404911745225508213e-16
-6.396521767121354785e-16
-7.008824944032543414e-15
5.933513229361420116e-15
-2.865004240792945467e-16
-3.663180327649617762e-16
3.325844374207909127e-15
-1.436757613923478338e-15
-1.955900719163849999e-16
1.070877327785657585e-14
-4.065487096277520251e-16
-5.744916261457566620e-15
6.211936347255697655e-16
2.596664203102783119e-16
-3.182079166136331239e-15
1.196850778206748345e-15
2.591243192240355597e-16
-1.052619363201001690e-14
2.795615301753873183e-16
-1.519753290227243703e-15
-3.057666966843619605e-15
3.477280312649821958e-15
9.530137096147583975e-17
3.483921050956295673e-15
7.398324574497960882e-15
-1.987179951840056802e-15
-8.108368577258717735e-15
1.586831523386206255e-15
3.110088141883293744e-15
-3.584995798486256824e-15
-1.693523793422357926e-16
-3.212816297726295289e-15
-7.551549446524474796e-15
1.757518826653314825e-15
8.492176146318586305e-15
7.231086389392071823e-16
3.009962071254257410e-15
-5.097647564483720473e-16
4.275388636870713910e-15
5.015465039809319236e-15
-4.302168430531105869e-15
-4.625992514398213906e-15
4.174286784286440621e-15
-6.731811288962497031e-16
-2.845393733998113905e-15
1.055497919968950704e-15
-4.587422022112042086e-15
-4.999689898199655147e-15
4.821040485228356154e-15
4.426336684335008265e-15
-3.970782036510911439e-15
9.516855619534636546e-16
9.612536461256482312e-16
2.934718440483763402e-15
4.552981662476682234e-15
-5.892503282187155911e-15
9.988212514022709598e-16
6.641009357016836034e-16
1.528182962118318500e-16
-9.573505183047004152e-16
-1.257457679648688043e-15
-3.045307062077284854e-15
-4.391943758544694654e-15
5.863473769018856530e-15
-8.915936565434545713e-16
-6.126284375629342804e-16
-3.050944913374209477e-16
6.487865800153258533e-16
7.795413620170776881e-15
-5.808233668330720079e-15
-1.401548148372011582e-15
-9.613078562342725064e-16
7.440391618790398454e-15
-3.555207343797217590e-15
-5.387400595080471533e-16
-3.483812630739047123e-16
-7.772591164439957012e-15
5.530461071739933843e-15
1.754130694864297624e-15
9.195118624849563105e-16
-7.795250989844904055e-15
3.646063485851502861e-15
5.402037324409025842e-16
-3.765650985476654000e-15
1.538740380772896099e-15
-5.478785285693843488e-15
1.192963913418387811e-14
-4.506486329935999180e-15
-5.082604259340484099e-16
7.222141721469066411e-16
-4.058439782156364473e-15
3.232277726722410094e-15
-1.156653982661848268e-15
5.200673875924155531e-15
-1.220334597262784371e-14
4.209848615543965167e-15
5.867566632219989309e-16
-5.480913032457346290e-16
3.776005116223890568e-15
-9.950726223909023282e-15
7.550194193808867915e-15
3.195685903401024319e-15
2.297858084365778097e-15
-3.040211311866602983e-15
1.671297648886405085e-15
-8.972857179490034696e-16
-4.284360409848031459e-15
1.017019584867440152e-14
-8.191906354648725852e-15
-3.213737869572907968e-15
-1.457059299603269409e-15
2.799572639683445274e-15
-1.596894274799587343e-15
9.549652735252323055e-16
3.939448593726080361e-15
6.450230432240855460e-15
2.119506826991912618e-15
-1.253890654501210733e-14
1.181251819450113150e-15
-2.379051274557786311e-15
-5.458144786835150697e-15
1.089932180967090325e-14
-2.939841295748757410e-15
-5.960740256417962346e-15
-2.221421831205550035e-15
1.205567763673531800e-14
-8.142222790094577611e-16
2.450554407833205328e-15
5.678129407632459547e-15
-1.073246309532538412e-14
3.017239778337066358e-15
-9.338395941943522516e-15
-1.057129644238541388e-14
-1.934216675714139910e-16
-2.704704949590963636e-15
-8.723490679818368676e-16
4.069064963446722416e-15
-5.622523388711109238e-15
-1.108238934649508067e-14
8.620654103758118580e-15
1.045566628068983484e-14
2.605879921568909907e-16
2.580401170515500553e-15
6.271567466742400399e-16
-3.870113864795632352e-15
5.950237047872009022e-15
1.126567372375375520e-14
-1.047491086925145254e-14
4.247917664325362441e-15
-1.117037235279227936e-14
-4.324272602322654091e-15
9.110659275612942309e-15
-1.145474503010807110e-14
-1.999106175737397351e-14
2.040913011508438402e-14
1.023562744978390171e-14
-4.338028417386063929e-15
1.111209648602118349e-14
4.397700194454234879e-15
-8.914527102610314557e-15
1.167509556913859381e-14
1.934612409507097119e-14
-2.042409210506468398e-14
5.113422706093384562e-15
-1.021004027851324381e-14
2.428179185498535730e-15
9.104181167632341420e-15
-3.388749445442339192e-14
-6.978358862985700739e-15
1.864730158479543931e-14
1.924296225835897545e-14
-4.806322440736865431e-15
1.018765150365141814e-14
-2.764715539838036307e-15
-8.764771677535754257e-15
3.391046598795292855e-14
6.279644772927417407e-15
-1.854430237840931639e-14
-1.889590914294636548e-14
-1.445826965096319583e-14
-8.215541962008909849e-16
-2.712782255775980644e-15
-2.140358745274240082e-14
-2.341171961156574000e-14
4.316132954512719166e-14
3.697346248610067221e-15
-5.640724432681709644e-15
1.437267188944546525e-14
9.924515636389186213e-16
2.694459239060975619e-15
2.122771630783809593e-14
2.324713772178244042e-14
-4.389826176176558903e-14
-3.518561310367207540e-15
5.068712919005513573e-15
3.268815339935171593e-15
5.167199133848665582e-15
-4.927835754470893947e-14
5.184112687739439451e-15
2.507943939328294292e-14
1.734246427020913472e-14
-5.373455044636876732e-15
1.536985328506185189e-14
-2.635207590334642802e-15
-5.491538213747704233e-15
4.942323406000731500e-14
-4.405438687460350167e-15
-2.481825508993118490e-14
-1.737396034331983863e-14
5.488516000191900890e-15
-1.536649225832714682e-14
-1.129064425503881197e-14
-2.317753194230887104e-14
-1.191901395289352017e-14
4.764168660270629019e-14
-2.394677338368733643e-15
-4.421579747303228114e-15
1.386325949870315100e-14
-1.258108200952179345e-15
1.116232215166157449e-14
2.322962785669679953e-14
1.231881350399754993e-14
-4.799014918094313131e-14
2.690122430371033602e-15
3.866644417843678738e-15
-1.392896215035577256e-14
1.138195440675282555e-15
-3.819831278541185871e-14
1.353561360217803156e-14
2.150504167103273190e-14
7.044061514638322308e-15
-3.407288286152304613e-15
1.294667498208390555e-14
-3.246345249910409514e-15
9.803356043613931092e-16
3.816710131537143225e-14
-1.296694956270938448e-14
-2.186261154751845126e-14
-6.332824889487831399e-15
3.577399607015280258e-15
-1.286473640289831355e-14
3.265833783960836456e-15
-1.179855909153038063e-15
2.881700954249222235e-15
2.865275291336066843e-14
-3.299498261416511369e-15
-3.251630735501276348e-15
7.477742383632524081e-15
-1.373358891887388467e-15
9.171394926062864661e-15
1.782488002685655992e-14
-2.533238376012381110e-15
-2.881744322336121655e-14
2.722756915762847285e-15
3.175072509596643666e-15
-7.417569163059578585e-15
1.020613715069229599e-15
-8.790250428589163612e-15
-1.754260799124995884e-14
1.335650340328342622e-14
-4.686626520894465742e-15
-1.443344142121327778e-17
5.659128764559651081e-15
-3.904103602903052916e-15
5.804330540509772263e-15
1.306843088605402770e-14
-9.921425660197602525e-15
-1.301985862872667710e-14
4.711508960753008068e-15
1.950615233572983165e-16
-5.635195001602033571e-15
4.111525031026685983e-15
-6.148293679730798544e-15
-1.309474989379111332e-14
9.725944008498466076e-15
1.868405603844269791e-15
-3.209401060882965950e-15
5.936548995444379528e-16
-2.973424458041495910e-17
1.652974632171400060e-15
8.286882464958456040e-15
-9.438738853007055951e-15
-2.827111374864577087e-15
-1.274804914408456114e-15
2.957757736649080371e-15
-7.034845796172195520e-16
7.337338202295651257e-17
-1.476317440692043181e-15
-8.559559311338560406e-15
9.123344441031022711e-15
2.286907642423674503e-15
2.342093533003186678e-15
-9.540437016786196267e-16
-3.348477094558544032e-15
7.364497466716413143e-15
-7.044169934855570858e-15
-4.457155131087908728e-16
-5.089028157212460712e-15
9.506501488787399978e-15
-2.335886475565707165e-15
1.192513969516806327e-15
3.315503795987828628e-15
-7.393608295047648937e-15
7.446896831825311480e-15
-3.491130995403324278e-16
6.307183508108549219e-15
-9.724697176000107746e-15
-2.297397298442471758e-15
9.973033683607912536e-16
-5.844473125946048064e-15
3.334030100610174685e-15
-6.216056315511142571e-15
1.196455044413791136e-14
-7.566369134969636034e-15
2.643284896519659810e-15
2.050117887952840334e-15
-9.002943789776507444e-16
5.327891448338173408e-15
-3.292396737186731315e-15
5.943596309565535307e-15
-1.189277626031937096e-14
7.520676789662950057e-15
-3.022484606346464986e-15
-1.489734442576551299e-15
5.138034095408805513e-15
-9.129415973196941536e-15
7.213901784958176577e-15
-4.631440630314953566e-15
5.459933720419751779e-15
-2.443385120967644930e-15
3.362653037963792002e-15
8.559505101229936130e-16
-4.324990886261925738e-15
9.110171384635323832e-15
-7.436922171838444839e-15
4.754280736457561218e-15
-5.448332757174156882e-15
2.433708616578211803e-15
-3.176658155273903716e-15
-6.396304926686857684e-15
4.245952547887732464e-15
7.468526665166397294e-16
5.123288945863002652e-15
-8.112407230351226239e-15
3.148306268463407775e-15
8.085437701310649317e-17
-1.697887707166612081e-15
5.915840733949906394e-15
-4.766586431115271694e-15
-1.116294556791075365e-15
-5.555018250946730518e-15
7.977112351752191355e-15
-2.181848451909829123e-15
4.057626630527000344e-17
1.663437183135885178e-15
4.395301397147610700e-15
6.446666117598809365e-15
-9.527968691802612966e-15
-1.850665345796975725e-15
2.573895957480587526e-16
-6.742924361230473451e-16
-4.206433378700635828e-16
-1.219076922742701186e-15
-4.021522698183233047e-15
-6.047029196820652430e-15
8.974266642314265852e-15
1.439535881990472443e-15
4.401860820291148002e-17
1.754510165624667550e-16
4.811689241490668678e-16
1.580983607918362566e-15
6.940628627383205185e-15
-1.514803907309847375e-14
-5.270252550343412778e-15
3.013702568749332400e-15
-5.423396107206990280e-15
-2.840176011043027415e-15
2.659463225812216947e-15
-9.022513638989870799e-15
-7.182568342173345499e-15
1.444420212777519641e-14
4.609810796973867753e-15
-2.672477040013832017e-15
5.650102781473709257e-15
2.598615767013257027e-15
-1.430977461091414993e-15
9.926304569973787295e-15
-1.710873738687557211e-14
-8.990827830498981932e-15
3.302913498259840708e-15
-9.030157264305893605e-15
-1.345494896054511003e-15
1.309716224362489356e-15
-2.856645042043082228e-14
6.002847958291868125e-15
1.794631067017493642e-14
9.280824806584542230e-15
-4.244651505280749859e-15
9.295353115695847990e-15
1.284345893526328553e-15
-1.414016473355594883e-15
2.834928472528197574e-14
-6.128290149648440988e-15
-6.869504964868156094e-16
2.187269462772256645e-15
-1.008275494346344558e-14
-1.864068795154327773e-15
-8.345971483358916032e-15
-1.622625102858099577e-14
-1.570250006410756072e-14
4.518371896251871522e-14
8.256199543477116265e-16
-2.679768299623797034e-15
1.016721429270006638e-14
1.809208165226561249e-15
7.568869576229930729e-15
1.547099579522759338e-14
1.671601225494701026e-14
-4.459499718285908632e-14
7.703473275944006105e-15
-1.220638173871080312e-14
-7.469068766252640046e-16
-1.538428672648306517e-15
-4.061529758347948160e-14
1.528687116128524259e-14
2.204660065618924136e-14
9.253882382598277445e-15
-7.475790819722050173e-15
1.218415559417485028e-14
5.710492842481151854e-16
1.091900007910151515e-15
4.018584510295797330e-14
-1.421004156357263959e-14
-2.245068280587458887e-14
-9.376397228089139446e-15
-3.040102891649354433e-15
1.086370576830475443e-15
4.328135072562133701e-16
-1.422668406692029208e-14
-6.772089399670333520e-15
2.086785605426300094e-14
1.105452535066220321e-15
-6.870372326606144497e-15
3.176278684513533790e-15
-1.046905617752003081e-15
-4.293440603042597559e-16
1.461959893422903889e-14
6.925504007077032398e-15
-2.115170018301970600e-14
-8.036106502462558865e-16
7.434591137167601005e-15
4.600703498724989515e-15
-6.904307854604940786e-15
2.502663874748289885e-15
-7.769718028682870425e-15
1.178484393404843900e-14
-9.985718849025992938e-15
2.857523245802795486e-15
-2.595471580713049065e-15
-4.916531591570016957e-15
8.170113890981767213e-15
-2.208845086004718183e-15
8.130919982446416228e-15
-1.178007344448950278e-14
1.108520827214354298e-14
-3.633595160867919560e-15
2.107472182877323519e-15
1.437652080715778879e-14
-1.602797755628770915e-14
8.878694220809668636e-15
-2.140345192747084013e-14
2.216629657603164105e-14
-5.397592095501835274e-15
-6.551183207026411992e-15
2.064320936412400442e-15
-1.383268499743905977e-14
1.510640570967503038e-14
-9.101362241983879109e-15
2.079716607261694605e-14
-2.279860328302518724e-14
5.406265712881719310e-15
6.698634702484440595e-15
-2.222180772726289888e-15
-1.021927658303441698e-02
1.770230265109681844e-02
-1.560295024992409962e-02
7.375106854630685861e-03
-1.039757593927778147e-02
-1.998567653990018962e-03
3.416095627354214653e-03
-1.314985592854721504e-02
1.021931552011364625e-02
-1.770228543355130413e-02
1.560298699878320469e-02
-7.375117267644348135e-03
1.039760674508585434e-02
1.998552610497665236e-03
-3.416033387218739455e-03
1.314983505227769987e-02
