1.307120822955007422e-02
-1.157719225207977029e-02
1.210801818993662710e-02
-3.026568049643370457e-03
4.051952818536427164e-03
7.296977127464941877e-03
-6.377596944537332162e-03
1.334599294248747271e-02
-1.307124471097981244e-02
1.157716497404861697e-02
-1.210800911015350381e-02
3.026551592913813687e-03
-4.051964023782167121e-03
-7.296988399949830111e-03
6.377579606609238942e-03
-1.334598796125739499e-02
-5.122139691560168018e-14
7.314201327934810593e-14
2.440755930699367582e-15
3.977373985719623306e-14
5.498379529456087766e-14
-1.708095470620563106e-14
7.415639283192554387e-14
-6.313461038687240290e-14
5.135952427237633344e-14
-7.332502660606365907e-14
-2.392183673372016983e-15
-3.968440159818342750e-14
-5.490660009987990975e-14
1.681467465264319117e-14
-7.452588893230860378e-14
6.337660431177116749e-14
2.316316626352343810e-15
1.406774002843391713e-14
1.170916662240895079e-14
8.968520370800092678e-15
1.350189491461373237e-14
-7.504982963216222380e-16
8.183341157486090367e-15
-1.111675855536287116e-14
-2.348842691526908943e-15
-1.426517324404352749e-14
-1.169615619633912473e-14
-9.146546367522212506e-15
-1.418277387893462915e-14
1.190779246040829520e-15
-7.942431434759811282e-15
1.079008844079298868e-14
-2.309567467828621545e-15
2.675160440390733640e-15
5.234528088760015407e-15
-4.560588018343025851e-15
9.472132279919609488e-15
-9.507748321285758308e-15
8.457047995930055961e-15
-8.632634537764083404e-15
2.336022000837267854e-15
-2.852969596678356368e-15
-5.189425278384618423e-15
5.142587744533244631e-15
-9.353195301597949651e-15
9.331870400117875386e-15
-8.182365375530853413e-15
8.454608541041963576e-15
1.266564977897566280e-15
8.962557258851422404e-16
1.462534520574321206e-15
1.963761184914369906e-17
5.001695672218753330e-16
-7.836071201638983297e-16
-1.857238321467669095e-16
-1.531869249504769215e-15
-9.892260621757742456e-16
-1.132232328726612280e-15
-1.201946528417430216e-15
-4.479245750352300881e-16
-7.489397556986743254e-16
9.492732121196834072e-16
4.367166350771611860e-16
1.713202062852969831e-15
8.049659029618627670e-16
1.597788741591887884e-15
-5.590688502421503614e-16
1.329801069607783326e-15
-2.071422460642180496e-15
3.436717598871708024e-16
-1.541572858948514479e-15
-1.439278383974507136e-15
-8.072698325783944640e-16
-1.624568535252279844e-15
4.137857591290927672e-16
-1.265263935290583674e-15
1.664467175199746407e-15
-1.202990073008447514e-16
1.209373313298955921e-15
1.314866184681795502e-15
3.595417691869273735e-16
3.291637795665991462e-16
1.516256738220977951e-16
-2.629732369363591005e-16
-3.082386776376289106e-16
-3.792403674082733822e-16
-2.386328981640595259e-16
-4.790005198040958589e-16
-2.919891975775024129e-16
-3.724234462487707731e-17
-2.785315381115260891e-16
3.229838271834317709e-16
2.260561529632276745e-17
7.071844195308263359e-16
4.339790245916352873e-16
3.296516705442176232e-16
2.777454915364740984e-16
-2.797783706098844192e-16
5.448658017825902533e-16
-3.416321045501824472e-16
-7.681572392059798915e-17
3.851628217754754502e-17
1.829591166069288732e-16
2.418855046815160392e-16
-7.443590015199230692e-16
5.889386200941260086e-16
-4.625748568909404668e-16
2.649315771104110429e-16
-3.118707549154553504e-16
-5.415589851565094648e-17
1.831217469328016989e-16
-3.214117340333277895e-16
5.014435047745458007e-17
-1.298332101551391560e-17
-7.074419175467916432e-17
4.168215252120521797e-16
2.981691499606697882e-16
1.149796403920877452e-16
1.228672111969197900e-16
7.163865854697970548e-16
1.070107544243192876e-16
-4.247362010711963620e-17
-2.723786907826708514e-16
-1.438600757616703696e-16
-1.121065046350011585e-16
-6.971419969081793511e-16
1.749360205305361404e-16
-2.514806939080127535e-16
4.174178364069192071e-17
-3.377289767292346312e-17
4.176973572795131262e-16
2.542454094478507898e-17
4.515159947315883215e-16
-7.380706289195071435e-17
3.343679499945295674e-16
-1.837722682362930016e-16
-1.330858166725956693e-17
1.864827736675067626e-17
-1.930811603266177623e-16
-2.484449278250533411e-16
5.277354074573192833e-17
-2.761462933320579793e-16
-3.173459758865071478e-16
3.477578468247255472e-16
3.852441369384118630e-16
-2.350279259405452237e-16
8.968384845528531990e-17
6.017999683652353049e-17
-2.083565524974018146e-16
-1.075257504562499022e-16
7.307522642552299885e-17
-3.227127766403103948e-16
1.228672111969197900e-16
-5.719166459861035889e-18
1.092604739322267093e-16
-4.118206426914627905e-16
7.966175462337243829e-17
-1.206988068519487811e-16
5.144539308443718539e-17
8.782037597132585915e-18
-3.039831841106233057e-17
8.396807012721330121e-17
-7.657177843178875065e-17
2.370879100682676821e-16
-4.388308293135079197e-16
1.142749089799721673e-16
4.900322769091358666e-16
-2.488786086940475428e-16
-1.114966409129780622e-16
-2.085598404047428467e-16
2.380230344420364297e-16
-1.039207782327356000e-16
2.361934432759671409e-16
-2.079499766827197504e-16
-4.689174395999806677e-18
1.176901458233015063e-16
-9.423072131614640412e-17
1.323438158108009022e-16
-3.690624195140657093e-16
3.353979420583907967e-16
7.117787262367336609e-17
1.787307281342354059e-16
-2.375215909372618839e-16
-1.935300877886625415e-17
1.228197773518735492e-16
-3.334429900161278715e-16
3.153944119760332399e-16
1.628200612530106284e-16
-2.859041128844275192e-16
8.782037597132585915e-18
3.784678733603774603e-16
-6.605772786411057140e-16
-9.617550896304227770e-17
-1.767249541151372227e-17
-8.874194781793853792e-17
-7.361732751176575107e-17
-1.084744273571747186e-16
1.587543031061899867e-16
6.822342170365036651e-17
-8.911464231473043007e-17
4.881145943165521306e-16
-3.706616177184818284e-16
-2.683129326358502098e-16
3.643461400637537650e-16
-2.233456475320139134e-16
-2.507217523872729004e-16
4.610027637408364853e-16
1.286439758971941183e-16
4.447939412621781941e-17
1.788933584601082316e-16
1.051676107310939301e-16
-1.185304025069777722e-16
-5.052382123782450662e-17
-4.124034013591737491e-17
2.183312124842684554e-17
-1.285186150210004818e-16
-1.947769202870208716e-16
1.006952767695912243e-16
2.347297703431117100e-17
9.717161970901333490e-17
6.496539417533142569e-16
-5.425212145845903500e-16
-2.278179814935166192e-16
2.911760459481382846e-16
1.432773170939594110e-16
-2.697495005143935032e-16
8.294146619514108920e-18
-2.186022630273898315e-16
4.855870480019452984e-17
-9.047667129391534502e-17
2.293087594806841878e-16
-4.339790245916352873e-16
2.795615301753873183e-16
-1.539567084929416296e-16
3.493841500834538039e-17
-5.096292311768113592e-16
5.876375774871434032e-16
2.610894356616655365e-16
-1.640939988056810961e-16
-4.191525598828960142e-16
5.708324438136180845e-17
2.171385900945344005e-16
-1.917411542040614592e-16
-1.286134827110929635e-16
2.654533494059196919e-16
-2.068928795645463836e-16
1.566943189784675283e-16
2.413705086495854246e-16
-1.719002544475767280e-16
1.281798018420987617e-16
6.136855346811076473e-16
-5.428735802906481389e-16
-3.981122614730991938e-16
4.455664353100741160e-16
-2.436744382661171215e-17
-2.759565579518730161e-16
-6.550749526157417790e-16
2.204996168292394643e-16
8.134226799072497016e-17
-2.896378341159244751e-16
5.577542551080116873e-17
2.125036258071588691e-17
-3.863283391108973674e-16
2.121783651554132177e-16
3.615272144152914535e-16
-1.273937552670467710e-16
3.008661028647274804e-18
4.718176804113793921e-16
-1.707347371121548107e-16
-2.192798893851932718e-17
2.038029033729626960e-16
5.332648385369953559e-16
-4.195862407518902160e-17
-2.442707494609841490e-16
1.392725453193410790e-16
-3.219064012745243009e-16
5.774460770657796616e-16
-3.746189556480539196e-16
4.329219274734619205e-16
-2.577148563998044040e-16
4.160896887456244642e-16
7.516231560755759489e-17
-3.382507490247432802e-16
3.010693907720685125e-16
2.618890347638735960e-16
-5.244828009398627700e-17
7.486416001012408117e-17
1.319474043914858896e-16
4.164149493973701155e-16
-2.121021321901603307e-16
1.423964028288149386e-16
1.044086692103540770e-16
1.180425115293592953e-16
-5.864991652060336236e-16
1.658287222816579032e-16
-3.138765289345535336e-16
-8.985325504473617997e-17
2.955535122195485087e-16
-4.631508392950733910e-16
-1.123775551781225346e-16
8.876905287225067553e-17
1.312426729793703117e-16
2.223156554681526842e-16
-1.593506143010570142e-16
2.334016226818169670e-16
-1.274073077942028398e-16
-8.660064852727966667e-17
-4.770489558936219510e-17
-8.863352760068998748e-17
-1.362571080271157697e-16
1.825254357379346715e-16
2.789381139262081533e-16
-2.688753625128270652e-16
3.704312247568286587e-16
2.783146976770289882e-16
-7.337338202295651257e-16
2.292003392634356373e-16
-8.703432939627386844e-17
2.170843799859101253e-16
7.752045533271356703e-18
3.580848725176499769e-16
-2.135878279796443735e-17
-3.054739620977908743e-16
-1.284779574395322754e-16
6.242836109171534531e-16
-8.898047229588534890e-16
3.454810222625059879e-16
6.745092765575444460e-17
-2.373047505027647830e-16
-2.188462085161990700e-16
-1.884885476866049459e-16
-2.179246366695863912e-17
-1.906027419229516795e-16
2.471167801637585981e-16
3.272257681832813070e-16
-4.829036476250436749e-16
-4.056271377811393464e-16
4.410263387127910661e-16
4.123762963048616115e-16
-1.111307226797642045e-17
-9.551821139597294064e-17
-2.904306569545545003e-17
-1.556168930695600583e-16
2.489734763841400245e-16
-4.228388472693467293e-18
2.301761212186725913e-16
-2.857414825585546936e-16
5.100900171001176986e-16
-6.179952383167375274e-18
-5.635953943122773424e-16
4.361813102544964682e-16
-2.541369892306022393e-16
4.621953861305705402e-16
-3.117623346982068000e-16
1.543361792533115562e-16
2.495562350518509831e-16
-1.609769175597852708e-16
1.048304916180867186e-16
-1.163145643169605226e-16
-2.309621677937245821e-16
-8.090858712173076839e-17
-2.366271241449613427e-16
-2.132083572192744469e-16
8.510987054011209807e-17
1.908466874117609180e-16
-2.417262624874322308e-16
-2.346552314437533315e-16
1.137057028394172775e-16
-2.220988150336555833e-16
2.544080397737236154e-16
-4.345482307321901772e-16
6.381071886163436346e-16
-3.467854530012776104e-16
1.076273944099204183e-16
4.610569738494607606e-17
4.793528855101536479e-16
1.246832498358330099e-16
-2.152141312383726302e-16
-2.145907149891934651e-16
-3.243119748447265138e-16
2.911760459481382846e-16
-1.103650048954463170e-16
2.895632952165660967e-16
7.483705495581194356e-17
1.833927974759230750e-16
-1.017523738877645911e-16
-2.811607283798034373e-16
1.369144055941851068e-16
-1.943838969994948762e-16
-9.920449878242365571e-18
-2.194967298196903727e-16
2.141841391745114009e-16
5.480641981914224914e-17
-4.216462248796126744e-16
3.217640997393855784e-16
-2.464493182013222095e-16
3.308985030425759533e-16
2.050497358713210261e-16
-1.679971266266289120e-16
-2.802120514788786210e-16
-7.207233941597390725e-17
4.013174341455094662e-16
-4.199318301943699705e-16
5.131528882373892486e-16
-8.030143390513888590e-16
4.800847219765813634e-16
1.414341734007340534e-16
7.681572392059798915e-17
3.673276960380889022e-16
-2.331847822473198661e-16
2.826040725219247651e-16
-5.637851296924623057e-17
-3.903669922034058715e-16
-8.863352760068998748e-18
1.183406671267928090e-16
-5.060513640076091946e-17
-3.508545992798872692e-16
2.615908791664400823e-16
-6.392998110060776895e-16
4.228523997965027981e-16
1.003429110635334354e-16
4.768050104048127125e-16
-6.544515363665626140e-16
5.841410254808776514e-16
1.475192580938089471e-16
-1.886918355939459779e-16
2.353260815379787374e-16
2.976541539287391736e-16
1.122149248522497089e-17
-3.558622580640546929e-16
-8.146966174599201693e-16
7.651485781773326167e-16
-2.516907580789318200e-16
-1.087590304274521635e-16
-9.576215688478217913e-17
1.146543797403420939e-17
-1.307547820017518347e-16
2.026373860375407787e-16
3.130362722508772677e-16
-4.023609787365267643e-16
3.046879155227388836e-16
-1.094366567852556038e-16
1.639042634254961328e-16
-8.727827488508310694e-18
-6.993104012531503599e-18
-2.632984975881047518e-16
2.226680211742104731e-16
-1.764539035720158466e-16
-4.268232902532309581e-16
4.252240920488148390e-16
9.952975943416930704e-17
-8.180847492489373707e-16
-1.218101140787464232e-16
-1.257674520083185143e-16
3.148929684712586941e-16
-1.774432380544088694e-16
4.887989969379336053e-16
-2.676353062780467695e-16
3.931046026889317702e-16
6.727474480272555013e-17
3.532330677957773446e-16
2.433491776143714702e-16
-3.560655459713957249e-16
2.622414004699313850e-16
-1.991679390855871645e-16
2.610487780801973301e-16
-1.011452206711727086e-15
2.062152532067429433e-16
-3.926438167656254308e-16
-3.683305830476379938e-16
4.323256162785948931e-17
-1.974332156096103574e-16
1.653950414126637014e-16
-2.882080425009592162e-16
-1.627929561986984908e-16
4.984619488002106635e-16
-5.833143213243574543e-16
4.335182386683289479e-16
-2.455446870136546167e-16
3.112270098755420822e-16
-3.324705961926799347e-16
7.811676652758059447e-17
-7.412148152197151063e-16
5.228022875725102381e-16
-5.718082257688550385e-16
-2.072723503249163102e-16
-2.634069178053533022e-16
8.088690307828105830e-16
1.464215033941673738e-16
-2.188462085161990700e-16
4.512449441884669454e-16
-3.411984236811882454e-16
4.821989162129280970e-16
3.310204757869805725e-16
8.983970251758011116e-17
5.302290724540359435e-16
5.596109513283931136e-16
-2.577690665084286792e-16
6.857578740970815545e-17
-2.076789261395983743e-16
-1.565858987612189779e-16
-3.304648221735817515e-16
-1.014542182903310774e-16
-9.095914126067139449e-16
9.832087401184796960e-16
-8.441056013885894771e-16
4.368250552944097365e-16
3.308985030425759533e-16
1.743126042813569754e-16
3.314406041288187055e-16
2.517991782961803704e-16
1.929337765937955140e-16
1.580766767483865465e-16
3.751203991528284654e-16
2.341876692568689577e-17
-2.806999424564970980e-16
2.184667377558291435e-16
-6.729100783531283270e-16
7.493463315133563896e-16
-1.045712995362269027e-16
-1.690271186904901413e-16
2.518872697226948176e-16
-1.181780368009199833e-17
2.624311358501163483e-16
-2.965292941747854627e-16
3.796876008044236528e-16
4.124305064134858867e-16
7.162781652525485043e-16
-1.122149248522497089e-16
1.051106901170384411e-15
5.583641188300347835e-16
5.295243410419203656e-16
2.958245627626698848e-16
9.494900525541805081e-16
-1.951021809387665229e-16
-2.128830965675287956e-16
-2.569017047704402756e-16
-1.244420148524549852e-15
-6.074784772436281344e-16
-5.646524914304507092e-16
-5.329937879938739798e-16
-8.473039977974217152e-17
-3.702008317951754890e-16
7.493463315133563896e-16
1.070758065546684179e-15
1.090111074325550433e-15
1.369781024718186302e-15
4.969982758673552325e-16
8.735959004801951977e-16
-6.799844975285962434e-16
-3.189587266180793357e-16
-2.951740414591785822e-16
-5.354332428819663647e-16
-1.079106422274822563e-15
-1.313836192617934273e-15
-4.544975507059234587e-16
-8.360282952035724691e-16
9.421039252541230091e-16
-4.218088552054855001e-16
4.288019592180170036e-16
1.785680978083625803e-15
5.492568205811565463e-16
3.413718960287859261e-15
-1.898438004022118264e-15
2.803990763536323705e-15
-3.531680156654282143e-15
1.288465861781773469e-15
-3.376422405554357908e-15
-1.596379278767656729e-15
-4.644722106927900995e-16
-4.307318390850412015e-15
1.483622252829164267e-15
-2.803855238264763017e-15
3.474651122381544610e-15
-1.097971540076070340e-15
3.187554387107383036e-15
6.059931202673229933e-15
-1.748818104219118652e-16
5.857022766092567778e-15
-5.753589878837450655e-15
3.310231862924117863e-15
-6.004094790790226455e-15
-1.734072954673315792e-15
-5.191918943381335083e-15
-6.335535394919045160e-15
6.124658072370614548e-16
-6.893248992445588641e-15
4.723137029052915103e-15
-3.056745394997006926e-15
7.156168019273323466e-15
1.575562597055935043e-15
4.815809209746113595e-15
9.266459127799109297e-15
-3.698126874174256784e-14
3.202735589214432410e-14
-2.590592670936864295e-14
3.550415170194831660e-14
-5.290906601729261638e-17
1.849909114781667085e-14
2.608503690826324828e-14
-9.814198065338786137e-15
3.725145192312595555e-14
-3.243413838286551831e-14
2.625612401108146088e-14
-3.541741552814947624e-14
-4.683753385137379155e-16
-1.831521045936312930e-14
-2.605034243874371214e-14
-1.052558301647948773e-02
1.348845147819587205e-02
-1.362678682847002186e-02
7.903518124892185137e-03
-8.745779762537779847e-03
-2.311064312078378157e-03
1.258615570989309040e-03
-1.117193403732280078e-02
1.052562121325519885e-02
-1.348838570311412452e-02
1.362674395875429142e-02
-7.903510213340656648e-03
8.745803411658096410e-03
2.311070449988991519e-03
-1.258594837915982725e-03
1.117192047436159352e-02
