7.436774191862187758e-03
-6.505690734157412551e-03
7.110233811745566256e-03
-1.450696811007382578e-03
2.618544008688165198e-03
4.454096632800526659e-03
-3.407014065387025097e-03
7.749708288169629769e-03
-7.436791581629956759e-03
6.505676497090898992e-03
-7.110230254311861002e-03
1.450688155921240003e-03
-2.618549889404167465e-03
-4.454102612976866896e-03
3.407005480728759160e-03
-7.749706074124835913e-03
-2.791453049613701332e-13
5.360831136641541761e-13
1.264912653786698371e-13
3.706132623015889749e-13
4.586949309964838406e-13
-1.347034463139440419e-14
5.230261753211284947e-13
-3.897867814108002538e-13
2.805460941682214049e-13
-5.380387975428835290e-13
-1.270988522761307138e-13
-3.708218627995751859e-13
-4.588391298854244127e-13
1.299286199463178804e-14
-5.224786532240233150e-13
3.891122992392970215e-13
3.398925021644294553e-14
1.073941825226187863e-13
9.579571294202060550e-14
8.017783485747553840e-14
1.022501311051526862e-13
5.938541216936321643e-15
4.863188844683730139e-14
-7.140295299468135681e-14
-3.382759567252535682e-14
-1.073512481165883603e-13
-9.613425507037920426e-14
-8.014194776556626820e-14
-1.023680380914104848e-13
-5.817063139772898905e-15
-4.863335211977015682e-14
7.145927729754197877e-14
2.843970718646726681e-15
1.343142177340217458e-14
1.773776438229734964e-14
-2.739670469653621154e-15
2.198463850203169478e-14
-1.773644301089963293e-14
1.282272356871450025e-14
-2.188342822923017295e-14
-3.125429602623963632e-15
-1.336626122283579576e-14
-1.781474273654382046e-14
2.977219165645195176e-15
-2.175110135407831713e-14
1.756712451287528731e-14
-1.306135646687855978e-14
2.140334350725359158e-14
1.339938359920522792e-14
1.444307726802124270e-14
3.205010042084399657e-15
1.369922648626967221e-14
-8.273953354051566400e-15
4.715493403736892297e-15
-1.504476034583975691e-14
-6.821393493464111835e-15
-1.332798888614705746e-14
-1.429193270891318535e-14
-2.889967995814424206e-15
-1.417254172093179720e-14
9.049374747813199171e-15
-4.900105928656861565e-15
1.522898492966988371e-14
6.794830540238216976e-15
5.944097753070309853e-15
1.172610728135403679e-14
-3.635106267645821232e-15
8.698418504579641386e-15
-1.055481656936363422e-14
5.753555997519560483e-16
-1.139016723820940324e-14
-7.601368536350183724e-15
-6.377751517010199489e-15
-1.140651158595962222e-14
3.813349104802438161e-15
-8.307428096127056349e-15
1.061900133797477608e-14
-6.722934383675271963e-16
1.156778665911684101e-14
7.195605873297483690e-15
2.615109192562192764e-15
2.525323700153236928e-15
-1.148603781531143397e-15
-2.767154994726128692e-16
-3.106185014062345928e-15
-3.568360071402182365e-15
-4.896663586759220088e-15
-2.583491146707084241e-15
-3.271281899877576116e-15
-2.981637289498073606e-15
4.647974713445357509e-16
1.035087814071911083e-15
3.248215498657947009e-15
2.202787106365955427e-15
5.397646305610459549e-15
3.693917459239581813e-15
9.869492376135546863e-16
-5.983711789947498971e-16
6.442600359451988723e-16
-1.485594145530372279e-15
2.695597651342085399e-17
1.471872211784852613e-16
-2.830330100064143428e-15
3.764892043955914147e-16
-9.813249388437861320e-16
6.465097554531062940e-16
-9.200268585168869251e-16
8.825473446667786437e-16
1.580278876506246988e-15
-1.982260384482403826e-16
2.213598634904709317e-15
-2.259748378002912617e-16
6.543702212036262011e-16
-6.444768763796959732e-16
1.100275469692602037e-15
3.412051999447662798e-16
-6.842670961099139859e-17
2.927887966797104724e-15
-6.542482484592215819e-16
-8.212831456577696088e-18
-8.112813806165908304e-16
5.067967530011929789e-16
-5.087483169116668869e-16
-1.404624572036439201e-15
9.534304498248075133e-16
-1.605886376567638996e-15
-2.762005034406822546e-17
-6.488407901239501285e-16
8.633366374230511120e-16
4.191254548285838766e-16
6.926340875628919647e-16
1.838576491573762350e-15
-1.230704991042608221e-15
1.209651140105655331e-15
1.122501614228554878e-15
5.498531317760235737e-16
-1.310298983030200315e-15
-5.607493636095028933e-16
3.714476642935338191e-16
-2.262689276395779547e-15
6.163553825308532019e-16
-1.157778842415801979e-15
-3.450473413935117861e-16
-3.408189529208183188e-16
4.200470266751965553e-16
1.120854982179092518e-15
-8.263975305932910742e-16
2.284298780946131258e-15
-3.642377198465052146e-16
-5.716049378615140064e-16
-5.098460716113084601e-17
6.300976450671069706e-16
-4.351309893999011358e-16
-1.225602464568348315e-15
1.063548121099655575e-15
-1.539519651084370055e-15
1.062789179578915721e-16
1.458251921993003464e-16
4.255493527005604903e-17
-6.376328501658812264e-16
-5.905513708256981964e-16
2.468732158397756241e-15
-7.876999833650311089e-16
-2.970307376795600085e-16
-3.351946541510497646e-16
4.958598635862454529e-16
-8.647325477201261990e-16
-4.266335548730459948e-17
9.924651161660746901e-16
-1.766988655003617903e-15
8.505498280513001941e-16
-5.374661219553766855e-16
-5.937768722888425721e-16
-3.405207973233848051e-16
7.192868262811957791e-16
2.289428412474703300e-16
-3.552330819908341986e-15
-4.570183207569522565e-16
1.493529150180250564e-15
2.629190268277348252e-16
-1.916598390411250463e-16
5.843849709696868899e-16
1.721577524635420353e-16
-1.057693429368233851e-15
1.851861356318498797e-15
-7.495631719478534905e-16
5.679186504750632913e-16
4.370690007832189750e-16
1.961592780569398897e-16
-7.764784908798061380e-16
-4.502420571789178538e-16
1.896730385600453594e-15
-2.386938845362618355e-16
-1.389242453714301107e-15
-4.823344414844887851e-17
8.682833098350162260e-16
-3.935382835579259719e-16
-3.641835097378809394e-16
9.170588550697078567e-16
-1.691654391707767685e-15
1.156064447730559275e-15
2.546926428440010604e-16
-6.544379838394065452e-16
-1.135430725135444519e-16
6.343666911212686443e-16
7.063577153743061388e-16
-2.199615815011435327e-15
2.997961308457558482e-15
1.318132343726408084e-15
3.721523957056493970e-17
-4.195320306432659407e-16
8.931386446392464151e-16
-2.833968953605547902e-16
-9.851603040289536040e-16
2.034380015792855434e-15
-1.271260928557144121e-15
6.017457582566110297e-16
5.623756668682311499e-16
-1.568569493043403540e-16
-8.166346288432380085e-16
-2.545164599909721659e-17
2.682472028791432761e-15
-3.365139926696930628e-15
-8.757981861430563786e-16
5.293075006074232647e-16
4.363913744254155347e-17
-8.972586128946913320e-16
4.876605846568238256e-16
8.672533177711549968e-16
-2.280090721264171894e-15
1.720398454772842367e-15
8.317185915679425889e-17
-5.589875350792139486e-16
6.749158523722265102e-17
7.159257995464907154e-16
8.281949345073646995e-17
-2.812562736962537224e-15
2.807812576194335108e-15
-1.774296855272528006e-16
-1.400369078509433596e-15
-8.218252467440123610e-17
7.729683863463843174e-16
-3.955305050498680863e-16
-1.330790404090176349e-15
2.112889805607962024e-15
-1.965455250808878507e-15
3.331753276047955126e-16
6.318188160159277089e-16
2.952282515678028574e-16
-1.181563527574702732e-15
-4.949382917396327741e-16
2.734771231086702281e-15
-2.940251259695228492e-15
2.473878307068799742e-16
6.554002132674874304e-16
-5.225583420837009996e-16
-1.172293598999951669e-15
3.472835083742631390e-16
1.458780470552090147e-15
-2.560132942637126027e-15
2.376256065831847120e-15
7.952622935181175023e-17
-3.666907272617536684e-16
-8.512071256183695311e-16
1.340697301441262645e-15
1.707211845849987419e-16
-2.185981972692430109e-15
2.501447111919559083e-15
-1.064239299984615084e-15
-4.595119857536689167e-16
-7.562987779444196867e-16
6.191065455435351694e-16
-6.346106366100778828e-16
-1.844661576266837244e-15
2.192449916277663946e-15
-2.460139432664334991e-15
2.277231138034241376e-16
9.971407380349184280e-16
1.049778753509089668e-16
-7.865073609752970540e-16
1.865098787218189003e-16
2.027458062547893292e-15
-2.113157468019294383e-15
1.700367819636172673e-15
6.623120021170825211e-17
-1.380324890845607833e-16
-3.534499082302744455e-16
7.573152174811248472e-16
9.871931831023639248e-16
-2.490675393929326145e-15
2.639056508046966343e-15
-3.272393207104373758e-16
-4.305637877483059484e-16
1.653408313040394262e-18
1.184382453223165044e-15
-2.142654543374478138e-16
-1.417743418323513804e-15
2.025113475349893388e-15
-1.908189047310909769e-15
8.389014309606590558e-17
2.845353076416645699e-16
2.178162164523378408e-16
-1.028203130276628130e-15
1.168661521722125229e-15
2.792769271051098734e-15
-2.124778760055623383e-15
4.841775851777141426e-16
2.632307349523244078e-16
6.579209833185162282e-16
-1.058886051757967905e-15
5.803056602957101795e-16
1.271945331178525596e-15
-2.011740519178642495e-15
1.794632422270209249e-15
-5.363819197828911811e-16
1.147356949032785067e-16
-5.000882520589389202e-17
1.115129039455653448e-15
-9.419683999825623211e-16
-9.278127853680484538e-16
2.061258065275128892e-15
-2.886688284242655556e-17
-7.359835397374725474e-16
-2.437015433204292592e-16
5.730957158486815750e-16
-2.482958500263365842e-16
-7.594903980896738904e-16
1.929778223070527376e-15
-1.451556973577905474e-15
6.200145648629917794e-16
-4.140839147265262810e-16
2.210417179154822165e-16
-1.515945030096388368e-15
9.755244572209886833e-16
3.910784998790994837e-16
-2.691572550776732964e-15
9.259086553026207866e-16
3.657556028879849208e-16
-1.815767588370098551e-16
-2.825024285682542491e-16
5.393499232300702495e-16
5.374322406374865135e-16
-1.365772864811778953e-15
1.541051086653005830e-15
-6.048763920296629237e-16
-3.290960169308188021e-16
-3.802297018906664050e-16
1.628986659105158274e-15
-1.204318220669742256e-15
-6.587138061571462533e-16
1.988209943903918031e-15
-1.952255089358867490e-15
5.522790341369598899e-16
-4.008566482222031269e-16
1.268326806427855225e-15
-1.089650288402244094e-15
-3.731010726065742134e-16
1.291383043252117280e-15
-1.576860251531128632e-15
7.146518619938202477e-16
-9.298524407050368090e-16
1.206229126998747958e-15
-1.424072448505397936e-15
1.241181094534249407e-15
4.771844811651826390e-17
-1.532118700707735606e-15
1.956510582885873095e-15
-1.322767308013783616e-15
6.511989298491061007e-16
-1.490181675972701569e-15
1.101983088114266707e-15
-1.842601592139114786e-16
-7.790873523573493831e-16
1.617284051905892861e-15
-1.187309799088875906e-15
1.162264728904460753e-15
-9.353954243118689504e-16
6.332824889487831399e-16
-7.550248403917492190e-16
2.549772459142785053e-16
7.726634544853727693e-16
-1.259158521806774678e-15
1.291623600609137501e-15
-5.802921077685541107e-16
6.103787180550268587e-16
-1.435361703626403251e-15
4.441163149043747538e-16
4.213794095012275698e-16
-1.350190846714088844e-15
1.174163847747489164e-15
3.176712365382527992e-17
1.942890293094023946e-16
-8.076493033387643905e-16
1.001504651779172583e-15
-2.509521453489260701e-16
-3.914054545967396437e-16
1.059827952395314687e-15
-1.016439536705160407e-15
4.295609007387568568e-16
2.894819800536296839e-17
9.672167580743185056e-16
-9.394611824586895921e-16
-3.515864357463149847e-16
7.991247637575971119e-16
-1.627251935629181467e-15
4.265251346557974443e-16
-1.360131625383065312e-16
2.449212707644754516e-16
-1.076694072441042316e-15
1.017252688334524535e-15
2.175519421727944991e-17
-8.064024708404060604e-16
1.184707713874910695e-15
-4.975945870622222600e-16
3.413339489527489334e-16
-5.346471963069143740e-16
7.547334610578937397e-16
-2.286717907043489539e-16
-9.481212473114175587e-16
1.345982787032129480e-15
-5.311235392463364846e-16
2.239148536725688032e-16
-8.890186763838014983e-16
1.321994813965887694e-15
-1.149084896245183840e-15
2.538320573695906912e-16
3.780612975456953961e-16
-1.202271789069175867e-15
4.529796676644437525e-16
-4.356053278503635440e-16
9.233201226158116448e-16
-1.596487698984905279e-15
5.245031297305968732e-16
4.639233333429693129e-16
-5.154161602724527391e-16
5.212030893680941190e-16
1.170667295741223413e-16
6.928187407453934021e-16
-1.419423931690866336e-15
1.225317861498070870e-15
-7.127917776416498041e-16
-6.118966010965065649e-16
1.226490155097070822e-15
-4.613144718654260679e-16
4.828223324621072621e-16
-3.289198340777899077e-16
1.005082518948374748e-15
-7.215704271069933728e-16
-2.939475377515543553e-16
1.471560503660263031e-15
-1.315584468621067149e-15
4.220799057486068762e-16
1.303346536599137018e-16
7.340048707726865018e-16
-1.320910611793402190e-15
7.420652362987584238e-16
1.169989669383419972e-16
-1.106740025146046857e-15
1.366826573798163302e-15
-6.468621211591640829e-16
1.042108023138754724e-15
-9.702931817387461244e-16
1.330255079267511631e-15
-3.050741625466868445e-16
-8.952528388755931488e-16
3.131311399409697493e-16
4.374755765979010391e-17
2.525377910261861203e-16
-7.945982196874701309e-16
1.084947561479088218e-15
-1.509040017510371312e-15
-2.261374681261640873e-16
-1.859406725812640104e-17
-1.051310189077725443e-15
7.025087976619825980e-16
-8.193857918559199760e-16
1.460515194028066954e-15
-6.098230644416280377e-16
1.367585515318903155e-15
1.069409589094655333e-15
-8.857660698663449850e-16
4.773742165453676023e-16
-6.528523381621464949e-16
1.356987439082857350e-15
-1.009310907421068215e-15
9.254139880614242752e-16
-5.202069786221230618e-16
-7.975391180803370617e-16
9.395696026759381425e-16
-8.690693564100682167e-16
-1.993576744657721278e-16
-5.139389348124412393e-16
8.641904466338834467e-16
-8.119081849975590126e-16
1.469093943717858508e-16
8.395519522641503585e-16
-1.105398324957596046e-15
1.058018690019979502e-15
-8.838687160644953522e-16
1.325496448169836972e-15
-4.673046888684084799e-16
7.611099250848241127e-17
3.590606544728869309e-16
-6.817463260588851881e-16
-4.288561693266412789e-16
-9.091577317377197431e-16
-1.441988889405720897e-17
-6.506364999721292453e-16
4.902626698707890363e-16
-8.711564455921028127e-17
-1.079519774353082662e-15
1.220594805784180892e-15
1.128003940253918813e-15
4.940573774744883018e-16
4.520038857092067985e-16
1.381388764227359234e-15
6.233450984115956883e-16
9.158255750985055954e-16
1.744210244986055258e-16
6.085626794161136388e-16
-1.099191267520116533e-15
-5.961892221226228195e-16
6.071532165918824830e-17
-1.168397247442581888e-15
-4.519259586780594029e-16
-4.034587334361683375e-16
2.937781311621034952e-16
-1.012482198775588316e-15
2.320816065368158654e-15
3.323486234482753154e-16
1.044330637592350008e-15
2.075759269332122514e-15
1.927846987950787572e-16
1.836448744810259548e-15
-1.641292353762868750e-15
1.387236679695202923e-15
-2.215377404093943348e-15
-7.879778101717305194e-16
-6.830202636115556558e-16
-1.606109993265714131e-15
-2.222478928323723402e-16
-1.953054688461075550e-15
1.430658976703247376e-15
-1.847995497947230170e-15
-3.806023963874582972e-16
-8.744632622181836012e-16
-1.968884040179363915e-15
8.625099332665309149e-16
-1.456923774331708721e-15
1.249312610827890691e-15
2.823533507695374922e-16
5.241575402881171186e-16
5.698431093312250617e-16
5.497989216673992985e-16
1.257891360517682244e-15
2.838983388653293360e-16
1.199696808909522794e-15
-1.301896416193437656e-15
1.029558382992235011e-15
-1.811295254408595845e-15
5.058019975079375286e-15
4.522857782740530297e-15
5.208940917489357503e-15
-4.882704483788469219e-16
2.096060955011913585e-15
-3.113449168617998808e-15
-1.978668964786045592e-15
-6.624366853669183541e-15
-4.930192538943334313e-15
-4.618592834571000338e-15
-5.386207972690737478e-15
-7.310775249069756399e-16
-2.118964725905669866e-15
3.723638151292840703e-15
2.308808526307881692e-15
5.802866867576916832e-15
-2.778224698907205692e-14
-9.967368727256675776e-15
-2.186759887751188458e-14
1.061626372748925018e-14
-3.623715368571145401e-15
2.598496504774283622e-14
1.699367643132054795e-14
2.470094441486825332e-14
2.709757331714746087e-14
1.011322102451028826e-14
2.246943950345858809e-14
-1.081009197087534623e-14
4.055282043329000441e-15
-2.474550512415740755e-14
-1.645667109528847760e-14
-2.510459288368460662e-14
2.118704517384273345e-14
6.662444033966874457e-14
-3.809692632975730797e-14
1.911784532765414824e-14
-7.353124185927040202e-14
-3.962563784043471315e-14
-6.713987005246835338e-14
-7.527572315479957865e-14
-2.098169728237397891e-14
-6.655223247498120998e-14
3.918328335406062735e-14
-2.026157019940910686e-14
7.423575643095148280e-14
3.877258757112311827e-14
6.714984471245522002e-14
7.525056966439791495e-14
-5.868597449320141560e-03
7.715009725615601562e-03
-7.872743877930066941e-03
4.305984541343408148e-03
-5.265198352860003816e-03
-1.625390066427668265e-03
4.266907790541349735e-04
-6.604680604877554220e-03
5.868617632022632598e-03
-7.714976617087814133e-03
7.872723287652753921e-03
-4.305981729688907779e-03
5.265209963211287501e-03
1.625392246344667347e-03
-4.266783650845151332e-04
6.604673844026989066e-03
