1.584859019164124808e-03
-1.375212036988809807e-03
1.545928776826403350e-03
-2.716086619724212745e-04
6.014009027975884044e-04
9.910993129922016608e-04
-6.954123395648151382e-04
1.673228561181680247e-03
-1.584862362199615168e-03
1.375209194160743539e-03
-1.545928130613838337e-03
2.716068508721095607e-04
-6.014021468540848951e-04
-9.911005746599649800e-04
6.954106255060085728e-04
-1.673228128845826064e-03
-1.349746161193043914e-12
3.417997194955432749e-12
1.285726841833423340e-12
2.708750704207701920e-12
3.166544121097764064e-12
4.129880031705779331e-13
3.198348243150725412e-12
-2.126713945737029182e-12
1.351490588278464466e-12
-3.423734250751139796e-12
-1.289215316533504074e-12
-2.714847660914565530e-12
-3.172032081444342566e-12
-4.113059177100752972e-13
-3.192948970541856224e-12
2.123681540680804475e-12
2.888323057830856355e-13
7.188554628943452651e-13
6.775539466508453956e-13
5.837840925731682673e-13
6.679571988837257335e-13
1.065272341367086428e-13
2.668889482787713263e-13
-4.341036604076260741e-13
-2.897417548941572107e-13
-7.204373545215830843e-13
-6.789520389047926097e-13
-5.838232458241221501e-13
-6.690053377814489388e-13
-1.067534647784590049e-13
-2.678485214115296220e-13
4.337184569282691304e-13
7.091118599429624414e-14
6.263540304907860845e-14
5.629413493517254619e-14
6.468755381610485911e-14
7.137614609596665272e-15
2.808280138381219482e-14
-4.299138085459008884e-14
-2.637821872823048475e-14
-7.027999059452949560e-14
-6.230226837905528114e-14
-5.676970666560615664e-14
-6.390625062555749247e-14
-7.616926837525350713e-15
-2.723873644000507355e-14
4.290852917388735671e-14
2.671071642947747682e-14
8.493914850849415207e-14
9.964241693373649712e-14
-6.336890647634652041e-16
1.152249716267986918e-13
-8.365960105661401913e-14
5.762439679070363585e-14
-1.168670212280164059e-13
-2.901496791852913038e-14
-8.489293184979311568e-14
-9.880873534331329269e-14
-1.018303009189119868e-16
-1.134482895267466956e-13
8.502675966732750612e-14
-5.791990286907813812e-14
1.171325287875309498e-13
2.716026730777143516e-14
3.813023844150692510e-14
7.662870582210781767e-14
-2.469419356227863654e-14
5.555564756604298993e-14
-6.739529791991057117e-14
2.337514049373856304e-15
-7.359710036498531838e-14
-4.808587068024644529e-14
-3.940670184642610513e-14
-7.541718443325462484e-14
2.405175634123592893e-14
-5.667075966483969829e-14
6.660391164915908935e-14
-1.981963075917917566e-15
7.476935669453559086e-14
4.819255278588722990e-14
1.233561186140749721e-14
2.329015344297580281e-14
-1.041679085654265147e-14
8.389793579918064514e-16
-2.406391465216081715e-14
-1.784622356306147378e-14
-3.251830042353765285e-14
-2.388069295534023945e-14
-1.367466761299698103e-14
-2.426171717413543039e-14
1.090655885917224399e-14
-1.467772572320141800e-15
2.604767936715754462e-14
1.598619850319733804e-14
3.268259178102004420e-14
2.520305538160523551e-14
4.367928680424140730e-15
1.709834259854686733e-15
-2.392996825001381112e-15
-9.688408590473839010e-15
-1.243299693341921863e-14
-6.406878438967433115e-15
-1.838221055373270765e-14
-7.324378598202660462e-15
-4.267307942553907885e-15
-1.351989944694056978e-15
2.564866586262856685e-15
8.354353721404944588e-15
1.342874514928885099e-14
5.598980954975123214e-15
1.696696397677946271e-14
8.563018593895146968e-15
1.163277780309376896e-15
-4.049505278628726113e-15
3.245606637180403764e-15
1.634638062929238966e-15
-7.403037465816483809e-15
7.531215573592688062e-15
-4.006372666888642631e-15
-2.722296129839540946e-16
-1.978513110723750801e-15
4.087560774882967318e-15
-3.338678617424706285e-15
-2.420718519299119853e-15
7.764121682000361263e-15
-7.003695312503971371e-15
3.993645149823199514e-15
-8.284998663683762476e-16
5.129841592742961920e-15
-3.401670763646114093e-15
-9.319454591177021852e-16
9.743562293801355523e-15
-8.180783117985382380e-15
3.787484106725080846e-15
-2.148380486097917208e-16
1.232910664837258419e-15
-4.179673913830977972e-15
1.999028248706249955e-15
1.741411648128327050e-15
-1.022383675115812185e-14
7.586840227238877965e-15
-4.732645820918791879e-15
-1.452051640819101985e-16
-1.075721678617594379e-15
6.891595584132548247e-15
6.272370453976397475e-15
-6.666454226752355217e-15
1.310706236471240183e-14
-2.555135871764799282e-15
1.045828191843095611e-15
-4.412059096976089778e-16
3.572202212850927872e-15
-6.059954919595753053e-15
-7.156674544975781538e-15
5.830070601227409569e-15
-1.244325789054225723e-14
2.036192666299979637e-15
-1.633984153493958646e-15
6.691255351447961131e-16
-4.514346795686519087e-15
-4.552441255456333991e-15
1.046254392352374374e-14
-1.366362653852952122e-14
2.075169734400833521e-15
3.296313417534835200e-17
1.569714681588091354e-15
-4.711925700963057184e-15
3.686307715241449179e-15
4.142965199962871103e-15
-9.347201167067586188e-15
1.234962263338803060e-14
-3.035606840765328607e-15
1.273666502127346334e-16
-1.084849305657206719e-15
4.603251373830330451e-15
-5.834650931889687198e-15
-1.109079530146363235e-14
1.334311816513444014e-14
-4.954122913769162806e-15
-1.107376993922382091e-15
-8.084827837588626220e-16
4.530372659048570450e-15
-5.381171514786363408e-15
-5.581235614730145622e-15
9.627164720255564079e-15
-1.290616520786499501e-14
4.424452883060314701e-15
5.872987643082416831e-16
2.839661015011096801e-16
-5.127890028832488012e-15
5.995820972961446449e-15
5.978365317984429828e-15
-1.424874588706447759e-14
4.970348676906766183e-15
4.974184042091933655e-16
6.099585897131887258e-16
-5.795152091493324664e-15
4.146585418779435983e-15
2.446874896710332647e-15
-1.216913526480030818e-14
1.262268996195681919e-14
-5.082997282628010094e-15
-2.010890098099599177e-16
-1.249383761595460052e-15
6.352428620019084926e-15
-5.303425748689680197e-15
-2.700613780455725366e-15
1.408080138235969685e-14
-7.452631244878223093e-15
-2.947986364569554762e-15
-3.479069246234423041e-16
5.804801490828445654e-15
-4.337601512780647761e-15
-2.969473896375501853e-15
1.333286864295618948e-14
-1.127353588357016961e-14
7.680628797356557624e-15
2.121143294646007926e-15
6.401197388990198522e-16
-6.628649452250501284e-15
5.261606038017840881e-15
3.564768651705824132e-15
-1.509882137666531537e-14
1.238700812658099365e-14
9.290494534710397323e-16
4.224221070592976135e-16
-6.318906444098548736e-15
3.935901219742979351e-15
3.829723945738758295e-16
-1.469128163848927582e-14
1.270366461764843580e-14
-7.223042964524944987e-15
-1.306294211255581983e-16
-1.555616665213990779e-15
6.114046443607412673e-15
-4.510843467416675301e-15
1.073563438667990422e-16
1.621717083538642967e-14
-1.405152273562578630e-14
6.700865787267508422e-15
-2.401168998876490601e-17
5.908508816758473170e-15
-5.584261216417737983e-15
-1.971640285389729408e-15
1.344356399070106498e-14
-1.281195947402079260e-14
8.440358058737357227e-15
1.827981803469505562e-15
1.079716285996845659e-15
-6.954221812120742197e-15
6.781952251308162594e-15
2.249135055173816233e-15
-1.454443873620384943e-14
1.377354007486408100e-14
-9.106705325815159235e-15
-1.336323223301641439e-15
-6.132349131531683595e-15
6.668751380105308879e-15
1.961797762542634438e-15
-1.176270111637867230e-14
1.605352152887805708e-14
-7.054835773727397008e-15
6.203296611193703791e-16
-1.148339507251600056e-16
6.550451370559984277e-15
-6.851873127038110578e-15
-1.594783468695029627e-15
1.261338668145976999e-14
-1.641134212711616372e-14
5.803219233282974621e-15
-1.224237047457374383e-15
1.268313253900699156e-16
-8.979884164820456371e-15
-4.386224592084833618e-15
9.048286733992451022e-15
-1.676898061327061068e-14
6.678753145146487658e-15
-9.560969095427640507e-16
-7.109554102120024810e-16
-4.988885145924479292e-15
9.230480556331535635e-15
4.836305713003773155e-15
-8.783316193366466282e-15
1.639047970562529030e-14
-6.435149857647939897e-15
9.564357227216657709e-16
7.546081001817001033e-16
4.938788229292070953e-15
6.003786470797425889e-16
-1.143227017552298072e-14
1.517688901528195522e-14
-6.559595938258541703e-15
9.512823742705706076e-16
5.357889967198131709e-16
6.189151160974556976e-15
-8.167647331039362690e-15
-5.884659757095581090e-16
1.041558256404339321e-14
-1.548933490556859624e-14
7.504268067408739751e-15
-2.475341980001655173e-15
6.740823719521282786e-16
-5.883958413815254529e-15
8.334939726253876024e-15
1.116010504292213636e-14
-1.328429215046410261e-14
9.902052322628002168e-15
6.441516157279503219e-17
-3.628316451540630760e-16
-5.024670593880078973e-15
6.661209398742956589e-15
-3.546357543564304660e-16
-9.969881026978232030e-15
1.263393347729867278e-14
-1.050192952620297021e-14
8.055960954746199665e-17
-5.390382151054806670e-16
6.489082139465515708e-15
-7.958931636572325052e-15
5.285688878774175148e-16
1.155152023839776942e-14
-9.707790398372911911e-15
6.088845519360702729e-16
-1.341212297473193260e-15
5.711997172995475491e-15
-6.269006039109903394e-15
4.302520796237163658e-15
1.064887364892559349e-14
-1.070006069696111811e-14
9.796925369478376444e-15
-4.167707032352169216e-16
1.297817105519460945e-15
-6.495800804803136819e-15
6.945734541989254107e-15
-3.803319387673999991e-15
-1.281407028012535032e-14
9.751211001315061855e-15
-1.122508390492132913e-15
5.555485813133614892e-16
-5.583776713571908523e-15
6.515011512046864350e-15
-3.571512728031862871e-15
-6.788500239506911962e-15
1.036263834615878954e-14
-1.003221756969846501e-14
1.272158783481233679e-15
-1.264979332220306230e-15
6.634402500028252492e-15
-7.816572503193189303e-15
2.328725659029619310e-15
8.879331189586003870e-15
-1.219130455224967657e-14
2.103914644498855457e-15
-7.357395942486633089e-16
3.823706623681463745e-15
-6.977630414651062041e-15
2.984159753614996913e-15
3.334507827192426110e-15
-1.056082118592671995e-14
7.864534896798516805e-15
-3.701056252919041056e-15
1.358302034216996024e-17
-4.132006287691294966e-15
9.139126358904264835e-15
-2.924962314997288371e-15
-6.420569879526851625e-15
1.337462397912403747e-14
-7.165763208499820180e-15
1.353019936757918207e-15
-3.948054448470184052e-15
6.643438647509561368e-15
-3.156283624760648776e-15
-5.782092537512557862e-16
1.005671206846716487e-14
-8.520670334664220968e-15
4.202787748895653319e-15
-1.210433798548918305e-15
4.044406140286255225e-15
-8.976685768411624133e-15
1.872235886831753737e-15
3.885694188827427953e-15
-1.255623599207998306e-14
7.510874924397323293e-15
-3.124985757359602379e-15
2.627486037987472600e-15
-6.512084166181153488e-15
4.090301773500282234e-15
-4.590368002702592543e-17
-7.991055361096944393e-15
8.642873472030493387e-15
-4.599351634141171652e-15
2.532967325469259734e-16
-3.228740517134676136e-15
8.582622324426400495e-15
-3.591965185576265207e-15
-4.151012012961786957e-15
1.053665957110629103e-14
-7.075198445779390388e-15
3.669573732335493221e-15
-3.975430553325443039e-16
4.561678996779089390e-15
-6.104110747136119730e-15
7.430909931978833816e-16
5.134200424289532549e-15
-8.582564726185987203e-15
3.754917383969047506e-15
5.306932465091313000e-16
4.415603082827401771e-15
-7.270192206500908361e-15
5.480353990712158452e-15
2.861035891435059070e-15
-7.156989641232160138e-15
8.018300175845378963e-15
-1.773012753324490487e-15
4.949653967939449117e-16
-3.476524759260871122e-15
7.606010276901137290e-15
-1.591700268767023974e-15
-2.725484361853006132e-15
8.446585444965570844e-15
-5.154581731066365524e-15
1.870394437204422888e-15
-4.186053765989697362e-15
7.770100887575029369e-15
-7.449695428683039689e-15
-1.977525470307252287e-15
5.168320605470830276e-15
-7.019704235207077647e-15
3.183427642588360085e-15
-1.855462940410224082e-15
1.660550494851642522e-15
-3.839546139795119162e-15
3.742209348661391238e-15
2.320180790657717929e-15
-6.976729171595183465e-15
4.519517084796559336e-15
-2.114743113696554433e-15
1.891322927265182141e-15
-4.788572018294204313e-15
7.360790850539228325e-15
-8.197610274515536311e-16
-4.395813005047752298e-15
6.162218901383659242e-15
-3.604884132087787796e-15
1.641644719468926539e-15
-2.066760391300492827e-16
2.578270035620208733e-15
-7.348810416533263501e-15
1.540279439638057163e-15
7.556950128596168215e-15
-4.087747122131363264e-15
2.904977419639770408e-15
-2.265284585346166724e-15
5.583400630943327614e-15
-9.537757004541083661e-15
3.004436451822843981e-16
1.475863431032314876e-15
-7.962018224632119723e-15
2.614770379383291043e-15
-1.795652249938703426e-15
1.640201375326805211e-15
-2.586096620052838468e-15
8.385892146163011207e-15
-2.724975083293469484e-15
-4.413732834079864276e-15
5.341474468680343368e-15
-2.689299114346302422e-15
2.500393826449648360e-15
-4.764001286560251569e-15
7.437687889622762727e-15
-3.844074377931140651e-15
-2.948423433570337981e-15
5.296835832360041740e-15
-4.050338759048824344e-15
7.658905790391273838e-16
-2.546309788454409473e-15
3.753189436756648734e-15
-6.748521554945929868e-15
6.339713808447850624e-15
3.026812944706934461e-16
-3.114523206395117261e-15
2.559354095842125698e-15
-1.092171058453272892e-15
2.337370477289296700e-15
-1.026018293492480388e-14
4.243436013001439938e-16
-3.119217462988800593e-15
-6.684177544140704197e-15
9.318853197784471298e-16
-1.549324904481785836e-15
1.629975993587551297e-15
-1.242732858893619285e-15
8.793496258843042090e-15
-2.431375887841473460e-15
5.793840884490975007e-15
7.894438547968382625e-15
-1.343082546220730755e-15
3.603620358930484380e-15
-4.202028807374913466e-16
1.226662441598542347e-14
2.340521439853082697e-17
5.382528461567864797e-15
7.324786868083237035e-15
-1.589958769027469132e-15
1.595959150425818596e-15
-2.280890320366379953e-15
-2.997944367798613396e-15
-1.099459268744627793e-14
7.742829814805229915e-16
-6.423498072425509742e-15
-7.325022343242573730e-15
2.771173319027903093e-15
1.928738066611299096e-15
6.242124601495840919e-16
-5.099361959168963176e-15
4.052259829773197097e-15
-2.898288823971776826e-15
-1.914612945182886383e-15
-4.657732532997727048e-16
1.867934653525596400e-15
-3.446475418424077564e-15
-2.508572776588335884e-17
4.263225243748142157e-15
-5.522880126862007855e-15
3.865578426879559201e-15
1.263522435551028833e-15
-9.552769816498218880e-16
-2.551436031851192499e-15
1.544180365173342118e-14
1.496979284781006780e-14
1.044918478457744493e-14
1.757116994223137385e-14
7.360621443949777465e-15
1.211988951040077200e-14
-7.903613608853041206e-15
3.518283483560508129e-15
-1.559016316651090639e-14
-1.433704737774984389e-14
-9.949218505262910628e-15
-1.898526773074990515e-14
-6.173123603546611105e-15
-1.172538222115118711e-14
7.461550501812810876e-15
-3.456738069613010667e-15
-1.545658945886069224e-14
-1.395824577340824824e-14
-2.082239749004975715e-14
-8.368592345248289377e-15
-1.262156002000518196e-14
8.712916320504845991e-15
-4.195862407518902160e-15
1.708285206000748069e-14
1.491097826808451821e-14
1.301975867883890109e-14
2.199919899839499621e-14
8.054695487523001740e-15
1.400682480699917687e-14
-8.397826840389824299e-15
4.266423640156974395e-15
-1.734093283464049895e-14
5.728254784571895630e-14
5.767459535128971471e-14
5.022684471025357089e-14
2.244854828284750803e-14
9.064912720197632057e-15
-2.267755211046718067e-14
-3.697529885353031953e-14
-5.996405086881873014e-14
-5.770580682133014117e-14
-5.829448794340830187e-14
-4.929251993558703138e-14
-2.128484698606450398e-14
-1.011105600829710627e-14
2.447707699504073076e-14
3.604493819305693014e-14
5.935640976124922918e-14
-1.739346514040285285e-13
-9.089494971579667459e-14
-1.193125324016816591e-13
3.886873936316363742e-14
4.780010209263357845e-15
1.475883488772505858e-13
1.269624731953591934e-13
1.659604121880334238e-13
1.745610763142363409e-13
9.104500329646866841e-14
1.190222508225258213e-13
-4.031594597552444481e-14
-4.643510849813327346e-15
-1.470831242173994968e-13
-1.269391289673328649e-13
-1.659307457060887891e-13
1.405494644279858818e-13
2.616005827758838276e-13
-1.216429690672647321e-13
3.503635912210228964e-14
-3.082899061902788507e-13
-2.138189798828182830e-13
-3.161678818058843987e-13
-3.400190827680671379e-13
-1.407932472864692475e-13
-2.630663699029756053e-13
1.237595316077319887e-13
-3.693519014941193390e-14
3.086753400625974475e-13
2.143013414293570840e-13
3.165411726138711579e-13
3.403424460660109396e-13
-1.234070460192731016e-03
1.649811469995482362e-03
-1.694363092491539330e-03
8.912573571852090443e-04
-1.162129741056481614e-03
-3.893774246052926534e-04
5.087183601153492333e-05
-1.441930486637716790e-03
1.234074486484687105e-03
-1.649804993330317680e-03
1.694359090548502389e-03
-8.912567604188886567e-04
1.162132099996714867e-03
3.893780144449565813e-04
-5.086939803176853216e-05
1.441929140333998542e-03
