5.513244077081522199e-03
-4.808865567440893593e-03
5.309739656358569877e-03
-1.028224867860650423e-03
1.995811545935940665e-03
3.354736293908004360e-03
-2.487208661628445908e-03
5.772515392029710542e-03
-5.513256512888541766e-03
4.808855219142412450e-03
-5.309737207680322729e-03
1.028218536035918574e-03
-1.995815870346622639e-03
-3.354740681364731282e-03
2.487202504094000038e-03
-5.772513826602511215e-03
-5.683973257342156415e-14
1.185088268837453107e-13
3.358251177143500854e-14
8.605334327060898403e-14
1.043744084217035351e-13
3.240463453124675652e-15
1.139118096724067719e-13
-8.131071770750564198e-14
5.636333413883143351e-14
-1.183473891802622191e-13
-3.400144749088340745e-14
-8.592540741425569450e-14
-1.041857572436910573e-13
-3.525825464922860419e-15
-1.139229769547833726e-13
8.155506977212956254e-14
8.206488873868655887e-15
2.490054603482283468e-14
2.243376925198381500e-14
1.917240780198448125e-14
2.337220044237864336e-14
1.969670086754415905e-15
1.021832087260560185e-14
-1.583580272121465349e-14
-8.711130775052033925e-15
-2.464966165210968896e-14
-2.252402908284323324e-14
-1.902297763756166660e-14
-2.339540236886983315e-14
-2.072886133575035927e-15
-1.046108729155226236e-14
1.620242568584062681e-14
1.199832334181083482e-15
2.521962673418531864e-15
2.465258899797539982e-15
8.269752070633185070e-16
2.691287947706455519e-15
-1.559123381615623583e-15
6.092267532467610103e-16
-2.505374380179503646e-15
-1.139279642847768059e-15
-2.759023478432487408e-15
-2.667408394857462284e-15
-7.747166623495171933e-16
-2.590890826534297808e-15
1.596758749528026655e-15
-1.005461989708744674e-15
3.077182605948358685e-15
2.805108847026699381e-15
3.600594757242892019e-15
7.653112085032054424e-16
3.276730015794315776e-15
-2.114953177867473499e-15
1.389039165806960074e-15
-4.014892124272126384e-15
-1.437448792808437847e-15
-2.821080500280126468e-15
-3.594075991680822924e-15
-1.349696179472892332e-16
-3.997141701829465266e-15
2.113069376592779935e-15
-1.577649686237969640e-15
3.875792373674025182e-15
1.572770776461784870e-15
9.550465886881687183e-16
2.189221026682730553e-15
-6.493151285744125367e-16
1.827246578871288829e-15
-2.070649966594284574e-15
3.482355734069769726e-16
-2.149078441246454751e-15
-1.898817474782488190e-15
-7.750419230012628447e-16
-2.443276700750396380e-15
9.653871669082492168e-16
-1.855259652502883050e-15
2.664657231844780316e-15
-4.509010488118816995e-16
2.125185335870305448e-15
1.747110485797453983e-15
7.094476915658898264e-16
4.967949879600142005e-16
3.759471033093486625e-17
8.546223624616988701e-17
-1.063778514061308744e-15
-7.936935884998025381e-16
-5.174896969273312664e-16
-1.166438907268529945e-15
-3.777360368939497448e-16
-6.915854607741911408e-16
2.234947253307306703e-16
-6.276852952333267233e-16
5.944002885380217371e-16
1.226197081697320834e-15
5.709340877672886005e-16
1.072790944620094500e-15
6.181307635882982154e-17
-3.931859178518681830e-16
3.510104533421820605e-18
-5.418164831724747721e-16
2.244434022316554866e-16
-9.170114212246616159e-16
1.409937162681618172e-16
-1.869029020093448956e-16
1.574803655535195190e-17
1.579004938953576520e-16
2.963531113217565682e-16
4.020424943483591473e-16
-5.215012449655276328e-16
6.441854970458404939e-16
-4.253799461111096303e-18
-2.347297703431117100e-17
1.394555044359480078e-16
1.578598363138894456e-16
3.908548831810243485e-17
-1.827083948545416003e-16
6.596997525077502589e-16
-4.098894075717229857e-16
1.418136441611039800e-16
-1.092469214050706405e-16
-4.607859233063393845e-19
-4.774555317083040151e-17
-9.245534025870139061e-17
8.441530352336357179e-16
-5.331733589786918914e-16
3.019028711921667441e-16
-1.363384231900521826e-16
2.432272048699668510e-16
-2.014718687021188614e-16
-2.222614453595284090e-17
5.203475860913672757e-16
-5.685149616699303188e-16
4.591189624661429214e-16
1.502162109978666393e-16
-5.564261074467169443e-16
2.967190295549704260e-16
-1.637687381539354448e-16
-3.767602549387127908e-17
-6.008885609139896777e-16
6.446395067055687988e-16
-5.792621157046928815e-16
1.016981637791403159e-16
2.770814177058267269e-16
-5.193328406205566239e-17
-2.191714691679447213e-16
-4.841572563869800394e-16
8.227781588096734489e-16
-3.934501921314115247e-16
2.811132945347571965e-16
5.250520070804176598e-16
-1.111307226797642045e-17
-1.001802807376606097e-16
-2.366677817264295491e-16
5.446489613480931524e-16
-7.886300255411163307e-16
4.158830127064944149e-16
-6.920597992246535490e-17
-2.891838244561961702e-16
-1.067939139898221867e-17
3.346254480104948748e-16
3.348490647085700100e-16
-8.334092693306621724e-16
5.869633392611289802e-16
-2.981555974335137194e-18
-5.927604327521374117e-16
1.092740264593827781e-16
1.651782009781666005e-16
-5.503681278079541883e-17
-6.215595529587836232e-16
8.833395322306982281e-16
-6.771418549576108115e-16
7.352245982167326943e-17
1.485356976305141075e-16
-2.288615260845339172e-16
-1.638365007897157888e-16
5.296598663134810536e-16
8.242596194344212202e-16
-4.237112912050186586e-16
-7.463376704847091148e-17
7.023597198632658412e-16
-3.189858316723914733e-16
5.662245845805546907e-17
1.528182962118318500e-16
4.751583783553503526e-16
-8.091383872600374505e-16
6.020540782494115950e-16
-1.088810031718567828e-16
-5.826231424393979452e-16
3.960726061361108385e-16
4.378821524125831033e-17
-3.531653051599970006e-16
-3.061177071377041425e-16
3.688252502888345052e-16
3.759471033093486625e-16
-1.448629627712194612e-16
-1.725507757510680307e-16
3.726402866832678740e-16
-1.431824494038669293e-16
-4.808368872337431821e-16
9.579997690587708364e-16
-8.217405434492869309e-16
-2.689770064664975813e-16
4.592815927920157471e-16
-1.290471635800871653e-16
-2.848741208205662900e-17
-1.004784363350941234e-16
2.997276905836177008e-16
-7.932556724660720648e-16
-3.385353520950207251e-16
6.470383040121929774e-16
-1.013051404916143206e-16
-1.235990476633475055e-17
-3.122502256758252770e-16
5.585945117916879532e-16
-9.978725745013461434e-16
8.923729268549285276e-16
-1.204480850995615082e-16
-6.517681359896609905e-16
-8.173529127825096552e-17
4.136637863846881480e-16
-8.122029524632035091e-17
-8.714952587710045329e-17
8.156148011747438309e-16
-6.061503295823333914e-16
-4.325695617674041316e-16
5.304052553070648379e-16
-1.705043441505016411e-16
1.177443559319257815e-16
-2.174807914052251379e-16
9.430322733643137223e-16
-8.832046422338479807e-16
5.187704107435797685e-16
1.686069903486520083e-16
7.055445637449420104e-17
-2.570778876234691701e-16
3.517016322271415696e-16
-6.058657265120559465e-17
-7.975899400571723197e-16
6.664319703725274380e-16
1.552848561542363726e-16
1.249271953246422484e-16
-3.079405220401953969e-16
2.409097227262790852e-16
4.684905349945645003e-16
-8.356708472998311543e-16
5.425483196389024876e-16
-5.480641981914224914e-16
3.100140586950739241e-16
-1.185032974526656346e-16
1.944652121624312890e-16
-5.245099059941749076e-16
-5.019313957521642777e-16
9.493629976120923630e-16
-7.332865868334148551e-16
-4.597694837696342240e-17
3.634516732714532239e-16
1.748682578947557964e-16
-2.226544686470544043e-16
-4.106212440381507012e-16
1.085284680592095430e-15
-1.034752389024798380e-15
4.857767833821302617e-16
1.107105943379260715e-16
3.031835850084152462e-16
-7.845286920105110084e-16
3.625978640606208891e-16
4.745620671604833252e-16
-1.209519849998830915e-15
7.728972355788149562e-16
8.737314257517558858e-17
-1.079594313252441040e-16
-2.305284869247303803e-16
7.846574410184936621e-16
4.131826716706477054e-16
-9.033657204443948374e-16
1.061254355878490929e-15
-7.061273224126529691e-16
-3.995827106695326592e-16
-5.060513640076091946e-17
2.134929602895518919e-16
-3.200293762634087713e-16
-3.239596091386687249e-16
8.678547111637055500e-16
-6.694067500832845408e-16
4.281649904416817698e-16
4.568963480125476373e-16
1.032702569292442973e-17
-3.483406054924365058e-16
-6.140650054414775738e-17
8.477186204251026952e-16
-9.502591584702874128e-16
7.089191430068031430e-16
1.857780422553911848e-16
-4.789192046411594461e-16
-2.173418780018754326e-16
2.019462071525812696e-16
2.731986186756130142e-16
-7.512538497105730739e-16
7.567222944180468369e-16
-5.639884175998033378e-16
2.890754042389476197e-17
-1.717782817031721088e-16
5.141693277740944090e-16
-4.605148727632180083e-16
-6.109411479320037142e-16
7.560412799284543794e-16
-1.646022185740336763e-16
-1.055606340186199255e-16
1.364739484616128706e-17
4.703540074785239611e-16
-4.111430163336593502e-16
-3.040916043278718561e-16
7.015618148269522902e-16
-8.347746864416361046e-16
2.135200653438640295e-16
-1.059265522518337832e-16
1.140174109640068600e-16
-4.981366881484650122e-16
2.506268846971804187e-16
1.228604349333417556e-16
-5.653911041604564591e-16
9.934002405398434377e-18
-2.219361847077827576e-16
-1.953732314818878990e-16
-2.952960142035832014e-16
8.871077700547957967e-16
1.748716460265448136e-16
-6.692813892070909043e-16
8.097025112029088145e-16
-4.278126247356239809e-16
2.519414798313190929e-16
8.832181947610040496e-17
1.470178145890344013e-16
-5.538240222327517337e-16
-1.495792422215314055e-16
5.276778092169059908e-16
1.337566667668210751e-16
-2.403947266943484706e-16
3.591284171086672750e-16
-2.650196685369254901e-16
-2.784366704214336075e-16
-1.090029759162614020e-16
2.507268345849564262e-16
-4.820227333598992026e-16
1.828981302347265636e-16
-1.585645677260050235e-16
-1.767520591694493604e-16
-4.231234503396241742e-16
2.084785252418064339e-16
1.989782037054022013e-16
-2.009856717903948931e-16
2.231965697332971565e-16
6.501147276766205962e-17
-3.707971429900425164e-16
7.527073582480614533e-17
1.715072311600507327e-16
-3.540462194251414729e-16
-2.043382281956274138e-16
4.363541049757363455e-16
-1.697047450482935815e-16
-3.072628956823919566e-16
3.802974645264467490e-16
-2.698308156773299160e-17
-2.114329761618294334e-16
8.972450603675352632e-17
3.128888885180550194e-16
-4.567032245005736568e-16
5.872038966181492015e-16
9.432558900623888576e-18
4.769811932578416069e-16
-4.486835165559699412e-16
4.046649083530584612e-16
-2.958177864990918504e-17
-5.243506638000910991e-16
2.378468515890075352e-17
4.699745367181540345e-16
1.406616793528381315e-16
-1.116050611302266127e-16
2.986773697290223684e-16
-2.888314587501383812e-16
4.158931771018614665e-18
3.415118258716723365e-16
-4.910758215001531646e-16
-5.148605066590539181e-17
-3.036985810403458608e-16
2.286175805957246787e-16
-3.734466620490539679e-16
2.089799687465809797e-17
4.102925952546160326e-16
-3.101360314394785433e-16
2.776912814278498232e-16
1.639449210069643392e-16
-1.653950414126637014e-16
2.292409968449038438e-16
-1.439278383974507136e-17
-1.350204399241244912e-16
-5.850930905135914850e-16
7.501594831427205179e-16
-3.723692361401464979e-16
2.256631296757016791e-16
-2.149566332224073228e-16
4.830866067416506038e-16
-1.450798032057165621e-17
-3.534973420753206863e-16
1.202854547736886826e-16
-1.927169361592984131e-17
-2.601949688693649954e-16
-4.817923403982460329e-17
1.906433995044198859e-16
-1.232873395387579230e-16
2.401541693373282493e-16
3.644952178624705219e-16
-6.282341725831475099e-16
2.178026639251817720e-16
4.332742931795197094e-17
-1.406345742985259939e-16
-4.430930991040915590e-16
1.034430516504841746e-16
3.012726786794095446e-16
-4.039330718866307457e-16
7.867242014097941549e-17
-4.987465518704881084e-16
1.293453191775206790e-16
3.471750881570145886e-16
4.320545657354735170e-16
-3.282015501385182610e-16
-1.577446398330628607e-16
4.794816345181363015e-16
-2.083023423887775394e-17
3.055281722064151495e-16
-2.037486932643384208e-16
9.619583775377638091e-16
-1.764623739014883896e-16
-4.300894492978435402e-16
4.322510773792365146e-16
-1.534146074066988774e-17
4.264980296014853067e-16
7.701088031164537995e-16
-2.363154160203717602e-16
-2.885061980983927299e-16
2.355683329608934673e-16
1.747462851503511772e-16
2.491157779192787469e-16
5.514523299804396927e-17
-1.835689803289519695e-16
6.294606762907717368e-16
-4.858445460179106057e-16
9.600677999994922107e-16
2.908948310096498568e-16
2.483839414528510314e-16
1.779717866134955528e-16
1.175275154974286806e-16
-2.625260035402088299e-16
-2.479434843202787953e-16
3.460027945580146369e-16
-2.234125631348470031e-16
5.600581847245433842e-18
4.113530805045784167e-16
2.379146142247878792e-16
-9.948232558912306622e-16
7.217398336964442329e-16
1.216203786985614599e-16
-5.279522478918163841e-16
3.183979908069969889e-16
1.663166132592763802e-16
2.115956064877022591e-16
-6.399503323095689922e-16
-1.532926346622942582e-16
-2.227425600735688516e-16
-4.254951425919362151e-16
4.312685191604215262e-16
8.836417112346311997e-17
-5.534445514723818071e-16
-4.166588948861793540e-16
2.660090030193185129e-16
-9.666339994066075469e-16
4.984077386915863883e-16
4.012903290911973286e-16
-3.770753511950913905e-16
-1.099804519373928646e-16
-1.132720219704230757e-16
1.096399446925966359e-16
3.239053990300444497e-17
4.504588976134149547e-16
-1.477225460011499791e-17
-2.318939040357043124e-16
-4.877588404787053245e-16
2.341741167297128889e-16
1.428707412792773468e-16
5.702632376730631947e-16
-7.002048680454509011e-16
-6.089150451221714277e-17
-3.005137371586696915e-16
4.532507182075651286e-16
1.000312029389438528e-16
-2.717823795878038240e-16
7.572745598996566407e-16
4.708418984561424381e-16
-8.555710393626236865e-17
-6.576804259614960069e-16
2.363154160203717602e-16
-2.331170196115395221e-16
4.724953067691828323e-16
1.169447568297177220e-16
-4.778350024686739417e-16
7.435051923090907344e-16
-6.217492883389685865e-16
1.042782261364769147e-16
-1.988968885424657884e-16
3.182675477331198266e-16
2.927955729432885068e-16
-7.763429656082454500e-16
-6.271296416199279022e-16
4.634083373110386983e-16
1.536992104769763223e-16
-3.886254924638510300e-16
4.100808370178024576e-16
-3.488149439428989140e-16
3.512815038853034366e-17
-2.373589606113890582e-16
6.685732696631863092e-16
-1.153523348888796374e-16
-1.528725063204561252e-16
2.781554554829451797e-16
-3.839617290562688523e-16
8.021740823677125931e-17
2.360579180044064529e-16
-4.131352378256014646e-16
-9.692767422020409640e-17
-4.296828734831614760e-17
1.821730700318768825e-16
-1.021860547567587929e-16
-2.492648557179955038e-16
3.609037981661122885e-16
1.453237486945258006e-16
-3.151640190143800702e-16
-1.012644829101461141e-16
1.655373429478024239e-16
-2.358139725155972144e-18
2.015260788107431367e-17
3.067953334955075828e-16
-3.617305023226324856e-16
2.535677830900473495e-16
-1.236031134214943261e-15
7.616452499074888305e-16
7.869816994257594622e-16
8.254573240218388008e-16
5.347928859738421137e-16
6.163689350580092707e-16
-5.594483210025202879e-17
-4.669116655808824845e-16
-6.961933200072545347e-17
-8.608971825349587270e-16
-7.239827769407736202e-16
-5.446218562937810148e-16
-1.332823283163586670e-15
1.151151656636484333e-16
-2.438099635376778096e-17
-2.434304927773078830e-16
6.539907504432562746e-16
-9.374011983309671336e-16
-7.595920420433444065e-16
-7.415400758714607576e-16
-3.623674710989677195e-16
-1.110223024625156540e-16
6.693864212925504376e-16
5.177065373618283672e-16
1.175491995408783907e-15
6.380529785077193594e-16
7.336796101209408505e-16
3.079134169858832593e-16
1.465976862471962683e-16
-6.597370219574294481e-17
-5.314759049523942736e-16
-7.590499409571016542e-16
-1.152723749786588314e-15
5.424913990248469986e-15
2.293900746436206006e-15
3.990406095832899069e-15
-1.819643611136734229e-15
-1.206717017976366435e-16
-4.865736719789071074e-15
-3.896134716935284459e-15
-5.303266506495596389e-15
-5.822978817876522939e-15
-1.729302465114379572e-15
-4.321467229201347848e-15
1.515673979553266992e-15
4.665728524019807644e-16
3.834497823429483532e-15
4.330845577993347462e-15
5.202056233694074550e-15
3.942375939591791223e-15
-1.430550556485998825e-14
1.281859682419547730e-14
-1.080721883511825965e-14
1.355361135824129093e-14
-6.559423143537301826e-16
6.557688420061325019e-15
9.979647316860074113e-15
-3.502189857562676423e-15
1.400095317460881006e-14
-1.284066033840555732e-14
1.118343698897072969e-14
-1.346123733314552595e-14
7.138387103644561194e-16
-6.604525953912698810e-15
-9.766710010183921042e-15
-4.329800572275077121e-03
5.726631616215905815e-03
-5.857329050563559944e-03
3.159025050204353896e-03
-3.953750086763731415e-03
-1.259070653089276390e-03
2.659210314615686110e-04
-4.939655077807907080e-03
4.329815292097395629e-03
-5.726607756425423912e-03
5.857314324278590709e-03
-3.159023133866755741e-03
3.953758431035357505e-03
1.259072405460448605e-03
-2.659121633300667951e-04
4.939650314596319772e-03
