-4.726420202991692132e-02
-4.726422989018020521e-02
-4.726423217927305798e-02
-4.726421906462981853e-02
-4.726423205037150188e-02
-4.726423771780986077e-02
-4.726422300370051316e-02
-4.726421570023019852e-02
-4.726421293841234078e-02
-4.726422493210446357e-02
-4.726422922667926352e-02
-4.726422961049771276e-02
-4.726422695127723006e-02
-4.726422774857912817e-02
-4.726423223762001719e-02
-4.726420618361797110e-02
-6.571223328932090935e-14
-6.716177093635256057e-14
-6.976071196401756325e-14
-7.039125684248082049e-14
-6.788783402621179075e-14
-6.649841538964446075e-14
-6.314344663457815976e-14
-6.311329226165590667e-14
-6.546435756763641090e-14
-6.727584255742519170e-14
-7.060399086124963253e-14
-7.095181647071013842e-14
-6.852661884118593782e-14
-6.708808584620501447e-14
-6.412097686581824663e-14
-6.384804252142217695e-14
1.401458701692781528e-14
1.333552409124583171e-14
1.389852317436324203e-14
1.424823258509844148e-14
1.454286452547137731e-14
1.540209474716613958e-14
1.550772314382053985e-14
1.462913991334691133e-14
1.452044864555523951e-14
1.338477397493098575e-14
1.356602547311624996e-14
1.430287637459171091e-14
1.439999378419209997e-14
1.510217732120233691e-14
1.517869488952550139e-14
1.465179973875185837e-14
-6.693037508768984178e-15
-7.355457931103315250e-15
-8.179560002409547170e-15
-8.449458580722657430e-15
-9.949655574263693847e-15
-1.013542006399192896e-14
-9.070638662921071127e-15
-8.406564832273699661e-15
-7.064498725589674066e-15
-6.892761101467970164e-15
-8.436326181908426758e-15
-8.081656546234106120e-15
-9.944099038129705637e-15
-9.560616729721582718e-15
-9.183653186875528895e-15
-8.000937694492560315e-15
-5.751353711856699302e-15
-5.926330389968703649e-15
-6.872784676439924745e-15
-7.383504886052799643e-15
-7.422502282944387630e-15
-6.545552131993065403e-15
-5.563292068775510524e-15
-5.568835052382342665e-15
-5.029986572657046962e-15
-6.138583294023475245e-15
-6.642493358740425569e-15
-6.707586146671024041e-15
-7.526416284913545196e-15
-6.285309729278654167e-15
-5.952561306279274822e-15
-5.572677193831088172e-15
8.869332812676614108e-16
4.514550083593860119e-16
1.467047512117292118e-15
1.514013794976648564e-15
6.904470484930813612e-16
9.381940211695971588e-16
1.091049586831108198e-15
-4.269723680519477149e-16
1.556397629591359244e-15
-7.355464707366893284e-17
2.935172450143491707e-16
2.230154740891741871e-15
6.869911540682838158e-16
6.013154655194058451e-16
-2.875236398795777415e-16
7.733410808431762096e-16
1.468191853629032678e-15
8.764504015124421898e-16
1.254196602801758986e-15
1.493464775676259237e-15
1.357514293576049524e-16
-1.116321661845387503e-16
7.038344042244355780e-16
1.124368474844303356e-16
1.044594064838946096e-15
1.583062226770924619e-15
1.909906830127941491e-16
8.840728510047836386e-16
5.847864645866854283e-16
1.401960653417324426e-15
4.644315531113218931e-16
5.818489543256075147e-16
3.627870700452138185e-16
-9.074705479859075836e-16
-1.011239389683729444e-15
-8.293130179977403760e-17
2.056030601441148978e-16
5.124120520458969562e-16
5.407591742960645917e-16
-3.263974758399850080e-16
3.660898632647951491e-16
-9.355945829335921178e-16
-5.975224519816010882e-17
-6.372269096259096030e-16
-4.886838004571070204e-16
-4.304540969816365165e-16
-4.739941315693493168e-16
-2.463228985339445051e-16
-1.868804556362426567e-16
1.732936236458100521e-16
-1.462190625197735960e-17
5.955700410381799259e-17
-1.092691560199360659e-15
-3.872410171115638761e-16
5.926312602276811309e-16
-1.369974571746633910e-15
1.031772527116357752e-15
-4.609955639607848238e-16
6.416486333688138644e-16
-1.982921070181262180e-16
-5.344951538928822271e-16
1.314474855460164016e-15
-1.229740644032159200e-15
-1.286534626662033665e-15
4.820057927009541165e-16
-8.434478803050465129e-16
-9.646985291221314707e-17
9.127254345115548562e-16
-1.499493956194815347e-16
-9.327442111869629904e-16
-3.229863682822735338e-17
-4.295274429373403119e-16
1.925811144262061861e-15
-2.108162091212862146e-15
1.090924649471388189e-15
9.015793279586355180e-16
-1.599487466167606384e-15
1.330370699264811843e-15
1.449608797799220583e-15
-1.507032549425378620e-15
-1.183940732158616827e-16
-7.681855287829292050e-17
-1.117149338766308062e-16
4.749583627745125803e-16
7.762910319006669207e-16
-5.679233389347752419e-16
-5.844581599102855818e-17
-1.526479919659802474e-15
2.011616104597069619e-15
-4.327200887865540813e-16
-1.226370336330981291e-15
1.532932302323352963e-15
1.125170773864030789e-17
-2.192121201319680273e-16
1.702376329968737181e-15
-2.690910283508543408e-16
1.658742503025728218e-16
-5.385033137992895763e-17
-6.914516295685249614e-16
4.605070377084559061e-16
1.412190270321314611e-15
4.979888808991691368e-16
-1.287011506211337836e-16
-4.919065490631728196e-16
-1.852252897298367097e-15
7.116021198672311393e-16
-1.201489130625912893e-15
3.549978609413816794e-16
1.215943324354333901e-16
-1.971138841884954862e-16
1.434166328379590620e-15
3.443383748166599367e-16
8.391380707902982260e-17
1.053106534200615001e-15
-1.066832491352634124e-15
8.811628693144914898e-16
-1.115082876160028089e-16
1.550084057760762503e-15
-1.168819175729432936e-16
-3.271271417844853844e-16
6.089583496815998039e-16
-1.994259664971445058e-17
5.722137957319122382e-16
1.856977700017710788e-15
-5.657846568435744884e-16
-1.164100302240720025e-15
-1.067389680213249844e-15
-5.540560563207402086e-16
-1.076311213548883372e-15
2.824683354921272635e-16
-3.600989051079838896e-16
-2.865105884746615983e-16
-5.595203188030369035e-16
-1.909940711445831663e-16
1.844839241427523834e-15
-2.630678716923910872e-15
-7.226863930150009135e-17
-1.556926389908682741e-15
-2.685732258605414563e-15
1.704554068219740239e-15
9.873759304607340401e-16
9.867194799266119573e-16
3.073664454601937948e-16
-1.887492432519461381e-15
1.636680471123305898e-15
-3.033736380259554298e-16
9.690432787459539975e-16
-9.230432487211778954e-16
-6.740595020625524125e-16
-1.221852967348208748e-15
1.605719722835266712e-15
7.885875680146352089e-16
6.466363868787208119e-16
1.661619450431077449e-15
2.715274226706802796e-16
-1.779398428834722250e-15
-9.764966392861998065e-16
4.975161306354828304e-16
1.223358250774598047e-15
-1.310111047595028267e-15
-1.271841002196586732e-15
1.054733800297576269e-15
2.294189354715009433e-15
2.266307192341519079e-16
1.226304056002858642e-15
-8.793470391250926332e-16
-2.332338608582961074e-15
7.061605585296653497e-16
-1.438172509669972742e-15
1.339654152242578148e-15
1.761832161611833813e-15
6.306107021876817609e-17
5.188383884463193763e-16
-1.985700865223667058e-15
1.530006855664328523e-15
-1.712626323639936998e-15
-9.491521922873444490e-16
-2.564241793585138231e-15
2.464473064980724805e-15
-6.629275833114995839e-16
-2.871994380190161580e-15
4.339672614215802932e-15
-2.759296117162384886e-15
1.837027691829707862e-15
-1.430089029408863639e-15
-4.733008351020216720e-17
4.111108290816636868e-16
-1.430333398414146504e-15
1.473121479502934299e-15
-9.648038788449462243e-16
1.629973770126064755e-15
3.871984537059643475e-16
1.234471534800811281e-15
-3.533385022218868236e-15
-3.018810812695986272e-15
2.875440745494302515e-15
-2.980533182051327626e-15
2.421122342256723341e-15
1.223496317145000498e-15
-1.171694746706242879e-15
-8.176301043144986250e-16
2.529183205777401147e-16
8.074987432323899386e-16
-3.521221840854533297e-17
1.878942693708113287e-15
-1.036969921280710139e-15
1.224827852938084258e-15
2.244140948916804879e-15
1.703924233049007662e-16
2.439440773082412372e-15
-1.024228170091286209e-15
-3.245458949045116096e-16
1.128342177715114196e-15
-2.403480790017564002e-15
2.950864556054545273e-15
1.119162067719996591e-15
-1.782300707819150305e-15
2.901811369301611444e-15
1.844190903880849671e-16
-9.261870512095816336e-16
-2.080806301913447462e-15
-4.608190105308415056e-17
-2.226919637516046980e-15
7.381321248349667857e-16
-2.661566832136723001e-15
1.791185845207831501e-15
-2.386398650100506925e-15
1.543684723844256264e-15
3.258146536448030053e-15
-3.606393756558031773e-15
-1.393400009056780433e-15
5.156489884538292649e-16
-2.417139487459615214e-15
-8.540824848369426604e-16
-7.269184872568386184e-16
1.992943164013175061e-15
-3.439893972423911650e-16
1.078663318164290157e-15
2.765975501347077078e-16
2.188721277243850516e-15
-2.218573047645697009e-16
2.582994150125282780e-15
-2.610844169914530548e-15
5.839349847164580429e-17
8.578061475521909715e-17
-1.450148993061332013e-15
-9.395285215779963089e-16
5.911278826254231546e-16
1.277495726323646212e-15
-1.968323410247399975e-15
4.131289909576154641e-16
1.401853291991259944e-16
8.544235214773309231e-16
-7.049560876048370853e-16
-7.825523523863299122e-16
2.252834048054475763e-15
-8.570827747977908986e-16
1.725910938576128453e-15
-6.790929556469416897e-16
2.110105350229986022e-15
1.014984737765916445e-15
2.128267397597788228e-15
-1.555333875323616050e-15
-5.415378093328281073e-17
1.148337124971435903e-15
-1.047814523809076348e-15
-1.773111174582494496e-15
-2.198265525379503765e-15
-1.566299755764672335e-15
-1.037799762106113137e-15
-2.351019592671132097e-15
4.422725425538838559e-16
-1.389572584805493470e-15
1.635063696985234252e-16
-3.701881051251429931e-15
2.688950348530270464e-15
-9.962204367377266306e-16
4.676735717169377277e-16
2.826349468728521844e-15
-9.580048512564543622e-17
2.907423650791440828e-16
1.877915454501330635e-15
3.063457072312813188e-15
9.964696761824562085e-16
-2.249874091420295610e-16
3.017378691740416063e-15
-2.732323517627374167e-15
1.243421284921500218e-15
-1.780919594128872567e-16
3.929182236768003020e-15
-3.204424107043136495e-15
7.478961052285386206e-16
2.439022901289285283e-16
-2.547072541623411970e-15
2.148472706810049520e-15
-2.703823400051108723e-15
-1.341645237188358614e-15
-2.123778731782271275e-15
-7.621783512686670058e-16
2.986205444061734455e-15
-4.134052613412742948e-15
2.931029400240234110e-15
7.096913194173438445e-16
-7.902202240204678728e-16
-3.118612674847016122e-15
4.450852979312848894e-15
-6.440386923394470327e-16
2.142174106948539989e-15
-3.332703094458125265e-16
-1.375965721809347281e-15
3.241034249106367869e-15
3.813577247832825186e-18
9.956849257994240884e-16
2.887653422037770177e-16
-3.955507479792546065e-15
2.800090659887695383e-15
-4.516011413951220800e-17
2.989034754135606757e-16
1.029905285997527499e-15
-1.464960497381512652e-15
-4.583631549673079092e-15
1.156653982661848268e-15
-3.049900098233771298e-15
1.667045649370306904e-15
9.735869752332628781e-16
-3.097437493057813955e-15
2.596825986395708691e-15
-1.090529402722375651e-15
-2.018899747527954248e-15
1.877210511330978243e-15
-9.405459140267671304e-16
6.734815079551697593e-16
-1.062061260639869057e-15
-1.050099567237862234e-15
1.278936529366925777e-15
-6.595209226767611947e-16
1.130668917664217656e-15
2.922032428032735746e-15
-3.578311861499473140e-16
1.956771045517153793e-16
4.241418592279317008e-15
-5.052200858731738242e-15
-1.932167491256494944e-15
4.157896908515306723e-15
-1.292738931242434601e-15
1.380949154127734252e-15
-1.505575229239627597e-15
6.940160218163373557e-16
1.362094200721853526e-15
-2.499012739229150223e-15
1.927295569502125022e-15
1.275524257138911828e-15
-1.728828391361713181e-15
-3.947943275395856925e-16
2.912016210491894441e-15
-5.868031970945387140e-15
3.672412669137334416e-15
-1.076475326182413893e-15
-3.054461900050327739e-15
2.724664063383149546e-15
-1.781425696314857011e-16
2.236536392995474177e-15
2.140292168484585894e-15
1.988626895872203960e-17
3.434413139859584293e-16
-2.897380487014964996e-15
1.787130357335496317e-15
-3.109573357609599943e-15
2.316760895133178691e-15
-1.325513388828782058e-16
4.264243165592505012e-15
-3.850509922506142012e-15
8.047899318670706861e-16
-2.471943260300797293e-15
-3.735106977398663930e-15
3.033452835980460921e-15
8.338579850344701380e-16
-1.597535690498895662e-15
7.799839367320180600e-16
-2.788258820606969585e-16
1.403368422175661073e-16
-2.584700921514000195e-15
2.004731321540113159e-15
2.810515034812549953e-15
-2.762486460140773308e-15
7.111820576998420106e-16
-7.045771131528346905e-16
2.045509724317311521e-16
1.707822629396851675e-15
3.187366438437321187e-15
1.132417233372019934e-15
-9.984008715975266107e-16
1.730820963578235018e-15
-1.864894076560194379e-15
-2.379540343440597063e-15
2.632934630360245091e-15
2.344496082401069397e-15
-1.143928986842912213e-15
-3.622841237187023863e-15
6.708433113443829337e-16
-1.839241412437356976e-15
8.194976002049575436e-16
-5.234248567887421488e-16
-1.704264171193542454e-15
-1.837642214232940857e-15
-1.382272219591345469e-15
9.693030002234058473e-16
-3.912359633039940582e-15
5.167227085935924974e-16
9.676500154268390802e-16
1.125993084037137104e-15
-4.016455747092757822e-15
-4.818054694089284745e-16
2.310993447795324160e-15
-5.967825687021744568e-16
3.711405301468594098e-15
-9.812004250005397499e-16
5.290256927458717590e-15
2.928096336902129282e-15
-2.357745007802551640e-15
-2.596231369266736172e-15
-2.139011031151863765e-15
3.817515659869982064e-15
3.882311562752567904e-15
-4.784681595967465312e-16
-1.430946120872366584e-15
2.014248583735462478e-15
-4.027460822659959319e-15
3.521860927213236667e-15
-5.088660544913352346e-15
-3.849029097156104681e-15
1.900530175401836386e-17
-4.896968306861994823e-15
1.333559301855191453e-15
5.016787152360864793e-15
2.973574382873159921e-15
4.577490243168130194e-15
1.287478856639985396e-15
-6.549669241512313337e-15
1.877526878136777724e-15
-4.799166282881987475e-15
1.150841854336026072e-15
6.776458819128744829e-15
2.129924273451956444e-15
5.623651001322141525e-15
1.280251336259301265e-15
1.670794299557499217e-15
2.998831317173507056e-15
9.786339151703592198e-16
-2.556403033053891716e-15
-2.503651515164788399e-15
1.032905010166836751e-15
-7.289783231537953073e-15
-3.265740610336638483e-15
-1.813751649955633316e-17
2.051693369234733333e-15
-2.013087301564776832e-15
-2.418062223976530367e-15
-2.037076968696913126e-15
-3.808275377448384902e-15
4.336344515886922379e-15
1.104846059475986242e-15
-8.894155960228848634e-15
-2.103475881432177730e-15
-7.367018236767441941e-16
3.411433665396167159e-15
-4.558612737510028823e-15
7.365873048222754127e-15
7.709895479750088210e-15
1.558090001419973336e-15
-2.665260319303225378e-15
5.967538542852625361e-15
-1.386433692461205847e-15
1.218483999679623175e-15
6.822843613869811197e-15
-7.549133708558905531e-15
-4.514839768861821090e-15
7.013502259967281660e-15
2.109672774474290191e-15
-6.816419715997834583e-15
2.827565384524305392e-15
6.658085541233482729e-16
4.226355593620056972e-16
-3.880142734891123268e-15
8.819645859990676851e-16
5.741961810537543620e-15
-3.731288552872441544e-15
1.485905853654961861e-15
-7.656107193533545630e-15
-7.499399322027922032e-15
4.320349145710972172e-15
1.859230542959611210e-15
6.352930063523859472e-15
-3.343767591371810122e-15
2.967596871364386324e-16
1.186727040421164947e-14
1.335235632997366917e-15
-3.229784061725693434e-15
8.021930559057310894e-15
4.312414141061093886e-16
5.274115020582892388e-15
6.655862926779887445e-15
5.147534416945209745e-15
8.519037255141914677e-15
6.268504595605128848e-15
6.551291627243660542e-17
5.017064238013735356e-15
-1.727621951747027040e-15
3.185236904963695270e-14
3.424520324431246099e-15
-5.736947375489798162e-15
-1.738413829121404630e-14
2.784339599160023937e-15
-6.577664845089370438e-15
1.768062692780736356e-16
-1.388087778400604044e-14
-5.178529046551139103e-15
1.255750061227023373e-15
-1.828561174005427503e-15
3.658640231052334713e-15
-3.746840077784030498e-15
-3.517693948629219136e-15
6.173826640892832174e-15
-2.054495354224250558e-14
3.050354023190204877e-14
-3.237872209932435297e-14
5.818479378860708096e-15
-4.145690951987135442e-15
2.913736417940737677e-14
3.510196690606481873e-14
4.746393165652729174e-14
2.267560054655670676e-14
3.697549536517408253e-15
-2.885197506255487987e-15
-7.001194871243676676e-15
1.825997035867499285e-14
2.929277100830601777e-14
6.294585078864267658e-14
8.559029407526758115e-14
5.262165757389386522e-14
-2.371975500129602787e-14
-4.547360751838702697e-14
-2.420643980399761475e-14
5.253650704577228492e-15
4.726425653780437497e-02
4.726422871091887079e-02
4.726419472472538630e-02
4.726416256784300024e-02
4.726418659948870837e-02
4.726426212941200328e-02
4.726428565990119235e-02
4.726425403990897056e-02
4.726423830801079057e-02
4.726424306703554817e-02
4.726420158267414379e-02
4.726413701579240678e-02
4.726414244154689831e-02
4.726422842797510515e-02
4.726428597656651825e-02
4.726427367603531354e-02
