-3.437935301363051477e-02
-3.437937074315596669e-02
-3.437937440898378161e-02
-3.437936830703868657e-02
-3.437937512732432144e-02
-3.437937445791967167e-02
-3.437936253891594324e-02
-3.437935965649677877e-02
-3.437935877089923903e-02
-3.437936698411192538e-02
-3.437937125904441671e-02
-3.437937383549571901e-02
-3.437937081196471012e-02
-3.437936680998311678e-02
-3.437936834146441273e-02
-3.437935347805927411e-02
-6.624651050163646304e-13
-6.627211393593970823e-13
-6.620359506914405556e-13
-6.613828544077895999e-13
-6.599577519672203407e-13
-6.594917212159046027e-13
-6.598918053700789099e-13
-6.605245864155229185e-13
-6.616262442429854396e-13
-6.621041470080898939e-13
-6.617668923698111216e-13
-6.612255773301434214e-13
-6.601827239180110829e-13
-6.597488939712181644e-13
-6.601919938465858340e-13
-6.609398765051663349e-13
1.011056743969312999e-13
1.008029787029005031e-13
1.009745672492234903e-13
1.007222734036861134e-13
1.008341495153594614e-13
1.008253539252351727e-13
1.012449130609327508e-13
1.010920270020851386e-13
1.012635206807180333e-13
1.009633457567382653e-13
1.008558471113363275e-13
1.009917925112388537e-13
1.010802363034593587e-13
1.008018673956737055e-13
1.010913358232001791e-13
1.010466937987480884e-13
-6.660257333710242755e-14
-6.712463023568135401e-14
-6.696767164242334314e-14
-6.729380643217056090e-14
-6.703095516797860642e-14
-6.766718533158383453e-14
-6.704485328457715498e-14
-6.712727975474036546e-14
-6.736035611677043677e-14
-6.697405488271385154e-14
-6.768903878162299548e-14
-6.751328283319951717e-14
-6.709121647997806637e-14
-6.753023704467175925e-14
-6.658885140335690789e-14
-6.719727178123788280e-14
-3.326169296046475876e-14
-3.365773507341476845e-14
-3.358849182404262390e-14
-3.330457315638656046e-14
-3.381752275671660868e-14
-3.330023973582840746e-14
-3.320354584270164555e-14
-3.353581992725056249e-14
-3.307947584471962466e-14
-3.266150574283109564e-14
-3.269718954683302481e-14
-3.305945198584653300e-14
-3.298514686758159675e-14
-3.340944261152022088e-14
-3.328648392076499762e-14
-3.337610339471629162e-14
8.932562128123253120e-15
9.185804650561554818e-15
8.484173379032927675e-15
9.057922157283942316e-15
8.166241256346920552e-15
8.097115744554444355e-15
8.866712092737809303e-15
7.980773228150224441e-15
8.140559217386170165e-15
8.252326908842269604e-15
8.491922036434410015e-15
8.548090485232737179e-15
8.733157019812434751e-15
8.140906500894544429e-15
8.601251967068311577e-15
8.700963838586140559e-15
6.102577193985115819e-15
5.843026393672137719e-15
5.694399216483320147e-15
6.742567760359679391e-15
5.876191545205406222e-15
5.944203632188716641e-15
6.194348978655382990e-15
6.672190333871161338e-15
6.461921180978859314e-15
6.673171621540555445e-15
6.353060506597736634e-15
5.932035156868461362e-15
6.544702981463442967e-15
5.911717801079146087e-15
5.891289907490214126e-15
6.386238787141687578e-15
1.585965432197638733e-16
5.519424444195447123e-16
2.471237681855734461e-16
1.554979696437655545e-15
5.219052796813679340e-16
2.267101682776264011e-16
7.149490646791881003e-16
-7.537250683341874952e-16
-4.769526058958717743e-16
5.053068220469726646e-16
-3.272748960942220564e-16
-8.542168454382008738e-17
-1.864665741623905242e-16
1.030212292427515330e-16
-4.884219613972870348e-16
8.704242914883198769e-16
9.633669933290477105e-16
-2.031695768383006556e-15
-1.709717369307965640e-15
-6.580747197984428837e-17
-6.255696186893222946e-16
-1.065681373577315530e-15
6.603365095258486792e-16
-1.979132715324667321e-16
-1.600793802730509328e-15
8.131349004634200531e-16
3.969429324894146321e-17
-8.193360286702687859e-16
2.850729618049342370e-16
7.541091977757673204e-17
-1.850252417235189253e-15
-9.379068770004779509e-16
1.057845895298739625e-15
-1.238241043174329731e-15
7.858331227492826310e-16
-1.041107888986284209e-15
-1.957330087262341631e-16
-1.151293534655149428e-16
-7.084589923582072443e-16
1.821575693289421288e-15
-1.505935853516921115e-15
1.484031793259161722e-15
1.320688689161221563e-15
-8.597776167369253555e-16
2.141790569768278751e-16
2.218934095439464155e-16
7.686220485357856888e-16
-5.683667309041608162e-16
1.759324118561709756e-15
9.670469279683940184e-17
9.372554027849209872e-16
-2.230163634737688041e-16
1.966174170022860594e-16
5.264405058392042716e-17
-1.979319539029096098e-15
2.260680378942688364e-15
-1.970405311352632638e-15
4.595576725932614456e-16
2.702894310787089163e-16
-5.000072015937985243e-16
1.573693618857818430e-15
5.152315070899513016e-16
-8.407112756711454787e-16
1.023758377825470392e-15
-5.189885217274977508e-16
7.667203536900813778e-16
1.956027562347701330e-15
-1.238527446189620091e-15
-7.729205289848644495e-16
1.958295175426619499e-15
-1.990715255603659438e-15
1.385597141546673818e-15
-1.540166043102243493e-15
1.759921753245556868e-15
1.376368188190746182e-16
-3.941875343119963931e-16
-1.650255974048068976e-15
1.217347916739118345e-15
-7.359191652334812206e-17
-7.538552996498278438e-16
5.206237717717313810e-17
-2.166477186197327725e-15
1.203261573537822119e-15
7.706939440643289108e-16
-1.443730362675496137e-15
3.736892575791035198e-16
-6.120440112991084149e-16
8.646202893848354025e-16
-1.192473603102913739e-15
-5.753624024853136844e-16
-6.825674715616890289e-16
1.672975938792271074e-15
-5.625061364118879139e-16
-9.423716406050145714e-16
-1.878099419469562428e-16
-2.914832277404159769e-16
2.366571196992059856e-15
-7.890485656961783618e-16
4.018728760006714737e-16
1.310244243525984006e-15
3.869228503607514795e-16
-2.410540359646675367e-16
7.749325498719486331e-16
4.831284289934212849e-16
9.219748225373350023e-16
-1.482275893959503557e-16
-1.801116035964967291e-16
-7.915819353622975674e-16
1.192230213479476136e-15
-7.893743557435160471e-17
1.237461137588145334e-16
1.927531468177935345e-16
-1.818868787748233358e-16
-8.881493029425633658e-16
-1.553667218885885007e-15
1.991909148542814374e-15
1.552269720402033818e-15
-1.973097605575480432e-16
-1.178040611667953690e-15
7.761453951732983844e-16
2.026870433440735621e-16
8.134027746329892256e-16
6.728342689043490671e-16
-1.821746688065648250e-15
-7.801734603539662097e-17
-1.634621545786767507e-15
1.327866234598017690e-15
-1.345204893149194812e-15
1.372082671316227352e-15
-1.314913498585652923e-15
-2.387777189604718399e-15
-1.372223204339216437e-15
-1.824298694938148888e-15
1.980165466449461721e-15
-9.504535521180919684e-16
-2.212089555960079319e-15
-1.658768251917426075e-15
8.565254415941582886e-16
1.488477863409035256e-15
3.148097727131996419e-16
3.247964259504086584e-15
-4.081058904484909618e-15
2.760578892312719871e-16
-1.969207933501557016e-16
2.197174242540974806e-15
-1.184721689918540391e-16
1.180702200946463516e-15
-2.491798347859148534e-16
-3.436486041239752379e-15
2.136353782917208618e-15
2.501207295716367709e-15
-1.316165321464646785e-16
6.787832989302712387e-16
4.421027058305144683e-16
3.443993611888622464e-17
-3.418275574027613770e-16
3.706664775700166999e-15
-2.089768770763235015e-15
-4.774600845103955070e-16
-4.472799829623695655e-16
1.534447194279737678e-15
-1.087217186261256116e-15
6.354521638431750302e-16
1.931926933899474723e-15
1.166154727714726128e-16
-2.795928703944357274e-17
-2.097308634543219169e-16
-5.673860785094771500e-16
-1.411030364579168254e-15
1.239347268203443847e-15
-2.149772796504966464e-15
-5.298357315291547277e-16
2.923082960645567892e-15
-9.790067155462695188e-16
2.766108273761559190e-15
-1.556283386022598320e-15
1.228613832131959864e-15
-4.489173108843019290e-16
-3.453957134715721690e-16
1.370325054789617528e-15
4.313167206290762163e-16
-1.866065728267038990e-15
2.178557748762080867e-15
-6.169080748376590831e-16
-1.028524327817204921e-15
1.730895125283234072e-15
8.181106830155021332e-16
-4.085590794623335530e-15
1.698986133536911048e-15
-3.066191427015448078e-15
1.332181890625335502e-15
-1.612253986453292601e-15
-1.312817423740624163e-16
-1.213567502816403996e-15
-5.504552663224029745e-16
-1.583537835770807908e-15
2.813993799126923365e-15
-2.835544752524796121e-15
-8.638408337849042343e-16
-1.786967621130505085e-15
-7.125613846799966344e-16
1.226850038220535493e-15
2.635564297084555269e-15
-9.613987005178655301e-16
-6.463126085346328556e-17
5.008736633592804702e-16
5.320181119177554326e-16
-3.211020376119879359e-16
2.100207393046960198e-15
-5.346294086150220337e-16
8.266331116317461765e-16
-2.447536958837730290e-15
1.271152825977250791e-15
2.087397607906515008e-15
3.747387155188838369e-15
-3.005299366637859300e-16
2.033056950329244217e-16
1.157614412144916238e-15
-7.601756477440026194e-16
-4.113337046259099745e-16
5.818385781720036495e-16
-1.484726254396791841e-15
-1.844063359247838894e-15
9.766405290081146308e-16
-1.835039970200298036e-16
4.232708638509484743e-16
1.774071120992084735e-15
-5.385510917514706392e-17
-3.350191694384578649e-16
-3.993088291834828816e-15
-8.094608421151453220e-16
-1.257095043668144795e-15
-2.066351267769524100e-15
2.110364277614049821e-15
9.968973351765910242e-16
-1.255053260822620954e-15
-3.240357759294726077e-16
2.777371763860844703e-15
-1.355871258107890545e-15
-2.651456977750540694e-15
4.086858796327930317e-16
-3.893535172820161011e-16
-1.506670442840427407e-16
-1.060625751552509832e-15
2.997627577476340288e-15
-1.097333194871195818e-15
4.265962854233668056e-16
-1.682218868191828406e-15
3.067412292660017144e-16
-2.945882017091219860e-15
2.536347410445278019e-15
7.843670145967038439e-16
-1.584730669918778777e-15
2.361283170302351259e-15
1.468443528293485612e-15
-9.521185016686290088e-16
-3.689673400657364141e-16
-1.974411565434908665e-16
7.932527078507566748e-17
3.169503056210209828e-16
2.751780287942279073e-15
-1.699188855652713093e-15
1.146413777846017404e-15
-2.579278851860388605e-17
1.913950883055488741e-15
-1.020759722373512559e-15
-5.947492661122905089e-16
1.537416256518100814e-15
1.121514609086766805e-15
-1.512115805900088490e-15
2.475360191210021141e-15
-8.619490915763301613e-16
1.279300431347396537e-16
-7.042050704743654902e-16
1.068079655550418088e-15
-2.333936870418923783e-15
-1.241460150531339072e-16
3.225507027795151489e-15
-5.793808186041360786e-16
1.061008876796826017e-15
-1.162786470594286738e-15
-5.320555831995040847e-16
-4.089776080368670084e-16
-1.832145087037726818e-15
1.589509134326000620e-15
-1.685679684134475489e-15
-9.342892720746487389e-16
-1.015930613833287157e-15
1.599817809017035561e-15
-1.438960746619286774e-16
2.382173332122247255e-15
-3.302636094969614924e-15
-4.120402253951266271e-15
6.640496902083747183e-16
-7.254823428947689522e-16
-2.509316047999551533e-16
2.714590247601894948e-16
-2.110308896217678171e-15
-2.431165611912317580e-16
2.283651647774428972e-15
-1.308986505478429777e-15
1.748716672023684950e-15
2.071674558823107058e-15
-4.845811963770808167e-17
-2.743565444782451648e-15
1.018034393865721848e-15
3.418181765128705356e-15
2.269161349266631249e-15
7.526277371510195491e-16
-1.093834419403443524e-15
2.639407497324484844e-15
-1.177887404583619069e-15
2.635405901923418715e-15
1.676962393479405032e-15
-1.770057667129757047e-15
8.415018221087297579e-17
7.521662100738843622e-16
-3.445817591461416193e-15
1.868131165169359398e-18
1.411902702635721776e-15
-6.302442611763207697e-16
-1.718664948906727238e-15
-3.345206012134925534e-15
2.200861588718609589e-17
4.754152940361644226e-16
-1.459225533426313079e-15
2.427152290398887900e-15
-1.780196942675966640e-15
-2.384927062703550587e-15
-3.419410068781342498e-16
3.657799021456592786e-16
-2.440835948843103512e-15
3.686633478819007262e-15
-3.504397728349033562e-15
-8.947248197120984993e-16
2.966629189161707489e-15
1.249946403230673721e-16
2.340198508541941995e-15
1.633964671736171798e-15
1.757899567963105633e-15
-1.321981261438731625e-15
-1.273376181584674922e-15
1.758002694224433844e-15
9.484356024139673109e-16
-2.253430888644934824e-15
2.963305590695359225e-15
2.195693523070055882e-15
-8.043361339655791947e-16
2.921101538823703270e-15
-1.393125993898343667e-15
-2.329644372140035006e-15
1.650299066849260539e-15
-1.019890666569629647e-15
-1.961953828363166043e-16
-4.221599238923428058e-15
4.468515431097364998e-16
1.021001656159072069e-15
-3.462138328168230458e-15
1.207099559231170158e-15
6.149956299527140329e-16
-2.909543827197977545e-15
1.920190286563641527e-15
-3.340162725027414226e-16
-2.678303885537112756e-16
-1.253992044344997073e-15
2.147539488260412095e-15
-1.727538677820400102e-15
8.366108950526058175e-16
-3.992447021719308306e-15
6.975497585689875713e-15
5.446324653814453749e-15
-2.836398667614746863e-15
5.142146440367725141e-16
1.576928014166908976e-15
2.742470548819007058e-15
9.940736317329106064e-17
-4.162914308178367571e-15
3.554678159963420465e-15
-2.420859550284837694e-15
1.931255448530538876e-15
-2.424119356582345869e-15
1.320331241257480248e-15
-3.372965452338376295e-15
3.253799351604484170e-15
-2.044685018629151252e-15
-5.606048386128776283e-15
3.711258341252245477e-15
4.034590934251709206e-15
-4.808334143986594394e-15
-8.316201239878242765e-16
2.181012853907362756e-15
7.796510527837471199e-16
-7.063504520667834331e-15
3.904494508608210776e-15
-7.857592191246346933e-16
9.629832874039415125e-17
-3.622651706947630813e-15
5.936812422690975616e-15
1.732326372736077424e-16
-2.840726370700505897e-15
6.000139782201259313e-15
-5.198136376972418461e-15
-2.992346644687564946e-15
4.360997198058521977e-15
2.381720910649295052e-15
-4.699322485982623636e-15
-2.391697899976766642e-15
7.929312694351855085e-15
-3.035767459387951703e-15
3.434334471674608050e-15
3.811579547096505521e-15
1.563127729873768287e-15
-2.178198057544518309e-15
-3.864236832570226796e-15
8.672765688255571273e-15
-1.657706581731236209e-15
4.702372863383923185e-15
-4.204023993482170971e-15
-4.755181132480492540e-15
-3.533554640566555910e-16
1.885922245193488722e-15
3.496760376370776358e-15
-9.857292560596243175e-15
5.096343133744948850e-15
-6.526538783426048124e-15
-1.049922749110122899e-16
-3.454523501972414298e-15
3.090417072232733500e-15
4.514119790856654935e-15
-9.109593708165296400e-15
-2.637468321270864530e-15
-5.515041683968116559e-15
3.270217179462877460e-15
6.706861933501121614e-15
-3.579173294006830763e-15
-3.098322854245931512e-15
-1.494289785766884926e-15
5.111380509657554444e-15
1.318424570093210818e-15
4.598418203833297413e-15
1.354076186843144319e-15
2.918452019764691818e-15
1.506701359543002189e-15
-4.840872914655368342e-15
2.629589220795505028e-15
5.123178831579859593e-15
1.916733915682811151e-15
-3.006109765410144852e-15
-7.402092177047348009e-15
8.398639992019188427e-15
7.550390705452630913e-15
-7.013161752722485431e-16
7.103895922032366084e-16
-3.363215467840768857e-15
1.896923509112427575e-15
-1.437851980491330894e-15
-8.636720624701638149e-16
-1.180967216379835705e-15
4.457724337228463618e-15
5.624081929334057151e-15
-2.988647334169550196e-15
3.640449351477101358e-15
8.054290605774214185e-15
-1.726808800117662912e-15
7.241196574650499151e-15
4.423233155616268508e-15
1.168657455963978409e-14
1.444107149400214452e-14
1.114528662502639600e-14
5.808247220857876147e-15
5.622035497733490761e-15
1.333198010539451972e-14
1.310690651065010703e-14
7.941279469951545433e-15
6.726688433697503022e-15
1.206241324273188420e-14
1.497498685384263117e-14
-7.321075169708368691e-16
1.021905270907202956e-14
1.201065614152285743e-14
5.018460148310810442e-15
-2.813220034529606561e-15
-5.161859438149174473e-15
-9.437166759856951970e-16
-4.371557369570178153e-15
2.047109226924193059e-16
-3.756652107445024313e-15
-2.582813520349280800e-15
-1.716888350239420546e-15
4.959276262220257969e-16
-6.629083133119495486e-16
-3.846315627109575530e-15
3.355822564277133324e-15
-3.498584885339162120e-15
-8.133413647443132888e-16
2.802432222913375792e-15
8.680847653121798180e-14
9.014880855695572848e-14
9.176421558385050581e-14
9.603387150173420261e-14
9.551937691330836255e-14
9.350721965391967094e-14
8.705732803485771720e-14
8.844497129036760219e-14
8.494503115231283319e-14
8.620174344296793745e-14
8.904198721664674521e-14
9.089853435922945479e-14
9.656481885812751020e-14
8.983327861970813455e-14
8.598417117200440885e-14
8.430403727541224690e-14
3.437937486621240463e-02
3.437936588886188194e-02
3.437935933656820209e-02
3.437934021432859089e-02
3.437935342192745269e-02
3.437940045107888698e-02
3.437940134987352292e-02
3.437936919895743376e-02
3.437935953186811722e-02
3.437937787176843785e-02
3.437936463507459961e-02
3.437932012862927877e-02
3.437932278638668876e-02
3.437937879742862524e-02
3.437939823090609831e-02
3.437938184335374847e-02
