-4.583432883012784897e-02
-4.583435578872376015e-02
-4.583435864519428554e-02
-4.583434660610164607e-02
-4.583435840389124549e-02
-4.583436256551475657e-02
-4.583434784520291211e-02
-4.583434128620032105e-02
-4.583433915032855688e-02
-4.583435102849529180e-02
-4.583435562495859900e-02
-4.583435641906821734e-02
-4.583435335187328874e-02
-4.583435290281958480e-02
-4.583435666656351937e-02
-4.583433212568498172e-02
-3.043724845189395289e-12
-3.046458891360279142e-12
-3.048417529689928518e-12
-3.047358467455317521e-12
-3.042502447897499351e-12
-3.038934297890268088e-12
-3.037829902452320041e-12
-3.038940518500232724e-12
-3.047200377226041978e-12
-3.051688066200812510e-12
-3.053575404685093808e-12
-3.051206097677561235e-12
-3.041051487235116313e-12
-3.036757125060227103e-12
-3.034300892143515505e-12
-3.036589277011399191e-12
6.222083124337446369e-13
6.229965274131415987e-13
6.229300387149139251e-13
6.247316032548244635e-13
6.246716197696317030e-13
6.248526815324367822e-13
6.246020410952124458e-13
6.228769941236250718e-13
6.224367267264330206e-13
6.223516981710558449e-13
6.228091772777361035e-13
6.250581107390684732e-13
6.253390275219594674e-13
6.245621966653736035e-13
6.243200672152032782e-13
6.228573429592487720e-13
-3.729981953729324951e-13
-3.728038927910959366e-13
-3.760608496697695480e-13
-3.766572963899081361e-13
-3.760309934524447284e-13
-3.766486498775825642e-13
-3.730837389243416014e-13
-3.727058267045946227e-13
-3.718473960820020685e-13
-3.722836654836830794e-13
-3.769418588026041128e-13
-3.765374107346855514e-13
-3.771199796670163251e-13
-3.760238919282149483e-13
-3.727507939896984590e-13
-3.721891095017151874e-13
-2.587403490246498183e-13
-2.595981291259388812e-13
-2.596290322759865071e-13
-2.609972581482135345e-13
-2.599913252081861165e-13
-2.578459195017989564e-13
-2.566583793097484273e-13
-2.572466301390893828e-13
-2.586184474310127684e-13
-2.595334395256911758e-13
-2.610785868636771034e-13
-2.608379515796257347e-13
-2.597494430916363894e-13
-2.592231103707397233e-13
-2.575687567689301932e-13
-2.579689222382674368e-13
3.340874126823989432e-14
3.196952048250580047e-14
3.331582683612378110e-14
3.314476006209630260e-14
3.140707874706768349e-14
3.343161285188165494e-14
3.313184789184835805e-14
3.216268126392946014e-14
3.482415873409024781e-14
3.200842301170729598e-14
3.314993882153581539e-14
3.324504537491942274e-14
3.250856208574307016e-14
3.189905411755782072e-14
3.366690844023353252e-14
3.255653125561197569e-14
3.469640329575472346e-14
3.457384779268239325e-14
3.406505881818925816e-14
3.463484602334596443e-14
3.217571540692180931e-14
3.321994694165933057e-14
3.507847529430566796e-14
3.298082276438586355e-14
3.599218836923372133e-14
3.482039451967264970e-14
3.387325159541531086e-14
3.445874194438116461e-14
3.436961629063811988e-14
3.316296364716574477e-14
3.430713659934980092e-14
3.421093567939834101e-14
-5.732371915266967245e-15
-5.029869046835615427e-15
-5.246773749957589234e-15
-5.689319348140399295e-15
-5.909034294823126057e-15
-5.405843784594868261e-15
-4.844164802325753773e-15
-6.013249417005032526e-15
-5.082533108572914737e-15
-5.145579888419420447e-15
-5.766087320578595823e-15
-5.086702522376655624e-15
-5.741452108461533345e-15
-6.194291168656732884e-15
-5.941727754883892321e-15
-4.474808356499872415e-15
-5.624225924935090382e-15
-7.214730606697064910e-15
-4.074981488583293704e-15
-5.702543861787643872e-15
-7.520728882189206196e-15
-7.233966724929210071e-15
-5.191574200971802583e-15
-7.038731983334198250e-15
-5.215473659095056294e-15
-4.824685268000391408e-15
-6.431633400367413669e-15
-5.724104238427054833e-15
-5.509868430242760920e-15
-5.171136142987503570e-15
-8.012828343006116183e-15
-5.066797777511771600e-15
3.806418257711529848e-15
-5.192163735903091576e-16
1.162083887370221960e-15
3.612155062907018710e-15
2.411459178636209469e-15
2.292617491521115741e-16
1.910458248576604040e-15
1.177049688998784566e-16
6.995678992691156672e-16
2.046446423642966569e-15
2.648039292452598198e-15
1.364422270777381971e-15
1.245777942338998495e-15
2.507417423648281019e-15
2.208313996346789737e-15
2.435774529936565042e-16
2.389221532981019691e-15
2.215316404486851237e-15
9.333023397247545701e-16
1.739927156713814884e-15
3.756788175347066836e-15
1.017643183758098569e-15
1.269922351802686309e-15
1.979357496693044931e-15
1.414711993284409070e-15
1.015098193858734218e-15
6.603588500198325113e-16
2.347930648800952876e-15
1.038814467872254386e-15
1.865288310840137152e-15
2.089912289908235415e-15
-1.592559054296421427e-16
-1.840455634167246016e-15
2.653985040225849759e-16
5.485074081810733040e-16
-2.452848596570843601e-16
1.520403388014261378e-15
1.237244720670121860e-15
2.476631164147376218e-16
-1.783217382756536670e-15
-1.842225297752297063e-15
1.521279008323485511e-15
3.755818203508452455e-16
5.070167698092422834e-16
-4.578257549139224183e-16
5.304473951961907394e-16
2.121467920023043137e-15
-1.909202098715825913e-15
-1.528472065051128233e-15
2.026645810891035621e-15
1.967906881795587672e-16
8.586363457196185926e-16
-5.534069114457881942e-16
-6.852153494943651751e-16
-4.564295269794921110e-16
1.184653344947608810e-15
-1.818450618170085751e-15
-1.821284949230276250e-17
1.003192417866135980e-15
1.362424331813045890e-15
1.123563528846615754e-15
-2.595492438899375202e-15
8.966886656003075946e-17
2.134427206478678712e-16
-5.885362794441802159e-16
-8.865427990789771784e-17
1.247383069774045394e-16
1.066612686302821633e-15
-3.192299889194375254e-16
-8.882554996983253737e-16
-1.498499751272975612e-15
1.426972689316796661e-15
8.326617627547102524e-16
1.260634900233838923e-16
1.685845651513734507e-15
-1.499558754215280301e-15
2.007334042028788811e-15
-1.214520309002946677e-15
-5.825763438690621451e-16
-2.628855690263182804e-16
5.530884799971797806e-16
-6.316440095914381027e-16
-1.757937472687495263e-16
-5.455658745134959325e-16
1.551347830918065919e-15
-4.712716617977555887e-16
-1.836820168757630559e-15
2.068764683011933316e-16
2.280980317617025722e-16
-1.467284998979878543e-15
2.457496054594191133e-15
-2.598994814257153327e-15
5.963645579427044596e-16
-7.318292666476638314e-16
5.764876592859614207e-16
-5.783339793527389819e-17
9.625610133555944170e-16
-1.372640432585826959e-16
2.160147240326505496e-15
-1.326380442855582591e-15
-1.921943548811506873e-15
2.848206277120969758e-15
-1.989490379787480715e-15
8.539719701983831257e-16
7.337651405962788336e-16
-1.924250484402384587e-15
2.794071299657371502e-15
-2.005945546578724649e-15
4.324725169379394104e-16
-5.793423489153880750e-16
8.293097340907085405e-16
-1.566578771229911984e-15
1.437635140056833793e-16
-1.213544950564183350e-15
-2.268216907530442705e-15
2.639359745842083382e-15
-3.023417083742273564e-15
3.313261805655564902e-15
-8.418434940238284613e-16
3.570149640261493888e-16
2.573581920015392994e-15
-2.214107489947772338e-15
8.779052864784698575e-16
8.204432066114485632e-16
2.917546435664958564e-15
-2.003072513392034019e-15
2.711908541290887834e-15
-2.289339156377886379e-15
-1.274094147886591349e-15
3.976744089668397646e-15
-1.153792917124260055e-15
9.340364658271178323e-16
-5.819084583901521293e-16
-1.179646903773303064e-15
1.342718322053411406e-15
-2.742415703435672342e-15
-1.148370423954174838e-15
-1.203663358322396276e-15
-1.554864711715065774e-15
-2.403969607437468538e-15
-1.850074328558029037e-15
1.245542255421424986e-15
2.714613964524418069e-15
-1.225985323460507259e-15
-2.994633375564800440e-15
-6.106098190832843738e-16
8.515342457721322017e-16
-1.398826975619618337e-15
2.844849515329503017e-15
-8.267152208880706402e-16
9.033303899060714725e-16
2.397740302150233799e-15
3.649614916328327831e-15
-1.468554191824555406e-15
1.850333752250460368e-15
-5.752953810033621879e-16
6.144798332099504670e-16
-2.519565742231369605e-16
-1.433409259595757587e-15
2.286107831563229630e-15
2.534490820104015000e-15
-7.688475710579921463e-16
3.465178223536807735e-15
-1.669934666995154509e-15
6.480934953062350221e-16
1.245182266418841908e-15
-9.539543397026842980e-16
-2.501914462348206643e-15
6.083643678273377257e-16
-4.293665066773619948e-16
2.120080374176322186e-15
-1.996821939636889316e-15
2.857685876128668312e-16
6.909712560083133663e-16
-2.896260180063102777e-15
8.742173050261246338e-16
1.178035952986743792e-15
-3.641590093098816087e-15
8.030559495449227266e-16
-1.310896035378896190e-15
6.427522114199678109e-16
4.663650116925482404e-16
-6.405328792190431372e-16
-5.986793931084320557e-16
-2.780991807315119722e-15
1.292924537337001700e-15
1.072915987858932916e-15
-1.575210019591640441e-15
5.740626039579723588e-16
1.127051451704731352e-15
3.651345689189699085e-15
-3.492988962173126585e-15
1.283264139808456205e-15
-2.189912867312180105e-15
-9.580182846696022234e-17
-2.470558169526134400e-15
-9.947566579257527929e-16
4.339604216305312148e-15
2.659717011441593116e-15
7.510780440519035036e-16
-4.145523239463579090e-16
-3.135623836050071249e-15
2.476128013341817363e-15
-9.656014133043453514e-16
2.302176159069207014e-15
-3.226511013920939510e-15
8.291144152413888442e-16
-3.325217000726679508e-15
1.541589693728341159e-15
-4.022624052772900451e-16
1.381876761084096118e-15
-9.110189807601926613e-16
-3.467202420522508700e-15
-1.232839514069689058e-15
2.069233833385593791e-15
-4.464371851798515367e-17
3.433854203993514861e-15
-2.942320561185370748e-15
-2.142309377448472010e-16
-1.421078716432446019e-15
1.029929383423132394e-15
5.391915280689336953e-16
3.920325872029748870e-15
-3.156980732876239065e-16
-1.994441777055104732e-15
1.984314862895969131e-15
2.989801840076657807e-16
3.109528888379869092e-15
-3.576739556591132345e-16
-1.917648393628490575e-15
-7.401532711785686544e-16
-2.612477884711547280e-15
6.153853180480102145e-17
3.618216218919333670e-15
7.478155312194310553e-16
-7.955474259839869812e-16
1.941158216596007308e-15
-9.776180050292460934e-16
7.804490636991790777e-16
-3.337229344051954177e-16
-1.661547596559987418e-15
-1.532943254194663166e-15
-2.736191045249118925e-15
2.330722118167839534e-15
2.125040956457467992e-16
6.089199271421467157e-16
1.535386924395157121e-15
3.145345229876986404e-16
-5.083659576365979251e-15
2.131474136950278676e-15
3.066083288039607796e-15
1.415217387403789169e-16
-1.443092811564009666e-16
-2.644983336545247591e-15
-3.315893490700569710e-15
3.247076815061596312e-15
2.645574426576088184e-15
2.896951358948062286e-15
-1.407077261814332434e-15
2.547830636111204569e-16
-7.340363168708533177e-16
-2.606285438592407903e-15
-2.009855870871001676e-15
5.052937142121139043e-15
-3.342504771126572367e-15
-2.298084877437405436e-15
-1.009936123615260296e-15
7.813343190081782283e-16
4.701932829767824576e-17
2.008930805013481573e-15
-1.791042379002390304e-15
2.088687639085183307e-15
-1.301945332346141591e-15
1.466012649613984177e-15
2.138192585566579297e-15
3.480405440708716699e-16
-8.977172812356295356e-17
1.341038867477242942e-15
-4.115681633457099649e-15
3.467257583543198636e-15
3.339036700603158041e-15
-2.567183433131834010e-15
-1.716272980803240297e-16
-1.300042684588371619e-15
-1.472266929138273117e-15
8.544578263116947223e-16
-3.654620847959376244e-15
-1.991236816140931273e-16
2.278123593123292188e-15
-9.339622975046738777e-16
-8.650733196627184447e-16
6.560815453944351082e-16
-2.008808408752603327e-15
1.696995834412712506e-15
6.766733927982199800e-16
-1.004510877588096502e-15
4.819712178748383801e-15
-6.936592091873064816e-16
2.423619077747873798e-15
-1.630372616765103123e-15
-1.745668994539904774e-15
3.508094947754459778e-15
-3.440669007570649335e-17
6.776981438457200732e-16
-1.914119760249347567e-15
-1.604891959887562447e-15
1.034555242106324942e-15
-1.087529317902319326e-15
-1.959706861712337198e-15
1.915510800106975942e-15
1.093865547864255119e-15
-1.875372026318962784e-15
-1.186479706800566691e-15
-8.795272486933434358e-16
-1.216371287750934137e-15
2.357217306276412211e-15
-1.653122439420695935e-16
-1.113030515328830919e-15
5.584227758616321438e-16
-1.128265461676383578e-15
5.806608595916743301e-15
-3.204049242024417264e-15
4.054059298330079655e-16
2.406600941757893624e-15
-2.214327400876703236e-15
2.038524005373288891e-15
9.204988940965239856e-17
2.779200835557489309e-15
3.446305482439034670e-16
7.608051520424901747e-16
-3.772306414510806657e-15
1.400740323785792295e-15
-2.212975774520901787e-15
-1.773616158420290769e-15
-2.633214336521296222e-16
4.763629042049712906e-15
5.195861034717856597e-15
2.980881736109122770e-15
-5.606894360284846515e-15
3.239208150296844779e-15
-1.299345999989254957e-15
-4.771141774305605321e-16
-3.215472593048884775e-15
1.631846242335088792e-15
1.041931840285725830e-15
3.045390071306115776e-15
-4.925759592013878932e-15
3.408348771402266997e-15
5.390837854780429483e-15
-4.486877093690588500e-15
-3.525256258782305530e-15
-3.201615134031804422e-15
-6.953046977422900482e-15
4.710415017701629140e-15
-1.257216698775194194e-15
2.075963404272410801e-16
1.199504532430496068e-16
7.388898368344441400e-15
-4.461013366162652066e-16
-5.876113194657785199e-16
-3.750784710219393775e-15
3.058016791450835631e-15
1.780707200617348551e-15
-2.209623085766771258e-15
3.817103578341142847e-15
1.250162184873986754e-15
-1.233966914922484531e-15
-1.700761689956645922e-15
2.785135492493087759e-15
9.470182410075030088e-15
8.015108873337479980e-15
4.263561515828202114e-15
2.635278317585738536e-16
7.898852860172998411e-15
5.523054615649142240e-15
8.028619260604422884e-15
1.077722232796155108e-14
1.047214933008516671e-14
6.201694977769564316e-15
6.317555532426796534e-15
5.733653899632636629e-15
7.861166352646404860e-15
1.606269235459797939e-15
1.306029502871653173e-14
6.236296167785784078e-15
1.938916014505506769e-15
9.171258553758356719e-15
8.008213707509474755e-16
-5.096588773299652597e-15
8.786389652415578511e-15
3.643485964593008025e-15
-2.114717702708136804e-15
-3.232921471762323362e-16
7.256685419123991287e-15
4.704655617176773524e-15
1.885939185852433808e-15
-4.525747859156561970e-16
7.261399157475461469e-15
-3.871789295965301358e-15
8.077328207873636645e-15
-1.413359006381936095e-14
-1.364270058956760373e-14
-8.611590851222497567e-15
-6.896835329944263349e-15
-1.807458195157533865e-14
-1.038730902778051829e-14
-1.229779014624669820e-14
-1.318285487283271662e-14
-1.853962336840868363e-14
-1.053177557913242274e-14
-9.734209355997773538e-15
-1.389861295985565098e-14
-1.404125161410738065e-14
-7.817065476368491306e-15
-1.176001401023262644e-14
-1.874573528359586155e-14
3.806194725716749439e-14
4.297587337539175711e-14
4.093372437340668524e-14
4.340782290904177110e-14
4.169519682859293419e-14
4.134193326761105569e-14
3.639369553875941576e-14
4.755049164747310320e-14
3.655496383565305651e-14
4.277755924551700228e-14
4.617698028965520896e-14
4.265463782421145822e-14
4.177726754491829786e-14
3.759784096470791814e-14
4.186405454069397347e-14
4.464147218660903527e-14
1.292786136388585083e-13
1.379615144998444509e-13
1.428658081593925377e-13
1.366900028495349195e-13
1.371712801939012349e-13
1.327436289144320880e-13
1.203659974425771995e-13
1.358849014213014961e-13
1.310067505866374660e-13
1.317833103926802085e-13
1.362963290407054329e-13
1.365416162297031222e-13
1.408451805705313031e-13
1.304059941628632480e-13
1.224677369064675059e-13
1.314967015483836654e-13
-9.374098719483470177e-14
-9.563847652195589522e-14
-9.536761571421470407e-14
-8.982644814602147587e-14
-8.740940913784522870e-14
-7.925067936967455928e-14
-8.945440417053307502e-14
-8.847425830155186688e-14
-8.550988693165062493e-14
-8.927090295283990340e-14
-8.489511719479703178e-14
-9.803331649065050168e-14
-8.933373246873543838e-14
-8.220689211822784781e-14
-9.101462530684834018e-14
-8.786076250225094419e-14
7.540734665379203450e-13
7.601943027976329481e-13
7.594915229494278441e-13
7.653319438697542276e-13
7.634593369824915765e-13
7.724368562313232989e-13
7.668261099887108134e-13
7.548104936222488348e-13
7.508071042054004218e-13
7.504953689757565272e-13
7.623263863698256926e-13
7.670808161840819706e-13
7.709398847392454068e-13
7.713557846926108463e-13
7.598588235404116209e-13
7.653467296768814987e-13
4.583437770246460985e-02
4.583435348074782478e-02
4.583432493716577821e-02
4.583429487680309999e-02
4.583431736790486571e-02
4.583438862932791291e-02
4.583440752228045562e-02
4.583437458467598535e-02
4.583435928925740088e-02
4.583436667309274265e-02
4.583433060862494857e-02
4.583426993988486825e-02
4.583427607199352938e-02
4.583435848271247975e-02
4.583440489444160632e-02
4.583439221375337075e-02
