-6.393041512963396067e-02
-6.391882081596537979e-02
-6.393738247760487325e-02
-6.395599711460385473e-02
-6.397527498057509199e-02
-6.398705246694869064e-02
-6.396847695642680909e-02
-6.394977712920675572e-02
-6.393045053107797304e-02
-6.391880558295233439e-02
-6.393737785386138794e-02
-6.395602105403548621e-02
-6.397527484150007659e-02
-6.398704597333003397e-02
-6.396850023273872865e-02
-6.394975093308517822e-02
-4.654208875937149159e-16
-1.930828543925122709e-16
5.529431079676072613e-17
1.485221451033580387e-16
-4.287341965822366596e-16
-1.049507702965968292e-16
-1.268109965993358124e-16
3.333515104578244070e-16
-2.090070738008931173e-16
-3.876564867721921104e-16
-1.555965642788259551e-16
2.803340242232832402e-16
-3.016521494397794712e-16
-3.100140586950739241e-16
-8.193857918559199760e-17
1.114288782771977182e-16
2.818925648462311528e-18
2.946319403729358299e-17
4.526544070126981012e-16
4.852346822958875094e-16
1.372599950366648613e-16
2.277366663305802064e-16
1.557185370232305743e-16
4.284766985662713523e-16
-6.938893903907228378e-18
2.991042743344385357e-16
2.426444462022558923e-16
2.877201515233407392e-16
5.526720574244858852e-17
-2.791820594150173918e-18
5.082739784612044787e-16
1.678344963007560864e-16
4.865357249028701148e-16
4.646890511272872004e-16
-6.526897078362736693e-17
-6.586528197849439437e-17
3.716102946194066448e-16
5.121771062821522946e-16
-1.634434775021897934e-16
-1.572093150103981429e-18
2.938729988521959768e-16
6.773553072603188951e-16
1.649613605436694996e-16
-3.529078071440316933e-17
6.419018962200429002e-16
5.321264262558855762e-16
1.103175710504000762e-16
2.019868647340494761e-16
-1.224199778007695194e-16
2.726361887986361587e-16
-6.155219021107549704e-16
-5.554503254914799903e-17
-8.357165870789828865e-17
1.637619618903574104e-16
-1.712497331440854254e-16
-4.198505150314335577e-16
1.424370604102831450e-17
3.356351112836220008e-16
-5.527601488510003325e-16
-4.970795910302916454e-16
-2.297153352953662520e-16
4.717634703027551168e-17
-2.952146990406467886e-16
-3.415711181779801375e-16
-2.924499835008087523e-16
9.023340343146390996e-16
-1.574681682790790571e-15
-2.837086034851443728e-16
-3.145202739744668019e-16
3.060092869204555921e-16
-9.575673587391975161e-16
-1.299545052731859718e-15
-8.201853909581280355e-16
1.004459102699195583e-15
-8.611004704422997591e-16
-4.629001175426861181e-16
3.557335090560720392e-16
-7.940425660740713099e-17
-1.347066989204614984e-15
-5.424602282123880403e-16
-4.776046095070207720e-16
7.753265260715402896e-16
-1.578200257653684935e-15
6.404653283414996068e-16
-8.224681447509783749e-16
1.726558078365275639e-16
-8.116337463226486193e-16
4.030360639954884416e-16
-1.086611134187495664e-15
1.121945960615156057e-16
-3.364550391765641635e-16
-7.409132714904925754e-16
-6.066636315483694974e-16
4.833457988235104197e-16
-1.073422831198746208e-15
-2.715663861862539774e-16
-7.851795309513575315e-16
-2.621863433283598555e-17
-4.280574172573804737e-16
1.356328447449893504e-16
-7.571339524304124269e-16
3.124031151228046782e-16
-8.591514476306676140e-16
7.689280391879813048e-16
-1.081966429021226708e-15
-5.588490451923378705e-17
-9.202589455444346034e-17
2.729661081315917087e-16
-1.102065250310150374e-15
4.452437157571702275e-16
-2.735217617449905297e-16
-4.806895035009209338e-16
-6.472983431270000476e-16
-1.959727190503071301e-16
4.088543333101782307e-16
2.443758344860028856e-16
-2.106144458732502403e-15
8.674549116126015202e-16
-9.781547062804500994e-16
1.082993456469772547e-15
-1.441820329849217291e-15
-2.138972067636290067e-16
9.654989752572867845e-17
2.636764860408169833e-16
-1.539070088347614836e-15
1.134253349338761041e-15
2.986032543461376171e-16
2.849952465320236550e-16
-1.669025906521869052e-15
-6.122337202095137765e-16
1.811044532656208572e-15
2.384374029598332334e-15
-1.206400227654093327e-15
4.073821900478502567e-16
8.590108401614234002e-16
9.870305527764910991e-16
-8.002597879069178743e-16
5.486367924637663984e-16
8.160095185281643348e-16
1.541815110371429209e-15
-2.317765899725095918e-15
1.880413142904546753e-19
-9.347398208106941220e-16
1.147631387707695461e-15
1.169135860172587638e-15
-7.691901958851565108e-16
-1.043242623771601860e-15
9.065827515780666701e-16
3.251082916942639629e-16
2.171284256991673489e-16
-8.274673332056732555e-16
-9.890440559712329778e-16
-1.674782342431409277e-15
2.306593111634338070e-15
-1.049093080338287312e-15
1.039095973978318432e-15
-4.110559836983289708e-16
2.694875979271024735e-15
-1.865022554252936116e-16
1.292844386844367761e-16
2.826981778823647179e-15
1.528985578775401153e-15
-2.909395543492648839e-15
2.166439228533378891e-16
6.164028163758994427e-16
2.600419947190908687e-15
1.414121505441054416e-16
4.264311139986522170e-16
-6.842916600653843606e-16
3.360866063142881445e-15
-9.472627794193753253e-16
-1.403710623486351811e-15
9.086397710904737385e-16
2.466680221083032698e-15
-3.802932293617104775e-16
-5.607768921802886580e-16
-1.270475093740328944e-15
3.012633189653423846e-15
-5.009166502813536259e-16
-7.442243232813096354e-19
1.198382213775384120e-15
1.085764948273188618e-15
-6.667796773973753283e-16
1.299169817136226063e-15
-1.802918522076724442e-15
1.568323006455752539e-15
7.043189070702650378e-16
2.098452129022012475e-16
-1.774291773074844480e-15
1.184479014979152034e-15
-8.033534698676457995e-16
-1.617469552121341553e-15
-2.128147410086853736e-15
1.644706743573250834e-15
1.554900922373560895e-15
-1.767971583799347315e-15
-1.757461651929375160e-15
8.974991702517115533e-17
-2.451874402802382748e-15
1.643533602941303629e-15
-4.311274881747036852e-16
1.050644632939420377e-15
-5.156287655422135685e-16
1.848984250094471956e-15
-6.319861050230104332e-16
-4.758038174611581295e-16
1.262717330734663621e-15
1.352907281375933385e-15
-1.892242381529426684e-15
-8.494969660978630988e-16
2.469760032879249334e-15
7.486305886729265058e-16
-2.829583440521138762e-16
1.189168612891625468e-15
-1.467411736284611468e-15
3.533245473540808090e-16
-2.805740521847114276e-15
6.625483243093664709e-16
-1.088238284479171175e-15
1.669443070248391794e-15
2.387821877210130964e-16
-1.152381971992371204e-15
-2.950325869569871140e-16
1.746884751517010712e-16
-3.194315404092366861e-15
-3.132404918944602795e-15
-7.147594351781215438e-16
1.679024706947732440e-16
-2.299751203002891459e-15
7.942975229911948543e-16
7.861592304339755366e-16
1.089362720716651259e-16
-3.408702831174219294e-15
2.683230970312172614e-16
-6.170016686696082331e-16
-7.282458937643045138e-16
-1.234125733600094713e-15
-1.849320680993209523e-15
9.558250119666954203e-16
9.151644658831736140e-16
7.261604986481644264e-16
1.937179596963635453e-15
-7.189454720034522961e-16
-4.027972007043627289e-16
-7.680132436049466604e-16
1.855351979094133769e-15
7.223932137361325188e-16
-1.778355731276652207e-15
-2.271711871349932355e-15
3.080306463457832544e-15
1.127199258954027228e-15
-8.910049686451128326e-16
1.419147798950061434e-15
2.997547956379298384e-16
-4.028097156161584112e-15
1.941704764605223146e-15
-9.051114553486859504e-16
1.094643547626308194e-15
-8.156939987553121080e-16
-2.166548919300048323e-15
-1.934134513518256243e-15
2.618623108743877229e-15
-1.685692497368959089e-15
1.623423346707592030e-16
-2.592052108704983454e-15
2.491456781823168237e-15
-3.581933774381932528e-15
-1.670580211980080693e-15
1.636559980686558974e-15
2.470319921657384427e-15
-2.002234162532489075e-15
-1.723172487675100201e-15
-2.030887698951325954e-15
1.835725219854626765e-15
-2.465763731434103545e-16
-1.198971748706673113e-15
-1.504227176304072378e-15
1.788251776018101808e-15
7.601392253272706845e-16
4.052502081196111827e-16
-3.602254094786563193e-15
2.449133827701541460e-15
-6.767623841972408849e-16
-8.860379674424136154e-16
4.902457292118439502e-16
1.556989202695677568e-15
-3.969368338521944012e-15
2.572250172464072421e-15
-3.764396529681770381e-15
-5.949169786358468603e-16
2.525634561244879256e-15
-9.653092398771018212e-16
-2.218720854894992885e-15
-3.059178497137994904e-15
-1.929703684171168998e-15
1.500712836605914285e-15
9.992574733701069245e-17
-2.422844571996728147e-16
-8.948648977857506792e-16
-1.381692849055423528e-15
-1.595663112410753218e-15
4.268284995058565720e-15
-3.026772287125466254e-15
1.403727564145296897e-15
-1.465629578963588420e-15
6.116856898926402442e-16
6.512107883103676609e-16
4.359376188755714060e-15
3.294835345041876445e-15
-4.434361474477295506e-16
2.334290665493080064e-15
1.538643819016909109e-15
-1.641787021004065261e-15
-1.709016026027639079e-16
1.154537247326659771e-15
2.367839840588809985e-15
-3.659101864008588306e-15
7.231077919062599280e-16
2.506133745216717126e-15
4.584900405028066034e-15
-1.176169621766587348e-15
-1.540109186015659049e-15
4.237691012036687646e-16
4.575962089852165030e-16
-2.908250354947961025e-15
-1.325460872786052291e-15
-1.434110212446835023e-15
3.392064139474829446e-15
-2.424968083595494678e-15
-3.598035023676289523e-16
-2.958213863891176812e-16
3.318643747123300319e-15
8.550823013520579552e-16
-2.067393971945039044e-15
-1.229244917999778620e-15
1.832867913025741993e-15
1.943984659661876502e-15
1.256276915720215548e-16
-3.577520732726737623e-15
2.284428376987061166e-15
1.131242147211272003e-15
3.096757749117642379e-15
-2.832849334867955328e-15
3.052203604333829368e-15
3.558004246589051289e-16
2.175679510954976054e-15
1.920336770323957318e-15
-3.688760299140224005e-15
1.445631131078914389e-15
8.846407865959176470e-16
7.185443754331477832e-16
-1.126392036555293880e-15
1.771609643247363738e-15
4.870900020877296475e-15
3.182307017999142645e-16
-6.726161579204310847e-16
3.701918955975819561e-15
2.237639971046628123e-15
-4.114124575141809431e-15
2.355316564342773561e-15
-8.887904010045164643e-16
-1.195910465756177665e-15
2.930412124979922539e-15
-2.120264074446757963e-15
2.573527498148531906e-15
7.713293775934472463e-17
-4.001143932505241835e-15
3.918196537079469965e-16
-2.137564662837422943e-15
-5.119848298031255684e-16
-2.131684619674587694e-15
-1.549836088865453806e-15
-5.994668161120233346e-16
3.454306026263206757e-15
-2.879640123088552522e-15
2.262840895293338067e-15
3.157971020270697749e-15
-1.272959547253744213e-15
-1.131869798625187440e-15
1.946781985970183829e-15
1.828373132691137048e-15
3.171693906928283076e-15
-9.428128918309748585e-16
2.342147743111810954e-15
-4.707256696539113871e-16
3.000014833959058127e-15
1.467581142874062328e-15
-1.921702187434931250e-15
1.559889734674651911e-15
-5.890885449257900197e-16
1.155497782688846148e-15
-3.142321980691056144e-15
-6.794793217848978583e-16
-3.646741535725779929e-16
7.962008060236752671e-16
-6.523932463047346642e-17
9.247111624734400195e-16
9.993639877632241528e-16
-2.778079178646867403e-15
4.575990465455898049e-15
-3.039290163536463932e-15
-4.030750275110621395e-16
2.765639229267017121e-15
-2.383343190501523851e-15
-2.444742067749146319e-15
2.419828075913318770e-16
4.345621220725251477e-15
-1.082273690222843206e-15
-1.897722261181688380e-16
-2.115607934335701074e-15
-2.010169061303248954e-16
-5.109065568612708441e-16
-1.706368201034522136e-15
-1.491616973301823981e-15
-3.305747670501353597e-15
1.091320796192907184e-15
-3.674959008995458453e-15
-1.999785496161095300e-15
7.721340588933388316e-16
1.427955247535611649e-15
-2.614524739828587296e-15
-2.411586233578297614e-15
-1.159622833141974590e-15
9.586805717901264803e-16
-2.734775042734964925e-15
-3.565102382687042326e-15
-3.427698815565817861e-16
2.135771553645089693e-15
-7.808940736338428057e-16
-1.773218158814199655e-15
-7.924958839123849574e-16
2.118482552400445355e-15
1.466324145980336946e-16
7.733385397443344467e-16
-8.117951060991005635e-16
7.610091281641008509e-16
-3.329347702477752913e-17
3.029265105089235660e-15
-7.784257137464253677e-16
2.514078914261962464e-15
2.535393227830196050e-15
-6.895610520302533630e-16
-2.144415948388293455e-15
-2.803865402660130068e-16
3.246157208596119059e-15
-9.881740472552844046e-17
4.590504586765337298e-16
-1.068694322710258280e-15
-1.505685767039244283e-15
1.905694852918601075e-15
-5.838250821915517974e-16
-1.693449254522999547e-15
1.472175026063496026e-15
1.606785925557623063e-15
-5.720019422038920970e-15
-2.058764612036649046e-15
1.162561190435999758e-15
2.845378910921536955e-15
-2.892547211138813551e-15
-2.953376882245881130e-15
2.871723964921750645e-15
-3.081775218588371501e-15
-1.048414183431062990e-15
4.129723957414918253e-16
-1.536128131163563837e-15
-2.462324777668251086e-15
-2.801149815031232782e-15
-9.511570133943769711e-16
-1.847690566086218622e-15
1.812264260100254765e-15
3.538834196926791964e-15
-3.543744023405551516e-15
-2.292355758340414162e-15
-6.079155462444113533e-17
2.640811560313677253e-16
-2.590802735107783361e-16
8.757676929569552238e-16
5.002678230437568319e-16
-2.905727890831037719e-15
4.539026371154194009e-15
-3.430665548463576048e-16
4.610090317846461672e-15
5.886421585625870034e-16
3.811648262644351526e-17
1.369849634386913900e-15
-3.414769916417165034e-15
1.185942687912007465e-15
2.267059966403611737e-15
-2.963260062674444306e-16
-9.816806926816329382e-16
-1.969391836431242868e-15
5.509458042779816211e-15
-3.481556982000508921e-15
6.810338231194785520e-15
-3.014134555552432093e-15
-1.817900417331284879e-15
-4.549403371791006442e-15
3.284021275404280793e-15
-1.956775492440126878e-15
3.369429725058300032e-15
3.776362564127631882e-15
1.980939013084687117e-15
3.206040034148260887e-15
4.189566411621960945e-15
1.013676515231216879e-15
3.089283318632833619e-15
-3.984085112464013853e-16
1.676023245699136827e-15
-5.503396675009264438e-15
1.929799398894208734e-15
4.010572256241129452e-15
3.124616662752836317e-15
-5.287176268629553699e-15
5.149366549210120797e-15
4.105072334034502723e-15
-4.529922037520631162e-15
-2.784542887067364969e-15
-3.800958706850002256e-15
-3.265576285944871149e-15
5.848953930237023313e-15
-6.863101395786913583e-15
-2.143703170163178962e-15
-7.893855789300671666e-16
2.058662756324741716e-15
-4.584066077575020548e-15
-6.650123431529292306e-16
5.184437948391185103e-15
1.342626842495107942e-15
-2.306856962397407784e-15
4.864205284220435299e-16
1.574397079720513126e-15
3.265169710130189085e-15
-1.216590034009562560e-15
3.698789592752188549e-15
-6.612250894391658029e-15
4.973818123858719797e-15
1.277000423807739260e-15
1.673222107742566855e-15
3.551521056410766874e-15
6.234026966520089807e-16
6.288799505021341885e-15
-6.741935026748080428e-15
-3.816635592637784846e-15
5.486367924637663984e-15
-7.512037053600956193e-15
5.580984892977758349e-15
-3.275821996474859166e-15
2.039906058740742489e-15
-4.285647899927857996e-15
3.992059504145939464e-15
1.861493814994674700e-15
-1.377262019708336283e-15
9.138604586608756186e-16
-1.259680294102283327e-15
9.727258603632604750e-16
-6.013174983984792554e-15
6.151553062511833092e-15
2.958076221037247988e-15
-2.574892068226558584e-15
-1.117798887305399003e-15
-4.328351912996630801e-15
4.033719972623694972e-15
-5.103881726975512123e-15
4.891486521385601804e-15
7.083634893934043220e-16
1.805738718274607635e-16
1.149796403920877452e-16
-2.470517280334094679e-15
3.480397393895717784e-15
2.141516131093368358e-15
1.862984592981842269e-15
-6.348112140119877012e-15
-2.730563171404742917e-15
2.293141804915466153e-15
-1.061488136971933116e-15
7.353926495534679475e-15
-2.044452931601603574e-15
4.581513120271996087e-15
-4.933580670732351514e-15
1.663816653896255104e-15
3.919119802991977153e-16
2.943879948841265914e-16
-3.120117011978784660e-15
-3.193734339490550411e-15
-2.414192977473472723e-15
2.369442532804133528e-15
-1.840433187794143777e-17
-1.775923158531256263e-16
-2.111293995535334922e-15
-2.580563800841373379e-15
-4.533428753922263965e-15
-5.612101495328092327e-16
-3.034559908042522292e-15
-1.563053614490883536e-15
-2.204670907640648991e-15
-1.022267123382269993e-15
8.385084076731330605e-16
3.436338128111338097e-15
1.185100737162436690e-15
-1.906854123386036992e-15
1.984686286843340142e-15
-2.251657519290739540e-15
-3.443968200900204835e-16
1.808666064140318497e-15
5.246806678363413745e-15
-1.225771871157799175e-15
-3.014475062797228322e-15
3.074228155028335685e-15
6.398419332585855712e-02
6.395893422909870729e-02
6.392307114680022273e-02
6.391577738491459326e-02
6.392156843314450443e-02
6.394695467911461206e-02
6.398282775205731132e-02
6.398994800584549558e-02
6.398419854610999657e-02
6.395891747434043206e-02
6.392305602631612182e-02
6.391574733353602711e-02
6.392151948435514930e-02
6.394692058692633130e-02
6.398283763471117325e-02
6.398995203042956437e-02
