-2.864734465634591679e-02
-2.864735834245162385e-02
-2.864736165181086189e-02
-2.864735740061967809e-02
-2.864736278746698311e-02
-2.864736156781714713e-02
-2.864735157817109926e-02
-2.864734972572747368e-02
-2.864734887480513068e-02
-2.864735513727029170e-02
-2.864735873798290172e-02
-2.864736144098230936e-02
-2.864735904484680407e-02
-2.864735510721843834e-02
-2.864735618812910833e-02
-2.864734477832600254e-02
-3.442533801426006512e-13
-3.448120153119738074e-13
-3.451616434075460704e-13
-3.447441713610305269e-13
-3.444647724611810125e-13
-3.441624020278019613e-13
-3.438183711259451547e-13
-3.443855172823723221e-13
-3.447301444954239957e-13
-3.447940175559105480e-13
-3.447616676735890118e-13
-3.446483007839284962e-13
-3.446199353445908442e-13
-3.441861325028522378e-13
-3.441685955327122848e-13
-3.439455209357233922e-13
4.568525733498335351e-14
4.561451314322867434e-14
4.569153215505661336e-14
4.548877279627466796e-14
4.570790360786114448e-14
4.548474769570931553e-14
4.580172775336260882e-14
4.586707803930917260e-14
4.568376655699618594e-14
4.590258566045807287e-14
4.560113679892563443e-14
4.573021106756003373e-14
4.552986405861186858e-14
4.541214680773425494e-14
4.555175138996891970e-14
4.542511657622261279e-14
-3.118314525867027509e-14
-3.160547588617126924e-14
-3.107851974902542391e-14
-3.143201709110074460e-14
-3.123618984995912840e-14
-3.177838580389197309e-14
-3.110767123493812791e-14
-3.125896487184490202e-14
-3.150785025680252760e-14
-3.156170799972074503e-14
-3.161408851717895097e-14
-3.125174815113429538e-14
-3.111630419473654374e-14
-3.151747932734691449e-14
-3.153402696300447450e-14
-3.146829720629754079e-14
-1.290159758269692619e-14
-1.321827779068689146e-14
-1.321079510163084697e-14
-1.337131292733322041e-14
-1.274158628269701082e-14
-1.316626827365958291e-14
-1.361146370853875964e-14
-1.326411074346282165e-14
-1.260809897240741662e-14
-1.281537132273233293e-14
-1.307236111892928765e-14
-1.295580430318941240e-14
-1.347766977232225938e-14
-1.288788581334677358e-14
-1.343872997367108468e-14
-1.292070325785519419e-14
4.741609123566636885e-15
4.546101213846135553e-15
5.462043679491362241e-15
4.568465424752490844e-15
4.150266623968203172e-15
5.348674248732004921e-15
4.741378730604983716e-15
4.696639297363958826e-15
4.329267555612612700e-15
4.559554638147375605e-15
4.800322059338515968e-15
5.586454184718179367e-15
4.992880600336677827e-15
5.011211240348208140e-15
4.090931966013039434e-15
4.763764117335020365e-15
3.860057042612882044e-15
2.746871308496466775e-15
3.417083798670826969e-15
2.860722065728101352e-15
3.662881748535710622e-15
3.029891909470203842e-15
3.034560966833706359e-15
3.363093495096364238e-15
2.882848683892751812e-15
3.415136046408615705e-15
2.143684747196576180e-15
3.197655255003390568e-15
3.609470815497169832e-15
3.740529470568749147e-15
3.192554634353261984e-15
3.516583488435368748e-15
8.643219484989446769e-17
-1.297976347713544754e-16
1.287780559187885537e-15
-9.747657803980448472e-16
4.171410154518446611e-16
5.102548179479178634e-16
2.466819346244619217e-17
1.376729606561427751e-15
9.652099252640362545e-18
6.554516705190331291e-16
1.164884813568555118e-15
-3.708844932627281162e-17
-4.785741975338309289e-16
-1.532178310651398628e-16
-5.472718518088252968e-16
-4.672789073030764271e-16
3.829827707274796947e-16
-6.908858115597590888e-16
2.076937492161753246e-16
-1.378478359020593458e-16
-1.054482327465192798e-15
-3.389910558206435387e-16
-1.030152153088260275e-15
-1.347417449086541451e-15
-2.176239399733111146e-17
-1.476927939688776718e-15
-1.862325601348878423e-15
1.061239744560150793e-15
-2.513527919329773541e-17
7.965921352453067539e-16
4.713005667970806417e-16
4.055038944873138457e-16
-2.082469464340271081e-15
1.872842150663751003e-15
6.867743136337867149e-17
-4.276364418825950864e-16
1.738576628853866907e-15
-6.445296041806625534e-16
1.251028487820791089e-15
9.235390806326768814e-17
-1.571570107259051899e-16
9.614302524951507528e-16
-6.634322031898263333e-17
7.301635763568882498e-17
-1.079776425336100715e-17
5.455499926457349144e-16
-8.717874851378072665e-17
-3.468731209113184305e-16
-1.644271421577921327e-15
-8.682558871433488680e-17
1.980476638974604676e-15
-1.403160475587110143e-15
8.003025630707542165e-16
5.048876995567593961e-16
4.820478796505208146e-16
1.358013672438015138e-15
1.257562235278114745e-15
-8.607014120450245769e-17
7.606159989974564488e-16
-9.123911211951854245e-16
-4.937828858600187051e-16
-3.092247828069105264e-16
-3.384749480579696528e-16
2.154918415780417932e-15
6.705359508810929299e-16
-9.653457681729521629e-16
-2.635061265393004622e-16
-1.135252742337402709e-15
2.873167520822108786e-17
-1.567896631245928405e-15
-6.018807541325796838e-16
-5.332850614486110523e-16
-7.978247799417985744e-16
3.104058114331790380e-16
-2.612167023619904951e-16
-8.538832203361010863e-16
-4.429807613594619574e-16
-2.189390645030418227e-16
-2.700324095187764395e-16
5.593503828179940095e-16
-6.164638159829915532e-16
7.940021467206195187e-16
1.846295410177862183e-15
-1.258830680351517861e-15
1.736760854912749704e-15
-9.713750281008470778e-16
-7.780710848742116337e-16
-2.710386714252247474e-16
-4.850811046346384641e-16
1.341685233025336778e-15
1.577779494037136361e-15
8.283844845990924509e-16
-4.902249107301872156e-16
5.289621890976293280e-16
-4.468572341123508646e-16
-6.940085705733794780e-16
-5.521925308972215445e-16
-5.833040510498719959e-16
1.752285221830467317e-15
-7.607721706971064604e-16
3.253298966890893693e-16
-7.413041771956504350e-17
1.660066627280523503e-15
-7.611085486562848244e-16
-8.246484075572109440e-16
-1.026299423727674090e-15
7.096359446384170946e-16
-9.303418139903129810e-17
-9.917518085453681624e-16
8.906672142573951803e-16
-3.799122762936828560e-16
8.862227265040334596e-16
-1.135704210898289251e-15
-1.223397161350612541e-15
-8.062072297460639442e-16
1.103141299790518556e-16
1.232363163915976920e-15
-2.974661284963164799e-15
7.808501337997039889e-16
1.824246388172114097e-15
-6.590724187311900427e-16
-1.782913668505386800e-15
1.237753363954948067e-16
7.292642920647001998e-16
7.763990286014418440e-16
4.289650659999226599e-16
2.056617171757122581e-16
7.818988135279640161e-16
2.103646050682153364e-15
-5.774019221646815809e-16
1.911737922626822563e-15
-2.307327839924187271e-17
3.280963696568568357e-15
-1.419946087798179210e-15
-3.410555492407572687e-15
2.808674304832352025e-15
2.047392815043858902e-15
2.206642986457494827e-15
-8.839574287036498268e-16
-2.513091518690925265e-15
1.157079668830222145e-15
-9.030537062629786103e-16
-2.698216959283584576e-15
2.252578945553564409e-15
1.734726228833885671e-15
-1.730464594318012472e-15
-8.279468597329375963e-16
-2.033339012300679899e-15
2.055203685526391967e-16
1.566949436652661284e-15
-1.640661208338045889e-15
-2.973741989517597866e-15
-1.699355827022440597e-15
6.739552111309217268e-16
2.779993473107662122e-15
-2.770297910476915773e-15
6.154125289814407589e-16
1.040828368113690290e-15
2.258917226923419334e-15
-2.223051628475185715e-15
-9.195659667144621789e-16
1.012752402285762438e-15
8.743708297478144757e-16
4.043343537453924705e-17
-1.113785009926597687e-15
2.610741784807031184e-15
2.474345657497447303e-15
-1.666418527351983501e-15
6.861607441426193811e-16
-1.333212071286376393e-15
9.744673601028153165e-16
-1.029550971453946535e-15
6.670050940404633789e-16
-3.028081376545447775e-15
-2.768717770513812876e-17
-1.881405124364899945e-15
5.078468753324412986e-18
-6.510258836649600073e-18
1.245203476984108993e-15
6.325871344560914631e-16
-1.121143421713050984e-15
-1.036298639398204980e-15
1.527418632343068476e-15
-1.152864843638032709e-15
3.546024467710131607e-15
-1.208784539373830477e-15
2.179266022161579397e-15
-1.442707080700763938e-16
1.058715066907908294e-15
8.469261830526381198e-16
2.599788381558334650e-15
-5.672263284264972340e-16
-1.148178253354266518e-15
-1.140104388240597731e-15
2.184727199260191269e-16
-5.133390766671075845e-16
1.436272369923820031e-15
-7.139262194558193293e-16
-4.143219309847047394e-16
-2.740306167880535507e-15
2.000532843918369609e-15
-2.310936643648298918e-15
2.724215877074933614e-15
-1.610659036648502554e-15
4.987270701127012595e-16
-1.353244135791144579e-15
6.869008391802828260e-16
-1.465213791665604965e-15
-1.363454376816466323e-15
1.603687002580534001e-15
-1.517226590945584125e-16
-1.298088314881259931e-15
1.777372802480922795e-15
-6.021745157465993158e-16
7.329445972809609314e-16
-1.881411847688918776e-15
-1.482087640886976289e-15
-2.238026059251898474e-15
-6.677287248752145684e-16
-1.017149985589669951e-16
-2.219678425641863871e-16
7.912022528436908272e-16
1.648182278574512839e-15
1.598697607944291749e-15
-2.234189633621185709e-15
2.879819298681037634e-15
-1.556880883394463749e-15
-1.728618166717755279e-15
2.579969646933543889e-15
7.762457636144643437e-16
-3.334829825443835853e-16
3.057577879491647644e-15
4.921640272268034257e-17
-3.664380500543983201e-16
2.737241031922746786e-15
-3.238872516800217713e-15
1.419095838772703303e-17
1.352444889067877468e-15
-1.752449192188932478e-15
1.253952316514537376e-15
-1.286628753198297299e-15
1.923342678495526016e-15
2.032450262980773324e-16
-1.967551657353332900e-15
-2.952152072604151412e-15
9.637839452973336399e-16
-5.045661976137171857e-16
6.515394370939023294e-16
3.495823875568468322e-15
-4.093136898653860784e-15
3.124553452919147465e-15
-1.081375835298753647e-15
-3.189686474914740517e-15
8.975543332724014896e-16
9.133512859804573773e-16
-1.950828050600980808e-15
1.565602018991816505e-15
2.195127175665697976e-16
1.747832687264106680e-15
2.226275753509790803e-15
8.898716385616865787e-16
-2.348873714108602132e-15
1.238552751298919313e-17
-2.515278312915274553e-15
1.860991312698716087e-15
2.789521958489562560e-16
-1.093079607168321535e-15
2.952771253688594305e-15
7.471926443658439242e-16
-1.843320828990452093e-15
3.531517208691054097e-15
-1.361449396890756190e-15
1.125805676343195865e-15
-1.862592846447591749e-15
-1.999783017927980091e-15
3.328753874479084769e-15
6.812819865676673209e-16
2.896256182299202308e-15
5.363985643111769731e-16
1.223324802899348852e-16
-1.328886370391290044e-15
3.172796194577681440e-16
-2.516198607595021450e-15
2.043158796779916399e-15
1.555941080487150401e-15
-2.453344569723432180e-15
-1.223680788347767173e-17
5.507583213106046398e-17
1.401125373052213279e-15
-2.021457892907780642e-16
-1.810075368145872042e-15
-2.165853028794319712e-15
-2.215059872617841392e-15
1.123615674312431097e-15
-2.380516959193891471e-15
2.680716553008248224e-15
-2.584474340200609670e-15
2.978195794633379384e-15
-2.880281909364775265e-15
-3.755611739227559219e-17
3.468376990522554397e-15
-2.279618870972992045e-15
-1.502936774548489654e-15
-9.628478150719400278e-16
-1.433835879651043036e-15
-1.142663327713812176e-16
2.024204291360134304e-15
-2.228000947865110999e-15
9.599206280249067760e-16
-1.078071348013277808e-15
-1.690757066179270161e-15
1.824977165847357745e-15
-3.623997536421699490e-15
2.614724110208547277e-15
7.167369394726051147e-16
-3.918228618452347222e-15
2.640318163621901623e-15
-1.700224882826323509e-15
2.154790407926264126e-15
7.805056031484083022e-16
-1.215435091351091520e-15
7.725406744126902983e-16
1.897429823056648833e-15
-3.574345087093473044e-15
1.356604924297833228e-15
1.344096894644847382e-15
1.074023523142137316e-15
-2.193600531127170108e-16
2.637024859818307501e-15
-1.854511351833543079e-15
1.740193707394403972e-15
-1.528220085984209880e-15
1.976494684150003006e-15
-3.467483886923903344e-15
-3.774756245552502907e-15
1.445930888098013805e-15
5.240275207307135835e-18
1.606322386777238147e-15
2.247686522954892973e-15
-2.034770180344184446e-15
2.320664869987073761e-16
9.560163355336564854e-16
2.745656345612748888e-15
-4.297438492674519449e-15
-6.217487589433765525e-16
1.106646639763612071e-15
1.195841220812739625e-15
-3.784498739102483064e-16
1.068833289053167188e-15
3.364207449301122050e-15
9.835374947811327713e-16
1.239568767319150847e-15
-3.268804381446416491e-15
2.032945300798884259e-15
4.105275780760521366e-15
-3.249908452821712338e-15
-1.165587639156539373e-15
7.367782154606746913e-16
2.689621039805818259e-15
-1.294113877474065144e-16
1.067628014108783522e-15
5.089639397363023097e-16
-1.134733140563821399e-15
-1.569730722274529982e-15
-2.541745233780774455e-15
2.463110400726829449e-16
-2.861526852907111344e-15
2.276364093933608192e-15
2.161152260634854362e-15
-2.059501954217233914e-15
4.138116783372787488e-15
-4.592789881657029401e-15
-2.336492951155941245e-15
2.317183988090332214e-15
1.228134457805928233e-15
-3.398906683380986497e-15
-1.792762173522671754e-15
3.967277861208120399e-16
4.466698227788149303e-15
4.789694336949316261e-15
-2.382182755363785459e-15
6.560425607030377290e-15
-8.034960890401397424e-16
-1.096359212860971780e-15
-5.071150891585948263e-15
-9.432294202827871607e-16
5.133183984752827389e-15
-1.000433578617369521e-15
-4.890799154148904940e-15
2.190532868959790651e-15
3.083152070644133366e-15
3.786174805546862511e-15
-2.551625343714903835e-16
-4.902669050355253078e-15
-4.059386129716684340e-15
8.232241216564028380e-16
-3.452482576086005062e-15
-1.734551951804988099e-15
4.130350761795886436e-15
-4.722615892032116895e-15
-1.275051506875225522e-15
-1.377336982124168288e-16
1.183411541707374802e-15
2.195673511916677000e-17
-8.397885920937895286e-16
-2.778622550282531037e-15
-2.737452302122998955e-15
4.433564204715692396e-16
4.609930652135904236e-15
-4.820140512721898460e-15
1.039797317258644993e-15
-5.090550116599999080e-15
-2.977498686517789095e-16
4.226029168298008846e-15
-4.387942904297457373e-15
7.749712804534618360e-15
1.391296932127866412e-15
1.843791038155296637e-15
5.938970450882342760e-15
-2.796842228977971037e-15
4.255922125676915579e-15
-1.249035207537664907e-15
-6.191254132024352590e-15
6.231911078217848565e-15
1.382878695181579548e-15
1.890970349800887539e-15
4.723409138387220547e-15
1.640735006083575420e-15
-8.730222474166672228e-15
3.799209583813922125e-15
-6.179672015261834100e-15
2.547071059315754275e-15
-5.379929764485688604e-15
-6.401025441301905899e-15
-2.254247746043443190e-15
-1.666357752738018005e-15
-5.981744132411027232e-15
6.442905291313000271e-15
-6.594852837655054700e-15
3.059645635808405650e-15
-1.490130853995866311e-15
1.927346391478960280e-15
-6.808743903429816113e-15
6.709483500472873674e-15
3.311153434770730541e-15
2.641439211727592690e-15
-2.812893926844913656e-15
-2.212964207227215846e-15
5.372591071030677345e-15
3.261320792417865544e-15
-4.293322018429981957e-16
7.420593070681276437e-15
1.289921064385156357e-15
-3.048881541114698002e-15
-2.240989986353018881e-15
6.770717206295781554e-15
-4.024843067336469904e-15
5.500267735302107053e-15
3.137355826521304181e-15
-5.525731239762465830e-15
9.579265007088333395e-16
2.791624082506410920e-15
-2.587738169904617302e-15
7.357977007088449539e-15
-9.337013584173603498e-16
1.480986286297308885e-15
5.035644752744705688e-15
3.057328153664717885e-15
8.910474896990649984e-15
-2.560072379781397345e-16
-3.206900619622671256e-15
4.943108097323067884e-15
-2.150243958581876669e-16
1.083578756236325269e-15
5.548933166253655624e-15
-9.974659986866640793e-17
7.222602507392372750e-15
3.328778496337198023e-15
-4.047258947252607708e-15
5.232515538477339190e-15
1.693306952987860825e-15
-5.839648426278487570e-15
-1.433870925639235683e-15
1.915229585168487514e-15
5.360105805388148958e-15
-2.021251005110413779e-15
-1.671853302499803906e-15
2.313687436084066462e-15
3.736350421765233243e-15
-3.363005403669849791e-15
2.781168307805503837e-15
-3.144077879990714308e-15
8.405954968551676565e-16
2.731186587653922082e-15
-5.472320730240398667e-15
5.716103588723764339e-15
4.259948242681804720e-14
3.475479181790780414e-14
3.290123978382658576e-14
3.793510915551384644e-14
3.912937140103378564e-14
4.272660513154197259e-14
3.546402266903919687e-14
3.504259328459408129e-14
4.238475618655729305e-14
3.438590558124676733e-14
3.579649326523187680e-14
4.015510797136800925e-14
4.112077974134653591e-14
4.090457627562577025e-14
3.759641794935653092e-14
3.555050134482207191e-14
2.864735933182480099e-02
2.864735384348972638e-02
2.864735193717762862e-02
2.864733666918137245e-02
2.864734671080725048e-02
2.864738454731966671e-02
2.864738214574940808e-02
2.864735366068633243e-02
2.864734606040265918e-02
2.864736455063316908e-02
2.864735679867131887e-02
2.864731950686077305e-02
2.864732119220664633e-02
2.864736665435646534e-02
2.864737917763096955e-02
2.864736423767414233e-02
