5.692200060000000228e+00
5.528731630000000230e+00
3.941715890000000222e+00
2.948114139999999939e+00
-1.177707000000000198e-01
-1.359465989999999902e+00
-4.108271450000000158e+00
-4.870691489999999568e+00
-5.692200680000000013e+00
-5.528731930000000183e+00
-3.941716790000000081e+00
-2.948115019999999920e+00
1.177702999999999944e-01
1.359465289999999937e+00
4.108271239999999658e+00
4.870691240000000199e+00
5.281043284577203067e+00
4.578107680316068517e+00
2.152241975737200885e+00
7.942698417368048158e-01
-2.237314082030458895e+00
-3.454840749868971272e+00
-5.316281997871591614e+00
-5.680152748091169990e+00
-5.281043988876954920e+00
-4.578108277209630650e+00
-2.152242501562958044e+00
-7.942704451264239740e-01
2.237313762332094669e+00
3.454840359649587800e+00
5.316281765694644612e+00
5.680152563539463628e+00
3.967254089344811163e+00
2.817717979442809551e+00
-9.095134408792282521e-03
-1.445660886671682910e+00
-3.980116904518733456e+00
-4.862191136293099625e+00
-5.619639891929534947e+00
-5.430515654414294957e+00
-3.967254433097966437e+00
-2.817718248457566688e+00
9.094774915717562455e-03
1.445660515600559082e+00
3.980116521475849378e+00
4.862190858334305865e+00
5.619639594981201469e+00
5.430515195087966873e+00
2.106647659358548808e+00
7.329483699088952253e-01
-2.126992520145307708e+00
-3.358620278341607257e+00
-5.114669178839654329e+00
-5.482753821957705220e+00
-5.106241766349003619e+00
-4.395164960350730787e+00
-2.106647679663308903e+00
-7.329483942382132300e-01
2.126992042775341485e+00
3.358619831181859361e+00
5.114669276116616814e+00
5.482753868590321211e+00
5.106241237802308319e+00
4.395164391796091863e+00
-7.692155953668641452e-03
-1.419257114737884073e+00
-3.903284472653981041e+00
-4.770007670943543054e+00
-5.512384827913993313e+00
-5.326551744752938689e+00
-3.892405430136338218e+00
-2.762874940493623477e+00
7.692082806926949998e-03
1.419256845255635557e+00
3.903284302210803691e+00
4.770007822352122062e+00
5.512384884321213541e+00
5.326551387983954555e+00
3.892405069706668996e+00
2.762874880510489017e+00
-2.121671031970555177e+00
-3.356966660947657388e+00
-5.107382917103791442e+00
-5.476563718173030892e+00
-5.101259173909587830e+00
-4.388064677471910535e+00
-2.106887618986378996e+00
-7.290969498359667345e-01
2.121670839207154824e+00
3.356966545021005999e+00
5.107383169129751543e+00
5.476563890368415066e+00
5.101258909750391091e+00
4.388064401842886042e+00
2.106887681727515282e+00
7.290970226272760479e-01
-3.925226305121601200e+00
-4.792842851808198468e+00
-5.540459096157610119e+00
-5.354434482794736105e+00
-3.910166949586464380e+00
-2.779471876608040848e+00
1.064832638868599447e-02
1.423668517698411184e+00
3.925226410393205523e+00
4.792843051582371672e+00
5.540459200228092129e+00
5.354434486816098904e+00
3.910166929073987330e+00
2.779471964706562215e+00
-1.064824512748001328e-02
-1.423668535434897464e+00
-5.135451478696436034e+00
-5.505957063864829415e+00
-5.128298134181063617e+00
-4.412544157818998336e+00
-2.117058112947954651e+00
-7.343229674505792337e-01
2.134326885466271584e+00
3.374055597955451624e+00
5.135451731211019499e+00
5.505957288046407605e+00
5.128298254461307160e+00
4.412544287189725800e+00
2.117058268091214224e+00
7.343231063069198816e-01
-2.134326723572914197e+00
-3.374055419112383269e+00
-5.557526823281205175e+00
-5.370551369132085640e+00
-3.923243780089053168e+00
-2.786770382849817818e+00
9.222252296371954983e-03
1.429463671030525962e+00
3.936286950009954655e+00
4.808337522091426841e+00
5.557527106218701718e+00
5.370551645961842979e+00
3.923244012936044189e+00
2.786770617760162327e+00
-9.221985892202560348e-03
-1.429463410867610085e+00
-3.936286632724334655e+00
-4.808337212515832348e+00
-5.126383253399301232e+00
-4.411903527384997581e+00
-2.115445220654520231e+00
-7.351719203359167176e-01
2.134693129639166909e+00
3.372214699895438539e+00
5.134356968204765614e+00
5.504202834324157578e+00
5.126383621497294207e+00
4.411903916175582197e+00
2.115445573575833293e+00
7.351722805607070477e-01
-2.134692725881174091e+00
-3.372214315081845104e+00
-5.134356607580985887e+00
-5.504202451793324791e+00
-3.919194538951991547e+00
-2.783833831662848812e+00
9.168775367072345278e-03
1.428019771210117250e+00
3.932162337572844724e+00
4.803359079168496137e+00
5.551747409622757701e+00
5.364954919722363158e+00
3.919195037225978062e+00
2.783834320406312735e+00
-9.168279741527380830e-03
-1.428019283526133609e+00
-3.932161865402592937e+00
-4.803358635443139235e+00
-5.551746937089845346e+00
-5.364954421348222091e+00
-2.115504625657201210e+00
-7.334122037262997829e-01
2.132235756594679899e+00
3.371388348284098058e+00
5.130940980704080445e+00
5.501274194880719115e+00
5.124010252856822767e+00
4.408588928431361076e+00
2.115505236765244934e+00
7.334128096909574568e-01
-2.132235146809301707e+00
-3.371387761975453312e+00
-5.130940454072209889e+00
-5.501273660792643128e+00
-5.124009599805221526e+00
-4.408588259045392199e+00
1.010581424516917605e-02
1.426083835009590350e+00
3.930007625072812427e+00
4.799440146174513089e+00
5.547762854171008229e+00
5.361348722277854861e+00
3.915715297539100082e+00
2.782653632916119335e+00
-1.010508041198040878e-02
-1.426083109668559112e+00
-3.930006953220961385e+00
-4.799439497671137644e+00
-5.547762207320327654e+00
-5.361347941508390669e+00
-3.915714521219360922e+00
-2.782652882085585588e+00
2.132260731936608256e+00
3.371125113843695065e+00
5.130753374911052767e+00
5.501000316265434620e+00
5.123720145983424956e+00
4.408465332606425591e+00
2.115282894318110340e+00
7.335118475792755666e-01
-2.132259877977194407e+00
-3.371124279457756057e+00
-5.130752597650316105e+00
-5.500999535151562370e+00
-5.123719248283110872e+00
-4.408464413317893182e+00
-2.115282031377720973e+00
-7.335109879822282464e-01
3.931085016976030744e+00
4.802054425635430057e+00
5.550234010047945254e+00
5.363490242403919694e+00
3.918133135179627136e+00
2.783068499350598746e+00
-9.157037969052867279e-03
-1.427638375441788732e+00
-3.931084071311447659e+00
-4.802053481199955343e+00
-5.550233037387527268e+00
-5.363489238803155423e+00
-3.918132114317832926e+00
-2.783067473723717544e+00
9.158031995832226213e-03
1.427639370964041587e+00
5.130495385837427591e+00
5.500243006308190630e+00
5.122782730919094085e+00
4.408492340697921286e+00
2.114215585768503658e+00
7.343074106122877698e-01
-2.132832282927657364e+00
-3.370026435931825048e+00
-5.130494289342954595e+00
-5.500241891344135325e+00
-5.122781588633246841e+00
-4.408491188480759604e+00
-2.114214438159391030e+00
-7.343062630658707679e-01
2.132833406141354970e+00
3.370027541904543789e+00
5.550529615741940148e+00
5.363792798796345629e+00
3.918295746636424326e+00
2.783273500001789635e+00
-9.222822329349315493e-03
-1.427651401046876378e+00
-3.931339773197901621e+00
-4.802276563988049141e+00
-5.550528320254516146e+00
-5.363791502241680220e+00
-3.918294455756150541e+00
-2.783272208438113182e+00
9.224103161524504699e-03
1.427652682809552598e+00
3.931341033819494069e+00
4.802277836517184539e+00
5.124476544122952504e+00
4.409122940510584954e+00
2.115590129643501349e+00
7.336277406724187600e-01
-2.132582650671484448e+00
-3.371618500652843853e+00
-5.131515341287299137e+00
-5.501813186241978570e+00
-5.124475097928701040e+00
-4.409121489498159185e+00
-2.115588681770911972e+00
-7.336262993152610212e-01
2.132584070236225315e+00
3.371619923722261269e+00
5.131516795166560563e+00
5.501814633919513753e+00
3.916650040276750122e+00
2.783222490509033697e+00
-1.003739168632050531e-02
-1.426473300481126305e+00
-3.930846219592635027e+00
-4.800559280176554644e+00
-5.549015205910638571e+00
-5.362540607688291772e+00
-3.916648439157379702e+00
-2.783220878683896338e+00
1.003898703431600932e-02
1.426474906989488867e+00
3.930847811098523437e+00
4.800560877778853097e+00
5.549016824120700520e+00
5.362542222302081107e+00
2.115511908566368504e+00
7.336197353597668780e-01
-2.132531280817041797e+00
-3.371504197146962145e+00
-5.131364201861403629e+00
-5.501642972403094412e+00
-5.124312340187998416e+00
-4.408995115229065398e+00
-2.115510138653823535e+00
-7.336179602811225831e-01
2.132533051991361006e+00
3.371505990343861114e+00
5.131366001434998658e+00
5.501644775887600147e+00
5.124314133698106843e+00
4.408996900210929049e+00
-9.210612553552972523e-03
-1.427613128980518287e+00
-3.931192804760086368e+00
-4.802113191225789279e+00
-5.550331437605941609e+00
-5.363597685433410867e+00
-3.918163450219809274e+00
-2.783162378604166154e+00
9.212572375417230758e-03
1.427615087789136705e+00
3.931194772888403577e+00
4.802115175180859730e+00
5.550333428295879834e+00
5.363599670596212121e+00
3.918165416223331476e+00
2.783164344347709651e+00
-2.132791758808433080e+00
-3.370046954904018399e+00
-5.130464269099313412e+00
-5.500229294364198829e+00
-5.122778485767188528e+00
-4.408452898030497558e+00
-2.114241445101109118e+00
-7.342652924464504460e-01
2.132793909237408858e+00
3.370049117563993057e+00
5.130466432088981676e+00
5.500231472622425954e+00
5.122780652735815288e+00
4.408455056099437108e+00
2.114243590510063608e+00
7.342674528309838244e-01
-3.931302986470420535e+00
-4.802267454005620273e+00
-5.550500402642096986e+00
-5.363756775067179738e+00
-3.918292230642590912e+00
-2.783233636233855446e+00
9.199025421954089288e-03
1.427673589419612865e+00
3.931305346850863636e+00
4.802269818910866128e+00
5.550502778223420641e+00
5.363759132737418334e+00
3.918294568175333392e+00
2.783235986934915918e+00
-9.196645614983204806e-03
-1.427671209091295745e+00
-5.131550346263943574e+00
-5.501835138610365661e+00
-5.124486524978316915e+00
-4.409155769133684899e+00
-2.115571668537170602e+00
-7.336542426207982581e-01
2.132621226199950204e+00
3.371617176320778064e+00
5.131552928898704735e+00
5.501837703198790841e+00
5.124489066289009465e+00
4.409158323083750552e+00
2.115574234870212678e+00
7.336568329111500253e-01
-2.132618630959891792e+00
-3.371614590525667143e+00
-5.549030441030033067e+00
-5.362563796803270222e+00
-3.916630000982161519e+00
-2.783258707676810939e+00
1.007908930790699271e-02
1.426445202899098375e+00
3.930888983041050277e+00
4.800558663049373287e+00
5.549033179943013927e+00
5.362566530241889673e+00
3.916632768965611966e+00
2.783261495976928845e+00
-1.007628129484698133e-02
-1.426442381679163374e+00
-3.930886164263614369e+00
-4.800555864304139497e+00
-5.124237088404734131e+00
-4.408879355146278378e+00
-2.115517822131153913e+00
-7.335491384883107147e-01
2.132448430895405256e+00
3.371490664018014449e+00
5.131255437079904169e+00
5.501553395838368665e+00
5.124240004660601144e+00
4.408882316711733473e+00
2.115520847072624555e+00
7.335521830323213921e-01
-2.132445371927906841e+00
-3.371487606112481217e+00
-5.131252441380534712e+00
-5.501550467225179375e+00
-3.917713082500164923e+00
-2.782811842884978404e+00
9.192883804792295957e-03
1.427471134147324960e+00
3.930720413247380751e+00
4.801564021702952267e+00
5.549680137198379271e+00
5.362960972162174045e+00
3.917716293899200952e+00
2.782815099552345295e+00
-9.189629181922769757e-03
-1.427467861960744155e+00
-3.930717099702008888e+00
-4.801560757148737757e+00
-5.549677047202389524e+00
-5.362957889814845558e+00
-2.113694586336613224e+00
-7.341649449031658614e-01
2.132379978787239949e+00
3.369235846671788881e+00
5.129336410027197424e+00
5.498980172113695275e+00
5.121593039811233261e+00
4.407497345758363494e+00
2.113698059047144362e+00
7.341684334029373593e-01
-2.132376467937942444e+00
-3.369232320432479444e+00
-5.129332963614726459e+00
-5.498976854376323331e+00
-5.121589727843900874e+00
-4.407493940959155587e+00
9.060548789141914874e-03
1.427668755148350899e+00
3.930810483443894388e+00
4.801856552659582000e+00
5.549938972595349185e+00
5.363175431542220650e+00
3.917992081953014516e+00
2.782826982138944416e+00
-9.056866798185089426e-03
-1.427665054984590620e+00
-3.930806707663048627e+00
-4.801852842845201863e+00
-5.549935445012185831e+00
-5.363171923984955569e+00
-3.917988405003248520e+00
-2.782823254132025692e+00
2.133040876467129809e+00
3.372406591985340985e+00
5.132660702103412298e+00
5.503053789525533368e+00
5.125631699478263137e+00
4.410086518655967680e+00
2.116086904509318245e+00
7.337584575844151580e-01
-2.133036962962173266e+00
-3.372402677754875899e+00
-5.132656792880927910e+00
-5.503049965158836265e+00
-5.125627855410740175e+00
-4.410082623942824576e+00
-2.116083004371035692e+00
-7.337545534533210789e-01
3.933991439818970814e+00
4.803890951977562551e+00
5.553072822261271746e+00
5.366554076451837574e+00
3.919242578755144812e+00
2.785571685482578275e+00
-1.042034974389682324e-02
-1.427161432123742912e+00
-3.933987303108309685e+00
-4.803886838094603817e+00
-5.553068696827878625e+00
-5.366549955861835031e+00
-3.919238438701725169e+00
-2.785567537892391865e+00
1.042440269480372078e-02
1.427165488757850431e+00
5.138023119569475661e+00
5.508778370465362784e+00
5.130950039953858344e+00
4.414702934934071621e+00
2.118247598963484801e+00
7.345647695824173429e-01
-2.135299875174721862e+00
-3.375880535533814175e+00
-5.138018750290757275e+00
-5.508773981760215044e+00
-5.130945617333856568e+00
-4.414698541250199781e+00
-2.118243315499473312e+00
-7.345604734335535735e-01
2.135304146401431957e+00
3.375884794456129878e+00
5.554702339681606205e+00
5.367849702077408303e+00
3.921149666815701096e+00
2.785456931103806433e+00
-9.350678384773368837e-03
-1.428618798022559089e+00
-3.934384055705374195e+00
-4.805834998279022052e+00
-5.554697624332172623e+00
-5.367844986210254632e+00
-3.921145113249668412e+00
-2.785452410521912281e+00
9.355182809956851669e-03
1.428623287734443137e+00
3.934388525237306755e+00
4.805839480009193032e+00
5.114634641459010922e+00
4.402028504540342446e+00
2.110396835109195735e+00
7.337497380037143468e-01
-2.130087614796265960e+00
-3.364361150545599255e+00
-5.122797949338719903e+00
-5.491666970618458876e+00
-5.114629661844435127e+00
-4.402023736451655900e+00
-2.110392218467124437e+00
-7.337449124261932187e-01
2.130092406878705713e+00
3.364365711321948726e+00
5.122802653334879608e+00
5.491671898578291078e+00
3.901009882782134675e+00
2.769378247243168278e+00
-8.006873037886783409e-03
-1.422200039638081615e+00
-3.912346574780619868e+00
-4.780681261635868928e+00
-5.524873794523613491e+00
-5.338687966133875307e+00
-3.901005173948004945e+00
-2.769373653063224250e+00
8.012086644596114193e-03
1.422205223886176206e+00
3.912351056435407148e+00
4.780685848534429461e+00
5.524879310113992581e+00
5.338693508610974803e+00
2.102382522053520830e+00
7.271536516195440392e-01
-2.116614108451188692e+00
-3.349616794266379483e+00
-5.095730769843201280e+00
-5.464219134170954284e+00
-5.089822283748646647e+00
-4.377949811471547825e+00
-2.102377657318300397e+00
-7.271483100669992039e-01
2.116619420036030874e+00
3.349621516574631475e+00
5.095735601336992993e+00
5.464224855682799920e+00
5.089828037839992270e+00
4.377954766987283364e+00
-1.101737072199480277e-02
-1.421011026155296397e+00
-3.919170252827736345e+00
-4.784926727814574399e+00
-5.531513519832270909e+00
-5.345880341329959151e+00
-3.903570949607109597e+00
-2.775299371087077027e+00
1.102322977551521699e-02
1.421016869220274037e+00
3.919174989274671450e+00
4.784931544150723859e+00
5.531519572258620343e+00
5.345886431092944591e+00
3.903575817677866766e+00
2.775304182400765374e+00
-2.158954500678314403e+00
-3.413795174521458531e+00
-5.195357697955120813e+00
-5.570373156435028505e+00
-5.188376239645196009e+00
-4.463895352218758994e+00
-2.142126026027300512e+00
-7.425395255422679863e-01
2.158960137184063655e+00
3.413800786555709621e+00
5.195363144886211870e+00
5.570378816681343714e+00
5.188381878149037618e+00
4.463900721098546853e+00
2.142131598512716728e+00
7.425451391593198558e-01
-4.087986964397208212e+00
-4.943831563992212352e+00
-5.735227281839360813e+00
-5.551719861539733181e+00
-4.022848475371312738e+00
-2.907494554170129586e+00
4.605226379069105730e-02
1.439903109982788143e+00
4.087992629825245139e+00
4.943837013626028565e+00
5.735233615533203988e+00
5.551726127903746644e+00
4.022854087144168034e+00
2.907500391035328757e+00
-4.604687798456650466e-02
-1.439897659222801440e+00
-5.303982480000000166e+00
-5.628126960000000345e+00
-5.213824530000000124e+00
-4.587620290000000267e+00
-2.069489850000000075e+00
-8.597571499999999700e-01
2.287130419999999997e+00
3.371751569999999809e+00
5.303989060000000144e+00
5.628132929999999590e+00
5.213830889999998774e+00
4.587627030000001049e+00
2.069495120000000021e+00
8.597629700000000152e-01
-2.287124969999999813e+00
-3.371746439999999900e+00
