5.692200060000000228e+00
5.528731630000000230e+00
3.941715890000000222e+00
2.948114139999999939e+00
-1.177707000000000198e-01
-1.359465989999999902e+00
-4.108271450000000158e+00
-4.870691489999999568e+00
-5.692200680000000013e+00
-5.528731930000000183e+00
-3.941716790000000081e+00
-2.948115019999999920e+00
1.177702999999999944e-01
1.359465289999999937e+00
4.108271239999999658e+00
4.870691240000000199e+00
5.324522031706384162e+00
4.621023371447845918e+00
2.165933421615768850e+00
8.066272763145940772e-01
-2.261890539874448436e+00
-3.480552511074241018e+00
-5.364287322829996540e+00
-5.728406171920819467e+00
-5.324522614150520639e+00
-4.621023877257872670e+00
-2.165933920980095184e+00
-8.066278755759050956e-01
2.261890259446578622e+00
3.480552167937999819e+00
5.364286755971884091e+00
5.728405625283754965e+00
3.992603778832652051e+00
2.839015349351929007e+00
-1.150243763659468919e-02
-1.453446748746133554e+00
-4.008909095866393102e+00
-4.893948088088750481e+00
-5.657328825924261118e+00
-5.467581213526693240e+00
-3.992604011070323367e+00
-2.839015553880686049e+00
1.150208824420278705e-02
1.453446402750111943e+00
4.008908629467564211e+00
4.893947524289577800e+00
5.657328258400790233e+00
5.467580711663182491e+00
2.109078080966209079e+00
7.360444764763411918e-01
-2.132837380882415257e+00
-3.363672931116446829e+00
-5.124323306201496564e+00
-5.491921460652987363e+00
-5.114436461251555599e+00
-4.404106046665003049e+00
-2.109078063264314018e+00
-7.360444967078219047e-01
2.132836900933869462e+00
3.363672439779209267e+00
5.124323071982684219e+00
5.491921168617558635e+00
5.114435968861569037e+00
4.404105583289291026e+00
-9.136802709965877178e-03
-1.417255985605200941e+00
-3.901347280397350570e+00
-4.765398587377855932e+00
-5.507188591971924119e+00
-5.321911809369484381e+00
-3.888279777204292298e+00
-2.761907312714273033e+00
9.136696048009238652e-03
1.417255688515603129e+00
3.901347020931660747e+00
4.765398503334759006e+00
5.507188421353772512e+00
5.321911387650596126e+00
3.888279469912864439e+00
2.761907274156042646e+00
-2.123625510707067843e+00
-3.356019530290220487e+00
-5.107532223578550301e+00
-5.475476385398508228e+00
-5.099720962085136478e+00
-4.388471850450801348e+00
-2.105277106556886046e+00
-7.305468412114806132e-01
2.123625250571199441e+00
3.356019325426352395e+00
5.107532289467172859e+00
5.475476375821716424e+00
5.099720629436765407e+00
4.388471553498188626e+00
2.105277119404308284e+00
7.305468452835561788e-01
-3.935537253327527907e+00
-4.802124254712421880e+00
-5.551584037697710805e+00
-5.365582330277391954e+00
-3.916530129047457010e+00
-2.786919528207511210e+00
1.312544003220102867e-02
1.425210726155046848e+00
3.935537219679282384e+00
4.802124319562875776e+00
5.551584005290961521e+00
5.365582208011888454e+00
3.916530018130072843e+00
2.786919527015996323e+00
-1.312546754468881319e-02
-1.425210851620936303e+00
-5.156293889811262687e+00
-5.526597981131954107e+00
-5.146349036888445916e+00
-4.430212859840450434e+00
-2.122555593831988663e+00
-7.390319597569672272e-01
2.145387096867412247e+00
3.385866327663675790e+00
5.156293995110392991e+00
5.526598067078306364e+00
5.146349007847022428e+00
4.430212837976090334e+00
2.122555610434702977e+00
7.390319533232715399e-01
-2.145387081519271266e+00
-3.385866296608459614e+00
-5.581124637370363573e+00
-5.393550558796468053e+00
-3.937476206990486727e+00
-2.799954913890736918e+00
1.223338438689997379e-02
1.433998005434558465e+00
3.955618476933107086e+00
4.828396177496499853e+00
5.581124756600932990e+00
5.393550657358190392e+00
3.937476245333280556e+00
2.799954967226185421e+00
-1.223329639445384226e-02
-1.433997925889755276e+00
-3.955618334423761873e+00
-4.828396015521920326e+00
-5.143974050946606980e+00
-4.428728496329789266e+00
-2.120357449827365404e+00
-7.393400904969423815e-01
2.145534680855692766e+00
3.384010450857346974e+00
5.155196088343132921e+00
5.524864721819096935e+00
5.143974199789957069e+00
4.428728656629542293e+00
2.120357587390124365e+00
7.393402426918377346e-01
-2.145534486421877496e+00
-3.384010266842074621e+00
-5.155195893304646226e+00
-5.524864521754375701e+00
-3.928034553910672244e+00
-2.792561320289985716e+00
1.205439514868754218e-02
1.431027703960259245e+00
3.946272558004826347e+00
4.817616698200949621e+00
5.568412428917314472e+00
5.380925786928758114e+00
3.928034791644237966e+00
2.792561565844570382e+00
-1.205413250862154458e-02
-1.431027450200999196e+00
-3.946272307193075868e+00
-4.817616447731710494e+00
-5.568412168529834005e+00
-5.380925527639328187e+00
-2.117847648642778413e+00
-7.362917711115424257e-01
2.140356436647020910e+00
3.379516511905137577e+00
5.146168047637116771e+00
5.516078816388803041e+00
5.135874742229749934e+00
4.420000936401604186e+00
2.117847998446823254e+00
7.362921238242552402e-01
-2.140356080063133160e+00
-3.379516174140624329e+00
-5.146167743240787296e+00
-5.516078502996943911e+00
-5.135874357775776389e+00
-4.420000549002122803e+00
1.301711993538517617e-02
1.428651316241891012e+00
3.943263855642535010e+00
4.812830646231087250e+00
5.563640602364446686e+00
5.376477950944945405e+00
3.923608922654827413e+00
2.790615046308902780e+00
-1.301665653185994469e-02
-1.428650859342563972e+00
-3.943263445370515541e+00
-4.812830249967383622e+00
-5.563640180260063239e+00
-5.376477477801300253e+00
-3.923608439481359511e+00
-2.790614574234745238e+00
2.141154108091941843e+00
3.380402831253758400e+00
5.148369562373522612e+00
5.518487196332304556e+00
5.138120863987720277e+00
4.422075064335210470e+00
2.118472869450045426e+00
7.368865132882436164e-01
-2.141153534424645954e+00
-3.380402277491520113e+00
-5.148369060442505862e+00
-5.518486684920929974e+00
-5.138120260852476306e+00
-4.422074442725102195e+00
-2.118472295309810960e+00
-7.368859396938187700e-01
3.946197894932462091e+00
4.817830206008032690e+00
5.569415864632373925e+00
5.381981240150272683e+00
3.928468012325220471e+00
2.792885717231153642e+00
-1.190799198535636913e-02
-1.430573166385662232e+00
-3.946197239659223310e+00
-4.817829557349032399e+00
-5.569415188251117144e+00
-5.381980525007661775e+00
-3.928467291092426539e+00
-2.792884991225333735e+00
1.190868943839918162e-02
1.430573868558934869e+00
5.149376964257498024e+00
5.519357783162971209e+00
5.139186526651912779e+00
4.424007063243354132e+00
2.118408439885969052e+00
7.383174547420376932e-01
-2.141940914145601393e+00
-3.379745353176285771e+00
-5.149376171793122126e+00
-5.519356978518351831e+00
-5.139185683485053779e+00
-4.424006212627650036e+00
-2.118407600274628155e+00
-7.383166121623196965e-01
2.141941733077065813e+00
3.379746156486876263e+00
5.569487105318052578e+00
5.382411815261662902e+00
3.929182689635594805e+00
2.793582202127843583e+00
-1.147430198727774318e-02
-1.430048196029387597e+00
-3.945612167947099014e+00
-4.817277165634888725e+00
-5.569486122355497670e+00
-5.382410826775157808e+00
-3.929181709487261198e+00
-2.793581222422665711e+00
1.147527010407137227e-02
1.430049165819764045e+00
3.945613118074341230e+00
4.817278123678642388e+00
5.140466125421426113e+00
4.424562014022113132e+00
2.120147178478924754e+00
7.380472626222369659e-01
-2.140674289443077694e+00
-3.380042239107456936e+00
-5.148803512573617347e+00
-5.519590984150950064e+00
-5.140464991407973194e+00
-4.424560875566977636e+00
-2.120146047852336402e+00
-7.380461362421421034e-01
2.140675391079128964e+00
3.380043346991707054e+00
5.148804645803305213e+00
5.519592119647692918e+00
3.927642149538777439e+00
2.793826706303097041e+00
-1.169208222800738502e-02
-1.428043648238329411e+00
-3.943534400835597253e+00
-4.813785475130379687e+00
-5.566625381422020347e+00
-5.380323462381651822e+00
-3.927640864757315775e+00
-2.793825410458702585e+00
1.169336099319083153e-02
1.428044939018318304e+00
3.943535674744400144e+00
4.813786754095209730e+00
5.566626687193899414e+00
5.380324765684150634e+00
2.120608106500825762e+00
7.385821469000928285e-01
-2.139755029988663182e+00
-3.378743054012525615e+00
-5.147097147285772500e+00
-5.518067582291119599e+00
-5.139970726952187263e+00
-4.424570109460551848e+00
-2.120606649764138929e+00
-7.385806844686174655e-01
2.139756494140136578e+00
3.378744520663525819e+00
5.147098633090722686e+00
5.518069077983068560e+00
5.139972213246656096e+00
4.424571584267267710e+00
-1.032704480899401117e-02
-1.428587503857999819e+00
-3.942787416217962360e+00
-4.814042959050256698e+00
-5.566983407450059929e+00
-5.380913694022306792e+00
-3.929604001501114219e+00
-2.794364020561562967e+00
1.032870084862663046e-02
1.428589160096346511e+00
3.942789068306637557e+00
4.814044632524995926e+00
5.566985102949360886e+00
5.380915384214656427e+00
3.929605662658513410e+00
2.794365680500287663e+00
-2.139397886624306633e+00
-3.376395582900434178e+00
-5.144859183334348884e+00
-5.515401653367901780e+00
-5.138048130867377772e+00
-4.424106593740026128e+00
-2.119835596324663562e+00
-7.396913414258000641e-01
2.139399745671711983e+00
3.376397442619667899e+00
5.144861054426654867e+00
5.515403543904682238e+00
5.138050014026925183e+00
4.424108461985171381e+00
2.119837447404488984e+00
7.396932097733106559e-01
-3.942238118630907895e+00
-4.813328088183485676e+00
-5.566366831558395845e+00
-5.380636690357686547e+00
-3.930071902674150408e+00
-2.794919860576289494e+00
9.971263779795453211e-03
1.428336473649700844e+00
3.942240197177183880e+00
4.813330173351933361e+00
5.566368934121380008e+00
5.380638782157727285e+00
3.930073964813189935e+00
2.794921934939558206e+00
-9.969160436133208888e-03
-1.428334370399535924e+00
-5.145566940647000820e+00
-5.516598119000287959e+00
-5.139813431359526064e+00
-4.425168107570853770e+00
-2.121635449723345612e+00
-7.393958381544998293e-01
2.139220561124678177e+00
3.377864945678689779e+00
5.145569262453491888e+00
5.516600426083965836e+00
5.139815723541931725e+00
4.425170406282837199e+00
2.121637759296939763e+00
7.393981719485664961e-01
-2.139218225090617320e+00
-3.377862621222119888e+00
-5.564677710578032510e+00
-5.379384680461404500e+00
-3.928689242053438058e+00
-2.795323766056788006e+00
1.084435101050025378e-02
1.427218776983714132e+00
3.941945431103214492e+00
4.811445985656108704e+00
5.564680211921767317e+00
5.379387178913211720e+00
3.928691778714356708e+00
2.795326323929955503e+00
-1.084177852886637587e-02
-1.427216191895968489e+00
-3.941942851342159937e+00
-4.811443431215478128e+00
-5.138998988130483170e+00
-4.424516232719357234e+00
-2.121439357581603957e+00
-7.392108151784436698e-01
2.139257184328948735e+00
3.377836636525557878e+00
5.144823879346488660e+00
5.515723130820209263e+00
5.139001696173780331e+00
4.424518989180724837e+00
2.121442173912711837e+00
7.392136484672243713e-01
-2.139254336938479106e+00
-3.377833796148435042e+00
-5.144821109490716360e+00
-5.515720427043754981e+00
-3.928139366370128727e+00
-2.793625430929403741e+00
1.019569664144209450e-02
1.428214524437864785e+00
3.940977105608272524e+00
4.811361609529305916e+00
5.563315534254318351e+00
5.377634846286995618e+00
3.928142400132624168e+00
2.793628507059656485e+00
-1.019263061349575707e-02
-1.428211440275911404e+00
-3.940973990182692344e+00
-4.811358551849515663e+00
-5.563312646040295739e+00
-5.377631952915773894e+00
-2.118110560003893639e+00
-7.389403244580702301e-01
2.138567549020644165e+00
3.374575773878967233e+00
5.140803316721930472e+00
5.510493570740710112e+00
5.133239477810167983e+00
4.420195544360038475e+00
2.118113873333685060e+00
7.389436483277267431e-01
-2.138564206415277003e+00
-3.374572423421574374e+00
-5.140800059829980562e+00
-5.510490438451690842e+00
-5.133236317698569806e+00
-4.420192284649350434e+00
1.049495670335851352e-02
1.428586900988091157e+00
3.940384290954515922e+00
4.810733155055533672e+00
5.561699783048302592e+00
5.375579209706586425e+00
3.926331567697940450e+00
2.791847625308353287e+00
-1.049141901434898563e-02
-1.428583347106757939e+00
-3.940380684795240285e+00
-4.810729621236522924e+00
-5.561696392210195405e+00
-5.375575818043949461e+00
-3.926328010019881631e+00
-2.791844031200866549e+00
2.140616701815808209e+00
3.379724466204774735e+00
5.146627267031544051e+00
5.516905416022673592e+00
5.138533568639574334e+00
4.423486582698902048e+00
2.120456895182766477e+00
7.381211005133108127e-01
-2.140612915158141227e+00
-3.379720694217042798e+00
-5.146623503691315271e+00
-5.516901712947618108e+00
-5.138529806781597209e+00
-4.423482777709626390e+00
-2.120453113841927806e+00
-7.381173173850448244e-01
3.949795026370896078e+00
4.819887897293644308e+00
5.572448223916253163e+00
5.385872928006664395e+00
3.931658374169186398e+00
2.797556601623872652e+00
-1.274627059514587234e-02
-1.430354649562645575e+00
-3.949790994182729609e+00
-4.819883892541120041e+00
-5.572444200420188842e+00
-5.385868897713475434e+00
-3.931654314817512041e+00
-2.797552542986644131e+00
1.275022778652631916e-02
1.430358610645395601e+00
5.160739563402999330e+00
5.531495934046930962e+00
5.151044291892366012e+00
4.434153904717915040e+00
2.124656677852788444e+00
7.396625927755731134e-01
-2.147031754727454445e+00
-3.388840562724147354e+00
-5.160735258358788435e+00
-5.531491636069289619e+00
-5.151039973551082340e+00
-4.434149596112721525e+00
-2.124652461594985553e+00
-7.396583624770827203e-01
2.147035969475412198e+00
3.388844766415550325e+00
5.575989747609182423e+00
5.388561200813422936e+00
3.933692988909250676e+00
2.797457022652877878e+00
-1.238505906438084475e-02
-1.432612579538425912e+00
-3.952193465812481765e+00
-4.824000440929870237e+00
-5.575985161400476287e+00
-5.388556646837622033e+00
-3.933688519030786868e+00
-2.797452540705999802e+00
1.238953272532631461e-02
1.432617045528480793e+00
3.952197970698299923e+00
4.824004932124594802e+00
5.124212942245176095e+00
4.411805815719746171e+00
2.112085077699737301e+00
7.365831583336145405e-01
-2.137784551902275787e+00
-3.371396943245319466e+00
-5.135905808164367592e+00
-5.503933987440183806e+00
-5.124208186515392782e+00
-4.411801197192954938e+00
-2.112080454574726929e+00
-7.365783220090414973e-01
2.137789389569464849e+00
3.371401610686500572e+00
5.135910564660367328e+00
5.503938827579015758e+00
3.898767295173341640e+00
2.769706148266124046e+00
-1.060441602089389444e-02
-1.421825840224420601e+00
-3.915410969043343403e+00
-4.781800616027280348e+00
-5.525621362630852573e+00
-5.338998747114138688e+00
-3.898762720220675160e+00
-2.769701547362046323e+00
1.060967643538960649e-02
1.421831087515115222e+00
3.915415714332556085e+00
4.781805432365854536e+00
5.525626662739299810e+00
5.339003976991115508e+00
2.098576603836403986e+00
7.269586594721595407e-01
-2.117643735051999432e+00
-3.347935153421018661e+00
-5.094364184257279327e+00
-5.461307731756792627e+00
-5.085160336461244768e+00
-4.374544623865467941e+00
-2.098571680513024784e+00
-7.269532395260790425e-01
2.117649196175790394e+00
3.347940206370058291e+00
5.094369276290279913e+00
5.461313326614808616e+00
5.085165698668654422e+00
4.374549320354572224e+00
-1.360745207327726004e-02
-1.423050744364422249e+00
-3.929538247195482725e+00
-4.794914530536284580e+00
-5.542782580153474470e+00
-5.356461764297637096e+00
-3.908781681477385916e+00
-2.781082145173094489e+00
1.361339990967153427e-02
1.423056716661484922e+00
3.929543433826349741e+00
4.794919779251572756e+00
5.542788347729689313e+00
5.356467391293888269e+00
3.908786365242012284e+00
2.781086928318769136e+00
-2.176698883092841097e+00
-3.436427675833904960e+00
-5.232986714554917818e+00
-5.609027621404525377e+00
-5.222732730797929435e+00
-4.495254166382241401e+00
-2.154010807817621220e+00
-7.493535781791709205e-01
2.176704724937255531e+00
3.436433635179926505e+00
5.232992396340723218e+00
5.609033202864661227e+00
5.222737998467320786e+00
4.495259189891461560e+00
2.154016385960718871e+00
7.493592386849688980e-01
-4.127985693298577452e+00
-4.984679860011275387e+00
-5.785279386014046565e+00
-5.601337007011780500e+00
-4.053569465508420677e+00
-2.937136065919907946e+00
5.216006071978380315e-02
1.447422827350804964e+00
4.127991749184271697e+00
4.984685765778491096e+00
5.785285343693948867e+00
5.601342980207324906e+00
4.053574885773019609e+00
2.937141823120406947e+00
-5.215465627093760631e-02
-1.447417388171277519e+00
-5.303982480000000166e+00
-5.628126960000000345e+00
-5.213824530000000124e+00
-4.587620290000000267e+00
-2.069489850000000075e+00
-8.597571499999999700e-01
2.287130419999999997e+00
3.371751569999999809e+00
5.303989060000000144e+00
5.628132929999999590e+00
5.213830889999998774e+00
4.587627030000001049e+00
2.069495120000000021e+00
8.597629700000000152e-01
-2.287124969999999813e+00
-3.371746439999999900e+00
