5.692200060000000228e+00
5.528731630000000230e+00
3.941715890000000222e+00
2.948114139999999939e+00
-1.177707000000000198e-01
-1.359465989999999902e+00
-4.108271450000000158e+00
-4.870691489999999568e+00
-5.692200680000000013e+00
-5.528731930000000183e+00
-3.941716790000000081e+00
-2.948115019999999920e+00
1.177702999999999944e-01
1.359465289999999937e+00
4.108271239999999658e+00
4.870691240000000199e+00
5.303341359794739418e+00
4.588736164145893248e+00
2.142499681540954271e+00
7.878067904864030080e-01
-2.289970863589073424e+00
-3.515192968931706741e+00
-5.400855845385653886e+00
-5.751894890914988068e+00
-5.303342130071092342e+00
-4.588736826420857007e+00
-2.142500229607354090e+00
-7.878074178153968710e-01
2.289970533545093279e+00
3.515192629048690343e+00
5.400855487806065724e+00
5.751894614546507967e+00
3.925745559301482945e+00
2.777144833595741602e+00
-5.484424488094695460e-02
-1.502025302514210070e+00
-4.084548625371435371e+00
-4.969110367596960565e+00
-5.677199596447920271e+00
-5.447898307535673723e+00
-3.925745976936345194e+00
-2.777145154365070923e+00
5.484384049804617856e-02
1.502024893640177661e+00
4.084548196962565214e+00
4.969109968002570987e+00
5.677199157430234067e+00
5.447897689850848657e+00
2.025439400273858048e+00
6.676811308463759254e-01
-2.212048225686042091e+00
-3.461316811383942316e+00
-5.214720444294669299e+00
-5.542584226396544800e+00
-5.055138482091487973e+00
-4.311935708150369528e+00
-2.025439494090807813e+00
-6.676812246007750584e-01
2.212047675121036061e+00
3.461316281377831316e+00
5.214720386951933406e+00
5.542584098808699622e+00
5.055137778980477670e+00
4.311935010317617056e+00
-8.712761646713927666e-02
-1.501194481942793812e+00
-4.019109008833401830e+00
-4.878517607913591903e+00
-5.525646472749662585e+00
-5.273453059534267240e+00
-3.768892802830001720e+00
-2.650403718493322014e+00
8.712744423382709491e-02
1.501194113126664398e+00
4.019108718315512085e+00
4.878517597855081434e+00
5.525646328218060788e+00
5.273452494464279994e+00
3.768892308368055222e+00
2.650403537902537021e+00
-2.218496282227257144e+00
-3.469678444078919899e+00
-5.200179849965804735e+00
-5.516449304336084936e+00
-5.013043090817528302e+00
-4.267265430492232170e+00
-1.999980930569726478e+00
-6.447237452415187642e-01
2.218495960413727985e+00
3.469678184606500793e+00
5.200179916170298178e+00
5.516449277326906042e+00
5.013042619213317508e+00
4.267264967985957114e+00
1.999980861798398069e+00
6.447236866121311971e-01
-4.038941472447474368e+00
-4.893149666621162019e+00
-5.543873708916944310e+00
-5.299948987137703682e+00
-3.796932101726409492e+00
-2.678884591803987636e+00
8.969211232895187014e-02
1.506966803914389308e+00
4.038941414179563871e+00
4.893149693035358183e+00
5.543873619732939240e+00
5.299948772560155952e+00
3.796931897155421343e+00
2.678884503901731051e+00
-8.969219209210119170e-02
-1.506966979792540462e+00
-5.200830937887197969e+00
-5.526522801609396573e+00
-5.057346672704425394e+00
-4.325038739072376792e+00
-2.039580116275557575e+00
-6.705151299367502205e-01
2.219838606355232891e+00
3.468255656416740162e+00
5.200831007355860791e+00
5.526522840294376238e+00
5.057346576425590712e+00
4.325038655788259412e+00
2.039580071930448657e+00
6.705150778825433866e-01
-2.219838625384275677e+00
-3.468255652490821017e+00
-5.534544175272910316e+00
-5.316638594588137146e+00
-3.849690516381836680e+00
-2.727534646015896236e+00
6.309804150802220124e-02
1.488328957128486563e+00
4.007416939162188996e+00
4.858945785217420266e+00
5.534544252680925425e+00
5.316638651153835937e+00
3.849690510870644289e+00
2.727534649501964559e+00
-6.309799202331464740e-02
-1.488328909862838056e+00
-4.007416813437733261e+00
-4.858945654160764072e+00
-5.059364811908479531e+00
-4.352335006568261555e+00
-2.077478443048861756e+00
-7.048591256510268188e-01
2.181057389299571270e+00
3.413724530148154468e+00
5.133255357443776035e+00
5.471596666182517943e+00
5.059364938148128488e+00
4.352335136219546818e+00
2.077478543138713718e+00
7.048592429433763185e-01
-2.181057219025829053e+00
-3.413724362254863642e+00
-5.133255201092819853e+00
-5.471596512111261745e+00
-3.880328092083395575e+00
-2.765059385096673150e+00
2.611101739451833839e-02
1.445874577221817558e+00
3.933750049512993119e+00
4.776442421919275816e+00
5.481718778538011705e+00
5.294706782568532333e+00
3.880328313853244282e+00
2.765059600026719799e+00
-2.611078266752333774e-02
-1.445874346751310657e+00
-3.933749814064576356e+00
-4.776442210885819328e+00
-5.481718560678702445e+00
-5.294706547352683756e+00
-2.120891969814319822e+00
-7.421686275362068264e-01
2.127784140871435081e+00
3.347916336788395064e+00
5.056355312767068177e+00
5.412203952873021251e+00
5.063805015776311258e+00
4.379522714604221711e+00
2.120892298706922308e+00
7.421689571566069121e-01
-2.127783801381850193e+00
-3.347916016653046611e+00
-5.056355055940412235e+00
-5.412203688171730143e+00
-5.063804659457394663e+00
-4.379522338890973643e+00
-1.306685909449875442e-02
1.399083301627182196e+00
3.864619739053823277e+00
4.704608542697185314e+00
5.451213983342664271e+00
5.295555270960753624e+00
3.923415228500639618e+00
2.811737485150890059e+00
1.306730492505113819e-02
-1.399082860706533760e+00
-3.864619357779575104e+00
-4.704608189637023763e+00
-5.451213615849371585e+00
-5.295554842758163794e+00
-3.923414758662818524e+00
-2.811737023858987605e+00
2.080044432968164880e+00
3.290618145275406192e+00
5.009608626086591521e+00
5.388632078873734521e+00
5.097520220250407519e+00
4.429239010251724729e+00
2.167047186305460560e+00
7.820426006350401638e-01
-2.080043872781382142e+00
-3.290617610406380233e+00
-5.009608174127573754e+00
-5.388631625483367493e+00
-5.097519658213227167e+00
-4.429238408489827528e+00
-2.167046621024382169e+00
-7.820420374565246746e-01
3.818015200355837635e+00
4.668600857661140857e+00
5.464863981915121016e+00
5.334225328681331924e+00
3.981611332325639019e+00
2.860619057894609796e+00
5.009248138370545056e-02
-1.360652985830030692e+00
-3.818014565910602620e+00
-4.668600244922784803e+00
-5.464863361006683462e+00
-5.334224663423801083e+00
-3.981610620817570556e+00
-2.860618336096196312e+00
-5.009178885776256751e-02
1.360653683446452433e+00
5.000559693872456357e+00
5.404288118165192500e+00
5.152938620651456247e+00
4.487514082796314696e+00
2.204878963897676680e+00
8.151478614202177786e-01
-2.044041171739144680e+00
-3.251933501378027724e+00
-5.000558934975623870e+00
-5.404287357827922023e+00
-5.152937804811313249e+00
-4.487513237856301629e+00
-2.204878120745411785e+00
-8.151470166940146811e-01
2.044041993864273543e+00
3.251934301354753476e+00
5.510491965526231439e+00
5.393882749253742226e+00
4.032900289224023105e+00
2.898545055966021522e+00
7.536773234102740748e-02
-1.332850654695643344e+00
-3.798675870172967706e+00
-4.666603090621591399e+00
-5.510491011099104774e+00
-5.393881777408720879e+00
-4.032899298322533355e+00
-2.898544062770730623e+00
-7.536675424859631822e-02
1.332851635637868126e+00
3.798676822805662212e+00
4.666604036043930037e+00
5.218312148643492243e+00
4.540497365531201091e+00
2.229527148887732402e+00
8.328468801534656407e-01
-2.025401544085702277e+00
-3.241810712233638370e+00
-5.029432485619501847e+00
-5.455263658433654683e+00
-5.218311008487011904e+00
-4.540496209088875190e+00
-2.229525997535428239e+00
-8.328457359342722466e-01
2.025402662425447531e+00
3.241811836291310644e+00
5.029433611123587333e+00
5.455264779658120844e+00
4.066634906365971247e+00
2.918068715599220653e+00
8.428454473194076091e-02
-1.321635946325850908e+00
-3.810176241655322205e+00
-4.698195479311471523e+00
-5.576759298192323300e+00
-5.459771672964087941e+00
-4.066633590104494544e+00
-2.918067387621649189e+00
-8.428324276385919245e-02
1.321637258759955857e+00
3.810177534519294973e+00
4.698196767019675590e+00
5.576760603973724528e+00
5.459772985323477990e+00
2.233212112238949665e+00
8.342228787956332825e-01
-2.028984674801987520e+00
-3.258208633732387671e+00
-5.087004366428161894e+00
-5.525914395968690052e+00
-5.274233802297509932e+00
-4.575443273567861624e+00
-2.233210621548930241e+00
-8.342213869274702764e-01
2.028986162566698948e+00
3.258210130213448519e+00
5.087005859805735497e+00
5.525915893546937241e+00
5.274235308342419160e+00
4.575444781564112162e+00
7.733043297015675110e-02
-1.332507851755619477e+00
-3.848689498805268450e+00
-4.757480514791891046e+00
-5.649777075909586443e+00
-5.518639406612364517e+00
-4.079719900724906978e+00
-2.915409763650139485e+00
-7.732874575985693166e-02
1.332509539302007440e+00
3.848691180090312969e+00
4.757482198142407803e+00
5.649778776338510333e+00
5.518641110217599177e+00
4.079721599190381909e+00
2.915411460216364770e+00
-2.052735069381851574e+00
-3.294548793720104563e+00
-5.155601563444753843e+00
-5.595373019915937718e+00
-5.306345561059785609e+00
-4.583872627325277449e+00
-2.215845539072959891e+00
-8.193131688860015860e-01
2.052736960012928602e+00
3.294550689839152557e+00
5.155603442744942200e+00
5.595374914528857602e+00
5.306347465414250841e+00
4.583874528221621780e+00
2.215847426071705151e+00
8.193150705521355937e-01
-3.901058997824514485e+00
-4.822639730071295538e+00
-5.704248784447830900e+00
-5.550105133645244493e+00
-4.064970345841070198e+00
-2.892122590186784858e+00
-5.453394020897633920e-02
1.358635743513280536e+00
3.901061106548516566e+00
4.822641828595397584e+00
5.704250898598561825e+00
5.550107240250509832e+00
4.064972444729144208e+00
2.892124697928772914e+00
5.453607704203251166e-02
-1.358633604818421992e+00
-5.217401365129912705e+00
-5.646758244755027967e+00
-5.308385610911450669e+00
-4.564503849262572466e+00
-2.185578152055037471e+00
-7.901392979108935455e-01
2.088872561213950263e+00
3.344400424892092882e+00
5.217403702197281667e+00
5.646760566379000146e+00
5.308387927397594019e+00
4.564506182393023970e+00
2.185580492741388881e+00
7.901416609805815838e-01
-2.088870191465074466e+00
-3.344398068052082618e+00
-5.723830399237902711e+00
-5.544203181603117869e+00
-4.025669995721746552e+00
-2.854264057617277750e+00
-2.161544947232276956e-02
1.392995786490305754e+00
3.953650947239682356e+00
4.875276923166181220e+00
5.723832930956095133e+00
5.544205714115955530e+00
4.025672566439890687e+00
2.854266645471057906e+00
2.161804819008043485e-02
-1.392993173651924543e+00
-3.953648342005756877e+00
-4.875274342594850374e+00
-5.273464186582009994e+00
-4.518684274773235643e+00
-2.145816645993844141e+00
-7.556856943370210411e-01
2.128810319089452285e+00
3.390985635326959180e+00
5.252549687184671079e+00
5.660637473590774071e+00
5.273466937502344187e+00
4.518687070773953707e+00
2.145819483814041639e+00
7.556885475029520016e-01
-2.128807457939684511e+00
-3.390982777759268263e+00
-5.252546876880313853e+00
-5.660634720571998457e+00
-3.972857030335602779e+00
-2.808200629157645345e+00
1.073459423871251858e-02
1.430051341340350612e+00
3.992882115024432910e+00
4.905017938285396895e+00
5.703941036055308444e+00
5.501807734908833680e+00
3.972860087966200382e+00
2.808203719572017754e+00
-1.073151866691951679e-02
-1.430048253370486355e+00
-3.992878995085075378e+00
-4.905014852510661605e+00
-5.703938068629905267e+00
-5.501804770508941900e+00
-2.105053964795611243e+00
-7.240665972712542198e-01
2.163358383365917348e+00
3.422838761346808312e+00
5.251795908781171640e+00
5.632134779469311958e+00
5.207777986402676973e+00
4.455657397121970398e+00
2.105057276159034263e+00
7.240699237176622116e-01
-2.163355051165059884e+00
-3.422835433086346413e+00
-5.251792603031491424e+00
-5.632131559944434152e+00
-5.207774757307062075e+00
-4.455654117929399582e+00
3.804998820386434888e-02
1.459922672199460703e+00
4.012509232170394569e+00
4.904610117865563446e+00
5.648979951115155274e+00
5.432610996173541373e+00
3.916493774281897267e+00
2.766842761136337092e+00
-3.804645561287087197e-02
-1.459919132938508168e+00
-4.012505643358822205e+00
-4.904606561640162177e+00
-5.648976471962790846e+00
-5.432607528052547430e+00
-3.916490223786821101e+00
-2.766839181039296491e+00
2.188887936517517563e+00
3.444762893857232999e+00
5.227854138323414723e+00
5.582406794456887589e+00
5.138717205192280701e+00
4.397549346337497056e+00
2.078511701049987614e+00
7.002474231534129290e-01
-2.188884175889043604e+00
-3.444759152978270844e+00
-5.227850328418942816e+00
-5.582403013247715151e+00
-5.138713382325536649e+00
-4.397545534241856124e+00
-2.078507936909579801e+00
-7.002436474676093647e-01
4.019125610541840921e+00
4.885881273969511440e+00
5.582728674239454847e+00
5.362425142138315337e+00
3.872246156952635410e+00
2.741199714867519344e+00
-5.764898020487580627e-02
-1.480040301193987995e+00
-4.019121606644800337e+00
-4.885877250115647996e+00
-5.582724548875760640e+00
-5.362421022556619121e+00
-3.872242082815855024e+00
-2.741195670944065022e+00
5.765294189873285818e-02
1.480044253214791938e+00
5.190128851411874855e+00
5.522282684696627086e+00
5.074026265298574145e+00
4.350213168330937741e+00
2.063131322735078488e+00
6.880078745305933108e-01
-2.205511289448677914e+00
-3.453248233997999517e+00
-5.190124530632102662e+00
-5.522278312482582052e+00
-5.074021826575164873e+00
-4.350208794910810362e+00
-2.063127083831939768e+00
-6.880036183952111806e-01
2.205515520140233221e+00
3.453252430241636972e+00
5.504271727518249335e+00
5.283795044694317156e+00
3.831926378447620074e+00
2.718646510040971798e+00
-6.530501153900623856e-02
-1.490735077403613440e+00
-4.006148366195843913e+00
-4.849388518284970750e+00
-5.504267037994701184e+00
-5.283790312078627593e+00
-3.831921759541422112e+00
-2.718641943155068574e+00
6.530955212491558470e-02
1.490739614062612572e+00
4.006152866866281137e+00
4.849393018262842858e+00
4.979304050652611835e+00
4.280048930017917641e+00
2.040830854565366170e+00
6.803642133136119652e-01
-2.199491588858857760e+00
-3.429363570979165221e+00
-5.114451600730858694e+00
-5.424099206144261665e+00
-4.979299052566696915e+00
-4.280044078764322357e+00
-2.040826080483619798e+00
-6.803592628745158688e-01
2.199496557938594776e+00
3.429368316296685038e+00
5.114456317241805827e+00
5.424104046282907099e+00
3.773856768751801649e+00
2.683591313644628773e+00
-6.278840320208166348e-02
-1.480423766072393787e+00
-3.955466512412308511e+00
-4.775037606766431963e+00
-5.395321393260182674e+00
-5.177686430524611083e+00
-3.773851854648233139e+00
-2.683586447274808329e+00
6.279381828756100403e-02
1.480429194855258368e+00
3.955471305273222882e+00
4.775042355875899425e+00
5.395326606946244219e+00
5.177691735417019103e+00
2.035092942604038502e+00
6.787305395808430619e-01
-2.172769485736464112e+00
-3.394791006987686099e+00
-5.050102251085903049e+00
-5.353568345591217081e+00
-4.922985831149385483e+00
-4.236828048221544130e+00
-2.035087731819929857e+00
-6.787249186770915044e-01
2.172775151489200862e+00
3.394796195676594852e+00
5.050107087081793900e+00
5.353573617463764478e+00
4.922991206528626762e+00
4.236833132750378539e+00
-5.142716548170783025e-02
-1.466834649512621436e+00
-3.957290633898653098e+00
-4.782828467976448117e+00
-5.427904276411177342e+00
-5.219295929972973980e+00
-3.811871759860109954e+00
-2.718098913379439097e+00
5.143330884738162023e-02
1.466840827264402458e+00
3.957295822170947552e+00
4.782833459542946031e+00
5.427909552498732637e+00
5.219301285271491508e+00
3.811876844002768383e+00
2.718104095530792907e+00
-2.209275414871327836e+00
-3.466208327862692062e+00
-5.208444189313054196e+00
-5.547216356031260176e+00
-5.128663451109574112e+00
-4.417313732539711602e+00
-2.122992235434451036e+00
-7.255299943825002096e-01
2.209281405793184216e+00
3.466214312527578834e+00
5.208449502063117187e+00
5.547221400767062605e+00
5.128668424917669277e+00
4.417319080647518881e+00
2.122998120747459971e+00
7.255358427200233606e-01
-4.143563453060069790e+00
-4.987861310462236020e+00
-5.745656600204346987e+00
-5.553406076950946790e+00
-4.025440785715437286e+00
-2.919589395567243173e+00
6.280091099833744195e-02
1.460780658616820604e+00
4.143569338393901624e+00
4.987867045130967014e+00
5.745662043870008340e+00
5.553411459625687385e+00
4.025446688274385565e+00
2.919595428205922438e+00
-6.279541779086508790e-02
-1.460775083969683807e+00
-5.303982480000000166e+00
-5.628126960000000345e+00
-5.213824530000000124e+00
-4.587620290000000267e+00
-2.069489850000000075e+00
-8.597571499999999700e-01
2.287130419999999997e+00
3.371751569999999809e+00
5.303989060000000144e+00
5.628132929999999590e+00
5.213830889999998774e+00
4.587627030000001049e+00
2.069495120000000021e+00
8.597629700000000152e-01
-2.287124969999999813e+00
-3.371746439999999900e+00
