1.177701800000000021e-01
1.359465399999999935e+00
4.108271180000000022e+00
4.870691080000000284e+00
5.692199529999999896e+00
5.528730679999999786e+00
3.941715059999999937e+00
2.948113409999999934e+00
-1.177715000000000012e-01
-1.359466679999999927e+00
-4.108271659999999770e+00
-4.870691869999999923e+00
-5.692200139999999742e+00
-5.528731320000000338e+00
-3.941715809999999820e+00
-2.948113849999999925e+00
2.214235344995398869e+00
3.434307532291661857e+00
5.273776291464624677e+00
5.638407788971393053e+00
5.244009673857119580e+00
4.539604122116823959e+00
2.142373471295424991e+00
7.815623641475631933e-01
-2.214235966286082213e+00
-3.434308331027239536e+00
-5.273776715527155545e+00
-5.638408174829665498e+00
-5.244010021450509207e+00
-4.539604539524514593e+00
-2.142374242676748253e+00
-7.815629346273720301e-01
3.955827358747508793e+00
4.835969652379630723e+00
5.587871872072296853e+00
5.399161789128074318e+00
3.946615945320591567e+00
2.799597677157171116e+00
-6.513405691122701492e-03
-1.439932132896155403e+00
-3.955827821508879349e+00
-4.835970046675961420e+00
-5.587872002548968986e+00
-5.399161930994230474e+00
-3.946616347145517789e+00
-2.799598139520819817e+00
6.513326568513416737e-03
1.439932036545909178e+00
5.100785770042192802e+00
5.469248180960635253e+00
5.094328235450580777e+00
4.382522133519966445e+00
2.103682183282589602e+00
7.285749669631873537e-01
-2.119271608633311210e+00
-3.352161924793884307e+00
-5.100785761826091225e+00
-5.469248058564831538e+00
-5.094328189270634688e+00
-4.382522187630149446e+00
-2.103682193865589856e+00
-7.285749039540095895e-01
2.119271588015179564e+00
3.352161849353086254e+00
5.504407651105908350e+00
5.318218284074971436e+00
3.888480649212784801e+00
2.756784161038950742e+00
-5.264327053556902038e-03
-1.419535611059437263e+00
-3.895925900716059154e+00
-4.764311501184097963e+00
-5.504407127853646386e+00
-5.318217803907119290e+00
-3.888480485128483988e+00
-2.756784036059210408e+00
5.264734278579394008e-03
1.419535961212665676e+00
3.895925974973070804e+00
4.764311705666298025e+00
5.090362943727217981e+00
4.376183234289547919e+00
2.104435563110227392e+00
7.247424293985944566e-01
-2.114240534456271359e+00
-3.351242054639584911e+00
-5.094423700761835150e+00
-5.464114912860933870e+00
-5.090362267227154014e+00
-4.376182733919856460e+00
-2.104435066935828047e+00
-7.247418085142430799e-01
2.114241097457663088e+00
3.351242490391715290e+00
5.094424244261554158e+00
5.464115643753951979e+00
3.897806008387948218e+00
2.766647573659389181e+00
-7.657405006758006422e-03
-1.421255987337205262e+00
-3.908634364883264212e+00
-4.776606918869578777e+00
-5.519986989468875116e+00
-5.333886553926466156e+00
-3.897805269183742372e+00
-2.766646808682851066e+00
7.658326285800435423e-03
1.421256896421463356e+00
3.908635118473779091e+00
4.776607663427014039e+00
5.519987990968329150e+00
5.333887535587645168e+00
2.110134818172750837e+00
7.278949993933142570e-01
-2.121647754155887799e+00
-3.360932301937962219e+00
-5.110597893566890981e+00
-5.480971678079991527e+00
-5.105829155093810634e+00
-4.390331478915013186e+00
-2.110133742082132446e+00
-7.278938624528841217e-01
2.121648880252008151e+00
3.360933367566922403e+00
5.110599042138940007e+00
5.480972891552955417e+00
5.105830360668393908e+00
4.390332609798784702e+00
-6.128725063442956415e-03
-1.425594670354648041e+00
-3.915375405066071401e+00
-4.786950651734739992e+00
-5.531049043473501570e+00
-5.344176289329979568e+00
-3.906707894455029528e+00
-2.770854369794874650e+00
6.130113401031864369e-03
1.425596049347335637e+00
3.915376823499494119e+00
4.786952076946142220e+00
5.531050517876145101e+00
5.344177763619716082e+00
3.906709319785400591e+00
2.770855785284207951e+00
-2.122440717254361786e+00
-3.359554888454782784e+00
-5.110358398027319282e+00
-5.480083724898491937e+00
-5.104697432575623139e+00
-4.390452785950921921e+00
-2.108772292463907849e+00
-7.289531970612881384e-01
2.122442413248194271e+00
3.359556588604938110e+00
5.110360147254698227e+00
5.480085465890893737e+00
5.104699171117035306e+00
4.390454524337227049e+00
2.108773989475146049e+00
7.289548915262847872e-01
-3.913810778360848897e+00
-4.784922782435991451e+00
-5.528755128028301158e+00
-5.341981860523765668e+00
-3.905028025610288278e+00
-2.769778274769181703e+00
6.212075692099703998e-03
1.424923333744569254e+00
3.913812836741523249e+00
4.784924813820830458e+00
5.528757113103245580e+00
5.341983846050585960e+00
3.905030045248105708e+00
2.769780308883130093e+00
-6.210095958254674073e-03
-1.424921353951047021e+00
-5.109542355557901594e+00
-5.479899194053852618e+00
-5.104859084150753290e+00
-4.389394746153878479e+00
-2.109816306804954245e+00
-7.276409981939468974e-01
2.121127367774998884e+00
3.360354067176630544e+00
5.109544653332278585e+00
5.479901461171649224e+00
5.104861364635135068e+00
4.389397044164986994e+00
2.109818616385791046e+00
7.276433057415677697e-01
-2.121125035740770937e+00
-3.360351744983715250e+00
-5.526135209993152664e+00
-5.339698569897293190e+00
-3.902500131581933207e+00
-2.769295530002939820e+00
7.167371597475592944e-03
1.423322673126426130e+00
3.912635751945338747e+00
4.782178452237797472e+00
5.526137770622134404e+00
5.339701132315822996e+00
3.902502730462944935e+00
2.769298155452499355e+00
-7.164766005418747412e-03
-1.423320056128515754e+00
-3.912633103893964570e+00
-4.782175843759852718e+00
-5.104455839418393204e+00
-4.389153795554941340e+00
-2.109563163066411562e+00
-7.277014005781098360e-01
2.121081888063761411e+00
3.360027422783795625e+00
5.109227483905059763e+00
5.479500522409327168e+00
5.104458704806039471e+00
4.389156686482120762e+00
2.109566077636422232e+00
7.277043138287957458e-01
-2.121078941669070073e+00
-3.360024494858647959e+00
-5.109224592286222055e+00
-5.479497649411499971e+00
-3.904352998734772484e+00
-2.769273480959842715e+00
6.192213084232528301e-03
1.424690411202517382e+00
3.913109305221702527e+00
4.784090774680355374e+00
5.527783351359977893e+00
5.341038411939975639e+00
3.904356207686570546e+00
2.769276703958194918e+00
-6.188979019738282024e-03
-1.424687177402450766e+00
-3.913106059914901458e+00
-4.784087555998041807e+00
-5.527780177538631712e+00
-5.341035236604842140e+00
-2.108335846677292569e+00
-7.284218233856496472e-01
2.121465404491931661e+00
3.358664631188026828e+00
5.108542898753738903e+00
5.478294288987898497e+00
5.103107480774723648e+00
4.388813664990085073e+00
2.108339383636440800e+00
7.284253587755821213e-01
-2.121461857975609266e+00
-3.358661086694208819e+00
-5.108539370783189426e+00
-5.478290775733531071e+00
-5.103103965654597118e+00
-4.388810141472242243e+00
6.254163853810857168e-03
1.424646071181594698e+00
3.913195405640110813e+00
4.784111826939563272e+00
5.527843943140633876e+00
5.341113186148854552e+00
3.904355668279750891e+00
2.769361045337649152e+00
-6.250302927235027589e-03
-1.424642211216211374e+00
-3.913191559942671649e+00
-4.784107983710768508e+00
-5.527840101249801741e+00
-5.341109342455338194e+00
-3.904351815962981753e+00
-2.769357193851258891e+00
2.121178813029333199e+00
3.360190205105202388e+00
5.109469263352032442e+00
5.479762548737414640e+00
5.104704731277581509e+00
4.389364674066107419e+00
2.109671486178430033e+00
7.277361272102677026e-01
-2.121174626534136021e+00
-3.360186031994358835e+00
-5.109465093281650994e+00
-5.479758377854793139e+00
-5.104700553273359809e+00
-4.389360493621162540e+00
-2.109667296479235343e+00
-7.277319386348980457e-01
3.912882332409442387e+00
4.782608218481696483e+00
5.526581828933589513e+00
5.340106614030859511e+00
3.902883827309136411e+00
2.769440816337421563e+00
-7.069759345116038290e-03
-1.423522469070751750e+00
-3.912877821236652842e+00
-4.782603719751256754e+00
-5.526577325446616840e+00
-5.340102095262284188e+00
-3.902879315220798340e+00
-2.769436315696201412e+00
7.074278006182795411e-03
1.423526975492954927e+00
5.109434135954761480e+00
5.479715481189058046e+00
5.104656773822232374e+00
4.389340491655601362e+00
2.109638371628710374e+00
7.277487199612948654e-01
-2.121172961444457439e+00
-3.360143244197272061e+00
-5.109429295417093897e+00
-5.479710626257222827e+00
-5.104651909340359950e+00
-4.389335647640772997e+00
-2.109633518899705962e+00
-7.277438687933452943e-01
2.121177799017987642e+00
3.360148087994358601e+00
5.527826679778221397e+00
5.341095598494276508e+00
3.904348872881720833e+00
2.769348585592115164e+00
-6.242919623982432116e-03
-1.424641597135503757e+00
-3.913172657713258396e+00
-4.784093535193194136e+00
-5.527821489500493790e+00
-5.341090402744016252e+00
-3.904343672801042331e+00
-2.769343398476796558e+00
6.248114106914773834e-03
1.424646780185834016e+00
3.913177844119777316e+00
4.784098718977806364e+00
5.103192016725274449e+00
4.388857247105534043e+00
2.108399941196245742e+00
7.284061208211908278e-01
-2.121458984777301993e+00
-3.358729358965585998e+00
-5.108595017390743287e+00
-5.478368678576239326e+00
-5.103186452208863244e+00
-4.388851702533993482e+00
-2.108394420149545478e+00
-7.284005914332993825e-01
2.121464522254618235e+00
3.358734903240949698e+00
5.108600547250933488e+00
5.478374211228738133e+00
3.904394862291215240e+00
2.769356866652000981e+00
-6.224102194215214677e-03
-1.424669701949335732e+00
-3.913191038334758343e+00
-4.784140906560719664e+00
-5.527866721121967863e+00
-5.341129858291956189e+00
-3.904388975149313712e+00
-2.769351001187076111e+00
6.229987199141227144e-03
1.424675585837104741e+00
3.913196939313389855e+00
4.784146807798580703e+00
5.527872614643606575e+00
5.341135753934713293e+00
2.109641935503091759e+00
7.277587667579934472e-01
-2.121183402492472947e+00
-3.360147529088748364e+00
-5.109446787031076020e+00
-5.479727073174548657e+00
-5.104667236639359729e+00
-4.389354737702536369e+00
-2.109635716023208207e+00
-7.277525361362031653e-01
2.121189652968790806e+00
3.360153790407401697e+00
5.109453063308334819e+00
5.479733350378477752e+00
5.104673485678823397e+00
4.389360964956798838e+00
-7.098696425667122903e-03
-1.423469572013674078e+00
-3.912843580654823850e+00
-4.782519681960732960e+00
-5.526501203122297312e+00
-5.340037954537383946e+00
-3.902805140156293096e+00
-2.769427205060377428e+00
7.105283252342663690e-03
1.423476168850663637e+00
3.912850215881598537e+00
4.782526321802042624e+00
5.526507827907735759e+00
5.340044560040437815e+00
3.902811706561278182e+00
2.769433764893374672e+00
-2.121102070339504042e+00
-3.360158860452536977e+00
-5.109366607533434745e+00
-5.479675076976061376e+00
-5.104635957817467151e+00
-4.389270153973053645e+00
-2.109670498410267214e+00
-7.276836759024558621e-01
2.121109045555501726e+00
3.360165852484436666e+00
5.109373647107005922e+00
5.479682101650764636e+00
5.104642898769411019e+00
4.389277046784942016e+00
2.109677424066393581e+00
7.276906062765344796e-01
-3.913005203650495645e+00
-4.783908936942370183e+00
-5.527603186922870115e+00
-5.340877330799143508e+00
-3.904201868208964754e+00
-2.769224070603111265e+00
6.233089084523866022e-03
1.424603169196222208e+00
3.913012582250252169e+00
4.783916339411247165e+00
5.527610552739663063e+00
5.340884632160634915e+00
3.904209120539471112e+00
2.769231333540604911e+00
-6.225780997029811345e-03
-1.424595861747382619e+00
-5.108218834141276865e+00
-5.477916135557161503e+00
-5.102743463242205735e+00
-4.388559566152891556e+00
-2.108140643164913453e+00
-7.284362945029768666e-01
2.121379962190398594e+00
3.358390062978130697e+00
5.108226630438487348e+00
5.477923902805428291e+00
5.102751108326228469e+00
4.388567158967561888e+00
2.108148318426853240e+00
7.284439886525438945e-01
-2.121372308164460208e+00
-3.358382354846813911e+00
-5.527992820181322209e+00
-5.341225250490866827e+00
-3.904558014452877757e+00
-2.769322587632321753e+00
6.120244216000785345e-03
1.424812137888485708e+00
3.913208139651314088e+00
4.784309626421392458e+00
5.528000920524652528e+00
5.341233282910928359e+00
3.904566015844968430e+00
2.769330602640057482e+00
-6.112203384646342635e-03
-1.424804079094355691e+00
-3.913200048829984734e+00
-4.784301486485153632e+00
-5.105529947529968027e+00
-4.390057395402192419e+00
-2.110026424510273113e+00
-7.278317737091383188e-01
2.121499356405862624e+00
3.360741859361680905e+00
5.110280848274132204e+00
5.480645895959734837e+00
5.105538336357769325e+00
4.390065766434963379e+00
2.110034907012969807e+00
7.278402631395148870e-01
-2.121491005102769112e+00
-3.360733477489785237e+00
-5.110272360450521134e+00
-5.480637424919365230e+00
-3.903906426281309017e+00
-2.770606193397010308e+00
7.396455485831384367e-03
1.423669874991305706e+00
3.914360272863661283e+00
4.783976814698780444e+00
5.528355129748454999e+00
5.341906607964202358e+00
3.903915272839630912e+00
2.770615050181697292e+00
-7.387654908797940990e-03
-1.423661056334331709e+00
-3.914351530180876004e+00
-4.783968057591747147e+00
-5.528346340049354879e+00
-5.341897827062275006e+00
-2.110980747228607068e+00
-7.280506846372628571e-01
2.122300795355934522e+00
3.362202209703564204e+00
5.112367777080582876e+00
5.482930452835662827e+00
5.107690138076669051e+00
4.391837454972676191e+00
2.110989981824652695e+00
7.280599148818240884e-01
-2.122291654649886006e+00
-3.362193081483750845e+00
-5.112358701134707140e+00
-5.482921370718393028e+00
-5.107680923584808852e+00
-4.391828237127319845e+00
6.229566932462202687e-03
1.424987697336627335e+00
3.914059106089680107e+00
4.785201249938392465e+00
5.529097033899039282e+00
5.342322294177005659e+00
3.905266375550813684e+00
2.769977797705350575e+00
-6.220076996464417654e-03
-1.424978075770591435e+00
-3.914049604054973930e+00
-4.785191877349890710e+00
-5.529087604322503680e+00
-5.342312714114870964e+00
-3.905256689562307759e+00
-2.769968250488556549e+00
2.119478605428539275e+00
3.354254610959606531e+00
5.102731331753054711e+00
5.471762939637928369e+00
5.096886535248509986e+00
4.383993307343849288e+00
2.105346403112144493e+00
7.281324748355013643e-01
-2.119468548032088950e+00
-3.354244537741349230e+00
-5.102721703499999428e+00
-5.471753316628666042e+00
-5.096876389359039194e+00
-4.383983174433357277e+00
-2.105336672964739808e+00
-7.281227365841842492e-01
3.901295147461408153e+00
4.770832369416647900e+00
5.511972741872475545e+00
5.325543178107252196e+00
3.893813491162787521e+00
2.760616261327836884e+00
-5.293934814045455316e-03
-1.421437850373566292e+00
-3.901284823689729286e+00
-4.770822383633506192e+00
-5.511962709940588567e+00
-5.325532753073691339e+00
-3.893802992478166303e+00
-2.760606071582851317e+00
5.304075762675814106e-03
1.421448258314782498e+00
5.087420307090356530e+00
5.456628321065862153e+00
5.083409625413763067e+00
4.370177448140291965e+00
2.101596495974599410e+00
7.237270847898785719e-01
-2.111293498593735940e+00
-3.346656796241221699e+00
-5.087410146801669697e+00
-5.456618071110025170e+00
-5.083398730102378416e+00
-4.370166422651233340e+00
-2.101586082815557699e+00
-7.237167493030494114e-01
2.111304434313252543e+00
3.346667593924151696e+00
5.517562271140222130e+00
5.331752722458327653e+00
3.895553602192193932e+00
2.766122703873245214e+00
-8.422913787078312869e-03
-1.419859848623359344e+00
-3.907448838800121393e+00
-4.774096390658426614e+00
-5.517551423914897946e+00
-5.331741664347386944e+00
-3.895542570417458883e+00
-2.766111813621735305e+00
8.433816456623100671e-03
1.419870873091821917e+00
3.907459846257930636e+00
4.774107225040746805e+00
5.160043750306956944e+00
4.437155640892426867e+00
2.132384526915220402e+00
7.358603837368544731e-01
-2.144386868911781541e+00
-3.396475366892997449e+00
-5.164998547561813425e+00
-5.539205051603541818e+00
-5.160032212269754837e+00
-4.437144008912913939e+00
-2.132373637016164114e+00
-7.358495402912824668e-01
2.144398599971176100e+00
3.396487004051666592e+00
5.165009536721593797e+00
5.539216088930307258e+00
3.997501693988966931e+00
2.879812962740234905e+00
-3.887682056167128530e-02
-1.435639791063980431e+00
-4.052464244303856766e+00
-4.910101457875321707e+00
-5.692180466157132024e+00
-5.508302689565222288e+00
-3.997489498645710349e+00
-2.879801078899211664e+00
3.888831494595629962e-02
1.435651758777470199e+00
4.052475542562972599e+00
4.910112558861358778e+00
5.692191942836454466e+00
5.508314212648788732e+00
2.069520349999999898e+00
8.597852999999999746e-01
-2.287100309999999581e+00
-3.371718500000000063e+00
-5.303962699999999586e+00
-5.628117460000000349e+00
-5.213842660000000073e+00
-4.587643769999999677e+00
-2.069507600000000114e+00
-8.597722100000000367e-01
2.287111200000000011e+00
3.371729970000000076e+00
5.303974560000000338e+00
5.628128979999999615e+00
5.213854869999998698e+00
4.587655390000000111e+00
