1.177701800000000021e-01
1.359465399999999935e+00
4.108271180000000022e+00
4.870691080000000284e+00
5.692199529999999896e+00
5.528730679999999786e+00
3.941715059999999937e+00
2.948113409999999934e+00
-1.177715000000000012e-01
-1.359466679999999927e+00
-4.108271659999999770e+00
-4.870691869999999923e+00
-5.692200139999999742e+00
-5.528731320000000338e+00
-3.941715809999999820e+00
-2.948113849999999925e+00
2.185108094685879188e+00
3.414383403107410508e+00
5.225020619730885940e+00
5.592402560451934512e+00
5.204186374506277524e+00
4.494467435735638894e+00
2.134810207781205893e+00
7.637343951047407264e-01
-2.185108667174403774e+00
-3.414384146100963413e+00
-5.225021059014681057e+00
-5.592402941720670206e+00
-5.204186715909082217e+00
-4.494467865400969764e+00
-2.134810940142759073e+00
-7.637349367141317291e-01
3.926714141160523752e+00
4.806186779096657702e+00
5.550999058674374709e+00
5.362432667326151758e+00
3.923583413939395470e+00
2.777437658471938242e+00
-2.213744546184553443e-03
-1.434542067955742128e+00
-3.926714544013446329e+00
-4.806187141574976174e+00
-5.550999162361593520e+00
-5.362432781103731116e+00
-3.923583786609661228e+00
-2.777438071411581610e+00
2.213703194750275393e-03
1.434542016517833085e+00
5.074718454795366540e+00
5.444005776585425060e+00
5.072123666989584834e+00
4.358724019014515783e+00
2.098347345800805730e+00
7.201614987750627472e-01
-2.104611662293609520e+00
-3.340262170458883073e+00
-5.074718408948883486e+00
-5.444005621231638337e+00
-5.072123582035340306e+00
-4.358724033521657049e+00
-2.098347288808449118e+00
-7.201613715569663565e-01
2.104611719647566659e+00
3.340262177601764026e+00
5.478178664785503749e+00
5.291572201160024136e+00
3.873515697407107439e+00
2.739283317182683586e+00
-1.992184739007920647e-04
-1.417639588692278574e+00
-3.873797649119325559e+00
-4.744129048294047912e+00
-5.478178109011295760e+00
-5.291571685556009541e+00
-3.873515463544370707e+00
-2.739283102052154639e+00
1.997047909855831685e-04
1.417640025334788501e+00
3.873797824555181624e+00
4.744129322311203545e+00
5.061922367027840153e+00
4.346789702074183026e+00
2.096714083058567990e+00
7.151798034866623244e-01
-2.096719836196939024e+00
-3.335372035330589569e+00
-5.061924022266580003e+00
-5.432108601301406381e+00
-5.061921631976605163e+00
-4.346789119637514354e+00
-2.096713488034474437e+00
-7.151790885483660931e-01
2.096720501882443077e+00
3.335372580742022031e+00
5.061924644609018920e+00
5.432109386471695167e+00
3.873786204524034549e+00
2.742092727274452191e+00
-2.115468333062527333e-03
-1.416382714387862674e+00
-3.876776937360404407e+00
-4.745160057995985170e+00
-5.480475731674213868e+00
-5.294287335870737188e+00
-3.873785357782437266e+00
-2.742091855309558124e+00
2.116490662974129539e-03
1.416383725254700021e+00
3.876777797542785287e+00
4.745160914068015323e+00
5.480476808091388818e+00
5.294288392273010402e+00
2.098624620366608795e+00
7.166354865519491968e-01
-2.099765952854434126e+00
-3.338825691454261779e+00
-5.068142008166478973e+00
-5.438448688574303524e+00
-5.067669388845507328e+00
-4.352301549900436051e+00
-2.098623430501273202e+00
-7.166342363415432182e-01
2.099767190440140041e+00
3.338826868733290265e+00
5.068143266412314496e+00
5.438450005617884386e+00
5.067670695952970483e+00
4.352302788460187699e+00
-5.299633535021404775e-04
-1.419486089518847027e+00
-3.879953174955967476e+00
-4.751215414815137983e+00
-5.486553274553382487e+00
-5.299747752294789116e+00
-3.879203630545284831e+00
-2.743758052527392355e+00
5.314741304441741128e-04
1.419487590372111807e+00
3.879954706908567807e+00
4.751216956405261982e+00
5.486554870139254803e+00
5.299749347986052683e+00
3.879205172378978883e+00
2.743759584702654575e+00
-2.100675234721142370e+00
-3.337524176933826414e+00
-5.068094309098963635e+00
-5.437740477524268812e+00
-5.066692677521333898e+00
-4.352601222532651803e+00
-2.097289303279718631e+00
-7.177659570994590066e-01
2.100677055991848174e+00
3.337525998146302797e+00
5.068096181351416263e+00
5.437742351342958358e+00
5.066694551337434405e+00
4.352603084680007228e+00
2.097291124606809110e+00
7.177677783533445988e-01
-3.879807035276698013e+00
-4.750820889968677463e+00
-5.486189428755016806e+00
-5.299437379446056084e+00
-3.878834832589348025e+00
-2.743712997577891333e+00
6.894687967990603726e-04
1.419240850621877659e+00
3.879809216885979684e+00
4.750823051438753275e+00
5.486191561432665509e+00
5.299439512125314167e+00
3.878836983910649128e+00
2.743715159001558490e+00
-6.873574148100534791e-04
-1.419238739229208068e+00
-5.068686763274202534e+00
-5.439036703103605319e+00
-5.068219419729430797e+00
-4.352768813100293066e+00
-2.098855266913848716e+00
-7.167061975884040370e-01
2.099988974161297595e+00
3.339192041186890503e+00
5.068689204637192525e+00
5.439039124482526688e+00
5.068221851170415349e+00
4.352771254414090407e+00
2.098857708408202516e+00
7.167086390558148334e-01
-2.099986512462678423e+00
-3.339189589517328471e+00
-5.484606027630443137e+00
-5.298157868936653969e+00
-3.877033112551110161e+00
-2.743757080765011125e+00
1.654441899360486242e-03
1.417898999647289271e+00
3.879371906004522419e+00
4.748969424178170584e+00
5.484608748541635492e+00
5.298160589873638138e+00
3.877035853818381117e+00
2.743759842258447268e+00
-1.651700333148441429e-03
-1.417896248030248163e+00
-3.879369124250459766e+00
-4.748966672860039040e+00
-5.067979326130309659e+00
-4.352662088227060799e+00
-2.098674629199922315e+00
-7.167831066237058124e-01
2.100004160392123786e+00
3.338976231935986139e+00
5.068530217160093443e+00
5.438811383337408323e+00
5.067982346814060790e+00
4.352665129346857675e+00
2.098677680824216019e+00
7.167861581892552847e-01
-2.100001078597240500e+00
-3.338973170156750214e+00
-5.068527176045693139e+00
-5.438808352564399762e+00
-3.878629669835341964e+00
-2.743547820145046057e+00
6.748265471124623291e-04
1.419175949274718240e+00
3.879582759302199868e+00
4.750566009244288956e+00
5.485887251508061446e+00
5.299142218694187889e+00
3.878633021331088671e+00
2.743551181803498551e+00
-6.714547859004527195e-04
-1.419172577514872691e+00
-3.879579377484684954e+00
-4.750562647711250364e+00
-5.485883920756291943e+00
-5.299138887930134878e+00
-2.097442594427529006e+00
-7.174894565338034713e-01
2.100365144362465575e+00
3.337599255457404990e+00
5.067808913448250685e+00
5.437570944065472034e+00
5.066601834270924698e+00
4.352288050107644857e+00
2.097446266407675175e+00
7.174931284389047814e-01
-2.100361462399341850e+00
-3.337595573513816749e+00
-5.067805241829478113e+00
-5.437567282722131523e+00
-5.066598172829187341e+00
-4.352284388407875682e+00
7.332595676442529940e-04
1.419106468953332811e+00
3.879588622874832193e+00
4.750493517018204770e+00
5.485837853094372996e+00
5.299109896909970807e+00
3.878557275708062413e+00
2.743577641482020102e+00
-7.292672658598008855e-04
-1.419102476695005999e+00
-3.879584640774835336e+00
-4.750489535042462741e+00
-5.485833871241376336e+00
-5.299105914977817910e+00
-3.878553293438084193e+00
-2.743573659208316418e+00
2.100001326759996179e+00
3.338993060788928879e+00
5.068541544034917301e+00
5.438829178172795764e+00
5.068002404978343201e+00
4.352673898704082944e+00
2.098693940856284801e+00
7.167802772381371978e-01
-2.099997014053119226e+00
-3.338988758214884722e+00
-5.068537241603815247e+00
-5.438824875754855626e+00
-5.067998102288834517e+00
-4.352669595907324052e+00
-2.098689628010578900e+00
-7.167759644281347375e-01
3.879395181437867990e+00
4.749139622486275414e+00
5.484747269468094544e+00
5.298268430569341270e+00
3.877208449148447311e+00
2.743741210493986227e+00
-1.546360329462441365e-03
-1.418029397722808893e+00
-3.879390548318844889e+00
-4.749134999479311503e+00
-5.484742646335058147e+00
-5.298263797212998227e+00
-3.877203825630373579e+00
-2.743736597000635768e+00
1.550993772696738701e-03
1.418034021045659010e+00
5.068528545730089263e+00
5.438805582843461828e+00
5.067976209687187428e+00
4.352668897211926513e+00
2.098669472891684595e+00
7.167964842599819919e-01
-2.100004928474242583e+00
-3.338960048675400749e+00
-5.068523591994122057e+00
-5.438800618909890972e+00
-5.067971245432056904e+00
-4.352663953017702703e+00
-2.098664518624329123e+00
-7.167915300468860051e-01
2.100009872484909668e+00
3.338965002534028503e+00
5.485837225717528298e+00
5.299108782337022205e+00
3.878561295066924153e+00
2.743574821503986350e+00
-7.233280457715932999e-04
-1.419104807122421263e+00
-3.879578584950476472e+00
-4.750488819988374800e+00
-5.485831940932251349e+00
-5.299103497371161708e+00
-3.878556009866387377e+00
-2.743569546410334237e+00
7.286130552220573126e-04
1.419110082064579226e+00
3.879583869607434732e+00
4.750494104554637609e+00
5.066655879069697832e+00
4.352306115683773236e+00
2.097493753939359884e+00
7.174703000093066718e-01
-2.100346736449546725e+00
-3.337643458616240011e+00
-5.067830909181445520e+00
-5.437612656468067129e+00
-5.066650242992786879e+00
-4.352300499644806919e+00
-2.097488157982337675e+00
-7.174646941093523189e-01
2.100352352263913147e+00
3.337649084312873882e+00
5.067836524689431243e+00
5.437618272071481407e+00
3.878590719400037301e+00
2.743570678958375364e+00
-7.040585035741923556e-04
-1.419127295387611731e+00
-3.879579822453501858e+00
-4.750515864530154175e+00
-5.485853338206079677e+00
-5.299119772698478670e+00
-3.878584772562554850e+00
-2.743564752155035258e+00
7.100053477603840641e-04
1.419133242168136189e+00
3.879585789137431018e+00
4.750521831305072773e+00
5.485859294973423061e+00
5.299125729471555246e+00
2.098667814034736345e+00
7.168027886582345465e-01
-2.100007727025166471e+00
-3.338955383141321676e+00
-5.068525086416527436e+00
-5.438800622672557594e+00
-5.067971504810222960e+00
-4.352668719901756411e+00
-2.098661546337496020e+00
-7.167965108633780336e-01
2.100014024801408752e+00
3.338961690984170172e+00
5.068531404586795297e+00
5.438806940864171047e+00
5.067977802408679011e+00
4.352674997397233625e+00
-1.574802460430135137e-03
-1.417985739802931189e+00
-3.879379043131399474e+00
-4.749079638848539453e+00
-5.484699038946972749e+00
-5.298230808975694650e+00
-3.877152957015448820e+00
-2.743743036423019088e+00
1.581421248371341895e-03
1.417992368588881780e+00
3.879385702291789251e+00
4.749086298284483476e+00
5.484705688047139205e+00
5.298237447595799843e+00
3.877159565196462321e+00
2.743749634809097504e+00
-2.099971775697097698e+00
-3.339031004876376940e+00
-5.068547877302000515e+00
-5.438857183386235583e+00
-5.068040317959286334e+00
-4.352673279758314528e+00
-2.098735055962884122e+00
-7.167453318568844933e-01
2.099978765621490329e+00
3.339038005094004724e+00
5.068554908167985040e+00
5.438864204025294136e+00
5.068047287107250831e+00
4.352680208529116079e+00
2.098742005353024354e+00
7.167522814799902608e-01
-3.879572818054895400e+00
-4.750495155583161377e+00
-5.485836694943556857e+00
-5.299107023039379527e+00
-3.878567943515090821e+00
-2.743565842214584549e+00
7.189060986464538032e-04
1.419119462724468317e+00
3.879580179589314781e+00
4.750502527575481970e+00
5.485844046150028852e+00
5.299114333335509741e+00
3.878575223117229243e+00
2.743573122275845488e+00
-7.115953362303807563e-04
-1.419112152007856231e+00
-5.067741016268338505e+00
-5.437461622534966565e+00
-5.066485069897940008e+00
-4.352256332300815878e+00
-2.097341404534414977e+00
-7.175500685008219248e-01
2.100394327232595781e+00
3.337482298752647569e+00
5.067748758990788360e+00
5.437469344888598677e+00
5.066492721070043004e+00
4.352263943032167681e+00
2.097349075974652699e+00
7.175577503337338126e-01
-2.100386685488258465e+00
-3.337474616452202003e+00
-5.486052437230226175e+00
-5.299288490458925693e+00
-3.878796397764666892e+00
-2.743582652649694253e+00
6.125405993746202080e-04
1.419277452845553178e+00
3.879657410047655297e+00
4.750742197490918528e+00
5.486060489780024696e+00
5.299296503063474439e+00
3.878804400004371100e+00
2.743590655080788032e+00
-6.045276761837306383e-04
-1.419269420051618713e+00
-3.879649366857992554e+00
-4.750734124234220701e+00
-5.068317485151374591e+00
-4.352925658193520952e+00
-2.098839298361948824e+00
-7.168004046888174496e-01
2.100108230230864237e+00
3.339211026080838529e+00
5.068841783147918001e+00
5.439165030421937885e+00
5.068325849840582542e+00
4.352934012735590663e+00
2.098847742347830003e+00
7.168088489658706042e-01
-2.100099916687694801e+00
-3.339202692176794773e+00
-5.068833370996769006e+00
-5.439156628509139502e+00
-3.877123382406719720e+00
-2.744066167622332131e+00
1.832017287788919885e-03
1.417801850885687553e+00
3.879708153980539809e+00
4.749138164058833489e+00
5.484913675975692016e+00
5.298505108797918695e+00
3.877132189122233452e+00
2.744074973335626666e+00
-1.823272094693747765e-03
-1.417793086174138573e+00
-3.879699470422415253e+00
-4.749129482664450563e+00
-5.484904954171222258e+00
-5.298496373223816391e+00
-2.099125065443895988e+00
-7.166917398221142044e-01
2.100100982370467939e+00
3.339557078503988752e+00
5.069116722502047701e+00
5.439546120326872014e+00
5.068723481902392969e+00
4.353127876015483899e+00
2.099134232517062770e+00
7.167008976776433338e-01
-2.100091898999861595e+00
-3.339548014025493394e+00
-5.069107722419838424e+00
-5.439537110914048235e+00
-5.068714323259469801e+00
-4.353118708454948305e+00
6.170853501816234632e-04
1.419117920835464508e+00
3.879240476854191488e+00
4.750224506378080136e+00
5.485468031054985261e+00
5.298726935379287184e+00
3.878384403569282046e+00
2.743301824351266571e+00
-6.076677915935265080e-04
-1.419108371950842828e+00
-3.879231045923410282e+00
-4.750215202926065139e+00
-5.485458667318313886e+00
-5.298717426374395245e+00
-3.878374787543429569e+00
-2.743292347055105829e+00
2.099238977110158277e+00
3.334599127135405627e+00
5.064107437152394198e+00
5.433313305570604435e+00
5.062503044915122707e+00
4.349272487316965474e+00
2.095345449029665463e+00
7.174801529591490201e-01
-2.099228999833610665e+00
-3.334589139356068710e+00
-5.064097858269404284e+00
-5.433303730800417952e+00
-5.062492993688850973e+00
-4.349262446640394408e+00
-2.095335787607430333e+00
-7.174704868184589301e-01
3.874225313052932496e+00
4.744922789522428630e+00
5.478992064539700557e+00
5.292313271170296929e+00
3.874241691726610259e+00
2.739532393648528075e+00
8.629075311694546700e-06
-1.418025130301601378e+00
-3.874215052201328557e+00
-4.744912841631362177e+00
-5.478982081224592626e+00
-5.292302932448769148e+00
-3.874231299732223910e+00
-2.739522293009287957e+00
1.435595212821359021e-06
1.418035454261295403e+00
5.061250346750506779e+00
5.431285207836308970e+00
5.061114829906056656e+00
4.346284297697492249e+00
2.096237907659947108e+00
7.152811097582192357e-01
-2.096577454425861742e+00
-3.334709079418866295e+00
-5.061240209283973002e+00
-5.431275002505778104e+00
-5.061104013995568529e+00
-4.346273385142469081e+00
-2.096227577061745784e+00
-7.152708370455741482e-01
2.096588300123107818e+00
3.334719818719805939e+00
5.491437648220775181e+00
5.305211732010278070e+00
3.880648531586126104e+00
2.748689123124067546e+00
-3.376768034298911845e-03
-1.417973727248217131e+00
-3.885408370398940825e+00
-4.753996136386804849e+00
-5.491426861500017687e+00
-5.305200718199294840e+00
-3.880637572402842572e+00
-2.748678313321004207e+00
3.387610794298973483e-03
1.417984681019147875e+00
3.885419348658976091e+00
4.754006926203072858e+00
5.127622756538052329e+00
4.405284501622232618e+00
2.122245919927769897e+00
7.267842171780309890e-01
-2.126304383897287931e+00
-3.377440559896240035e+00
-5.129287725936145570e+00
-5.503209232512786819e+00
-5.127611235789659716e+00
-4.405272920898557487e+00
-2.122235070388002853e+00
-7.267733973018399851e-01
2.126316049186588231e+00
3.377452165483074698e+00
5.129298682568025569e+00
5.503220218920843898e+00
3.971855958006100362e+00
2.845736445923314761e+00
-2.720644217011641830e-02
-1.434505348931362390e+00
-4.010314769130199686e+00
-4.874421253156077327e+00
-5.644241733045478604e+00
-5.458976820337337443e+00
-3.971843834823034936e+00
-2.845724642104266788e+00
2.721791335719694546e-02
1.434517262624920297e+00
4.010326127205657620e+00
4.874432384047728384e+00
5.644253186222853103e+00
5.458988378184240098e+00
2.069520349999999898e+00
8.597852999999999746e-01
-2.287100309999999581e+00
-3.371718500000000063e+00
-5.303962699999999586e+00
-5.628117460000000349e+00
-5.213842660000000073e+00
-4.587643769999999677e+00
-2.069507600000000114e+00
-8.597722100000000367e-01
2.287111200000000011e+00
3.371729970000000076e+00
5.303974560000000338e+00
5.628128979999999615e+00
5.213854869999998698e+00
4.587655390000000111e+00
