1.177701800000000021e-01
1.359465399999999935e+00
4.108271180000000022e+00
4.870691080000000284e+00
5.692199529999999896e+00
5.528730679999999786e+00
3.941715059999999937e+00
2.948113409999999934e+00
-1.177715000000000012e-01
-1.359466679999999927e+00
-4.108271659999999770e+00
-4.870691869999999923e+00
-5.692200139999999742e+00
-5.528731320000000338e+00
-3.941715809999999820e+00
-2.948113849999999925e+00
2.211063431476738561e+00
3.431805430386585698e+00
5.268195467675422350e+00
5.633027143784547164e+00
5.239289154810625071e+00
4.534496890487922371e+00
2.141278441234726326e+00
7.797202602134319926e-01
-2.211064046962154972e+00
-3.431806222607693080e+00
-5.268195893326588219e+00
-5.633027529374790454e+00
-5.239289501930871396e+00
-4.534497309276795285e+00
-2.141279208254069477e+00
-7.797208274549071172e-01
3.952626587618733200e+00
4.832597765454070604e+00
5.583746619543593859e+00
5.395073237066747573e+00
3.943982764242538241e+00
2.797187472693967170e+00
-6.112060900701922657e-03
-1.439252132942291373e+00
-3.952627043299142162e+00
-4.832598156217152052e+00
-5.583746747370779140e+00
-5.395073376073222349e+00
-3.943983162795657194e+00
-2.797187929365168912e+00
6.111986600845676840e-03
1.439252042311831792e+00
5.098454183172175469e+00
5.466986607089196148e+00
5.092336821150957427e+00
4.380395465102925989e+00
2.103197471948379249e+00
7.278289506051743851e-01
-2.117965685176865342e+00
-3.351090278054909444e+00
-5.098454170675052133e+00
-5.466986481316889801e+00
-5.092336770646094024e+00
-4.380395514289218362e+00
-2.103197474320480875e+00
-7.278288797860184012e-01
2.117965674038305490e+00
3.351090212560420056e+00
5.502415748298066234e+00
5.316180688532254450e+00
3.887382470988369754e+00
2.755408193167352415e+00
-4.825505815961682668e-03
-1.419443942835200811e+00
-3.894207124108030715e+00
-4.762805873097413212e+00
-5.502415221400750234e+00
-5.316180204086432326e+00
-3.887382297965740197e+00
-2.755408057371440567e+00
4.825922567080568985e-03
1.419444303421289355e+00
3.894207210409768471e+00
4.762806085912502319e+00
5.088039715314845779e+00
4.373747715805363256e+00
2.103832943598969774e+00
7.239228665475742064e-01
-2.112769545938263605e+00
-3.349965568767538926e+00
-5.091740772042689045e+00
-5.461490115405579715e+00
-5.088039031016346136e+00
-4.373747204162182989e+00
-2.103832436011065177e+00
-7.239222345230122979e-01
2.112770121249777588e+00
3.349966017596081702e+00
5.091741325182690403e+00
5.461490852958320374e+00
3.895651590180319701e+00
2.764439001524751749e+00
-7.155817432987393416e-03
-1.420822078163292312e+00
-3.905770584241971211e+00
-4.773784694595571310e+00
-5.516438579847742218e+00
-5.330329238044481777e+00
-3.895650836390490923e+00
-2.764438224839944613e+00
7.156750967401898089e-03
1.420822999614300475e+00
3.905771351104657896e+00
4.773785452276390728e+00
5.516439590938010618e+00
5.330330229498312811e+00
2.109045164088986457e+00
7.268536418394211385e-01
-2.119610973859094472e+00
-3.358852216769103283e+00
-5.106627788788643763e+00
-5.476988638735291737e+00
-5.102251364871682071e+00
-4.386778693420001929e+00
-2.109044074078322506e+00
-7.268524910469642553e-01
2.119612113683431609e+00
3.358853296290850388e+00
5.106628950792654997e+00
5.476989865327248630e+00
5.102252583271598141e+00
4.386779836647306752e+00
-5.618951909483579227e-03
-1.425007395825262480e+00
-3.912065270092675462e+00
-4.783592935028202042e+00
-5.526877590861706047e+00
-5.340015049413247006e+00
-3.904118697930363702e+00
-2.768327186100747461e+00
5.620355387985865279e-03
1.425008789937498577e+00
3.912066703119575273e+00
4.783594375117278474e+00
5.526879080782447495e+00
5.340016539703234422e+00
3.904120135937417135e+00
2.768328615717034591e+00
-2.120445017511942698e+00
-3.357519161466077318e+00
-5.106470344283802199e+00
-5.476183722585623137e+00
-5.101194614027496854e+00
-4.386973081167069743e+00
-2.107706581738470142e+00
-7.279321243408496400e-01
2.120446729458338453e+00
3.357520877377825563e+00
5.106472109259530434e+00
5.476185480075535850e+00
5.101196371015736197e+00
4.386974832373246258e+00
2.107708294420152839e+00
7.279338347783745888e-01
-3.910735176026943094e+00
-4.781835753639240849e+00
-5.524903251443073593e+00
-5.338132452989881038e+00
-3.902656248283551399e+00
-2.767421391240482809e+00
5.714429559306920259e-03
1.424407068906107021e+00
3.910737250588157021e+00
4.781837801552565992e+00
5.524905253794049287e+00
5.338134455238687792e+00
3.902658285188060905e+00
2.767423442137401324e+00
-5.712432944005478748e-03
-1.424405072202057809e+00
-5.105883787750350677e+00
-5.476241185334054684e+00
-5.101579718004140673e+00
-4.386114347593647267e+00
-2.108837108111373926e+00
-7.266597780573160748e-01
2.119232791308581110e+00
3.358461292361560435e+00
5.105886103157352807e+00
5.476243470341835895e+00
5.101582016025622224e+00
4.386116664274625876e+00
2.108839435394108008e+00
7.266621031944638931e-01
-2.119230442156050387e+00
-3.358458953161233218e+00
-5.522426390262948459e+00
-5.335987815023448988e+00
-3.900228270267131148e+00
-2.767011737086676693e+00
6.671496145622153942e-03
1.422841704386927919e+00
3.909662572174318562e+00
4.779214430037428407e+00
5.522428968786144310e+00
5.335990395058122004e+00
3.900230888790832129e+00
2.767014381330079598e+00
-6.668872587187360534e-03
-1.422839069503668119e+00
-3.909659906721563605e+00
-4.779211803589357821e+00
-5.101185060836293417e+00
-4.385879459183525952e+00
-2.108588611410365576e+00
-7.267199343404689982e-01
2.119189332516909996e+00
3.358141050186243426e+00
5.105576421102901996e+00
5.475851333505771912e+00
5.101187944355353387e+00
4.385882370387475859e+00
2.108591544655296968e+00
7.267228659722655415e-01
-2.119186368282260702e+00
-3.358138104468876950e+00
-5.105573510938050674e+00
-5.475848442097031032e+00
-3.902037004967352285e+00
-2.766956187961578273e+00
5.694642783175489498e-03
1.424194463897929142e+00
3.910089581328450414e+00
4.781072048162247512e+00
5.524010420879482020e+00
5.337265305344130795e+00
3.902040233744051179e+00
2.766959429725652342e+00
-5.691390681139299641e-03
-1.424191212006640450e+00
-3.910086318090167712e+00
-4.781068811052244349e+00
-5.524007228094299116e+00
-5.337262111909917728e+00
-2.107353300773914473e+00
-7.274359060726369730e-01
2.119562378890083032e+00
3.356764604979043387e+00
5.104869013165424185e+00
5.474621330234330507e+00
5.099814933449080989e+00
4.385519406739615711e+00
2.107356854959433701e+00
7.274394590896655632e-01
-2.119558814665874813e+00
-3.356761042606034806e+00
-5.104865466215340319e+00
-5.474617796927213398e+00
-5.099811394157469202e+00
-4.385515869448508575e+00
5.756116136987037522e-03
1.424145258705478367e+00
3.910160838294201913e+00
4.781075558653724578e+00
5.524050495658640259e+00
5.337320149110881040e+00
3.902025537757759732e+00
2.767033128615452586e+00
-5.752238250978868560e-03
-1.424141381616941482e+00
-3.910156974870749202e+00
-4.781071697011172184e+00
-5.524046633041257870e+00
-5.337316283388860327e+00
-3.902021671053654828e+00
-2.767029261444175159e+00
2.119267483761620330e+00
3.358276353361905997e+00
5.105774829661891445e+00
5.476067394736946703e+00
5.101391442933913112e+00
4.386052868492938295e+00
2.108680168517567566e+00
7.267475918292080062e-01
-2.119263280960634432e+00
-3.358272163501398566e+00
-5.105770641618835981e+00
-5.476063205068127715e+00
-5.101387247086148768e+00
-4.386048672478898069e+00
-2.108675963377313334e+00
-7.267433872990225474e-01
3.909863589595648392e+00
4.779591132173679036e+00
5.522810620028773876e+00
5.336335101136493009e+00
3.900569333153534046e+00
2.767124158678329948e+00
-6.571834756268019051e-03
-1.423027252372146112e+00
-3.909859062443261646e+00
-4.779586616755842066e+00
-5.522806099218388276e+00
-5.336330565999027442e+00
-3.900564806725463018e+00
-2.767119643687097064e+00
6.576368352882691788e-03
1.423031773972292413e+00
5.105745633408492523e+00
5.476026594791418844e+00
5.101349285246628895e+00
4.386033841527977373e+00
2.108649322443389984e+00
7.267611986363714527e-01
-2.119264214048619532e+00
-3.358233095483816655e+00
-5.105740777181756229e+00
-5.476021724265607737e+00
-5.101344406976062729e+00
-4.386028984115638352e+00
-2.108644456411840284e+00
-7.267563338405906848e-01
2.119269065580527300e+00
3.358237953775694340e+00
5.524040459365094691e+00
5.337309641211025912e+00
3.902023622134645819e+00
2.767024606343928994e+00
-5.745202452930612755e-03
-1.424142297113595745e+00
-3.910143434444828259e+00
-4.781063331160118501e+00
-5.524035255502417918e+00
-5.337304432876639915e+00
-3.902018410602852150e+00
-2.767019407480728610e+00
5.750409127058119831e-03
1.424147492493413658e+00
3.910148634149145597e+00
4.781068528928575034e+00
5.099898457721393719e+00
4.385562364298777993e+00
2.107416820495849219e+00
7.274203486076356029e-01
-2.119555788901480220e+00
-3.356828508447477599e+00
-5.104920275969985433e+00
-5.474694671988428851e+00
-5.099892883059530035e+00
-4.385556809865716055e+00
-2.107411289176824187e+00
-7.274148086659107948e-01
2.119561337100769993e+00
3.356834063938506141e+00
5.104925818178408292e+00
5.474700216760848726e+00
3.902065233403653632e+00
2.767029540600745463e+00
-5.726209106573811741e-03
-1.424168938762963466e+00
-3.910157195200651081e+00
-4.781105290499605864e+00
-5.524074124421403553e+00
-5.337337692257777988e+00
-3.902059337877969991e+00
-2.767023666501913226e+00
5.732102927174406899e-03
1.424174831553058462e+00
3.910163105597372901e+00
4.781111201547757261e+00
5.524080027481879540e+00
5.337343596849964733e+00
2.108650421101264438e+00
7.267699347005832644e-01
-2.119271566913582205e+00
-3.358233258946377031e+00
-5.105751438791116925e+00
-5.476031025878235425e+00
-5.101353154030858761e+00
-4.386042089439211367e+00
-2.108644194478969780e+00
-7.267636969852578899e-01
2.119277824362664653e+00
3.358239527119574852e+00
5.105757722212714178e+00
5.476037309990899438e+00
5.101359410327782840e+00
4.386048323999306220e+00
-6.600543666764622196e-03
-1.422974866752359180e+00
-3.909825352755325056e+00
-4.779503558841839528e+00
-5.522730939674666217e+00
-5.336267281113966199e+00
-3.900491469942095168e+00
-2.767110783972197563e+00
6.607135762602992131e-03
1.422981468832007934e+00
3.909831991946069341e+00
4.779510203036831939e+00
5.522737568988363321e+00
5.336273892058049917e+00
3.900498042692090106e+00
2.767117349808398963e+00
-2.119198530453894058e+00
-3.358256721889099961e+00
-5.105690396834993372e+00
-5.475999303645382454e+00
-5.101340621386069252e+00
-4.385974032549915691e+00
-2.108686371987812613e+00
-7.266979603468689541e-01
2.119205508922756831e+00
3.358263716426482581e+00
5.105697436542858902e+00
5.476006329105199022e+00
5.101347567125356974e+00
4.385980931084905166e+00
2.108693301919748020e+00
7.267048944735787774e-01
-3.910005004106174464e+00
-4.780913076427914632e+00
-5.523857058746450832e+00
-5.337130298523751648e+00
-3.901904296129013350e+00
-2.766920836589494836e+00
5.736284652133386702e-03
1.424113452522084211e+00
3.910012382035448208e+00
4.780920476260851260e+00
5.523864423849584426e+00
5.337137602214960808e+00
3.901911553222046081e+00
2.766928103065405153e+00
-5.728974767846103933e-03
-1.424106143188207163e+00
-5.104602531227039997e+00
-5.474303726150825611e+00
-5.099506698972795071e+00
-4.385315307077537028e+00
-2.107179469735831034e+00
-7.274605942322061036e-01
2.119502540329864626e+00
3.356525649410929013e+00
5.104610321861129840e+00
5.474311488757022559e+00
5.099514346145689991e+00
4.385322903534194516e+00
2.107187146037677206e+00
7.274682884063614630e-01
-2.119494886311487303e+00
-3.356517942945969502e+00
-5.524237994826538767e+00
-5.337470162783638727e+00
-3.902253257015502630e+00
-2.767016185634227021e+00
5.624871382035533454e-03
1.424318833716091470e+00
3.910202811198439488e+00
4.781305551880984162e+00
5.524246090145651600e+00
5.337478193900937029e+00
3.902261259980995600e+00
2.767024200623753316e+00
-5.616832417915988696e-03
-1.424310776567301984e+00
-3.910194724822755763e+00
-4.781297418987440651e+00
-5.102161672261445347e+00
-4.386698519817947783e+00
-2.109012115436981194e+00
-7.268356043844369507e-01
2.119565571161368567e+00
3.358791804456871422e+00
5.106531718188923819e+00
5.476891894813755712e+00
5.102170059252657985e+00
4.386706890089542732e+00
2.109020594823754813e+00
7.268440899485207884e-01
-2.119557223034018723e+00
-3.358783426938867223e+00
-5.106523238544550480e+00
-5.476883431409410363e+00
-3.901433892218833854e+00
-2.768170335067002608e+00
6.893200427030306450e-03
1.423120800483331116e+00
3.911176059313148379e+00
4.780764451120194991e+00
5.524355180157397349e+00
5.337912681558820260e+00
3.901442735052060851e+00
2.768179187174872435e+00
-6.884405053551582998e-03
-1.423111986865122303e+00
-3.911167322405478597e+00
-4.780755701458318185e+00
-5.524346397610416126e+00
-5.337903905717640285e+00
-2.109855301171930098e+00
-7.270007511190298422e-01
2.120233552400309751e+00
3.360067271554418866e+00
5.108318803477998493e+00
5.478861220533098653e+00
5.104031224659247634e+00
4.388217620853715140e+00
2.109864529158284263e+00
7.270099742600015791e-01
-2.120224417284557017e+00
-3.360058149527722193e+00
-5.108309734773441413e+00
-5.478852145726511580e+00
-5.104022017009076428e+00
-4.388208408876907995e+00
5.717065759068137680e-03
1.424425627302393860e+00
3.910808298551589512e+00
4.781919989190223319e+00
5.525012125007075170e+00
5.338243872360522779e+00
3.902740260703579267e+00
2.767491364040604473e+00
-5.707583167641428964e-03
-1.424416013091411859e+00
-3.910798803301366977e+00
-4.781910623117676451e+00
-5.525002702735800852e+00
-5.338234301057246611e+00
-3.902730583049567326e+00
-2.767481824273988700e+00
2.117657387985220740e+00
3.352492524358967607e+00
5.099261165051478528e+00
5.468310391227411138e+00
5.093800082745032043e+00
4.380872700744685488e+00
2.104451784660156477e+00
7.271719349249462505e-01
-2.117647338855837447e+00
-3.352482459590308217e+00
-5.099251540956909245e+00
-5.468300772935697829e+00
-5.093789949476851930e+00
-4.380862580321826627e+00
-2.104442061700675382e+00
-7.271622041554627325e-01
3.899047210138398611e+00
4.768721144552902302e+00
5.509263427089202914e+00
5.322804475446845096e+00
3.892229882448318801e+00
2.758854489236211904e+00
-4.824078060486699723e-03
-1.421190678539142604e+00
-3.899036892310829838e+00
-4.768711161431123280e+00
-5.509253400445564886e+00
-5.322794061859235981e+00
-3.892219398216989923e+00
-2.758844309327999955e+00
4.834210847830098037e-03
1.421201077456689221e+00
5.085412220489293311e+00
5.454710790793247277e+00
5.081737174255705369e+00
4.368329896029959691e+00
2.101239537140009883e+00
7.230319285396858975e-01
-2.110125939507355941e+00
-3.345792496901561552e+00
-5.085402061291482312e+00
-5.454700544821669439e+00
-5.081726289677008346e+00
-4.368318885945567942e+00
-2.101229132937899813e+00
-7.230216000366053164e-01
2.110136865519181004e+00
3.345803288764114480e+00
5.515222678658896704e+00
5.329377763539268287e+00
3.894213418684806971e+00
2.764567905735408448e+00
-7.978554259075072708e-03
-1.419683706775463738e+00
-3.905480367058264957e+00
-4.772292594663854359e+00
-5.515211837095941760e+00
-5.329366709634858701e+00
-3.894202392519077183e+00
-2.764557028335348221e+00
7.989449917600531179e-03
1.419694723296628380e+00
3.905491372342625667e+00
4.772303426402943138e+00
5.156386057010292845e+00
4.433638469654772152e+00
2.131176605701568860e+00
7.349239594418862653e-01
-2.142437474954610011e+00
-3.394282586540192437e+00
-5.161033806923651213e+00
-5.535167522315713740e+00
-5.156374518952061337e+00
-4.433626841033430743e+00
-2.131165722951179564e+00
-7.349131199961402849e-01
2.142449199362400414e+00
3.394294221642888854e+00
5.161044794688629089e+00
5.535178555789636690e+00
3.994354307680482830e+00
2.876051976843861713e+00
-3.775281599891557038e-02
-1.435282602104721361e+00
-4.047727350126954171e+00
-4.905835403999862621e+00
-5.686605406454921408e+00
-5.502626667198699195e+00
-3.994342120262582618e+00
-2.876040102608270921e+00
3.776430757336302069e-02
1.435294563885651131e+00
4.047738656191989470e+00
4.905846510117826575e+00
5.686616881935649737e+00
5.502638195000123744e+00
2.069520349999999898e+00
8.597852999999999746e-01
-2.287100309999999581e+00
-3.371718500000000063e+00
-5.303962699999999586e+00
-5.628117460000000349e+00
-5.213842660000000073e+00
-4.587643769999999677e+00
-2.069507600000000114e+00
-8.597722100000000367e-01
2.287111200000000011e+00
3.371729970000000076e+00
5.303974560000000338e+00
5.628128979999999615e+00
5.213854869999998698e+00
4.587655390000000111e+00
