1.177701800000000021e-01
1.359465399999999935e+00
4.108271180000000022e+00
4.870691080000000284e+00
5.692199529999999896e+00
5.528730679999999786e+00
3.941715059999999937e+00
2.948113409999999934e+00
-1.177715000000000012e-01
-1.359466679999999927e+00
-4.108271659999999770e+00
-4.870691869999999923e+00
-5.692200139999999742e+00
-5.528731320000000338e+00
-3.941715809999999820e+00
-2.948113849999999925e+00
2.243336977488866513e+00
3.456748935451673610e+00
5.338149138286858886e+00
5.712797526004710136e+00
5.341464393923279985e+00
4.645177763712770691e+00
2.183337304511648203e+00
8.203860367504739459e-01
-2.243337672301166208e+00
-3.456749825180026381e+00
-5.338149572910291241e+00
-5.712797937602565490e+00
-5.341464787336525966e+00
-4.645178300196230126e+00
-2.183338094165462984e+00
-8.203866344925704324e-01
3.952328212197561363e+00
4.836204675757099558e+00
5.642147681153114824e+00
5.481355185859194457e+00
4.038532673720482968e+00
2.881918282214183336e+00
1.845317787745995655e-02
-1.419832340647899427e+00
-3.952328777542851057e+00
-4.836205111661917577e+00
-5.642147873747737741e+00
-5.481355423894055612e+00
-4.038533186280147902e+00
-2.881918831375329226e+00
-1.845332796582981397e-02
1.419832151406687393e+00
5.049713067942957601e+00
5.446997375919973017e+00
5.150784628735643800e+00
4.463858960332152570e+00
2.165313263766216245e+00
7.829421521237782677e-01
-2.074815732032287752e+00
-3.288874579831707834e+00
-5.049713115706990330e+00
-5.446997313253837625e+00
-5.150784716784112760e+00
-4.463859158110464520e+00
-2.165313393555735821e+00
-7.829422040667404215e-01
2.074815554292594122e+00
3.288874364428957975e+00
5.480949147743716665e+00
5.345556041290552507e+00
3.964619516151859369e+00
2.834376283499711935e+00
4.543715194631391813e-02
-1.355757521875547322e+00
-3.805786276265997969e+00
-4.669615867312649549e+00
-5.480948711407609863e+00
-5.345555681913615409e+00
-3.964619531979888478e+00
-2.834376325801034380e+00
-4.543690447731697779e-02
1.355757686698314091e+00
3.805786191384750605e+00
4.669615951986053837e+00
5.151881878853765251e+00
4.466332287844599236e+00
2.175625032284568494e+00
7.895141527339131216e-01
-2.051155901840721718e+00
-3.265459858490716183e+00
-5.024857635735258121e+00
-5.430980188899128258e+00
-5.151881377720016530e+00
-4.466331986751751693e+00
-2.175624733717134607e+00
-7.895137261307116905e-01
2.051156242355429704e+00
3.265460072509406952e+00
5.024858049787496839e+00
5.430980797488468070e+00
3.997381956630682964e+00
2.860230920315819603e+00
4.191989595911434913e-02
-1.364012478281413809e+00
-3.850717437448183844e+00
-4.723240955255536555e+00
-5.546435144441672627e+00
-5.405153760404116881e+00
-3.997381459455845665e+00
-2.860230394496115380e+00
-4.191920398742520620e-02
1.364013147917187974e+00
3.850717948483640463e+00
4.723241489370693991e+00
5.546435967832210601e+00
5.405154547126254094e+00
2.181685598974604900e+00
7.885859694612474824e-01
-2.087788607875693536e+00
-3.319757049125384274e+00
-5.113614724521990063e+00
-5.518131387323324866e+00
-5.208724426840912969e+00
-4.505058977952480781e+00
-2.181684787895807442e+00
-7.885850958535960409e-01
2.087789463034883664e+00
3.319757841004324916e+00
5.113615625398446163e+00
5.518132374715424504e+00
5.208725379864086236e+00
4.505059842529000491e+00
2.658440667995071865e-02
-1.391922968317449882e+00
-3.911685539869601769e+00
-4.798889159076026978e+00
-5.613430579547767252e+00
-5.451713567307529651e+00
-4.004653556312637086e+00
-2.854772818240382648e+00
-2.658331141582151100e-02
1.391924050874677077e+00
3.911686660838680663e+00
4.798890287557790124e+00
5.613431787146099694e+00
5.451714765649182226e+00
4.004654681877092059e+00
2.854773938383730947e+00
-2.116540097328717618e+00
-3.357821986226357858e+00
-5.167134190433056773e+00
-5.563635266311025340e+00
-5.213941889901367865e+00
-4.492717174343198394e+00
-2.155888423071185223e+00
-7.675934020728221174e-01
2.116541475339199341e+00
3.357823359435504695e+00
5.167135620403160878e+00
5.563636700944797120e+00
5.213943320543906523e+00
4.492718589650246841e+00
2.155889801960722441e+00
7.675947807818407354e-01
-3.950547155170526903e+00
-4.843384187258072515e+00
-5.637392440166303587e+00
-5.454072894240681535e+00
-3.972676096626125197e+00
-2.819619202315587714e+00
-1.401413507827291944e-03
1.416926871680627364e+00
3.950548869988333767e+00
4.843385873662308327e+00
5.637394086342923494e+00
5.454074541515078423e+00
3.972677775908364683e+00
2.819620899623977106e+00
1.403055375609684472e-03
-1.416925233199413103e+00
-5.209468947223311552e+00
-5.594978084609335767e+00
-5.200188139549590360e+00
-4.460774150491932488e+00
-2.121182759493220438e+00
-7.356651630140351728e-01
2.145612100670409639e+00
3.397239613099404476e+00
5.209470882739123176e+00
5.594979985632563491e+00
5.200190050190350632e+00
4.460776088689797803e+00
2.121184721535061435e+00
7.356671172922385482e-01
-2.145610129091561014e+00
-3.397237647736097266e+00
-5.650944029118163847e+00
-5.444645772117482352e+00
-3.932023593702329123e+00
-2.780813965137025612e+00
2.961710073307036173e-02
1.446861403403014723e+00
3.994440331612435280e+00
4.887278263396736655e+00
5.650946196027391899e+00
5.444647938814562771e+00
3.932025826316375205e+00
2.780816232288387368e+00
-2.961486245953541194e-02
-1.446859160005117939e+00
-3.994438050079608171e+00
-4.887276025144920766e+00
-5.174998765472314410e+00
-4.423496827432916056e+00
-2.085089760686975158e+00
-7.048097347492193743e-01
2.181656221169403942e+00
3.439968737178293878e+00
5.246838940243120142e+00
5.614887437777414725e+00
5.175001226469184701e+00
4.423499330973552190e+00
2.085092307855057392e+00
7.048122733644924809e-01
-2.181653656725719426e+00
-3.439966188600169783e+00
-5.246836434597894616e+00
-5.614884968405411847e+00
-3.892291469186755393e+00
-2.743430459227990337e+00
5.765116953485467655e-02
1.479943815901299642e+00
4.034996854398558597e+00
4.923723167206022211e+00
5.648806301140805175e+00
5.421506704370956164e+00
3.892294289058535028e+00
2.743433305304776137e+00
-5.764831910266721843e-02
-1.479940972049437420e+00
-4.034993991318912343e+00
-4.923720336518742080e+00
-5.648803534394441606e+00
-5.421503941019171435e+00
-2.051871366655413809e+00
-6.788269604085557241e-01
2.212472222700857749e+00
3.471326029206097008e+00
5.259547306718221016e+00
5.606742789031680552e+00
5.132358258456896749e+00
4.378718851782287480e+00
2.051874521987780753e+00
6.788301107489302932e-01
-2.212469063222570309e+00
-3.471322869138860234e+00
-5.259544168105672490e+00
-5.606739674820492958e+00
-5.132355149054565580e+00
-4.378715724370500162e+00
7.927274096412137427e-02
1.503183673658761599e+00
4.054978309902224964e+00
4.931075470959450868e+00
5.616704445023734671e+00
5.376485997653126958e+00
3.849741014127285421e+00
2.710867701831261467e+00
-7.926926446800346138e-02
-1.503180200939979727e+00
-4.054974841101277150e+00
-4.931072008335910084e+00
-5.616701001985985542e+00
-5.376482552293740724e+00
-3.849737549140512360e+00
-2.710864230698478039e+00
2.228636021383197718e+00
3.485875071954277260e+00
5.243173323265147623e+00
5.572195191501108091e+00
5.082214393131909702e+00
4.334461924632225127e+00
2.031140043246464799e+00
6.613452570310036638e-01
-2.228632209154632005e+00
-3.485871272927065778e+00
-5.243169527928202456e+00
-5.572191400055777954e+00
-5.082210596216072851e+00
-4.334458122549937897e+00
-2.031136225258447503e+00
-6.613414461504188990e-01
4.050481522527854317e+00
4.908865949226153269e+00
5.563410455682884503e+00
5.321160331852218484e+00
3.815899240909223167e+00
2.691487287463986355e+00
-8.914760264130561218e-02
-1.511576871553425239e+00
-4.050477369071027844e+00
-4.908861810110782820e+00
-5.563406315933931090e+00
-5.321156178691374805e+00
-3.815895091235779635e+00
-2.691483148885598808e+00
8.915175734440103361e-02
1.511581012015535519e+00
5.201974038133412748e+00
5.518633261029309622e+00
5.034787276880352991e+00
4.302332975475163579e+00
2.025246843815154296e+00
6.589422539360034747e-01
-2.228412124246613946e+00
-3.477489138423622617e+00
-5.201969541588617574e+00
-5.518628757737618962e+00
-5.034782755956684674e+00
-4.302328474769495870e+00
-2.025242335780820913e+00
-6.589377507929253808e-01
2.228416616657775684e+00
3.477493636099932672e+00
5.508331620717989097e+00
5.274581157217321348e+00
3.804040873294993741e+00
2.690395484273155446e+00
-8.289473162979366094e-02
-1.506931848146456421e+00
-4.025026601186985076e+00
-4.868525458913866899e+00
-5.508326763526760317e+00
-5.274576288670234980e+00
-3.804035994439878277e+00
-2.690390615572999522e+00
8.289960149564937208e-02
1.506936705989466052e+00
4.025031462913346125e+00
4.868530309991604632e+00
5.004424715225885834e+00
4.291779617953329407e+00
2.035767838228973226e+00
6.717023442040574999e-01
-2.212742687554175358e+00
-3.449541283496583066e+00
-5.148232268915652554e+00
-5.461838652268824923e+00
-5.004419453640442050e+00
-4.291774371194777338e+00
-2.035762613298075951e+00
-6.716971139519203327e-01
2.212747930758184101e+00
3.449546530771454123e+00
5.148237491639832797e+00
5.461843871834896724e+00
3.814067653467950070e+00
2.708508295794888276e+00
-6.502633978285873861e-02
-1.487737373725860346e+00
-3.985530070071623854e+00
-4.818504164266032674e+00
-5.464233524194168190e+00
-5.247753363146452799e+00
-3.814062040065467674e+00
-2.708502698489568150e+00
6.503195775252809674e-02
1.487742991270417869e+00
3.985535709073127819e+00
4.818509793790172857e+00
5.464239130694297231e+00
5.247758975573588280e+00
2.063142100676937041e+00
6.942207227107025647e-01
-2.184715407773666573e+00
-3.413420933895760623e+00
-5.100326601173731156e+00
-5.422377833622888943e+00
-5.003415364308713364e+00
-4.306850418762662613e+00
-2.063136118682196152e+00
-6.942147280731987280e-01
2.184721429690609007e+00
3.413426966614094837e+00
5.100332641608064321e+00
5.422383865821585047e+00
5.003421359082720343e+00
4.306856394801606314e+00
-4.034439589959024075e-02
-1.458643099393327480e+00
-3.942096730002096372e+00
-4.771687860245803492e+00
-5.443829416571173141e+00
-5.248390302786543948e+00
-3.843070034672289026e+00
-2.740481685961192237e+00
4.035078586015770907e-02
1.458649501220344424e+00
3.942103180034588483e+00
4.771694315923732610e+00
5.443835831362688893e+00
5.248396686660679045e+00
3.843076381698112609e+00
2.740488034849287491e+00
-2.151644413017429258e+00
-3.373831391072720898e+00
-5.067192147846196981e+00
-5.406123927530408935e+00
-5.028192186800468200e+00
-4.342532430954123335e+00
-2.096206619173252239e+00
-7.221989406419502266e-01
2.151651235868786038e+00
3.373838237328653289e+00
5.067199046694025100e+00
5.406130800373047940e+00
5.028198943574230029e+00
4.342539136321417637e+00
2.096213374375616390e+00
7.222057072152956447e-01
-3.905388518027131717e+00
-4.743400820909534410e+00
-5.453792536214566056e+00
-5.277403982216643641e+00
-3.887216383990045543e+00
-2.777203490462056390e+00
1.205343174007699955e-02
1.429353779092104038e+00
3.905395787786352546e+00
4.743408123191128922e+00
5.453799785850890203e+00
5.277411147073711284e+00
3.887223499529818049e+00
2.777210622882385849e+00
-1.204624308796329799e-02
-1.429346590663285177e+00
-5.057389076586131793e+00
-5.416923067361250510e+00
-5.072200199950558819e+00
-4.389330982464831443e+00
-2.126730489564632176e+00
-7.495025078505258564e-01
2.120830099582544204e+00
3.339576698505558383e+00
5.057396799645932361e+00
5.416930762461460880e+00
5.072207755128330220e+00
4.389338494061836293e+00
2.126738085757772900e+00
7.495101239699025752e-01
-2.120822527575417560e+00
-3.339569073477511640e+00
-5.492799796346337970e+00
-5.329513714495011101e+00
-3.934356188591500825e+00
-2.812451421191362932e+00
-1.165451379144434238e-02
1.403794490449738142e+00
3.885607474177652954e+00
4.739287965651000079e+00
5.492807846466514654e+00
5.329521703813976607e+00
3.934364169282434709e+00
2.812459411275935128e+00
1.166251669805356411e-02
-1.403786471504113509e+00
-3.885599449352195034e+00
-4.739279898285125192e+00
-5.137969691100874314e+00
-4.445655981051736205e+00
-2.156311113576445671e+00
-7.703985546558590469e-01
2.101311926622948523e+00
3.327994739335652596e+00
5.082258253145047533e+00
5.464000511748484001e+00
5.137978090745367155e+00
4.445664384032381733e+00
2.156319612182500123e+00
7.704070509382959786e-01
-2.101303584396507773e+00
-3.327986391080824280e+00
-5.082249840296261034e+00
-5.463992098643219109e+00
-3.981285972169778198e+00
-2.846023474533661002e+00
-2.635360837606845821e-02
1.387485819391912401e+00
3.892066659288340169e+00
4.764178641256505031e+00
5.558899466494570341e+00
5.400852258794912153e+00
3.981294892408472119e+00
2.846032384867412723e+00
2.636244214067390637e-02
-1.387476969036695484e+00
-3.892057930552343947e+00
-4.764169943240343486e+00
-5.558890713672968609e+00
-5.400843465794594955e+00
-2.177698960069251566e+00
-7.853591846851258884e-01
2.094775465206204945e+00
3.331327607287631221e+00
5.127824568717517906e+00
5.527685680104258203e+00
5.206442255282203391e+00
4.499883125467851741e+00
2.177708264805432670e+00
7.853684846514978890e-01
-2.094766273655158884e+00
-3.331318443772971705e+00
-5.127815512896906291e+00
-5.527676628009960957e+00
-5.206433007949706315e+00
-4.499873846660329413e+00
-3.605736132843289504e-02
1.378904693323240727e+00
3.898266543254546246e+00
4.789978447646261905e+00
5.615346607073467666e+00
5.457748639439978788e+00
4.013624663952020555e+00
2.862970833050126895e+00
3.606692781791748931e-02
-1.378894976428410635e+00
-3.898256935830548553e+00
-4.789968988707883568e+00
-5.615337176397828145e+00
-5.457739045062488081e+00
-4.013614942519218687e+00
-2.862961242419891583e+00
2.078233079681466755e+00
3.312475437158961533e+00
5.132211616933027187e+00
5.544221090047687817e+00
5.223980510285285206e+00
4.509211036349819679e+00
2.172856075709930668e+00
7.874704094526990827e-01
-2.078222871850052389e+00
-3.312465174689530389e+00
-5.132201740147640301e+00
-5.544211308329239252e+00
-5.223970430731323056e+00
-4.509200974335769274e+00
-2.172846322171400502e+00
-7.874606096258933707e-01
3.867146745497278104e+00
4.766272596788801330e+00
5.602382295355068820e+00
5.444206480352276500e+00
3.993383335739314255e+00
2.839952136393162796e+00
3.889864015419970678e-02
-1.365356820145708028e+00
-3.867136040113386297e+00
-4.766262150945006937e+00
-5.602372057791829896e+00
-5.444196122269326921e+00
-3.993373014566999224e+00
-2.839942032847428965e+00
-3.888842275668406845e-02
1.365367341068511209e+00
5.108314835508860341e+00
5.521863610878813056e+00
5.195226875404551414e+00
4.474735673412822301e+00
2.153862183584411394e+00
7.718539194552902494e-01
-2.062883686729516608e+00
-3.297286501654798307e+00
-5.108304060916390554e+00
-5.521852927427119084e+00
-5.195216190977150816e+00
-4.474724991936601448e+00
-2.153851851611904067e+00
-7.718435540108145032e-01
2.062894750554991052e+00
3.297297687129211230e+00
5.615662954394299966e+00
5.449228001338373595e+00
3.985199985421890911e+00
2.835813292601051305e+00
2.273277410190887790e-02
-1.381310813345162147e+00
-3.897822344617633661e+00
-4.792457056849648289e+00
-5.615651871556656793e+00
-5.449217077181891966e+00
-3.985189332704184739e+00
-2.835802611970023257e+00
-2.272186254025752167e-02
1.381321860796601131e+00
3.897833839110035559e+00
4.792468557076636770e+00
5.291558789561692677e+00
4.557212642083234400e+00
2.184523604866204671e+00
7.731514811855483282e-01
-2.147148805582261399e+00
-3.409075599184120176e+00
-5.247163931117199809e+00
-5.650124664107383232e+00
-5.291547553133380433e+00
-4.557201332342853739e+00
-2.184512845458817409e+00
-7.731406897227880437e-01
2.147160549506003768e+00
3.409087502727336183e+00
5.247175389644024968e+00
5.650136018275912164e+00
4.079987674948931442e+00
2.956005670240361649e+00
-4.219164200127996367e-02
-1.435751894970085818e+00
-4.116054875694823423e+00
-4.982757394800300332e+00
-5.813843055366436197e+00
-5.636733541744506581e+00
-4.079975616429615926e+00
-2.955993936903870800e+00
4.220309662168083426e-02
1.435763745999786734e+00
4.116066467446676036e+00
4.982768724677124617e+00
5.813854526585860327e+00
5.636744930826768751e+00
2.069520349999999898e+00
8.597852999999999746e-01
-2.287100309999999581e+00
-3.371718500000000063e+00
-5.303962699999999586e+00
-5.628117460000000349e+00
-5.213842660000000073e+00
-4.587643769999999677e+00
-2.069507600000000114e+00
-8.597722100000000367e-01
2.287111200000000011e+00
3.371729970000000076e+00
5.303974560000000338e+00
5.628128979999999615e+00
5.213854869999998698e+00
4.587655390000000111e+00
