-4.719250199999999729e-01
-4.719232300000000269e-01
-4.719233999999999374e-01
-4.719252500000000738e-01
-4.719257399999999825e-01
-4.719244200000000111e-01
-4.719238900000000125e-01
-4.719245699999999877e-01
-4.719238700000000786e-01
-4.719227999999999756e-01
-4.719226300000000096e-01
-4.719236800000000120e-01
-4.719239100000000020e-01
-4.719228100000000259e-01
-4.719233600000000139e-01
-4.719250500000000126e-01
5.097282754363239299e-01
5.085895309560667377e-01
5.066850838400169810e-01
5.066927306439373835e-01
4.904829448168473993e-01
4.916958114595416651e-01
4.936138236970168403e-01
4.940094160880261209e-01
5.097295513650981214e-01
5.085909155130923232e-01
5.066864048930380671e-01
5.066942797929773201e-01
4.904840951198174426e-01
4.916963591408316514e-01
4.936138430294627066e-01
4.940091851685509683e-01
1.610367850391582811e+00
1.608843462319816897e+00
1.600911006882747456e+00
1.598814532784670783e+00
1.594665013874223769e+00
1.596452986825666720e+00
1.605327340999629815e+00
1.607395353608374489e+00
1.610369232490847846e+00
1.608844886635098170e+00
1.600912378563494443e+00
1.598815713576210218e+00
1.594665529179311259e+00
1.596453186327094320e+00
1.605326799892752954e+00
1.607394401424038444e+00
2.722078301753191543e+00
2.721909094618010005e+00
2.717260052068753318e+00
2.719496577792519521e+00
2.724175887846209676e+00
2.725201855312543220e+00
2.729402302897608656e+00
2.726617992584102979e+00
2.722079702199389661e+00
2.721910504009739551e+00
2.717261105716038738e+00
2.719497267070329016e+00
2.724175882500068369e+00
2.725201505806064795e+00
2.729401255486294531e+00
2.726616744896762867e+00
3.845601896699809785e+00
3.847602157717991300e+00
3.851930100732368967e+00
3.854670119632235714e+00
3.858376495680199358e+00
3.856220035899455389e+00
3.850913925548297367e+00
3.848595771095722817e+00
3.845603283662360816e+00
3.847603368477603425e+00
3.851930631361001556e+00
3.854670248697890322e+00
3.858375923014932152e+00
3.856219185905876312e+00
3.850912669430645696e+00
3.848594384624941966e+00
4.973145237760488335e+00
4.978018115741281946e+00
4.985143503555673483e+00
4.984415216330875253e+00
4.977924173685605247e+00
4.973049678183093292e+00
4.966378599815516104e+00
4.967411784332264268e+00
4.973146277449223440e+00
4.978018912034115395e+00
4.985143451354037580e+00
4.984414753852806079e+00
4.977923247317828093e+00
4.973048496415835018e+00
4.966377090692510876e+00
4.967410395851605820e+00
6.112694494969302283e+00
6.115833508181911959e+00
6.112165982949981924e+00
6.105968147056755058e+00
6.091790066269238579e+00
6.089098209535640294e+00
6.092263245923409620e+00
6.098326947318659208e+00
6.112695114194093726e+00
6.115833716965600964e+00
6.112165396903170844e+00
6.105967286867561405e+00
6.091788728791120100e+00
6.089096742909410054e+00
6.092261893601158995e+00
6.098325782683652108e+00
7.246232247119769987e+00
7.242120761745643343e+00
7.223331010668846197e+00
7.215577754115740206e+00
7.207945240201669712e+00
7.211984774170763224e+00
7.230431590057921909e+00
7.238592917432902674e+00
7.246232237374058194e+00
7.242120323735979248e+00
7.223330019006241720e+00
7.215576495942479518e+00
7.207943695749475133e+00
7.211983346226506164e+00
7.230430525037641054e+00
7.238592107229837147e+00
8.359288565362536616e+00
8.349014166609299181e+00
8.328037624687260276e+00
8.325958157329736764e+00
8.337549554197691393e+00
8.348113889863737924e+00
8.369488142066987990e+00
8.371624012185932884e+00
8.359287977108813550e+00
8.349013258301742013e+00
8.328036248127567376e+00
8.325956664640088434e+00
8.337548125397123755e+00
8.348112647308013834e+00
8.369487543786927830e+00
8.371623832210293159e+00
9.462687486219342858e+00
9.453823580773594415e+00
9.449175412555794296e+00
9.456732271432311876e+00
9.483469991675418598e+00
9.492683891686768405e+00
9.496535250495513836e+00
9.488959580690917051e+00
9.462686456407215729e+00
9.453822313325026983e+00
9.449173840123011203e+00
9.456730736194289832e+00
9.483468851393670462e+00
9.492683082576261810e+00
9.496535318257151914e+00
9.488960053661489980e+00
1.057148214649855689e+01
1.057164529147088139e+01
1.059057219860651777e+01
1.060341570780708764e+01
1.062403500415648061e+01
1.062347823115962875e+01
1.060431015850678804e+01
1.059217864021467825e+01
1.057148072472694977e+01
1.057164371260564195e+01
1.059057071466226674e+01
1.060341443234639058e+01
1.062403439377375314e+01
1.062347808502830304e+01
1.060431081735053027e+01
1.059217956100249403e+01
1.169839164621055083e+01
1.170887061683871622e+01
1.173752112450804930e+01
1.174494693432080794e+01
1.174160613674722065e+01
1.173154104049510416e+01
1.170385899334482893e+01
1.169634327264970075e+01
1.169839000784730132e+01
1.170886904327372591e+01
1.173751997604838060e+01
1.174494612861310827e+01
1.174160621014753758e+01
1.173154152653599169e+01
1.170386010873950333e+01
1.169634464560501286e+01
1.284620392304044145e+01
1.285849718793065222e+01
1.287199734794063488e+01
1.286804774585040789e+01
1.284454843695597503e+01
1.283298394846608836e+01
1.281838269203961644e+01
1.282191836287872988e+01
1.284620239291033883e+01
1.285849588972218704e+01
1.287199674306148012e+01
1.286804759488490291e+01
1.284454913182887381e+01
1.283298495532268468e+01
1.281838423442730601e+01
1.282192002294994460e+01
1.399224311833278200e+01
1.399566625087961214e+01
1.398392090767340257e+01
1.397285043806863314e+01
1.394888786571885042e+01
1.394485455173889932e+01
1.395587547280767637e+01
1.396786103954355696e+01
1.399224196886198612e+01
1.399566544886202202e+01
1.398392098843865305e+01
1.397285094071361478e+01
1.394888909628852680e+01
1.394485603656753980e+01
1.395587719325657794e+01
1.396786267781181223e+01
1.511532863215072453e+01
1.510824671777466577e+01
1.508362426503412479e+01
1.507464924819785956e+01
1.507049650250601935e+01
1.507774178113574770e+01
1.510367844892380695e+01
1.511280503640942818e+01
1.511532804534473406e+01
1.510824656719755410e+01
1.508362500847865029e+01
1.507465035212822535e+01
1.507049815093650835e+01
1.507774352684267605e+01
1.510368002292257117e+01
1.511280635480970247e+01
1.622099961086468412e+01
1.621062011378581147e+01
1.619497764659060479e+01
1.619585865554865833e+01
1.621515067523829146e+01
1.622643433147047531e+01
1.624118070868464159e+01
1.623972006333689322e+01
1.622099971509568306e+01
1.621062066113615074e+01
1.619497898046733297e+01
1.619586026632016740e+01
1.621515247457779552e+01
1.622643601801420843e+01
1.624118188101866167e+01
1.623972086540604209e+01
1.732549335443742322e+01
1.732090607887036882e+01
1.732897334724136229e+01
1.733884266829656795e+01
1.736103042060486601e+01
1.736508837057793997e+01
1.735603391762278136e+01
1.734702102043542737e+01
1.732549416179230306e+01
1.732090727388527895e+01
1.732897509935157743e+01
1.733884451221621958e+01
1.736103204656173205e+01
1.736508971699746695e+01
1.735603448034697038e+01
1.734702114664711203e+01
1.844570315081975309e+01
1.845156305999875812e+01
1.847496626450272217e+01
1.848319228579929430e+01
1.848556394705705230e+01
1.847976665714667988e+01
1.845774848670892254e+01
1.844979332544472328e+01
1.844570458892864906e+01
1.845156475478915326e+01
1.847496812937507826e+01
1.848319403573178121e+01
1.848556513232542287e+01
1.847976745113079744e+01
1.845774834754124782e+01
1.844979270314034991e+01
1.958860928751687780e+01
1.959871068606815570e+01
1.961206652539010520e+01
1.961062061155390879e+01
1.959281640458553397e+01
1.958369323248430405e+01
1.956956621964274134e+01
1.957037696635136115e+01
1.958861112686881256e+01
1.959871258750483136e+01
1.961206817913330269e+01
1.961062198493380393e+01
1.959281695905077214e+01
1.958369332133603180e+01
1.956956534109933799e+01
1.957037566336011025e+01
2.073346511517787150e+01
2.073681840589661007e+01
2.072724968368801157e+01
2.071877768394152142e+01
2.069848186160900383e+01
2.069464046452963402e+01
2.070296902532721717e+01
2.071226798585801632e+01
2.073346703285280768e+01
2.073682019602382098e+01
2.072725088354758327e+01
2.071877846612157725e+01
2.069848166798261957e+01
2.069463979014829746e+01
2.070296751054011253e+01
2.071226620626123704e+01
2.185753211368517057e+01
2.185143477030844039e+01
2.182966712686491917e+01
2.182244265123311777e+01
2.181915350198401526e+01
2.182520413211448584e+01
2.184837533382449593e+01
2.185598584045265369e+01
2.185753379244249572e+01
2.185143618066856064e+01
2.182966767198849922e+01
2.182244269478265153e+01
2.181915254081849653e+01
2.182520275270231380e+01
2.184837343174894286e+01
2.185598388583596829e+01
2.296454747193415358e+01
2.295553083100746150e+01
2.294212363194105819e+01
2.294356557805912900e+01
2.296211848479369522e+01
2.297214740640423614e+01
2.298504278046442550e+01
2.298293173021483682e+01
2.296454868084720147e+01
2.295553162889818921e+01
2.294212340204181899e+01
2.294356484147618858e+01
2.296211688105917759e+01
2.297214556289712206e+01
2.298504083581190827e+01
2.298292991196956336e+01
2.407022786061501307e+01
2.406686151703833687e+01
2.407599984194349219e+01
2.408583502424848533e+01
2.410712145100576009e+01
2.411008530922395821e+01
2.409957709347139598e+01
2.409047664259121646e+01
2.407022838061011782e+01
2.406686154179445225e+01
2.407599882983526385e+01
2.408583359469265162e+01
2.410711948903794166e+01
2.411008331302444674e+01
2.409957538795858767e+01
2.409047522717366618e+01
2.519114156548311101e+01
2.519801542819951479e+01
2.522210180882126096e+01
2.523008494470267848e+01
2.523099469669874395e+01
2.522398289792378634e+01
2.520114587366356673e+01
2.519362991669132157e+01
2.519114129465814855e+01
2.519801464886776543e+01
2.522210016520388720e+01
2.523008305825403141e+01
2.523099272462063425e+01
2.522398106451025512e+01
2.520114466224239536e+01
2.519362913713125707e+01
2.633492256626134775e+01
2.634613579514030235e+01
2.635968515441985716e+01
2.635724533784520318e+01
2.633702329151898880e+01
2.632680887309460971e+01
2.631297179628158744e+01
2.631473621827746001e+01
2.633492151798439806e+01
2.634613433356020451e+01
2.635968317486480217e+01
2.635724332994702124e+01
2.633702158473185762e+01
2.632680744289036667e+01
2.631297127648255696e+01
2.631473621680899200e+01
2.748166459506116510e+01
2.748567403473751369e+01
2.747425155066310509e+01
2.746377578699809874e+01
2.744108926563118800e+01
2.743676828219055608e+01
2.744677451976093607e+01
2.745787489913635682e+01
2.748166295062304343e+01
2.748567212769478374e+01
2.747424954627414451e+01
2.746377392646618887e+01
2.744108805805014484e+01
2.743676751564356664e+01
2.744677481099386185e+01
2.745787567939546747e+01
2.860738172124503720e+01
2.860024590203676098e+01
2.857424166183184155e+01
2.856461505736233519e+01
2.856019889576813497e+01
2.856705895235210590e+01
2.859412518393664016e+01
2.860434170041359536e+01
2.860737971554053516e+01
2.860024385918980983e+01
2.857423993641313231e+01
2.856461362270558624e+01
2.856019841683001914e+01
2.856705899080049349e+01
2.859412619765178576e+01
2.860434314094907648e+01
2.971402602224283029e+01
2.970197134832499941e+01
2.968329462731486501e+01
2.968295846579695052e+01
2.970334312318607317e+01
2.971632607306307250e+01
2.973503526981082956e+01
2.973475315087993565e+01
2.971402399388025373e+01
2.970196947591580283e+01
2.968329341192265858e+01
2.968295773737123255e+01
2.970334345101857920e+01
2.971632682625652677e+01
2.973503686568427185e+01
2.973475507245840532e+01
3.081611982024021046e+01
3.080851938322130223e+01
3.081368192436538678e+01
3.082405148332684064e+01
3.085228433820763527e+01
3.085986582499954878e+01
3.085337918827526593e+01
3.084334642224595768e+01
3.081611807714818596e+01
3.080851794589374748e+01
3.081368150265163308e+01
3.082405157187061207e+01
3.085228529034884204e+01
3.085986718644420179e+01
3.085338121843302872e+01
3.084334851739646055e+01
3.193012392896119067e+01
3.193336855204158908e+01
3.195905225980146014e+01
3.197139458882639929e+01
3.198301025909496786e+01
3.197947399214298159e+01
3.195428183817310597e+01
3.194255931478644683e+01
3.193012272977759736e+01
3.193336788730695730e+01
3.195905262244631118e+01
3.197139524871182914e+01
3.198301176467312246e+01
3.197947592514386272e+01
3.195428392536705431e+01
3.194256121178544205e+01
3.306736071578655611e+01
3.307853172165614808e+01
3.310261956666123950e+01
3.310704235329355782e+01
3.309479170571687945e+01
3.308415193453813430e+01
3.306019807200326710e+01
3.305557419338271785e+01
3.306736035367219984e+01
3.307853184175407790e+01
3.310262041937710364e+01
3.310704359680195807e+01
3.309479374005947250e+01
3.308415406130360736e+01
3.306019983349892755e+01
3.305557563583560210e+01
3.421308104831880570e+01
3.422245555454946953e+01
3.422710533383466469e+01
3.422207092948035978e+01
3.419845650015837890e+01
3.418921510331836089e+01
3.418379120085997158e+01
3.418903535584701103e+01
3.421308133438111554e+01
3.422245623329737185e+01
3.422710683135613152e+01
3.422207276574548729e+01
3.419845855823656677e+01
3.418921701394010881e+01
3.418379236030313706e+01
3.418903604111345373e+01
3.534497372876129617e+01
3.534649480680980815e+01
3.533371848713970564e+01
3.532503506620648892e+01
3.530928656591106574e+01
3.530780899373501569e+01
3.532085572897469916e+01
3.532984058499864233e+01
3.534497456983906005e+01
3.534649605669719108e+01
3.533372050308377510e+01
3.532503705736075972e+01
3.530928821477778001e+01
3.530781047548455831e+01
3.532085617930079735e+01
3.532984048083615392e+01
3.646351083273994220e+01
3.645909778041968252e+01
3.644433846302864310e+01
3.643930704465974202e+01
3.644029619854766366e+01
3.644514999236201191e+01
3.645972904158276151e+01
3.646463386241746463e+01
3.646351228176330750e+01
3.645909959492715302e+01
3.644434038908343609e+01
3.643930882604875876e+01
3.644029741324477101e+01
3.644515072719831039e+01
3.645972874521946494e+01
3.646463322855719014e+01
3.757852705659249892e+01
3.757350898364712322e+01
3.756951360824865560e+01
3.757039040459487467e+01
3.757894857805350597e+01
3.758376187866338825e+01
3.758726402536884592e+01
3.758688236852482589e+01
3.757852904419429052e+01
3.757351092800340808e+01
3.756951521150310924e+01
3.757039186712491130e+01
3.757894896804553042e+01
3.758376170879498801e+01
3.758726331724437841e+01
3.758688127085144259e+01
3.869720352176413058e+01
3.869609138998639963e+01
3.870118476056291712e+01
3.870426871436175986e+01
3.870728709889939978e+01
3.870862238642533271e+01
3.870439745831333767e+01
3.870136158251519021e+01
3.869720550236343826e+01
3.869609323938256296e+01
3.870118581595938423e+01
3.870426930231146656e+01
3.870728686347803205e+01
3.870862180710823708e+01
3.870439614748641333e+01
3.870135993894269433e+01
3.983042626463644353e+01
3.983217036191614113e+01
3.983492676658847387e+01
3.983686104661061478e+01
3.983147146660449778e+01
3.983056557180180590e+01
3.982708995401964103e+01
3.982462339175501853e+01
3.983042792117330322e+01
3.983217161716171972e+01
3.983492726776902515e+01
3.983686116031901747e+01
3.983147053815503114e+01
3.983056429132821563e+01
3.982708830283125678e+01
3.982462155809588467e+01
4.095887969251529626e+01
4.095984883401854404e+01
4.095334529938141799e+01
4.095100209362236399e+01
4.094449801857313531e+01
4.094349276015324079e+01
4.094889393053486515e+01
4.095150577220052668e+01
4.095888081076743958e+01
4.095984966598992116e+01
4.095334520045452109e+01
4.095100131648881359e+01
4.094449651902382215e+01
4.094349122539451713e+01
4.094889221013822578e+01
4.095150408533678643e+01
4.206028340466174598e+01
4.206135326142143072e+01
4.204537817112986176e+01
4.204506554072246871e+01
4.204794322669602735e+01
4.204691483615333425e+01
4.206253201261010588e+01
4.206328394703368190e+01
4.206028403758408984e+01
4.206135385368087043e+01
4.204537681943058658e+01
4.204506393407499587e+01
4.204794205925170303e+01
4.204691308877745115e+01
4.206253017545692785e+01
4.206328298077403360e+01
4.302619911034497591e+01
4.302619971708586633e+01
4.302620126563345337e+01
4.302620136524760852e+01
4.302620159164322189e+01
4.302620210782585985e+01
4.302620019704507115e+01
4.302619821381748011e+01
4.302619817759406828e+01
4.302620032382655069e+01
4.302620121129849906e+01
4.302619940918764030e+01
4.302619882961425191e+01
4.302619997064913804e+01
4.302619942729918989e+01
4.302619873000011097e+01
