-4.719250199999999729e-01
-4.719232300000000269e-01
-4.719233999999999374e-01
-4.719252500000000738e-01
-4.719257399999999825e-01
-4.719244200000000111e-01
-4.719238900000000125e-01
-4.719245699999999877e-01
-4.719238700000000786e-01
-4.719227999999999756e-01
-4.719226300000000096e-01
-4.719236800000000120e-01
-4.719239100000000020e-01
-4.719228100000000259e-01
-4.719233600000000139e-01
-4.719250500000000126e-01
6.271338164979876062e-01
6.271337755001751280e-01
6.271338722562835866e-01
6.271335829977866538e-01
6.271331263181849636e-01
6.271334260505453395e-01
6.271345297265765728e-01
6.271348199751016761e-01
6.271350669049386983e-01
6.271351262340444377e-01
6.271351933935168654e-01
6.271351428777736103e-01
6.271342754533810737e-01
6.271339568632100514e-01
6.271344777441908436e-01
6.271345277869598833e-01
1.836730905216995335e+00
1.836730683045567192e+00
1.836730354930312004e+00
1.836730397966556794e+00
1.836730802246854699e+00
1.836731051869125331e+00
1.836731765851180365e+00
1.836732138110720003e+00
1.836732293619726786e+00
1.836732118679509584e+00
1.836731744999153149e+00
1.836731587917286079e+00
1.836731266671201901e+00
1.836731188550132954e+00
1.836731177069332643e+00
1.836731154386037845e+00
3.058447152860265472e+00
3.058446983979866474e+00
3.058447173182245571e+00
3.058447365506546056e+00
3.058447787250222927e+00
3.058448127404167938e+00
3.058448879249406005e+00
3.058448976942488962e+00
3.058448597884245057e+00
3.058448428081977255e+00
3.058448206641349643e+00
3.058448019603854373e+00
3.058447720327835739e+00
3.058447719231601081e+00
3.058447785257485840e+00
3.058447681943869956e+00
4.282972444935705170e+00
4.282972964899771640e+00
4.282973303733843551e+00
4.282973089402526412e+00
4.282973750356140918e+00
4.282974544922068638e+00
4.282974769026568040e+00
4.282974180181353674e+00
4.282973842137493214e+00
4.282974161871503149e+00
4.282973787049055403e+00
4.282973162283490787e+00
4.282973109764633080e+00
4.282973632555193255e+00
4.282973444084704262e+00
4.282972725082333731e+00
5.502155930452453880e+00
5.502156065336212265e+00
5.502156038071404076e+00
5.502156418207561295e+00
5.502157537663172171e+00
5.502157663942061738e+00
5.502156976820071321e+00
5.502156727846660544e+00
5.502156928220242271e+00
5.502156811399058434e+00
5.502155918966347592e+00
5.502155887965360925e+00
5.502156543933665489e+00
5.502156409394977743e+00
5.502155418933209141e+00
5.502155318909315085e+00
6.725653419412528145e+00
6.725653414118790252e+00
6.725654145298530118e+00
6.725654731090175531e+00
6.725654974571899203e+00
6.725654603752759364e+00
6.725654176504237469e+00
6.725654268901465116e+00
6.725653974010104896e+00
6.725653556577645631e+00
6.725653493179147624e+00
6.725653807812279616e+00
6.725653577785865700e+00
6.725653085536418274e+00
6.725652845216719022e+00
6.725653148185203989e+00
7.948485101899509964e+00
7.948485492184361512e+00
7.948486228590422975e+00
7.948486374627598217e+00
7.948486070315746055e+00
7.948485821415612662e+00
7.948485578298915222e+00
7.948485431987003302e+00
7.948485022704894654e+00
7.948484991009370226e+00
7.948485183163409573e+00
7.948485067664612380e+00
7.948484518737513937e+00
7.948484409187773991e+00
7.948484578308216975e+00
7.948484694019890107e+00
9.168325350320399636e+00
9.168325718211484343e+00
9.168325961424038439e+00
9.168325828326425508e+00
9.168325429728634290e+00
9.168325263267821157e+00
9.168324900066027183e+00
9.168324731802695027e+00
9.168324707155447229e+00
9.168324762954780383e+00
9.168324570645577154e+00
9.168324336184454637e+00
9.168324047051825687e+00
9.168324081541328496e+00
9.168324383602172389e+00
9.168324627838089214e+00
1.039095596703392133e+01
1.039095609304835577e+01
1.039095583664346023e+01
1.039095562679307605e+01
1.039095530282769708e+01
1.039095511686922002e+01
1.039095475033381888e+01
1.039095473871895159e+01
1.039095491795674953e+01
1.039095482174603546e+01
1.039095430255009411e+01
1.039095414282350305e+01
1.039095424189461347e+01
1.039095438800822357e+01
1.039095488815797808e+01
1.039095526947646420e+01
1.161354361933840451e+01
1.161354351572828492e+01
1.161354307397718166e+01
1.161354288691584280e+01
1.161354253477995968e+01
1.161354232712202439e+01
1.161354232366933203e+01
1.161354243871988601e+01
1.161354223484017645e+01
1.161354199019993594e+01
1.161354166962758327e+01
1.161354169398414093e+01
1.161354200714943374e+01
1.161354225230865467e+01
1.161354301801014621e+01
1.161354337645696688e+01
1.283389223694913817e+01
1.283389200575127731e+01
1.283389157969340211e+01
1.283389138371427052e+01
1.283389112869629400e+01
1.283389112772019125e+01
1.283389122702411811e+01
1.283389115048572471e+01
1.283389068986254955e+01
1.283389052919820195e+01
1.283389052724102264e+01
1.283389066365299236e+01
1.283389125686656307e+01
1.283389164967229945e+01
1.283389231882955528e+01
1.283389247495708574e+01
1.405638472167290232e+01
1.405638451337764039e+01
1.405638414022688032e+01
1.405638398301703340e+01
1.405638398154587598e+01
1.405638407709926874e+01
1.405638390295121454e+01
1.405638364779297333e+01
1.405638331456317580e+01
1.405638332811629354e+01
1.405638361218312760e+01
1.405638388857694920e+01
1.405638467776712019e+01
1.405638505728757259e+01
1.405638535028012903e+01
1.405638519614459447e+01
1.527888781623121517e+01
1.527888760947544711e+01
1.527888739488373915e+01
1.527888741484870927e+01
1.527888748626637216e+01
1.527888742015712076e+01
1.527888700785996789e+01
1.527888683591263863e+01
1.527888678189854410e+01
1.527888689821902624e+01
1.527888750428514442e+01
1.527888791874704921e+01
1.527888864049361395e+01
1.527888879728406302e+01
1.527888857799522526e+01
1.527888832544453912e+01
1.649945837447166852e+01
1.649945826727951470e+01
1.649945829770210537e+01
1.649945836465814608e+01
1.649945820206721336e+01
1.649945800647191874e+01
1.649945766040040951e+01
1.649945761238700825e+01
1.649945785614984217e+01
1.649945815354585932e+01
1.649945899623582690e+01
1.649945938738360240e+01
1.649945969228131304e+01
1.649945957787134887e+01
1.649945907025847802e+01
1.649945879001833760e+01
1.772187144447470075e+01
1.772187147558439335e+01
1.772187156040386213e+01
1.772187149549493057e+01
1.772187113294274852e+01
1.772187095957055902e+01
1.772187083218103965e+01
1.772187092766858996e+01
1.772187154525434849e+01
1.772187198148106191e+01
1.772187275723202049e+01
1.772187293532898167e+01
1.772187272607519404e+01
1.772187245199637928e+01
1.772187187816710008e+01
1.772187163971322121e+01
1.894430385277143003e+01
1.894430392189341461e+01
1.894430382248448197e+01
1.894430362698037129e+01
1.894430326824805988e+01
1.894430319819492681e+01
1.894430338944737002e+01
1.894430368709761936e+01
1.894430456347341263e+01
1.894430497699435989e+01
1.894430535538977267e+01
1.894430524117093029e+01
1.894430470058083671e+01
1.894430438773674297e+01
1.894430389769459566e+01
1.894430380008346759e+01
2.016497337808179324e+01
2.016497335506122113e+01
2.016497304352115449e+01
2.016497282881744013e+01
2.016497262687140335e+01
2.016497272063274693e+01
2.016497334800669350e+01
2.016497380604543821e+01
2.016497461740324226e+01
2.016497481751286713e+01
2.016497465923558252e+01
2.016497435366069269e+01
2.016497368396301226e+01
2.016497343296340361e+01
2.016497324600416619e+01
2.016497326856290329e+01
2.138736081967570257e+01
2.138736067472520475e+01
2.138736024383057810e+01
2.138736011130828985e+01
2.138736029782121761e+01
2.138736061518418197e+01
2.138736150521521395e+01
2.138736195166109866e+01
2.138736238522547595e+01
2.138736230150055917e+01
2.138736168797131754e+01
2.138736132218938124e+01
2.138736081568128000e+01
2.138736071724338217e+01
2.138736077269729563e+01
2.138736084443172558e+01
2.260975644873470713e+01
2.260975621257717094e+01
2.260975592538383339e+01
2.260975601669576918e+01
2.260975665262870749e+01
2.260975712231920554e+01
2.260975798034053952e+01
2.260975822325626794e+01
2.260975808669097376e+01
2.260975775932512377e+01
2.260975700298346425e+01
2.260975672902696587e+01
2.260975652934225266e+01
2.260975657343601597e+01
2.260975671883026195e+01
2.260975672835538930e+01
2.383045590063979091e+01
2.383045570529282031e+01
2.383045582670942864e+01
2.383045618318603331e+01
2.383045713635711493e+01
2.383045758622813892e+01
2.383045805634208136e+01
2.383045799344149529e+01
2.383045736584860208e+01
2.383045695664842967e+01
2.383045635394802630e+01
2.383045626438459408e+01
2.383045636246830057e+01
2.383045644744088420e+01
2.383045646860665201e+01
2.383045634445548799e+01
2.505285150802630767e+01
2.505285154665591207e+01
2.505285221037285126e+01
2.505285272171104083e+01
2.505285364699705397e+01
2.505285389290307307e+01
2.505285377816833758e+01
2.505285344893380994e+01
2.505285260533976199e+01
2.505285228844126166e+01
2.505285207625632538e+01
2.505285214184793574e+01
2.505285233404781664e+01
2.505285236646843927e+01
2.505285212864471589e+01
2.505285188099647797e+01
2.627523911134738555e+01
2.627523943686372121e+01
2.627524045358093474e+01
2.627524095672290017e+01
2.627524148316850727e+01
2.627524142120507733e+01
2.627524076971815603e+01
2.627524031705417684e+01
2.627523962793470957e+01
2.627523951743091146e+01
2.627523965865272260e+01
2.627523979686534616e+01
2.627523985422783426e+01
2.627523974112783023e+01
2.627523927418725691e+01
2.627523905564629203e+01
2.749590906794517409e+01
2.749590962081196110e+01
2.749591066249413274e+01
2.749591092148328642e+01
2.749591081850621421e+01
2.749591048748853694e+01
2.749590958662114915e+01
2.749590919671743450e+01
2.749590891298356610e+01
2.749590902016963767e+01
2.749590932866146886e+01
2.749590936419255627e+01
2.749590913869995035e+01
2.749590889950766481e+01
2.749590847976390506e+01
2.749590846544532852e+01
2.871834225769970672e+01
2.871834281374389519e+01
2.871834339586060025e+01
2.871834333475030832e+01
2.871834266963374560e+01
2.871834220391047765e+01
2.871834139892141380e+01
2.871834124752283302e+01
2.871834144219585383e+01
2.871834163340442103e+01
2.871834174671014139e+01
2.871834163482261815e+01
2.871834116478755661e+01
2.871834092310162490e+01
2.871834087311491501e+01
2.871834117771741646e+01
2.994075626168595505e+01
2.994075658298769937e+01
2.994075650141196121e+01
2.994075615906966803e+01
2.994075516224078015e+01
2.994075471981523862e+01
2.994075441425110995e+01
2.994075455278267128e+01
2.994075492757176704e+01
2.994075499602081791e+01
2.994075477277296571e+01
2.994075453226840722e+01
2.994075405621588359e+01
2.994075399910994406e+01
2.994075457985997701e+01
2.994075514405469818e+01
3.116132756316029884e+01
3.116132752264158867e+01
3.116132681505743207e+01
3.116132628721872422e+01
3.116132537732487506e+01
3.116132522507585279e+01
3.116132552215893270e+01
3.116132573605636225e+01
3.116132586541723626e+01
3.116132576465178872e+01
3.116132528196341411e+01
3.116132499767480013e+01
3.116132489198558275e+01
3.116132519549461222e+01
3.116132629850182312e+01
3.116132689683431778e+01
3.238383089149931493e+01
3.238383054884624812e+01
3.238382945827359549e+01
3.238382892431606308e+01
3.238382861679288993e+01
3.238382884591383970e+01
3.238382929599309534e+01
3.238382931670808063e+01
3.238382911580711720e+01
3.238382889478477722e+01
3.238382834354801787e+01
3.238382824414685501e+01
3.238382882274711250e+01
3.238382941744618648e+01
3.238383059958248111e+01
3.238383094211072688e+01
3.360632315406149928e+01
3.360632257560250480e+01
3.360632154277815431e+01
3.360632138986233741e+01
3.360632180803262514e+01
3.360632205334545830e+01
3.360632216724321353e+01
3.360632206762568330e+01
3.360632159388233475e+01
3.360632127821608606e+01
3.360632111796669363e+01
3.360632142024529401e+01
3.360632254417045317e+01
3.360632316321203916e+01
3.360632392195051210e+01
3.360632390217033105e+01
3.482667108558129598e+01
3.482667048109819063e+01
3.482667017242359719e+01
3.482667048152265465e+01
3.482667099391762378e+01
3.482667099542520361e+01
3.482667078691014240e+01
3.482667057666049004e+01
3.482666998283425386e+01
3.482666986217359550e+01
3.482667042850164307e+01
3.482667099215750994e+01
3.482667225492547658e+01
3.482667266779142778e+01
3.482667263857792506e+01
3.482667226689695639e+01
3.604925777187354186e+01
3.604925760863920914e+01
3.604925817697279911e+01
3.604925847099126202e+01
3.604925852561217425e+01
3.604925841708646317e+01
3.604925798527393965e+01
3.604925765131188342e+01
3.604925739883082514e+01
3.604925767931357683e+01
3.604925887073106594e+01
3.604925952733386652e+01
3.604926031618581561e+01
3.604926029769615781e+01
3.604925957192013186e+01
3.604925896520339990e+01
3.727188779083572001e+01
3.727188804920895393e+01
3.727188862715505735e+01
3.727188871772575141e+01
3.727188851063464625e+01
3.727188824266337974e+01
3.727188760479801743e+01
3.727188744428127620e+01
3.727188799629337979e+01
3.727188863686492937e+01
3.727188995284053874e+01
3.727189034500733555e+01
3.727189033902010351e+01
3.727188994967397662e+01
3.727188869309311769e+01
3.727188810938380215e+01
3.849172788583594240e+01
3.849172819613107066e+01
3.849172828514581823e+01
3.849172824738482035e+01
3.849172781338531735e+01
3.849172737369534048e+01
3.849172700460983521e+01
3.849172733282274805e+01
3.849172865357632389e+01
3.849172935515089478e+01
3.849173010130341055e+01
3.849173001431571350e+01
3.849172930570509266e+01
3.849172875321733756e+01
3.849172749324416998e+01
3.849172727997150645e+01
3.971455983677132906e+01
3.971455969533418084e+01
3.971455956922036279e+01
3.971455952514866539e+01
3.971455873873750164e+01
3.971455834325681167e+01
3.971455895949822690e+01
3.971455983170842785e+01
3.971456120552704760e+01
3.971456139461968604e+01
3.971456130262477302e+01
3.971456112767309321e+01
3.971455993060286715e+01
3.971455909369017689e+01
3.971455870569691626e+01
3.971455923734935567e+01
4.093805696315477149e+01
4.093805692654625261e+01
4.093805688926500608e+01
4.093805641476357238e+01
4.093805567048910632e+01
4.093805601687221696e+01
4.093805767535921092e+01
4.093805840018791287e+01
4.093805885006720047e+01
4.093805874363798836e+01
4.093805839384631184e+01
4.093805781829657064e+01
4.093805608903118554e+01
4.093805587576589744e+01
4.093805700000743286e+01
4.093805733522498258e+01
4.215723968833489010e+01
4.215723982546317217e+01
4.215723914468637190e+01
4.215723855462053393e+01
4.215723907732375864e+01
4.215724016227930804e+01
4.215724156503230802e+01
4.215724156988370908e+01
4.215724159808989668e+01
4.215724159654372016e+01
4.215724018308905130e+01
4.215723913633140540e+01
4.215723885675622995e+01
4.215723961817541721e+01
4.215724029966728637e+01
4.215723995974843774e+01
4.338176508950654409e+01
4.338176477997181024e+01
4.338176432394907778e+01
4.338176457043265088e+01
4.338176608729837369e+01
4.338176679265090741e+01
4.338176747761166752e+01
4.338176750924880309e+01
4.338176673183749443e+01
4.338176598882813551e+01
4.338176478915354295e+01
4.338176467472710129e+01
4.338176521883980286e+01
4.338176556578707022e+01
4.338176583340318615e+01
4.338176566982600235e+01
4.460348115541110303e+01
4.460348095334165919e+01
4.460348149837498255e+01
4.460348225676150946e+01
4.460348371897772068e+01
4.460348406173437041e+01
4.460348406341138627e+01
4.460348365940484427e+01
4.460348218761473760e+01
4.460348164792915071e+01
4.460348139272584689e+01
4.460348156568890943e+01
4.460348229824460020e+01
4.460348251979624479e+01
4.460348221866897944e+01
4.460348188879396503e+01
4.581307819699627260e+01
4.581307826464071553e+01
4.581307952733699551e+01
4.581308021069072112e+01
4.581308130662214495e+01
4.581308156478475269e+01
4.581308019468543336e+01
4.581307915478618042e+01
4.581307863904181232e+01
4.581307869820291501e+01
4.581307840030346767e+01
4.581307880785619346e+01
4.581307996538084382e+01
4.581307958054917862e+01
4.581307826472422562e+01
4.581307820352672877e+01
4.691213664469607636e+01
4.691213730623510259e+01
4.691213899464062820e+01
4.691213910325151204e+01
4.691213935009439240e+01
4.691213991289624374e+01
4.691213782954208256e+01
4.691213566719815731e+01
4.691213562770328593e+01
4.691213796777407907e+01
4.691213893539833890e+01
4.691213697052874920e+01
4.691213633861089249e+01
4.691213758269915246e+01
4.691213699027617423e+01
4.691213623000002286e+01
