-4.719250199999999729e-01
-4.719232300000000269e-01
-4.719233999999999374e-01
-4.719252500000000738e-01
-4.719257399999999825e-01
-4.719244200000000111e-01
-4.719238900000000125e-01
-4.719245699999999877e-01
-4.719238700000000786e-01
-4.719227999999999756e-01
-4.719226300000000096e-01
-4.719236800000000120e-01
-4.719239100000000020e-01
-4.719228100000000259e-01
-4.719233600000000139e-01
-4.719250500000000126e-01
5.965710564802477744e-01
5.965710129873212919e-01
5.965711334246278641e-01
5.965708457009525345e-01
5.965703639485265830e-01
5.965706636948026054e-01
5.965718071635959241e-01
5.965720980705638832e-01
5.965723232727601077e-01
5.965723810444950592e-01
5.965724570041546215e-01
5.965724053476016975e-01
5.965715120957052475e-01
5.965711965806121952e-01
5.965717689128396950e-01
5.965718187605699718e-01
1.779453831838323064e+00
1.779453621976471611e+00
1.779453297477689988e+00
1.779453330008786027e+00
1.779453742802141081e+00
1.779454008630874995e+00
1.779454728425205801e+00
1.779455086903622307e+00
1.779455233134987324e+00
1.779455066372505945e+00
1.779454687288604564e+00
1.779454519625663256e+00
1.779454215341666146e+00
1.779454156899682893e+00
1.779454142598206001e+00
1.779454098284311225e+00
2.976040257568032033e+00
2.976040091681892985e+00
2.976040280393735138e+00
2.976040477301588716e+00
2.976040918983656525e+00
2.976041258386083577e+00
2.976041992961747873e+00
2.976042086123241948e+00
2.976041709408662861e+00
2.976041540964885712e+00
2.976041319149279829e+00
2.976041138114842166e+00
2.976040858899373198e+00
2.976040854930099400e+00
2.976040893986572566e+00
2.976040784141425366e+00
4.175493086401602660e+00
4.175493606578026373e+00
4.175493961063874160e+00
4.175493756836043069e+00
4.175494416103401996e+00
4.175495199095432319e+00
4.175495411572018867e+00
4.175494825444920011e+00
4.175494493689968500e+00
4.175494813615133083e+00
4.175494450611492603e+00
4.175493836262887726e+00
4.175493777100312442e+00
4.175494284678570089e+00
4.175494079826227889e+00
4.175493363862907259e+00
5.369587597787353950e+00
5.369587741913677270e+00
5.369587736954319901e+00
5.369588115145443652e+00
5.369589211403765106e+00
5.369589330224791901e+00
5.369588650377803418e+00
5.369588405295314004e+00
5.369588607545296988e+00
5.369588497703371210e+00
5.369587622554825579e+00
5.369587587875624735e+00
5.369588212724284659e+00
5.369588069109161310e+00
5.369587081809848783e+00
5.369586983795288759e+00
6.567824700214529798e+00
6.567824703455663382e+00
6.567825431969707140e+00
6.567826007409188982e+00
6.567826237395765432e+00
6.567825866291722825e+00
6.567825448048810522e+00
6.567825545690665123e+00
6.567825263363925359e+00
6.567824852396221935e+00
6.567824779434058513e+00
6.567825080476604960e+00
6.567824830660732971e+00
6.567824336514182626e+00
6.567824099768236223e+00
6.567824408498753819e+00
7.765287428201622433e+00
7.765287817230911216e+00
7.765288540013369989e+00
7.765288677712895549e+00
7.765288368720619339e+00
7.765288123272299892e+00
7.765287897438228448e+00
7.765287759816291491e+00
7.765287353235069467e+00
7.765287316914995408e+00
7.765287487329868732e+00
7.765287360571574204e+00
7.765286799624521841e+00
7.765286692656162337e+00
7.765286881420753851e+00
7.765287008098876953e+00
8.959757328619371464e+00
8.959757688859054880e+00
8.959757916805401123e+00
8.959757779126670485e+00
8.959757387318392219e+00
8.959757230658857097e+00
8.959756884589582526e+00
8.959756719350487231e+00
8.959756682482245438e+00
8.959756727093111550e+00
8.959756509648116207e+00
8.959756268146579217e+00
8.959755984907690873e+00
8.959756030372565405e+00
8.959756355647298776e+00
8.959756606703304982e+00
1.015700749876272724e+01
1.015700761541362418e+01
1.015700734796067906e+01
1.015700714105629388e+01
1.015700683604390164e+01
1.015700666014055464e+01
1.015700629929239263e+01
1.015700628228948865e+01
1.015700643682414750e+01
1.015700632740453280e+01
1.015700579150457727e+01
1.015700563480712937e+01
1.015700575655616511e+01
1.015700591540449160e+01
1.015700643174407070e+01
1.015700681261885840e+01
1.135423416813450359e+01
1.135423405759119575e+01
1.135423361976117107e+01
1.135423344201526596e+01
1.135423311015031977e+01
1.135423290674693853e+01
1.135423289158446813e+01
1.135423299499457883e+01
1.135423276131002446e+01
1.135423250764011804e+01
1.135423219149612706e+01
1.135423222710694446e+01
1.135423256848085849e+01
1.135423282255309374e+01
1.135423359141629085e+01
1.135423394377663087e+01
1.254925338001201318e+01
1.254925314969926831e+01
1.254925274048191497e+01
1.254925255485489899e+01
1.254925230915371692e+01
1.254925230398963087e+01
1.254925237723103670e+01
1.254925228612317056e+01
1.254925180506667637e+01
1.254925164559490014e+01
1.254925166606400033e+01
1.254925181685383428e+01
1.254925243287725145e+01
1.254925282779990603e+01
1.254925348709221566e+01
1.254925363299728502e+01
1.374640900861340675e+01
1.374640880783048935e+01
1.374640845441782311e+01
1.374640830260731938e+01
1.374640829402489572e+01
1.374640837818967398e+01
1.374640817187182762e+01
1.374640790656795986e+01
1.374640757203652619e+01
1.374640759581796345e+01
1.374640791165436760e+01
1.374640819961196669e+01
1.374640899939269012e+01
1.374640937413645148e+01
1.374640964703889701e+01
1.374640948494238479e+01
1.494357393884791918e+01
1.494357374122911430e+01
1.494357353858109327e+01
1.494357355656116937e+01
1.494357360490705489e+01
1.494357352446570708e+01
1.494357308766585568e+01
1.494357291409301070e+01
1.494357287880017005e+01
1.494357300986695236e+01
1.494357364603664351e+01
1.494357406615070438e+01
1.494357478222215541e+01
1.494357492940844878e+01
1.494357469180843268e+01
1.494357443720722145e+01
1.613881732704989247e+01
1.613881722592392620e+01
1.613881725387948762e+01
1.613881731197413671e+01
1.613881711936263130e+01
1.613881691247002337e+01
1.613881655870433462e+01
1.613881651784013371e+01
1.613881679359444377e+01
1.613881710514385048e+01
1.613881796637582511e+01
1.613881835575555712e+01
1.613881864350682349e+01
1.613881852021903995e+01
1.613881800350274887e+01
1.613881772683294002e+01
1.733589060909281443e+01
1.733589064091948728e+01
1.733589070959806122e+01
1.733589063268464869e+01
1.733589024432945536e+01
1.733589006612934824e+01
1.733588995039291802e+01
1.733589005888608625e+01
1.733589071079233079e+01
1.733589115663954416e+01
1.733589193501788017e+01
1.733589210637362754e+01
1.733589187770390438e+01
1.733589159798352242e+01
1.733589102504434010e+01
1.733589079262943500e+01
1.853298141426077450e+01
1.853298147915404925e+01
1.853298135631168009e+01
1.853298114944195163e+01
1.853298077689069601e+01
1.853298070946394915e+01
1.853298092731699498e+01
1.853298124005879544e+01
1.853298214343477213e+01
1.853298256035795433e+01
1.853298292922741553e+01
1.853298280610652782e+01
1.853298224894351875e+01
1.853298193392082283e+01
1.853298145061362234e+01
1.853298135866106122e+01
1.972832047069614703e+01
1.972832043976813310e+01
1.972832010426806448e+01
1.972831988153126304e+01
1.972831968079660214e+01
1.972831978378951945e+01
1.972832044539187635e+01
1.972832091730770898e+01
1.972832174410886097e+01
1.972832194193568256e+01
1.972832176576650554e+01
1.972832145073779131e+01
1.972832076863597450e+01
1.972832051837356815e+01
1.972832034003770829e+01
1.972832036674109091e+01
2.092536701629770590e+01
2.092536686103258248e+01
2.092536641068921099e+01
2.092536627496835422e+01
2.092536647751803969e+01
2.092536680948670380e+01
2.092536773527705662e+01
2.092536819195564490e+01
2.092536862766801065e+01
2.092536853590209844e+01
2.092536789826013077e+01
2.092536752342721229e+01
2.092536700960885909e+01
2.092536691533820559e+01
2.092536698038893661e+01
2.092536705394068619e+01
2.212242159777617090e+01
2.212242134995837972e+01
2.212242105128325065e+01
2.212242114621692579e+01
2.212242181351731318e+01
2.212242230123736064e+01
2.212242319038973903e+01
2.212242343738328998e+01
2.212242328636810740e+01
2.212242294511256091e+01
2.212242216064660028e+01
2.212242188076346494e+01
2.212242168423496125e+01
2.212242173627350184e+01
2.212242188994610004e+01
2.212242189737526132e+01
2.331779067611515543e+01
2.331779047071347932e+01
2.331779059605196736e+01
2.331779096536853046e+01
2.331779196246043284e+01
2.331779243067509810e+01
2.331779291795151465e+01
2.331779284869083924e+01
2.331779218714998692e+01
2.331779176074751092e+01
2.331779113617803390e+01
2.331779104852413909e+01
2.331779116315204092e+01
2.331779125756357374e+01
2.331779127955815056e+01
2.331779114676501763e+01
2.451484523223704315e+01
2.451484526811681164e+01
2.451484595868316774e+01
2.451484649226483370e+01
2.451484746606027443e+01
2.451484772310628202e+01
2.451484759788714385e+01
2.451484725010562471e+01
2.451484636082686919e+01
2.451484603097254578e+01
2.451484581664785622e+01
2.451484589409961501e+01
2.451484611091075294e+01
2.451484614801131201e+01
2.451484589415047566e+01
2.451484563101917402e+01
2.571189194333505768e+01
2.571189227967537505e+01
2.571189334933985648e+01
2.571189387886366617e+01
2.571189443759861248e+01
2.571189437130897204e+01
2.571189367609693122e+01
2.571189319774486748e+01
2.571189247129915145e+01
2.571189236066936346e+01
2.571189252669443448e+01
2.571189268225361957e+01
2.571189275510903727e+01
2.571189263556591342e+01
2.571189213374622540e+01
2.571189189741431846e+01
2.690723145547045903e+01
2.690723203458678014e+01
2.690723314085972007e+01
2.690723341831914439e+01
2.690723330881228392e+01
2.690723295473187093e+01
2.690723199026196255e+01
2.690723158013948790e+01
2.690723129068733854e+01
2.690723141389785411e+01
2.690723176280288342e+01
2.690723181026558208e+01
2.690723157362810269e+01
2.690723131499844811e+01
2.690723085302808215e+01
2.690723082900159113e+01
2.810432308802430512e+01
2.810432367775398887e+01
2.810432430609844801e+01
2.810432424257635375e+01
2.810432352450756710e+01
2.810432302538685789e+01
2.810432216862201926e+01
2.810432201514987582e+01
2.810432224351637132e+01
2.810432245952317132e+01
2.810432260251615233e+01
2.810432248667358479e+01
2.810432197377770080e+01
2.810432170669156449e+01
2.810432163322483134e+01
2.810432194667243522e+01
2.930139735469708029e+01
2.930139770022281809e+01
2.930139761540603516e+01
2.930139724650198829e+01
2.930139617087139214e+01
2.930139570195812482e+01
2.930139538667106081e+01
2.930139554486705578e+01
2.930139597564856757e+01
2.930139606274098441e+01
2.930139583306523221e+01
2.930139556975687398e+01
2.930139503610375229e+01
2.930139496271807786e+01
2.930139556357932662e+01
2.930139615754623250e+01
3.049664151223474917e+01
3.049664147070253861e+01
3.049664070355278156e+01
3.049664013674232876e+01
3.049663916283838461e+01
3.049663900669641947e+01
3.049663934424844669e+01
3.049663958945799536e+01
3.049663976235384766e+01
3.049663965991150860e+01
3.049663912759977435e+01
3.049663881165685453e+01
3.049663866906342591e+01
3.049663897915076305e+01
3.049664015121405214e+01
3.049664078900644881e+01
3.169380665820160914e+01
3.169380628763146390e+01
3.169380510840504428e+01
3.169380454376724643e+01
3.169380422246430484e+01
3.169380447339622364e+01
3.169380499201053780e+01
3.169380503651953518e+01
3.169380483393586090e+01
3.169380458844147341e+01
3.169380396746720407e+01
3.169380384631600833e+01
3.169380444051607881e+01
3.169380506691438981e+01
3.169380633958166982e+01
3.169380670968147840e+01
3.289096201065516567e+01
3.289096139175399713e+01
3.289096028669593608e+01
3.289096012836762384e+01
3.289096059148574369e+01
3.289096087105617983e+01
3.289096103876916288e+01
3.289096093981421376e+01
3.289096041294749284e+01
3.289096006279089579e+01
3.289095985454968485e+01
3.289096016092310748e+01
3.289096135790031639e+01
3.289096201806231790e+01
3.289096284017564642e+01
3.289096282094449464e+01
3.408598047780493800e+01
3.408597984081335852e+01
3.408597951578209262e+01
3.408597984737731679e+01
3.408598043272990452e+01
3.408598046017177552e+01
3.408598025469625981e+01
3.408598002082705136e+01
3.408597935242772792e+01
3.408597920685918581e+01
3.408597978425301278e+01
3.408598037850247664e+01
3.408598173309792401e+01
3.408598217478938608e+01
3.408598214749972044e+01
3.408598174912382461e+01
3.528320614770857588e+01
3.528320597799821456e+01
3.528320659098870493e+01
3.528320691738877457e+01
3.528320702665093478e+01
3.528320692123153890e+01
3.528320644045663812e+01
3.528320607410535814e+01
3.528320577021434445e+01
3.528320605171918345e+01
3.528320731066444438e+01
3.528320800461031581e+01
3.528320885672810903e+01
3.528320884083636599e+01
3.528320805770878366e+01
3.528320741369940805e+01
3.648045573128790409e+01
3.648045600711056835e+01
3.648045665346233335e+01
3.648045676685369898e+01
3.648045656622925748e+01
3.648045628097316495e+01
3.648045557413198736e+01
3.648045539161037709e+01
3.648045594814021797e+01
3.648045661059319400e+01
3.648045800993250509e+01
3.648045842777533920e+01
3.648045842791558613e+01
3.648045801850208392e+01
3.648045667851654628e+01
3.648045606655911399e+01
3.767492551781727883e+01
3.767492585364287550e+01
3.767492598789624481e+01
3.767492595493227725e+01
3.767492548739577529e+01
3.767492502274922117e+01
3.767492461228150802e+01
3.767492493768266115e+01
3.767492630291445010e+01
3.767492703278934130e+01
3.767492783407053736e+01
3.767492775213326439e+01
3.767492700183190379e+01
3.767492642007196224e+01
3.767492509980407078e+01
3.767492487972504733e+01
3.887238853719536280e+01
3.887238841740771278e+01
3.887238830041437865e+01
3.887238824438144746e+01
3.887238742047674123e+01
3.887238701194483781e+01
3.887238762110757051e+01
3.887238850108069244e+01
3.887238992546451044e+01
3.887239013468536797e+01
3.887239005723167651e+01
3.887238986925115825e+01
3.887238861648992128e+01
3.887238776482953284e+01
3.887238736039202536e+01
3.887238789545633466e+01
4.007062527705606669e+01
4.007062524747372123e+01
4.007062519069035034e+01
4.007062470710788205e+01
4.007062395013553413e+01
4.007062428969155121e+01
4.007062595044436648e+01
4.007062668530539185e+01
4.007062717594623535e+01
4.007062707650057831e+01
4.007062670374127578e+01
4.007062611697847387e+01
4.007062436834304009e+01
4.007062414804580897e+01
4.007062526098282973e+01
4.007062560646878779e+01
4.126471902390088786e+01
4.126471915445682725e+01
4.126471847154949302e+01
4.126471788006794839e+01
4.126471838858117991e+01
4.126471946588608120e+01
4.126472087374614972e+01
4.126472088905292424e+01
4.126472093297201837e+01
4.126472092732325336e+01
4.126471950823381718e+01
4.126471846602878202e+01
4.126471816666124681e+01
4.126471891201813946e+01
4.126471959608527840e+01
4.126471927706090526e+01
4.246417195698787594e+01
4.246417164740276462e+01
4.246417119935977524e+01
4.246417143933834382e+01
4.246417292925667653e+01
4.246417362781352978e+01
4.246417432085979726e+01
4.246417435606777957e+01
4.246417358693388877e+01
4.246417285490421278e+01
4.246417167405837034e+01
4.246417155068746752e+01
4.246417204431165260e+01
4.246417238662984062e+01
4.246417268531804723e+01
4.246417253383042123e+01
4.366075820178183164e+01
4.366075801361714070e+01
4.366075854711399984e+01
4.366075928356850966e+01
4.366076070924658126e+01
4.366076105667467999e+01
4.366076106450712047e+01
4.366076065628425340e+01
4.366075923878872089e+01
4.366075873270105490e+01
4.366075844762084301e+01
4.366075857307081520e+01
4.366075926915908667e+01
4.366075952588982290e+01
4.366075926066725543e+01
4.366075891728205960e+01
4.484364095751294599e+01
4.484364102177822531e+01
4.484364222490051333e+01
4.484364289963996697e+01
4.484364398111574701e+01
4.484364423616150219e+01
4.484364288139931887e+01
4.484364185658193946e+01
4.484364143661512259e+01
4.484364149331947402e+01
4.484364105245732190e+01
4.484364145768608978e+01
4.484364268550405797e+01
4.484364231012229851e+01
4.484364098416449451e+01
4.484364091839871946e+01
4.591213663585619287e+01
4.591213728329360322e+01
4.591213893570834159e+01
4.591213904200402141e+01
4.591213928358504148e+01
4.591213983438998980e+01
4.591213779544554541e+01
4.591213567919508165e+01
4.591213564054208263e+01
4.591213793073088567e+01
4.591213887772889990e+01
4.591213695474334600e+01
4.591213633629571689e+01
4.591213755386440454e+01
4.591213697406979577e+01
4.591213623000005128e+01
