-4.719250199999999729e-01
-4.719232300000000269e-01
-4.719233999999999374e-01
-4.719252500000000738e-01
-4.719257399999999825e-01
-4.719244200000000111e-01
-4.719238900000000125e-01
-4.719245699999999877e-01
-4.719238700000000786e-01
-4.719227999999999756e-01
-4.719226300000000096e-01
-4.719236800000000120e-01
-4.719239100000000020e-01
-4.719228100000000259e-01
-4.719233600000000139e-01
-4.719250500000000126e-01
5.009352008284965185e-01
5.009565362094775542e-01
5.008173142138931944e-01
5.008120689119510693e-01
5.008076100692331334e-01
5.007864573088472993e-01
5.009271841338570619e-01
5.009323585213705243e-01
5.009364983697819351e-01
5.009579465659623754e-01
5.008186457565944050e-01
5.008136205883403358e-01
5.008087469494590938e-01
5.007869943835093762e-01
5.009272217557921847e-01
5.009321449819562622e-01
1.604202210111230764e+00
1.604191309857623038e+00
1.604115014297241570e+00
1.604089383561080773e+00
1.604101863048961851e+00
1.604112844592742615e+00
1.604189503608802525e+00
1.604215419715540492e+00
1.604203619111625345e+00
1.604192761564363856e+00
1.604116389223881889e+00
1.604090561239557511e+00
1.604102377728281459e+00
1.604113045807430415e+00
1.604188958279032517e+00
1.604214456815596046e+00
2.725272411592000843e+00
2.725259444058373948e+00
2.725185889415187468e+00
2.725140154100494705e+00
2.725159307114693341e+00
2.725172336956296348e+00
2.725246808284421007e+00
2.725292842791737336e+00
2.725273841565083011e+00
2.725260875934405469e+00
2.725186945300727803e+00
2.725140843888274933e+00
2.725159291113089299e+00
2.725171975563116966e+00
2.725245755585071539e+00
2.725291579621742510e+00
3.853853106591519140e+00
3.853804811085408399e+00
3.853704383082899643e+00
3.853671943685251122e+00
3.853719927293785652e+00
3.853769412250243942e+00
3.853870513845485846e+00
3.853902177923575145e+00
3.853854514174594126e+00
3.853806033266498066e+00
3.853704907239984934e+00
3.853672059571495723e+00
3.853719340356357215e+00
3.853768554301800542e+00
3.853869237347032684e+00
3.853900763883470137e+00
4.977616292358702843e+00
4.977538185670231208e+00
4.977446467320018719e+00
4.977450219841203172e+00
4.977585751436531147e+00
4.977664084096911523e+00
4.977755330569304526e+00
4.977751660612068640e+00
4.977617337466330838e+00
4.977538978978747863e+00
4.977446391033844897e+00
4.977449735520941942e+00
4.977584818726077387e+00
4.977662889441824667e+00
4.977753795889514166e+00
4.977750249475874078e+00
6.104071317565843202e+00
6.103998097006486212e+00
6.104001051967989255e+00
6.104064907613941493e+00
6.104288920013599906e+00
6.104361790620144390e+00
6.104359263571094374e+00
6.104295978626050001e+00
6.104071923521908971e+00
6.103998282267205866e+00
6.104000450211325202e+00
6.104064038065352804e+00
6.104287573419736823e+00
6.104360306657710566e+00
6.104357894919381522e+00
6.104294804351185100e+00
7.228855321408260259e+00
7.228833871640265585e+00
7.229004675524022261e+00
7.229117903408213586e+00
7.229332142348111390e+00
7.229353725351276516e+00
7.229183474939828713e+00
7.229070167987069695e+00
7.228855289922483607e+00
7.228833415125785145e+00
7.229003680647456243e+00
7.229116642693219852e+00
7.229330587734861702e+00
7.229352287428144841e+00
7.229182409684415944e+00
7.229069365144664694e+00
8.350691230060782289e+00
8.350748581674263704e+00
8.351041526939811277e+00
8.351152351381012195e+00
8.351221110940038272e+00
8.351163952270143298e+00
8.350870880339218871e+00
8.350759673197943656e+00
8.350690631420071952e+00
8.350747669258057115e+00
8.351040152919551929e+00
8.351150858577719660e+00
8.351219682172128955e+00
8.351162712101446672e+00
8.350870294262714211e+00
8.350759509419612314e+00
9.475511797527968127e+00
9.475624916709195489e+00
9.475900836649135073e+00
9.475956060265485092e+00
9.475832011868901006e+00
9.475718761420351299e+00
9.475442138563172634e+00
9.475386672344109584e+00
9.475510770160358476e+00
9.475623655904662712e+00
9.475899275164600510e+00
9.475954534616437996e+00
9.475830881651688742e+00
9.475717962835359387e+00
9.475442215843802529e+00
9.475387152714457528e+00
1.060070765608423571e+01
1.060082786692314194e+01
1.060097357270570662e+01
1.060095535573326764e+01
1.060070661942816450e+01
1.060058594210893368e+01
1.060043985283327217e+01
1.060045805222928195e+01
1.060070625189821669e+01
1.060082630756012811e+01
1.060097210751646735e+01
1.060095409563020752e+01
1.060070601667135115e+01
1.060058580128535688e+01
1.060044051174623370e+01
1.060045896933518605e+01
1.172398685353763526e+01
1.172407416423830107e+01
1.172406718154392280e+01
1.172399301965231011e+01
1.172372819115232723e+01
1.172364056112036934e+01
1.172364744305280837e+01
1.172372130736518336e+01
1.172398524606593462e+01
1.172407261877588525e+01
1.172406604850956136e+01
1.172399222250507300e+01
1.172372826229723231e+01
1.172364104360561043e+01
1.172364854508296084e+01
1.172372265917922363e+01
1.284933415501004994e+01
1.284937468653779113e+01
1.284925733115074742e+01
1.284915624298111325e+01
1.284894203611885999e+01
1.284890143109744898e+01
1.284901838622791992e+01
1.284911890009605884e+01
1.284933265673315539e+01
1.284937341014202694e+01
1.284925672649180051e+01
1.284915608713134816e+01
1.284894272095015388e+01
1.284890242310588526e+01
1.284901989393373967e+01
1.284912052151275574e+01
1.397456663346893713e+01
1.397456026722447042e+01
1.397437006049087849e+01
1.397426030263122243e+01
1.397411216199392392e+01
1.397411829138150807e+01
1.397430779498674092e+01
1.397441723589278162e+01
1.397456549833913897e+01
1.397455946747077959e+01
1.397437013004061512e+01
1.397426079263279952e+01
1.397411336565859941e+01
1.397411973874714874e+01
1.397430946840290211e+01
1.397441883366346183e+01
1.509781970773175885e+01
1.509776195222491779e+01
1.509750829107061421e+01
1.509740417926404277e+01
1.509733881990874060e+01
1.509739613180164142e+01
1.509764930314062958e+01
1.509775344464314095e+01
1.509781911269728916e+01
1.509776178862956542e+01
1.509750901394959577e+01
1.509740525482122919e+01
1.509734041801093696e+01
1.509739782358945526e+01
1.509765084165670501e+01
1.509775474350511892e+01
1.622276465314289595e+01
1.622265136168807587e+01
1.622235870948087921e+01
1.622228676516294144e+01
1.622235383552788690e+01
1.622246683976839776e+01
1.622275957030025850e+01
1.622283157362705097e+01
1.622276473778412864e+01
1.622265188653368284e+01
1.622236000129798228e+01
1.622228832278161903e+01
1.622235557953404594e+01
1.622246848363222682e+01
1.622276073785224071e+01
1.622283238390761539e+01
1.734764450492746946e+01
1.734749288533946299e+01
1.734724712458652363e+01
1.734724600293563057e+01
1.734748811085273346e+01
1.734763994188852010e+01
1.734788587621187972e+01
1.734788679210249285e+01
1.734764527926406785e+01
1.734749403686950942e+01
1.734724881429315957e+01
1.734724778598007333e+01
1.734748970887059016e+01
1.734764128058572652e+01
1.734788645830840537e+01
1.734788694098521944e+01
1.847075616693019384e+01
1.847061866821794851e+01
1.847054630500219474e+01
1.847064024995879095e+01
1.847101741411500697e+01
1.847115495429440557e+01
1.847122694953586119e+01
1.847113320765768307e+01
1.847075754867898212e+01
1.847062029793635674e+01
1.847054811721773149e+01
1.847064196693073157e+01
1.847101860996261991e+01
1.847115576996423059e+01
1.847122684035267071e+01
1.847113262009458623e+01
1.959556966027527736e+01
1.959551090743709878e+01
1.959568634401863818e+01
1.959585205938473251e+01
1.959622066902375437e+01
1.959627878438706716e+01
1.959610401090103693e+01
1.959593934546536786e+01
1.959557143268881063e+01
1.959551275152999494e+01
1.959568798641955922e+01
1.959585344283614106e+01
1.959622125450784580e+01
1.959627890638898151e+01
1.959610317777468325e+01
1.959593809909704376e+01
2.072052723420929965e+01
2.072058004022774469e+01
2.072094948639072243e+01
2.072111968436394847e+01
2.072131117396371636e+01
2.072125835869131905e+01
2.072089151106091620e+01
2.072072194767693887e+01
2.072052911242267825e+01
2.072058181622391260e+01
2.072095071361647456e+01
2.072112050107460490e+01
2.072131101990393631e+01
2.072125773055639186e+01
2.072089006213753848e+01
2.072072023687472608e+01
2.184400668518843602e+01
2.184414564615626020e+01
2.184454455166346065e+01
2.184464522687143173e+01
2.184458052082583990e+01
2.184444233426398441e+01
2.184404512703479284e+01
2.184394398303951945e+01
2.184400837406727192e+01
2.184414708477604350e+01
2.184454513692414679e+01
2.184464531197190240e+01
2.184457961499386869e+01
2.184444101979977049e+01
2.184404328624129121e+01
2.184394207136528365e+01
2.296923737192131654e+01
2.296939601099759543e+01
2.296965861990179292e+01
2.296966016920002573e+01
2.296939831685098454e+01
2.296924125331268129e+01
2.296897890583965918e+01
2.296897648924418434e+01
2.296923862147411199e+01
2.296939685195675906e+01
2.296965843563827292e+01
2.296965948637514288e+01
2.296939678052455491e+01
2.296923947175262626e+01
2.296897697933283311e+01
2.296897466253687625e+01
2.409443090736888138e+01
2.409454982273783941e+01
2.409461434153233483e+01
2.409454027503490181e+01
2.409422154391186055e+01
2.409410449769664808e+01
2.409403677596895221e+01
2.409410945562701656e+01
2.409443147145482911e+01
2.409454989310503237e+01
2.409461338935237862e+01
2.409453891067035158e+01
2.409421962679472884e+01
2.409410252112674300e+01
2.409403503992882989e+01
2.409410799769686307e+01
2.521784296073834852e+01
2.521790052509995661e+01
2.521781794981056635e+01
2.521771417860544062e+01
2.521745075771492850e+01
2.521739218440694685e+01
2.521746951941331005e+01
2.521757333885523522e+01
2.521784273849070601e+01
2.521789980200335535e+01
2.521781636538282712e+01
2.521771233711191584e+01
2.521744877781485883e+01
2.521739031997453395e+01
2.521746826079287018e+01
2.521757251417819035e+01
2.634287123991868640e+01
2.634288125104200873e+01
2.634272943405638756e+01
2.634262425027477050e+01
2.634243708294419051e+01
2.634242516780323839e+01
2.634257393842984740e+01
2.634268215733446539e+01
2.634287024885738404e+01
2.634287984666870130e+01
2.634272747584224561e+01
2.634262223587730389e+01
2.634243533140078952e+01
2.634242368892900643e+01
2.634257337558833001e+01
2.634268211135055893e+01
2.746786607985747253e+01
2.746783929785928180e+01
2.746763754852456074e+01
2.746753501848612444e+01
2.746740614516154366e+01
2.746743068736925153e+01
2.746763324551871932e+01
2.746773899109862782e+01
2.746786447934055531e+01
2.746783741449094052e+01
2.746763551547578430e+01
2.746753311296065547e+01
2.746740489132702479e+01
2.746742987928201529e+01
2.746763349228375262e+01
2.746773972024958965e+01
2.859111732706968922e+01
2.859104422433682657e+01
2.859077912125457743e+01
2.859068621360220774e+01
2.859063378851682558e+01
2.859070541985066427e+01
2.859097641918727817e+01
2.859106920915271743e+01
2.859111532267244371e+01
2.859104215739336752e+01
2.859077734817545746e+01
2.859068473225908846e+01
2.859063327329065629e+01
2.859070542209143184e+01
2.859097738699565738e+01
2.859107060671300715e+01
2.971626629005733733e+01
2.971614120054039176e+01
2.971584056419333209e+01
2.971578762031220933e+01
2.971588487712190485e+01
2.971601136556309797e+01
2.971631478689519668e+01
2.971636575077929621e+01
2.971626422779860732e+01
2.971613928350988587e+01
2.971583930989108424e+01
2.971578685995301683e+01
2.971588517431642984e+01
2.971601208321671450e+01
2.971631635587925047e+01
2.971636766439755917e+01
3.084138362721875026e+01
3.084123305962976147e+01
3.084101383240796324e+01
3.084104342000408394e+01
3.084132886675811491e+01
3.084148037061727621e+01
3.084169880036882105e+01
3.084166782167313414e+01
3.084138184388945092e+01
3.084123158388674568e+01
3.084101338735734288e+01
3.084104348987128219e+01
3.084132979479879211e+01
3.084148170929958610e+01
3.084170083789602401e+01
3.084166994131536654e+01
3.196430580037333158e+01
3.196419648479741582e+01
3.196419528639005136e+01
3.196431825461867149e+01
3.196470757675689711e+01
3.196481678550972205e+01
3.196481659946039500e+01
3.196469285456262810e+01
3.196430457061392616e+01
3.196419579938078570e+01
3.196419564228425969e+01
3.196431890741449777e+01
3.196470907733892020e+01
3.196481871856601842e+01
3.196481871136777642e+01
3.196469478573068912e+01
3.308918398618103396e+01
3.308917594000351414e+01
3.308942443647442389e+01
3.308959214461953025e+01
3.308990012598488306e+01
3.308990755847276688e+01
3.308965707926567745e+01
3.308948965597578251e+01
3.308918361368750993e+01
3.308917606350053120e+01
3.308942530003054827e+01
3.308959339448270498e+01
3.308990216517209149e+01
3.308990969599783227e+01
3.308965887078857548e+01
3.308949113001117581e+01
3.421392279912097933e+01
3.421401954591257066e+01
3.421439208229682549e+01
3.421452067368948491e+01
3.421459180624070484e+01
3.421449408794961045e+01
3.421412155604441097e+01
3.421399374615905487e+01
3.421392310641213186e+01
3.421402025500158572e+01
3.421439359657539825e+01
3.421452251293689528e+01
3.421459386972298944e+01
3.421449601643368510e+01
3.421412274399739317e+01
3.421399444804489320e+01
3.533597127998980625e+01
3.533611129867048106e+01
3.533639976496020552e+01
3.533643059810228948e+01
3.533626731762522155e+01
3.533612715594252762e+01
3.533583945870892506e+01
3.533580885683481654e+01
3.533597216802969143e+01
3.533611258799749777e+01
3.533640177671171045e+01
3.533643258123198905e+01
3.533626898608495992e+01
3.533612866493673010e+01
3.533583991219941112e+01
3.533580873377979970e+01
3.646108275272202093e+01
3.646118462799051230e+01
3.646127679808412836e+01
3.646122333844428454e+01
3.646098366835579441e+01
3.646088161050860776e+01
3.646079000675908333e+01
3.646084386804057687e+01
3.646108423944733090e+01
3.646118645056796481e+01
3.646127871674640630e+01
3.646122512359015388e+01
3.646098490246143342e+01
3.646088235828334234e+01
3.646078967579694563e+01
3.646084318260815849e+01
3.758774046800751734e+01
3.758777449721190322e+01
3.758773078085562247e+01
3.758764897821440343e+01
3.758748372696243933e+01
3.758744992726384737e+01
3.758749501717227304e+01
3.758757707162232720e+01
3.758774245526343094e+01
3.758777643271901781e+01
3.758773238950890061e+01
3.758765045148695805e+01
3.758748411693694180e+01
3.758744974281712103e+01
3.758749425647047815e+01
3.758757592082258725e+01
3.871153454559346585e+01
3.871151992561620858e+01
3.871144986599721705e+01
3.871139049165365265e+01
3.871131751717110347e+01
3.871133310620336232e+01
3.871140402254479795e+01
3.871146297879012366e+01
3.871153651939745544e+01
3.871152176931951772e+01
3.871145092113332709e+01
3.871139108645564875e+01
3.871131726413919694e+01
3.871133249340855542e+01
3.871140267797373014e+01
3.871146131769332754e+01
3.984007279061368934e+01
3.984003358105782411e+01
3.983999876768383785e+01
3.983997156008548757e+01
3.983992154593904189e+01
3.983996111426461084e+01
3.983999650008279048e+01
3.984002390790021764e+01
3.984007444054437741e+01
3.984003482233767812e+01
3.983999926350040965e+01
3.983997167346230839e+01
3.983992059015730547e+01
3.983995979718027769e+01
3.983999483565863642e+01
3.984002207440016718e+01
4.096113694477386247e+01
4.096112823716264018e+01
4.096108134440093096e+01
4.096105950213244995e+01
4.096098544890887183e+01
4.096099438738161780e+01
4.096104180521146532e+01
4.096106381696196053e+01
4.096113802490456379e+01
4.096112904507466368e+01
4.096108125458847127e+01
4.096105872283833094e+01
4.096098389830111586e+01
4.096099282479816850e+01
4.096104007367695488e+01
4.096106213479026792e+01
4.206446876379479960e+01
4.206445671432136635e+01
4.206430404558119562e+01
4.206432366226384545e+01
4.206421470073718183e+01
4.206422695992127103e+01
4.206437948679414518e+01
4.206435950371736254e+01
4.206446939581987010e+01
4.206445731636014074e+01
4.206430270995718956e+01
4.206432205621391063e+01
4.206421347532871380e+01
4.206422516005839185e+01
4.206437768859807136e+01
4.206435858988994170e+01
4.303713661044165661e+01
4.303713721733679165e+01
4.303713876627801938e+01
4.303713886591749116e+01
4.303713909237067270e+01
4.303713960868451238e+01
4.303713769741801087e+01
4.303713571368626134e+01
4.303713567745363378e+01
4.303713782423171352e+01
4.303713871192925211e+01
4.303713690936028513e+01
4.303713632963957991e+01
4.303713747096451669e+01
4.303713692747644615e+01
4.303713623000012234e+01
